Temp_FH,Vol_HW,Soc_B,T_FH_plus,T_FH_minus,V_HW_plus,V_HW_minus,profits,comfort,abort,COP_FH,COP_HW,PV_DE,B_DE,GR_DE,PV_B,PV_GR,PV_HP,GR_HP,B_HP,HP_FH,HP_HW,index,B,HP
21.5,100.0,5.0,0.0,0.0,0.0,0.0,-0.03620835239523057,-0.0,0.0,3.3961429050990515,2.32471433367048,0.0,0.0,0.24138900637626648,0.0,0.0,0.0,0.0,0.0,0.0,0.0,2.0,-0.0037259471137076616,0.00026487561990506947
20.94172477722168,99.32877349853516,4.999850273132324,0.0,0.0,0.0,0.0,-0.0332130020643473,-0.0,0.0,3.366857201712472,2.295428630283901,0.0,0.0,0.22142000496387482,0.0,0.0,0.0,0.0,0.0,0.0,0.0,3.0,-0.0030147831421345472,0.0004903302760794759
20.38344955444336,98.65754699707031,4.999700546264648,0.0,0.0,0.0,0.0,-0.030980851987236768,-0.0,0.0,3.34585702078683,2.274428449358259,0.0,0.0,0.20653900504112244,0.0,0.0,0.0,0.0,0.0,0.0,0.0,4.0,-0.003026464255526662,0.0005664399941451848
19.643388748168945,90.46110534667969,4.999550819396973,0.0,0.2784562604912111,0.0,0.0,-0.30856216245197743,-0.2784562604912111,0.0,3.335285677228655,2.2638571058000836,0.0,0.0,0.20070600509643555,0.0,0.0,0.0,0.0,0.0,0.0,0.0,5.0,-0.0031657398212701082,0.0010333628160879016
18.72154426574707,89.78987884521484,4.999401092529297,0.0,1.0185159866585423,0.0,0.0,-1.0500849889915873,-1.0185159866585423,0.0,3.3306429181780133,2.259214346749442,0.0,0.0,0.21046000719070435,0.0,0.0,0.0,0.0,0.0,0.0,0.0,6.0,-0.0024925381876528263,0.0011858834186568856
17.981483459472656,89.11865234375,4.999251365661621,0.0,1.7585767929329563,0.0,0.0,-1.794447043927728,-1.7585767929329563,0.0,3.337928444998605,2.2664998735700337,0.0,0.0,0.2391349971294403,0.0,0.0,0.0,0.0,0.0,0.0,0.0,7.0,-0.002057628473266959,0.001181472442112863
17.241422653198242,88.44742584228516,4.999101638793945,0.0,2.316852914478403,0.0,0.0,-2.52341672325986,-2.316852914478403,0.0,3.3530714307512555,2.2816428593226843,0.0,0.0,0.34427300095558167,0.0,0.0,0.0,0.0,0.0,0.0,0.0,8.0,-0.0028992609586566687,0.002395921852439642
16.683147430419922,87.77619934082031,4.9989519119262695,0.0,2.8751281372567234,0.0,0.0,-3.0538591447822867,-2.8751281372567234,0.0,3.3963570731026786,2.324928501674107,0.09594999998807907,0.0,0.297885000705719,0.0,0.0,0.0,0.0,0.0,0.0,0.0,9.0,-0.003013739362359047,0.002484110649675131
16.1248722076416,87.10497283935547,4.998802185058594,0.0,3.2216886905008906,0.0,0.0,-3.127672708030698,-3.2216886905008906,0.0,3.4687142508370536,2.397285679408482,0.4058389961719513,0.0,0.0,0.0,0.5223109722137451,0.0,0.0,0.0,0.0,0.0,10.0,-0.0030888745095580816,0.003053835593163967
15.778311729431152,86.43374633789062,4.998652458190918,0.0,3.506476032978803,0.0,0.0,-3.0988001430356906,-3.506476032978803,0.0,3.5534999847412108,2.4820714133126396,0.4112839996814728,0.0,0.0,0.0,2.2648658752441406,0.0,0.0,0.0,0.0,0.0,11.0,-0.0034818630665540695,0.0033013708889484406
15.493523597717285,85.76251983642578,4.998502731323242,0.0,3.882967285230393,0.0,0.0,-3.5248115436853737,-3.882967285230393,0.0,3.6357143402099608,2.5642857687813896,0.399042010307312,0.0,0.0,0.0,3.9795079231262207,0.0,0.0,0.0,0.0,0.0,12.0,-0.00019240724213887006,1.3530825526686385e-5
15.117033004760742,85.09129333496094,4.998353004455566,0.0,4.167113960008699,0.0,0.0,-3.581045407191313,-4.167113960008699,0.0,3.6764286041259764,2.605000032697405,0.4126780033111572,0.0,0.0,0.0,6.511872291564941,0.0,0.0,0.0,0.0,0.0,13.0,-0.0008955808007158339,-0.0007893425645306706
14.8328857421875,84.4200668334961,4.998203277587891,0.0,4.663499065945935,0.0,0.0,-4.051305881077985,-4.663499065945935,0.0,3.6952857426234655,2.623857171194894,0.42735400795936584,0.0,0.0,0.0,6.802145957946777,0.0,0.0,0.0,0.0,0.0,14.0,-0.0009270848240703344,-0.0011337636969983578
14.336501121520996,83.74884033203125,4.998053550720215,0.0,4.947918534509128,0.0,0.0,-4.403687767876513,-4.947918534509128,0.0,3.703071403503418,2.6316429683140345,0.4101420044898987,0.0,0.0,0.0,6.047008037567139,0.0,0.0,0.0,0.0,0.0,15.0,-6.415990355890244e-5,-0.0014384863898158073
14.052081108093262,83.0776138305664,4.997903823852539,0.0,5.1426248934301135,0.0,0.0,-4.721258278026097,-5.1426248934301135,0.0,3.6968571254185267,2.6254285539899556,0.42344900965690613,0.0,0.0,0.0,4.681850910186768,0.0,0.0,0.0,0.0,0.0,16.0,0.000766522716730833,-0.0016242165584117174
13.857375144958496,74.54959869384766,4.997754096984863,0.0,5.155546156189692,0.0,0.0,-4.955708436603183,-5.155546156189692,0.0,3.6502856663295202,2.5788570949009486,0.42343100905418396,0.0,0.0,0.0,2.220418930053711,0.0,0.0,0.0,0.0,0.0,17.0,0.0005463858251459897,-0.0016685226000845432
13.844453811645508,73.87837219238281,4.9976043701171875,0.0,5.440673858185715,0.0,0.0,-5.671616283553643,-5.440673858185715,0.0,3.5252142769949777,2.453785705566406,0.1472499966621399,0.0,0.38490402698516846,0.0,0.0,0.0,0.0,0.0,0.0,0.0,18.0,-0.002540786750614643,0.001326020690612495
13.559326171875,63.87961959838867,4.997454643249512,0.0,6.271112082473962,0.0,0.0,-6.694270482658212,-6.271112082473962,0.0,3.4631428854806083,2.3917143140520367,0.0,0.0,0.7052639722824097,0.0,0.0,0.0,0.0,0.0,0.0,0.0,19.0,-0.003470351453870535,-0.0018742794636636972
12.728887557983398,63.20838928222656,4.997304916381836,0.0,6.465818443539977,0.0,0.0,-6.566454947659075,-6.465818443539977,0.0,3.4589284624372207,2.3874998910086496,0.0,0.0,0.6709100008010864,0.0,0.0,0.0,0.0,0.0,0.0,0.0,20.0,0.0035754130221903324,-0.0029376817401498556
12.534181594848633,62.53715896606445,4.99715518951416,0.0,6.842309288099045,0.0,0.0,-6.92593774324633,-6.842309288099045,0.0,3.460928453717913,2.3894998822893414,0.0,0.0,0.5575230121612549,0.0,0.0,0.0,0.0,0.0,0.0,0.0,21.0,0.002343198284506798,-0.003499864134937525
12.15769100189209,52.353721618652344,4.997005462646484,0.0,7.4005845657845555,0.0,0.0,-7.470960967740494,-7.4005845657845555,0.0,3.4546429225376674,2.383214351109096,0.0,0.0,0.4691759943962097,0.0,0.0,0.0,0.0,0.0,0.0,0.0,22.0,0.0019429081585258245,-0.0030511878430843353
11.59941577911377,51.682491302490234,4.996855735778809,0.0,8.140644473291843,0.0,0.0,-8.201905977634459,-8.140644473291843,0.0,3.4437857491629464,2.372357177734375,0.0,0.0,0.4084100127220154,0.0,0.0,0.0,0.0,0.0,0.0,0.0,23.0,0.0018114690901711583,-0.003344952594488859
10.859355926513672,51.011260986328125,4.996706008911133,0.0,8.698919641162973,0.0,0.0,-8.752109792643417,-8.698919641162973,0.0,3.44235714503697,2.3709285736083983,0.0,0.0,0.3546009957790375,0.0,0.0,0.0,0.0,0.0,0.0,0.0,24.0,0.0022354626562446356,-0.003786723827943206
10.301080703735352,50.340030670166016,4.996556282043457,0.0,9.620764304924805,0.0,0.0,-9.662206907954317,-9.620764304924805,0.0,3.449285725184849,2.377857153756278,0.0,0.0,0.27628400921821594,0.0,0.0,0.0,0.0,0.0,0.0,0.0,25.0,0.0016525163082405925,-0.004229519981890917
9.37923526763916,49.668800354003906,4.996406555175781,0.0,10.542609741020996,0.0,0.0,-10.578818093416228,-10.542609741020996,0.0,3.4497857230050224,2.378357151576451,0.0,0.0,0.24138900637626648,0.0,0.0,0.0,0.0,0.0,0.0,0.0,26.0,-0.0019580975640565157,-0.0007207494927570224
8.457389831542969,48.9975700378418,4.9962568283081055,0.0,11.282670420862644,0.0,0.0,-11.31588342292699,-11.282670420862644,0.0,3.4447857448032924,2.373357173374721,0.0,0.0,0.22142000496387482,0.0,0.0,0.0,0.0,0.0,0.0,0.0,27.0,-0.002399624325335026,-0.0013214177452027798
7.717329502105713,48.32633972167969,4.99610710144043,0.0,12.0227307502999,0.0,0.0,-12.053711602287137,-12.0227307502999,0.0,3.475285611833845,2.4038570404052733,0.0,0.0,0.20653900504112244,0.0,0.0,0.0,0.0,0.0,0.0,0.0,28.0,-0.002461798721924424,-0.001654819119721651
6.977269172668457,47.65510940551758,4.995957374572754,0.0,12.9445758359917,0.0,0.0,-12.974681737952466,-12.9445758359917,0.0,3.5173570905412945,2.4459285191127234,0.0,0.0,0.20070600509643555,0.0,0.0,0.0,0.0,0.0,0.0,0.0,29.0,-0.0023933839984238148,-0.0017107160529121757
6.055424213409424,46.98387908935547,4.995807647705078,0.0,13.866420795250733,0.0,0.0,-13.897989797583778,-13.866420795250733,0.0,3.553857203892299,2.4824286324637277,0.0,0.0,0.21046000719070435,0.0,0.0,0.0,0.0,0.0,0.0,0.0,30.0,-0.002232253784313798,-0.002191560808569193
5.133579254150391,46.31264877319336,4.995657920837402,0.0,14.424696313526255,0.0,0.0,-14.460566564521027,-14.424696313526255,0.0,3.584142902919224,2.512714331490653,0.0,0.0,0.2391349971294403,0.0,0.0,0.0,0.0,0.0,0.0,0.0,31.0,-0.002249285578727722,-0.0035021947696805
4.575303554534912,45.64141845703125,4.995508193969727,0.0,14.801187328412766,0.0,0.0,-15.007751137194223,-14.801187328412766,0.0,3.6047143391200476,2.533285631452288,0.0,0.0,0.34427300095558167,0.0,0.0,0.0,0.0,0.0,0.0,0.0,32.0,-0.006557583808898926,0.000938543351367116
4.198812484741211,44.97018814086914,4.995358467102051,0.0,15.359463082935434,0.0,0.0,-15.408804089982969,-15.359463082935434,0.0,3.6372857230050224,2.565857151576451,0.311599999666214,0.0,0.08223500847816467,0.0,0.0,0.0,0.0,0.0,0.0,0.0,33.0,-0.008352440781891346,-0.0005344345699995756
3.6405370235443115,36.599647521972656,4.995208740234375,0.0,16.10003742623128,0.0,0.0,-15.704035412070967,-16.10003742623128,0.0,3.692928532191685,2.621499960763114,0.4058389961719513,0.0,0.0,0.0,2.2000110149383545,0.0,0.0,0.0,0.0,0.0,34.0,-0.010370099917054176,-0.002690735273063183
2.8999626636505127,27.93968963623047,4.995059013366699,0.0,16.53680511149338,0.0,0.0,-15.727792185946981,-16.53680511149338,0.0,3.771071379525321,2.6996429443359373,0.4112839996814728,0.0,0.0,0.0,4.494515895843506,0.0,0.0,0.0,0.0,0.0,35.0,-0.008847435005009174,-0.001622138312086463
2.4631948471069336,27.26845932006836,4.994909286499023,0.0,16.868509173803687,0.0,0.0,-16.420749447934213,-16.868509173803687,0.0,3.839999961853027,2.768571526663644,0.399042010307312,0.0,0.0,0.0,4.975107669830322,0.0,0.0,0.0,0.0,0.0,36.0,-0.0046564750373363495,-0.004141867160797119
2.131490707397461,26.59722900390625,4.994759559631348,0.0,17.04705699114691,0.0,0.0,-16.64635252776797,-17.04705699114691,0.0,3.903142874581473,2.8317143031529017,0.4126780033111572,0.0,0.0,0.0,4.452271461486816,0.0,0.0,0.0,0.0,0.0,37.0,-0.0037161712534725666,-0.004084553569555283
1.952942967414856,25.92599868774414,4.994609832763672,0.0,17.408537544413626,0.0,5.012496315597673,-22.092786189023244,-22.4210338600113,0.0,3.9500000272478375,2.878571319580078,0.42735400795936584,0.0,0.0,0.0,3.647196054458618,0.0,0.0,0.0,0.0,0.0,38.0,-0.0037971362471580505,-0.005675903055816889
1.59146249294281,14.987504005432129,4.994460105895996,0.0,17.406958756428807,0.0,22.751853041699178,-40.06234457683078,-40.158811798127985,0.0,3.965571485246931,2.894142913818359,0.4101420044898987,0.0,0.0,0.0,1.0718579292297363,0.0,0.0,0.0,0.0,0.0,39.0,-0.00036346755223348737,-0.004908718168735504
1.5930413007736206,-2.7518529891967773,4.99431037902832,0.0,17.587169599884188,0.0,23.423082768917084,-40.987999782038955,-41.010252368801275,0.0,3.962285668509347,2.890857097080776,0.42344900965690613,0.0,0.0,0.0,0.24725094437599182,0.0,0.0,0.0,0.0,0.0,40.0,-0.0007988019497133791,-0.005672244355082512
1.4128303527832031,-3.4230828285217285,4.9941606521606445,0.0,17.58460479665414,0.0,24.094312608242035,-41.738116710637144,-41.678917404896175,0.0,3.9272856848580497,2.8558572496686665,0.22609999775886536,0.0,0.1973310112953186,0.0,0.0,0.0,0.0,0.0,0.0,0.0,41.0,0.000764094409532845,-0.005361105315387249
1.4153952598571777,-4.09431266784668,4.994010925292969,0.0,17.673948493320495,0.0,24.765542447566986,-42.75878336776341,-42.43949094088748,0.0,3.880571447099958,2.8091427394321986,0.0,0.0,0.5321540236473083,0.0,0.0,0.0,0.0,0.0,0.0,0.0,42.0,-0.0034873471595346928,-0.0005116964457556605
1.3260514736175537,-4.765542507171631,4.993861198425293,0.0,18.217721661821926,0.0,25.436772286891937,-44.07765234889811,-43.65449394871386,0.0,3.8420714787074495,2.7706429072788783,0.0,0.0,0.7052639722824097,0.0,0.0,0.0,0.0,0.0,0.0,0.0,43.0,-0.0049015530385077,-0.0027107708156108856
0.7822783589363098,-5.436772346496582,4.993711471557617,0.0,18.21714294093038,0.0,35.397227979399304,-53.71703527289228,-53.614370920329684,0.0,3.8124999455043245,2.7410713740757533,0.0,0.0,0.6844289898872375,0.0,0.0,0.0,0.0,0.0,0.0,0.0,44.0,0.0017711761174723506,-0.007962936535477638
0.7828570604324341,-15.397228240966797,4.993561744689941,0.0,18.39834893980944,0.0,36.0684580206871,-54.55710591773709,-54.46680696049654,0.0,3.791000039236886,2.719571467808315,0.0,0.0,0.6019930243492126,0.0,0.0,0.0,0.0,0.0,0.0,0.0,45.0,0.0010259619448333979,-0.007091705687344074
0.6016510725021362,-16.068458557128906,4.993412017822266,0.0,18.761339809164042,0.0,36.73968833684921,-55.571404547969195,-55.501028146013255,0.0,3.7829999378749304,2.7115715026855467,0.0,0.0,0.4691759943962097,0.0,0.0,0.0,0.0,0.0,0.0,0.0,46.0,0.00026731553953140974,-0.006593703292310238
0.23866018652915955,-16.739688873291016,4.99326229095459,0.0,19.306115379865986,0.0,46.02469561977887,-65.39207250398746,-65.33081099964485,0.0,3.789714213779994,2.718285642351423,0.0,0.0,0.4084100127220154,0.0,0.0,0.0,0.0,0.0,0.0,0.0,47.0,-2.5187366645695874e-6,-0.007234572898596525
-0.30611538887023926,-26.024696350097656,4.993112564086914,0.0,19.669106270536417,0.0,58.86463117660787,-78.64278745119145,-78.53373744714429,0.0,3.762071418762207,2.6906429835728236,0.0,0.0,0.7269999980926514,0.0,0.0,0.0,0.0,0.0,0.0,0.0,48.0,0.0014491516631096601,-0.009125029668211937
-0.6691062450408936,-38.86463165283203,4.992962837219238,0.0,20.21388181143604,0.0,78.54589417485931,-98.85842408832643,-98.75977598629535,0.0,3.7475714819771904,2.676142774309431,0.0,0.0,0.6576539874076843,0.0,0.0,0.0,0.0,0.0,0.0,0.0,49.0,0.0012539937160909176,-0.009219449944794178
-1.2138818502426147,-58.545894622802734,4.9928131103515625,0.0,20.75865741663776,0.0,79.21712440252304,-100.01199017155604,-99.9757818191608,0.0,3.733000019618443,2.661571448189872,0.0,0.0,0.24138900637626648,0.0,0.0,0.0,0.0,0.0,0.0,0.0,50.0,0.0012826757738366723,0.0005951231578364968
-1.758657455444336,-59.217124938964844,4.992663383483887,0.0,21.667002462822992,0.0,79.88835471868515,-101.58857018357249,-101.55535718150814,0.0,3.718857165745326,2.647428458077567,0.0,0.0,0.22142000496387482,0.0,0.0,0.0,0.0,0.0,0.0,0.0,51.0,0.0011305862572044134,0.0001534955226816237
-2.6670024394989014,-59.88835525512695,4.992513656616211,0.0,22.02999332116508,0.0,80.55958503484726,-102.62055920799958,-102.58957835601234,0.0,3.7007857186453683,2.6293571472167967,0.0,0.0,0.20653900504112244,0.0,0.0,0.0,0.0,0.0,0.0,0.0,52.0,0.0001947588025359437,0.0005293068243190646
-3.0299932956695557,-60.55958557128906,4.992363929748535,0.0,23.120123130828333,0.0,81.23081535100937,-104.38104438379847,-104.3509384818377,0.0,3.686857169015067,2.6154285975864955,0.0,0.0,0.20070600509643555,0.0,0.0,0.0,0.0,0.0,0.0,0.0,53.0,0.0009570843540132046,-0.00021341827232390642
-4.120122909545898,-61.23081588745117,4.992214202880859,0.0,23.664898475941044,0.0,81.90204566717148,-105.59851314544557,-105.56694414311252,0.0,3.6732857022966656,2.6018572671072824,0.0,0.0,0.21046000719070435,0.0,0.0,0.0,0.0,0.0,0.0,0.0,54.0,2.2290189008344896e-5,-0.00037918429006822407
-4.66489839553833,-61.90204620361328,4.992064476013184,0.0,24.755028230697107,0.0,90.09849033950923,-114.88938882120111,-114.85351857020633,0.0,3.6385000228881834,2.5670713152204243,0.0,0.0,0.2391349971294403,0.0,0.0,0.0,0.0,0.0,0.0,0.0,55.0,0.0005622337921522558,-0.0017904441338032484
-5.755028247833252,-70.0984878540039,4.991914749145508,0.0,24.936234248075127,0.0,90.76971763372421,-115.91251569058079,-115.70595188179934,0.0,3.5901428767613,2.518714305332729,0.0,0.0,0.34427300095558167,0.0,0.0,0.0,0.0,0.0,0.0,0.0,56.0,-0.0037516674492508173,0.00038015947211533785
-5.936234474182129,-70.76971435546875,4.991765022277832,0.0,25.481010040577274,0.0,151.96997352458493,-177.4320988702772,-177.4509835651622,0.0,3.572071429661342,2.5006427219935827,0.39383500814437866,0.0,0.0,0.0,0.10491496324539185,0.0,0.0,0.0,0.0,0.0,57.0,-0.005089449696242809,-0.0036826091818511486
-6.4810099601745605,-131.969970703125,4.991615295410156,0.0,26.207570211298673,0.0,183.86310963546748,-209.46332180537175,-210.07067984676615,0.0,3.620142882210868,2.5487141745431083,0.4058389961719513,0.0,0.0,0.0,3.374211072921753,0.0,0.0,0.0,0.0,0.0,58.0,-0.0030461547430604696,-0.0034071325790137053
-7.2075700759887695,-163.8631134033203,4.9914655685424805,0.0,26.570560957654948,0.0,211.57851672404286,-237.15726580287264,-238.1490776816978,0.0,3.6940000534057615,2.6225713457380024,0.4112839996814728,0.0,0.0,0.0,5.51006555557251,0.0,0.0,0.0,0.0,0.0,59.0,-0.0014243985060602427,-0.0002332153671886772
-7.570560932159424,-191.57852172851562,4.991315841674805,0.0,27.11533649855457,0.0,212.24975150823593,-238.7400012490442,-239.3650880067905,0.0,3.768071392604283,2.6966429574148996,0.399042010307312,0.0,0.0,0.0,6.945407867431641,0.0,0.0,0.0,0.0,0.0,60.0,0.004620569292455912,0.002620647894218564
-8.115336418151855,-192.249755859375,4.991166114807129,0.0,27.660111984547,0.0,212.9209856390953,-239.9012356044323,-240.5810976236423,0.0,3.8357142857142854,2.7642857142857142,0.4126780033111572,0.0,0.0,0.0,7.554021835327148,0.0,0.0,0.0,0.0,0.0,61.0,0.003915680572390556,0.002638953272253275
-8.660112380981445,-192.92098999023438,4.991016387939453,0.0,28.20488794737659,0.0,219.15351202171178,-246.69182874721452,-247.35839996908837,0.0,3.874214254106794,2.802785818917411,0.42735400795936584,0.0,0.0,0.0,7.406346321105957,0.0,0.0,0.0,0.0,0.0,62.0,0.0035898739006370306,0.002165719633921981
-9.204888343811035,-199.1535186767578,4.990866661071777,0.0,29.11323335118969,0.0,226.479339743345,-254.9996073157892,-255.5925730945347,0.0,3.8917857033865793,2.8203571319580076,0.4101420044898987,0.0,0.0,0.0,6.588508129119873,0.0,0.0,0.0,0.0,0.0,63.0,0.005242790095508099,0.001157799270004034
-10.11323356628418,-206.47933959960938,4.990716934204102,0.0,30.021578573662836,0.0,243.28470825335808,-272.8652185909029,-273.3062868270209,0.0,3.888571412222726,2.8171429770333427,0.4562920033931732,0.0,0.0,0.0,4.900757789611816,0.0,0.0,0.0,0.0,0.0,64.0,0.0056444634683430195,-0.00042380858212709427
-11.021578788757324,-223.2847137451172,4.990567207336426,0.0,31.1117086239161,0.0,250.92342346116402,-281.83495235163053,-282.03513208508014,0.0,3.835428592136928,2.7639998844691687,0.42343100905418396,0.0,0.0,0.0,2.2242190837860107,0.0,0.0,0.0,0.0,0.0,65.0,0.006068619899451733,-0.00021108303917571902
-12.111708641052246,-230.9234161376953,4.99041748046875,0.0,31.83826889217636,0.0,263.0556455808055,-295.20042989272395,-294.89391447298186,0.0,3.7096429007393974,2.638214329310826,0.15485000610351562,0.0,0.5108590126037598,0.0,0.0,0.0,0.0,0.0,0.0,0.0,66.0,0.0034513960126787424,-0.0035231965593993664
-12.838269233703613,-243.05564880371094,4.990267753601074,0.0,32.20126011536979,0.0,272.4374084662404,-305.1174121895582,-304.6386685816102,0.0,3.6684286390032086,2.5970000675746374,0.0,0.0,0.7979059815406799,0.0,0.0,0.0,0.0,0.0,0.0,0.0,67.0,0.0038636585231870413,-0.0024718977510929108
-13.201260566711426,-252.43740844726562,4.990118026733398,0.0,32.92782081783554,0.0,291.82791383065523,-324.8910586522001,-324.7557346484908,0.0,3.670285715375628,2.5988570077078683,0.0,0.0,0.9021599888801575,0.0,0.0,0.0,0.0,0.0,0.0,0.0,68.0,0.0080571873113513,-0.0036705229431390762
-13.927821159362793,-271.8279113769531,4.989968299865723,0.0,33.109027159604665,0.0,378.202529199516,-411.39518481426796,-411.3115563591207,0.0,3.6682143347603935,2.596785627092634,0.0,0.0,0.5575230121612549,0.0,0.0,0.0,0.0,0.0,0.0,0.0,69.0,0.0088181858882308,-0.004531403072178364
-14.109026908874512,-358.2025146484375,4.989818572998047,0.0,33.835587159998624,0.0,421.89899723017515,-455.8049607921297,-455.7345843901738,0.0,3.651785659790039,2.5803570883614677,0.0,0.0,0.4691759943962097,0.0,0.0,0.0,0.0,0.0,0.0,0.0,70.0,0.012031986378133297,0.0003658180357888341
-14.835587501525879,-401.89898681640625,4.989668846130371,0.0,34.925717336684656,0.0,422.57021659612656,-457.55719543715384,-457.4959339328112,0.0,3.631000055585589,2.5595713479178293,0.0,0.0,0.4084100127220154,0.0,0.0,0.0,0.0,0.0,0.0,0.0,71.0,0.013520490378141403,0.004258421715348959
-15.9257173538208,-402.5702209472656,4.989519119262695,0.0,35.83406236119946,0.0,423.24145072698593,-459.12870323966587,-459.0755130881854,0.0,3.6029285158429825,2.531500080653599,0.0,0.0,0.3546009957790375,0.0,0.0,0.0,0.0,0.0,0.0,0.0,72.0,0.01326821930706501,0.004125305451452732
-16.834062576293945,-403.241455078125,4.9893693923950195,0.0,36.01526857653582,0.0,423.9126848578453,-459.96939603741066,-459.92795343438115,0.0,3.576571410042899,2.5051429748535154,0.0,0.0,0.27628400921821594,0.0,0.0,0.0,0.0,0.0,0.0,0.0,73.0,0.01153512392193079,0.0053443023934960365
-17.015268325805664,-403.9126892089844,4.989219665527344,0.0,36.371982815253105,0.0,435.1232242723936,-471.53318301110323,-471.4952070876467,0.0,3.550857080732073,2.47942864554269,0.0,0.0,0.24138900637626648,0.0,0.0,0.0,0.01178380660712719,0.0,0.01178380660712719,0.0,74.0,0.013338977470993996,0.01178380660712719
-17.37198257446289,-415.12322998046875,4.989069938659668,0.0,36.54650115119434,0.0,435.79445976018906,-472.3760722088158,-472.3409609113834,0.0,3.5228572028023857,2.451428495134626,0.0,0.0,0.22142000496387482,0.0,0.0,0.0,0.012655301950871944,0.0,0.012655301950871944,0.0,75.0,0.012902635149657726,0.012655301950871944
-17.54650115966797,-415.7944641113281,4.988920211791992,0.0,36.902961216325906,0.0,436.46569389104843,-473.4014900657535,-473.36865510737437,0.0,3.5223572049822125,2.450928497314453,0.0,0.0,0.20653900504112244,0.0,0.0,0.0,0.0123607087880373,0.0,0.0123607087880373,0.0,76.0,0.0136415371671319,0.0123607087880373
-17.90296173095703,-416.4656982421875,4.988770484924316,0.0,37.07759904751706,0.0,437.1369280219078,-474.24648561597354,-474.2145270694249,0.0,3.5455714089529855,2.474142837524414,0.0,0.0,0.20070600509643555,0.0,0.0,0.0,0.012350963428616524,0.0,0.012350963428616524,0.0,77.0,0.01284230500459671,0.012350963428616524
-18.077598571777344,-417.1369323730469,4.988620758056641,0.0,37.434338269742526,0.0,437.8081621527672,-475.2758485062133,-475.2425004225097,0.0,3.513714327130999,2.4422857557024273,0.0,0.0,0.21046000719070435,0.0,0.0,0.0,0.011860541999340057,0.0,0.011860541999340057,0.0,78.0,0.013701463118195534,0.011860541999340057
-18.434337615966797,-417.80816650390625,4.988471031188965,0.0,37.79125771487615,0.0,438.47939628362656,-476.30825603751424,-476.2706539985027,0.0,3.5054999215262277,2.434071350097656,0.0,0.0,0.2391349971294403,0.0,0.0,0.0,0.011545252986252308,0.0,0.011545252986252308,0.0,79.0,0.013709034770727158,0.011545252986252308
-18.791257858276367,-418.4794006347656,4.988321304321289,0.0,38.51781810940048,0.0,439.15063041448593,-477.8750123326679,-477.6684485238864,0.0,3.5382142203194755,2.466785648890904,0.0,0.0,0.34427300095558167,0.0,0.0,0.0,0.0,0.0,0.0,0.0,80.0,0.0125048803165555,0.005287724081426859
-19.517818450927734,-419.150634765625,4.988171577453613,0.0,38.517239750794424,0.0,457.2729180464348,-495.73771052506686,-495.79015779722926,0.0,3.5731428146362303,2.501714379446847,0.39383500814437866,0.0,0.0,0.012091297656297684,0.29137371107935905,0.0,0.0,0.0,0.0,0.0,81.0,0.012091297656297684,0.007222420535981655
-19.517240524291992,-437.2729187011719,5.000113010406494,0.0,38.88023140595817,0.0,480.44027997306694,-518.7286074931156,-519.3205113790251,0.0,3.6678571156093054,2.5964286804199217,0.4058389961719513,0.0,0.0,0.012706254608929157,3.288354660384357,0.0,0.0,0.0,0.0,0.0,82.0,0.012706254608929157,0.0062005058862268925
-19.880231857299805,-460.4402770996094,5.012669086456299,0.0,39.42500742369495,0.0,488.6367212355053,-527.269754781426,-528.0617286592003,0.0,3.7581428255353653,2.686714390345982,0.42800700664520264,0.0,0.0,0.013338699005544186,4.3998545268550515,0.0,0.0,0.0,0.0,0.0,83.0,0.013338699005544186,0.006572306156158447
-20.425006866455078,-468.63671875,5.025856971740723,0.0,39.969782432850224,0.0,505.32086419938696,-544.8144501882534,-545.2906466322372,0.0,3.856857109069824,2.785428673880441,0.399042010307312,0.0,0.0,0.0146367521956563,5.291071179322898,0.0,0.0,0.0,0.0,0.0,84.0,0.0146367521956563,0.00895143486559391
-20.96978187561035,-485.32086181640625,5.040342807769775,0.0,40.15098787585222,0.0,513.8889949659438,-553.575157136343,-554.039982841796,0.0,3.8965713773454937,2.8251429421561105,0.4126780033111572,0.0,0.0,0.014292185194790363,5.164729650132358,0.0,0.0,0.0,0.0,0.0,85.0,0.014292185194790363,0.009984191507101059
-21.15098762512207,-493.8890075683594,5.054483413696289,0.0,40.51397850678825,0.0,522.1805557021439,-562.1389769629033,-562.6945342089322,0.0,3.910642841884068,2.839214270455497,0.42735400795936584,0.0,0.0,0.014637909829616547,6.17285779863596,0.0,0.0,0.0,0.0,0.0,86.0,0.014637909829616547,0.009479614906013012
-21.513978958129883,-502.1805419921875,5.068969249725342,0.0,40.87696983979606,0.0,528.3002397282316,-569.0369457869,-569.1772095680277,0.0,3.87985714503697,2.8084285736083983,0.4101420044898987,0.0,0.0,0.014971623197197914,1.558486333116889,0.0,0.0,0.0,0.0,0.0,87.0,0.014971623197197914,0.009280671365559101
-21.876970291137695,-508.30023193359375,5.0837883949279785,0.0,41.42174585753284,0.0,533.6463852991601,-575.0362919600325,-575.068131156693,0.0,3.8278570992606027,2.756428527832031,0.42344900965690613,0.0,0.0,0.016032131388783455,0.3537688236683607,0.0,0.0,0.0,0.0,0.0,88.0,0.016032131388783455,0.00867511983960867
-22.42174530029297,-513.6463623046875,5.099667549133301,0.0,41.42116660015966,0.0,534.3175920844078,-575.6981464510762,-575.7387586845674,0.0,3.7794999531337194,2.7080715179443358,0.42343100905418396,0.0,0.0,0.01452196016907692,0.4512470029294491,0.0,0.0,0.0,0.0,0.0,89.0,0.01452196016907692,0.00960581935942173
-22.421167373657227,-514.3175659179688,5.1140360832214355,0.0,41.96594294005237,0.0,534.988795697689,-577.246671065304,-576.9547386377415,0.0,3.6902857644217355,2.618857192993164,0.04560000076889992,0.0,0.48655402660369873,0.0,0.0,0.0,0.0,0.0,0.0,0.0,90.0,0.016336334869265556,0.003970559686422348
-22.9659423828125,-514.98876953125,5.113882541656494,0.0,42.69250263393661,0.0,543.3045204685382,-586.420181502659,-585.9970231024747,0.0,3.6750713893345424,2.603642817905971,0.0,0.0,0.7052639722824097,0.0,0.0,0.0,0.0,0.0,0.0,0.0,91.0,0.01585593819618225,0.002174130640923977
-23.692502975463867,-523.3045043945312,5.113729000091553,0.0,42.69192427533056,0.0,543.9757341742516,-586.7682949537011,-586.6676584495821,0.0,3.6696428026471817,2.5982142312186105,0.0,0.0,0.6709100008010864,0.0,0.0,0.0,0.0,0.0,0.0,0.0,92.0,0.013166481629014015,0.009216929785907269
-23.691925048828125,-523.9757080078125,5.113575458526611,0.0,42.691346348694815,0.0,544.6469377875328,-587.4219125913748,-587.3382841362276,0.0,3.6694286346435545,2.5980000632149833,0.0,0.0,0.5575230121612549,0.0,0.0,0.0,0.0,0.0,0.0,0.0,93.0,0.013503621332347393,0.009342487901449203
-23.691347122192383,-524.6469116210938,5.11342191696167,0.0,42.872553122434255,0.0,555.315208094451,-598.260396468075,-598.1877612168853,0.0,3.6695714133126396,2.598142841884068,0.0,0.0,0.4842349886894226,0.0,0.0,0.0,0.0,0.0,0.0,0.0,94.0,0.014605041593313217,0.008512712083756924
-23.8725528717041,-535.315185546875,5.1132683753967285,0.0,43.23554375337028,0.0,555.9864153265953,-599.2832205843082,-599.2219590799656,0.0,3.670285715375628,2.5988570077078683,0.0,0.0,0.4084100127220154,0.0,0.0,0.0,0.0,0.0,0.0,0.0,95.0,0.01602833718061447,0.00948319211602211
-24.235544204711914,-535.9863891601562,5.113115310668945,0.0,43.59853508637809,0.0,556.6576189398766,-600.309344177735,-600.2561540262546,0.0,3.6687857219151088,2.597357014247349,0.0,0.0,0.3546009957790375,0.0,0.0,0.0,0.0,0.0,0.0,0.0,96.0,0.016193613409996033,0.009393499232828617
-24.598535537719727,-536.6575927734375,5.112962245941162,0.0,43.961526419385905,0.0,557.3288225531578,-601.3317915755732,-601.2903489725437,0.0,3.6612142290387832,2.589785657610212,0.0,0.0,0.27628400921821594,0.0,0.0,0.0,0.0,0.0,0.0,0.0,97.0,0.016360335052013397,0.009354492649435997
-24.96152687072754,-537.3287963867188,5.112809181213379,0.0,44.49757553998268,0.0,558.000026166439,-602.5362017852494,-602.4976017064217,0.0,3.648785672869001,2.5773571014404295,0.0,0.0,0.24138900637626648,0.0,0.0,0.0,0.015944842249155045,0.0,0.015944842249155045,0.0,98.0,0.017897693440318108,0.015944842249155045
-25.497575759887695,-538.0,5.112656116485596,0.0,45.033751686275245,0.0,558.6712297797203,-603.740557052849,-603.7049814659955,0.0,3.63992862701416,2.568499919346401,0.0,0.0,0.22142000496387482,0.0,0.0,0.0,0.015750564634799957,0.0,0.015750564634799957,0.0,99.0,0.017816640436649323,0.015750564634799957
-26.03375244140625,-538.6712036132812,5.1125030517578125,0.0,45.388378271534634,0.0,566.8676288880683,-612.2892869598503,-612.256007159603,0.0,3.6386428015572685,2.5672143663678852,0.0,0.0,0.20653900504112244,0.0,0.0,0.0,0.015326321125030518,0.0,0.015326321125030518,0.0,100.0,0.017021123319864273,0.015326321125030518
-26.388378143310547,-546.8676147460938,5.112349987030029,0.0,45.74280516255263,0.0,567.538844525814,-613.3141059014952,-613.2816496883667,0.0,3.6437143053327286,2.5722857339041574,0.0,0.0,0.20070600509643555,0.0,0.0,0.0,0.01566874049603939,0.0,0.01566874049603939,0.0,101.0,0.017272531986236572,0.01566874049603939
-26.74280548095703,-547.538818359375,5.112196922302246,0.0,46.09739570520393,0.0,568.2100481390953,-614.3413164703181,-614.3074438442992,0.0,3.6467142922537668,2.575285720825195,0.0,0.0,0.21046000719070435,0.0,0.0,0.0,0.015357490628957748,0.0,0.015357490628957748,0.0,102.0,0.01716732047498226,0.015357490628957748
-27.097394943237305,-548.2100219726562,5.112043857574463,0.0,46.634072856829974,0.0,568.8812517523766,-615.5534144377026,-615.5153246092066,0.0,3.648285675048828,2.5768571036202568,0.0,0.0,0.2391349971294403,0.0,0.0,0.0,0.014797182753682137,0.0,0.014797182753682137,0.0,103.0,0.01790318638086319,0.014797182753682137
-27.63407325744629,-548.8812255859375,5.11189079284668,0.0,47.542418264824946,0.0,574.3248222984394,-622.0738043720457,-621.8672405632643,0.0,3.6608571461268835,2.589428438459124,0.0,0.0,0.34427300095558167,0.0,0.0,0.0,0.0,0.0,0.0,0.0,104.0,0.018342183902859688,0.008768517524003983
-28.542417526245117,-554.3248291015625,5.1117377281188965,0.0,47.72362352648699,0.0,642.869933271315,-690.8120396107821,-690.593556797802,0.0,3.6814285823277064,2.6100000108991352,0.10544999688863754,0.0,0.36413800716400146,0.0,0.0,0.0,0.0,0.0,0.0,0.0,105.0,0.017581013962626457,0.008003921248018742
-28.723623275756836,-622.8699340820312,5.111584663391113,0.0,48.26276804869076,0.0,651.8273805225645,-700.0327872358037,-700.0901485712552,0.0,3.731000028337751,2.6595714569091795,0.4058389961719513,0.0,0.0,0.01972566545009613,0.3186740605160594,0.010061276145279408,0.0,0.0,0.010061276145279408,0.0,106.0,0.01972566545009613,0.010061276145279408
-29.262767791748047,-631.827392578125,5.1311564445495605,0.0,48.52883454785031,0.0,661.0635913472834,-709.4333567882067,-709.5924258951337,0.0,3.7675000054495675,2.696071297781808,0.4112839996814728,0.0,0.0,0.01951546035706997,0.8837171904742718,0.010733289644122124,0.0,0.0,0.010733289644122124,0.0,107.0,0.01951546035706997,0.010733289644122124
-29.52883529663086,-641.0635986328125,5.150517463684082,0.0,48.61109163655195,0.0,698.3026982525898,-746.7827585970597,-746.9137898891418,0.0,3.804571369716099,2.733142798287528,0.4076949954032898,0.0,0.0,0.019384633749723434,1.4559031296521425,0.013217361643910408,0.0,0.0,0.013217361643910408,0.0,108.0,0.019384633749723434,0.013217361643910408
-29.61109161376953,-678.3026733398438,5.1697468757629395,0.0,48.78384297929334,0.0,698.973903119564,-747.5981115367114,-747.7577460988574,0.0,3.8302143096923826,2.7587857382638115,0.44523000717163086,0.0,0.0,0.020687038078904152,1.7737172162160277,0.01471568550914526,0.0,0.0,0.01471568550914526,0.0,109.0,0.020687038078904152,0.01471568550914526
-29.783842086791992,-678.973876953125,5.19027853012085,0.0,49.13902524344125,0.0,710.5753547930253,-759.5555748456841,-759.7143800364665,0.0,3.840571485246931,2.769142913818359,0.45767998695373535,0.0,0.0,0.02146497555077076,1.7645019795745611,0.013553060591220856,0.0,0.0,0.013553060591220856,0.0,110.0,0.02146497555077076,0.013553060591220856
-30.13902473449707,-690.5753784179688,5.211587429046631,0.0,49.525215436658186,0.0,728.3998276434786,-777.7935473700647,-777.9250430801368,0.0,3.834285681588309,2.7628571101597377,0.4980199933052063,0.0,0.0,0.022001784294843674,1.4610633291304111,0.01296474039554596,0.0,0.0,0.01296474039554596,0.0,111.0,0.022001784294843674,0.01296474039554596
-30.52521514892578,-708.3998413085938,5.233432292938232,0.0,49.60595411267378,0.0,734.7664366750514,-784.3055011625727,-784.3723907877252,0.0,3.810571479797363,2.739142772129604,0.4824579954147339,0.0,0.0,0.02114245481789112,0.7432179981842637,0.013831590302288532,0.0,0.0,0.013831590302288532,0.0,112.0,0.02114245481789112,0.013831590302288532
-30.605953216552734,-714.7664184570312,5.254417419433594,0.0,49.77940795838636,0.0,735.4376482367516,-785.2132013947787,-785.217056195138,0.0,3.766285705566406,2.694857134137835,0.42343100905418396,0.0,0.0,0.02161741815507412,0.04283111169934273,0.013720428571105003,0.0,0.0,0.013720428571105003,0.0,113.0,0.02161741815507412,0.013720428571105003
-30.779407501220703,-715.4376220703125,5.275876522064209,0.0,50.23316065599037,0.0,736.1088518500328,-786.6573149501355,-786.3420125060231,0.0,3.7114999771118162,2.640071541922433,0.006650000344961882,0.0,0.5255040526390076,0.0,0.0,0.0,0.0,0.0,0.0,0.0,114.0,0.02283228188753128,0.008764044381678104
-31.2331600189209,-716.1088256835938,5.2757182121276855,0.0,50.686871796144516,0.0,746.1665520557085,-797.2765822520372,-796.853423851853,0.0,3.693500055585589,2.6220713479178293,0.0,0.0,0.7052639722824097,0.0,0.0,0.0,0.0,0.0,0.0,0.0,115.0,0.022863904014229774,0.007580753415822983
-31.686872482299805,-726.1665649414062,5.275559902191162,0.0,51.13252768850599,0.0,746.8377947211266,-798.0730511637125,-797.9703224096326,0.0,3.6867857796805246,2.615357208251953,0.0,0.0,0.6709100008010864,0.0,0.0,0.0,0.013948332518339157,0.0,0.013948332518339157,0.0,116.0,0.021748684346675873,0.013948332518339157
-32.13252639770508,-726.8377685546875,5.275401592254639,0.0,51.6698373115355,0.0,758.6112539918677,-810.3667519834652,-810.2810913034032,0.0,3.673142923627581,2.6017142159598214,0.0,0.0,0.5575230121612549,0.0,0.0,0.0,0.013548165559768677,0.0,0.013548165559768677,0.0,117.0,0.022725310176610947,0.013548165559768677
-32.669837951660156,-738.6112670898438,5.275243282318115,0.0,52.38876376300075,0.0,768.6857929944617,-821.1544142601607,-821.0745567574625,0.0,3.6583571570260185,2.586928449358259,0.0,0.0,0.5184710025787354,0.0,0.0,0.0,0.013912327587604523,0.0,0.013912327587604523,0.0,118.0,0.02412179671227932,0.013912327587604523
-33.388763427734375,-748.685791015625,5.275084972381592,0.0,52.38036051845707,0.0,769.3570207953453,-821.8007887888431,-821.7373813138024,0.0,3.6459999901907785,2.5745715550013952,0.0,0.0,0.4084100127220154,0.0,0.0,0.0,0.01430647075176239,0.0,0.01430647075176239,0.0,119.0,0.020994700491428375,0.01430647075176239
-33.3803596496582,-749.3569946289062,5.274926662445068,0.0,52.55375328299141,0.0,770.0282244086266,-822.6373181908264,-822.581977691618,0.0,3.633071436200823,2.5616427285330636,0.0,0.0,0.3546009957790375,0.0,0.0,0.0,0.014335650950670242,0.0,0.014335650950670242,0.0,120.0,0.022148162126541138,0.014335650950670242
-33.55375289916992,-750.0281982421875,5.274768352508545,0.0,52.91085867168266,0.0,793.23067546948,-846.2707727458835,-846.1415341411628,0.0,3.6204999651227676,2.5490713936941964,0.0,0.0,0.8507540225982666,0.0,0.0,0.0,0.010836641304194927,0.0,0.010836641304194927,0.0,121.0,0.02115700952708721,0.010836641304194927
-33.910858154296875,-773.2306518554688,5.2746100425720215,0.0,53.992251155196776,0.0,793.901881635189,-847.9336562096453,-847.8941327903858,0.0,2.786142839704241,1.71471426827567,0.0,0.0,0.2425840049982071,0.0,0.0,0.0,0.020905446261167526,0.0,0.020905446261167526,0.0,122.0,0.03085905686020851,0.020905446261167526
-34.992252349853516,-773.90185546875,5.274451732635498,0.0,55.07375021730464,0.0,794.5730852484703,-849.683320107782,-849.646835465775,0.0,2.7816428593226843,1.7102142878941127,0.0,0.0,0.22254300117492676,0.0,0.0,0.0,0.02068793587386608,0.0,0.02068793587386608,0.0,123.0,0.03055424429476261,0.02068793587386608
-36.07374954223633,-774.5730590820312,5.274293422698975,0.0,55.24598156389806,0.0,795.2442888617516,-850.5246474106397,-850.4902704256497,0.0,2.775928715297154,1.7045001438685823,0.0,0.0,0.20762799680233002,0.0,0.0,0.0,0.021551894024014473,0.0,0.021551894024014473,0.0,124.0,0.027543751522898674,0.021551894024014473
-36.2459831237793,-775.2442626953125,5.274135112762451,0.0,55.23650969359158,0.0,795.9154924750328,-851.1854852171795,-851.1520021686243,0.0,2.7632857186453683,1.6918571472167967,0.0,0.0,0.20176100730895996,0.0,0.0,0.0,0.02145930752158165,0.0,0.02145930752158165,0.0,125.0,0.027004238218069077,0.02145930752158165
-36.23651123046875,-775.9154663085938,5.273976802825928,0.0,55.22737166933273,0.0,804.3955146504809,-859.6577271825334,-859.6228863198136,0.0,2.7476427350725445,1.676214163643973,0.0,0.0,0.21150100231170654,0.0,0.0,0.0,0.020771406590938568,0.0,0.020771406590938568,0.0,126.0,0.026884062215685844,0.020771406590938568
-36.22737121582031,-784.3955078125,5.273818492889404,0.0,55.218351153945655,0.0,811.1635178717052,-866.420955312158,-866.3818690256508,0.0,2.7357855660574777,1.664356994628906,0.0,0.0,0.2400050014257431,0.0,0.0,0.0,0.02057023160159588,0.0,0.02057023160159588,0.0,127.0,0.02700043097138405,0.02057023160159588
-36.21834945678711,-791.1635131835938,5.273660182952881,0.0,56.30339888816501,0.0,814.6730669316232,-871.1908794398992,-870.9764658197882,0.0,2.727000045776367,1.6555714743477958,0.0,0.0,0.3449360132217407,0.0,0.0,0.0,0.012420006096363068,0.0,0.012420006096363068,0.0,128.0,0.030103787779808044,0.012420006096363068
-37.30339813232422,-794.673095703125,5.273501873016357,0.0,57.02507684832744,0.0,815.3443254828453,-872.3207226506894,-872.3694023311728,0.0,2.7489285605294365,1.6774999891008653,0.39451301097869873,0.0,0.0,0.027808625251054764,0.27044264785945415,0.013085661455988884,0.0,0.0,0.013085661455988884,0.0,129.0,0.027808625251054764,0.013085661455988884
-38.02507781982422,-795.3442993164062,5.301151752471924,0.0,57.53383147206318,0.0,816.0155290961266,-873.2097181250704,-873.5493605681897,0.0,2.7932141985212056,1.7217856270926344,0.40608200430870056,0.0,0.0,0.027094079181551933,1.8869023118168116,0.014071650803089142,0.0,0.0,0.014071650803089142,0.0,130.0,0.027094079181551933,0.014071650803089142
-38.53383255004883,-796.0155029296875,5.328085899353027,0.0,57.99675785214281,0.0,868.1020697271597,-925.4324053373874,-926.0988275793025,0.0,2.8465714590890068,1.7751428876604356,0.41108399629592896,0.0,0.0,0.027546696364879608,3.7023454941809177,0.013374153524637222,0.0,0.0,0.013374153524637222,0.0,131.0,0.027546696364879608,0.013374153524637222
-38.99675750732422,-848.10205078125,5.355472087860107,0.0,58.3508865121051,0.0,934.8765654993949,-992.6602290545009,-993.2274520115001,0.0,2.912500054495675,1.841071483067104,0.39886701107025146,0.0,0.0,0.029053065925836563,6.302476799115539,0.01840280555188656,0.0,0.0,0.01840280555188656,0.0,132.0,0.029053065925836563,0.01840280555188656
-39.350887298583984,-914.8765869140625,5.384363651275635,0.0,58.7957551477015,0.0,935.5478166937828,-993.6670985562583,-994.3435718414843,0.0,2.9703572954450332,1.898928724016462,0.5151609778404236,0.0,0.0,0.03273594006896019,7.516369238495827,0.02023409679532051,0.0,0.0,0.02023409679532051,0.0,133.0,0.03273594006896019,0.02023409679532051
-39.795753479003906,-915.5477905273438,5.416937351226807,0.0,59.42292034725224,0.0,956.5685221333315,-1015.3651288950887,-1015.9914424805837,0.0,3.0117143358503067,1.9402857644217355,0.8333349823951721,0.0,0.0,0.031246136873960495,6.959039285778999,0.017679188400506973,0.0,0.0,0.017679188400506973,0.0,134.0,0.031246136873960495,0.017679188400506973
-40.42292022705078,-936.5685424804688,5.448019981384277,0.0,60.32233110551368,0.0,957.239772260189,-1017.0812172896885,-1017.5621033657028,0.0,3.034142848423549,1.9627142769949777,0.41009700298309326,0.0,0.0,0.03539401292800903,5.3431781977415085,0.019630208611488342,0.0,0.0,0.019630208611488342,0.0,135.0,0.03539401292800903,0.019630208611488342
-41.322330474853516,-937.23974609375,5.483249664306641,0.0,60.6761811096854,0.0,957.9109758734703,-1018.2535189731769,-1018.5871569831558,0.0,3.0427142007010324,1.9712856292724608,0.42232099175453186,0.0,0.0,0.03341357782483101,3.707088705152273,0.020026519894599915,0.0,0.0,0.020026519894599915,0.0,136.0,0.03341357782483101,0.020026519894599915
-41.67618179321289,-937.9109497070312,5.516497611999512,0.0,61.21270044771263,0.0,958.5821794867516,-1019.6877471002849,-1019.7948799344642,0.0,3.042142813546317,1.9707142421177455,0.417385995388031,0.0,0.0,0.03362782299518585,1.1903647296130657,0.019221339374780655,0.0,0.0,0.019221339374780655,0.0,137.0,0.03362782299518585,0.019221339374780655
-42.21269989013672,-938.5821533203125,5.549959182739258,0.0,61.65939031211404,0.0,967.2966526754144,-1029.0269835809972,-1028.9560429875285,0.0,3.023785672869001,1.9523571014404295,0.4122999906539917,0.0,0.10452401638031006,0.0,0.0,0.0,0.013710301369428635,0.0,0.013710301369428635,0.0,138.0,0.03234979510307312,0.013710301369428635
-42.65938949584961,-947.296630859375,5.549792766571045,0.0,62.137994341592595,0.0,975.4917518599073,-1038.0466347115512,-1037.6297462014998,0.0,2.9874286106654577,1.916000039236886,0.0,0.0,0.6819890141487122,0.0,0.0,0.0,0.012825141660869122,0.0,0.012825141660869122,0.0,139.0,0.032075926661491394,0.012825141660869122
-43.13799285888672,-955.4917602539062,5.549626350402832,0.0,62.583107173279885,0.0,976.1629900336266,-1038.8471058340135,-1038.7460972069064,0.0,2.964571489606585,1.8931429181780133,0.0,0.0,0.6540570259094238,0.0,0.0,0.0,0.019333794713020325,0.0,0.019333794713020325,0.0,140.0,0.03175797313451767,0.019333794713020325
-43.583106994628906,-956.1629638671875,5.549459934234619,0.0,63.027410767820115,0.0,976.8341936469078,-1039.9488437139976,-1039.861604414728,0.0,2.9515001569475445,1.8800715855189734,0.0,0.0,0.5621299743652344,0.0,0.0,0.0,0.019465330988168716,0.0,0.019465330988168716,0.0,141.0,0.03186343237757683,0.019465330988168716
-44.02741241455078,-956.8341674804688,5.549293518066406,0.0,63.47216757309358,0.0,977.505397260189,-1041.054124543661,-1040.9775648332827,0.0,2.9407857622419087,1.869357190813337,0.0,0.0,0.49087101221084595,0.0,0.0,0.0,0.01952703669667244,0.0,0.01952703669667244,0.0,142.0,0.03193392977118492,0.01952703669667244
-44.47216796875,-957.50537109375,5.549127101898193,0.0,64.00836598992392,0.0,978.1766008734703,-1042.2523478555077,-1042.1849668633943,0.0,2.9238572256905693,1.8524286542619977,0.0,0.0,0.4296489953994751,0.0,0.0,0.0,0.01955760084092617,0.0,0.01955760084092617,0.0,143.0,0.03245514631271362,0.01955760084092617
-45.008365631103516,-958.1765747070312,5.5489606857299805,0.0,64.72641169077399,0.0,978.8478044867516,-1043.6330735451895,-1043.5742161775256,0.0,2.902285657610212,1.8308570861816404,0.0,0.0,0.3728249967098236,0.0,0.0,0.0,0.019557438790798187,0.0,0.019557438790798187,0.0,144.0,0.03340727090835571,0.019557438790798187
-45.726409912109375,-958.8477783203125,5.548794269561768,0.0,65.62639504412255,0.0,990.0113457933776,-1055.6822647752206,-1055.6377408375001,0.0,2.8857143402099608,1.8142857687813896,0.0,0.0,0.2775129973888397,0.0,0.0,0.0,0.01931324228644371,0.0,0.01931324228644371,0.0,145.0,0.034695807844400406,0.01931324228644371
-46.62639617919922,-970.0113525390625,5.548627853393555,0.0,66.52322052534615,0.0,990.6825823187828,-1057.2461899816642,-1057.205802844129,0.0,2.8804999215262277,1.809071350097656,0.0,0.0,0.2425840049982071,0.0,0.0,0.0,0.02666356787085533,0.0,0.02666356787085533,0.0,146.0,0.03735293075442314,0.02666356787085533
-47.52322006225586,-970.6825561523438,5.548461437225342,0.0,67.60202469110979,0.0,991.353785932064,-1058.9931208329435,-1058.9558106231739,0.0,2.8826426914760046,1.811214120047433,0.0,0.0,0.22254300117492676,0.0,0.0,0.0,0.026191720739006996,0.0,0.026191720739006996,0.0,147.0,0.03747531399130821,0.026191720739006996
-48.60202407836914,-971.353759765625,5.548295021057129,0.0,68.68089754342205,0.0,992.0249895453453,-1060.7409269976674,-1060.7058870887674,0.0,2.8894284929547993,1.8179999215262277,0.0,0.0,0.20762799680233002,0.0,0.0,0.0,0.025971386581659317,0.0,0.025971386581659317,0.0,148.0,0.03716462105512619,0.025971386581659317
-49.6808967590332,-972.0249633789062,5.548128604888916,0.0,69.75976980693756,0.0,992.6961931586266,-1062.4900921091228,-1062.4559629655641,0.0,2.912500054495675,1.841071483067104,0.0,0.0,0.20176100730895996,0.0,0.0,0.0,0.025766607373952866,0.0,0.025766607373952866,0.0,149.0,0.03679328411817551,0.025766607373952866
-50.759769439697266,-972.6961669921875,5.547962188720703,0.0,70.83874772209703,0.0,993.3673967719078,-1064.241671465818,-1064.2061444940048,0.0,2.9332141331263952,1.8617855616978236,0.0,0.0,0.21150100231170654,0.0,0.0,0.0,0.025345467031002045,0.0,0.025345467031002045,0.0,150.0,0.036251604557037354,0.025345467031002045
-51.838748931884766,-973.3673706054688,5.54779577255249,0.0,71.91791437598626,0.0,994.038600385189,-1065.9962349573543,-1065.9565147611754,0.0,2.9478571210588727,1.8764285496303015,0.0,0.0,0.2400050014257431,0.0,0.0,0.0,0.024796295911073685,0.0,0.024796295911073685,0.0,151.0,0.03565499559044838,0.024796295911073685
-52.91791534423828,-974.03857421875,5.547629356384277,0.0,72.4547862154263,0.0,1081.1608235344174,-1153.825950921554,-1153.6156097498438,0.0,2.930499976021903,1.8590714045933314,0.012350000441074371,0.0,0.33258602023124695,0.0,0.0,0.0,0.017982585355639458,0.0,0.017982585355639458,0.0,152.0,0.03426850587129593,0.017982585355639458
-53.45478439331055,-1061.1607666015625,5.5474629402160645,0.0,73.17253748352596,0.0,1100.3950665676011,-1173.2686064176005,-1173.567604051127,0.0,2.9561429159981865,1.8847143445696148,0.42176100611686707,0.0,0.0,0.03762940689921379,1.6610978320240974,0.019861828535795212,0.0,0.0,0.019861828535795212,0.0,153.0,0.03762940689921379,0.019861828535795212
-54.17253875732422,-1080.39501953125,5.584924697875977,0.0,73.79904081826486,0.0,1117.495518814696,-1190.430600461818,-1191.2945596329607,0.0,3.0352142333984373,1.9637856619698661,0.40608200430870056,0.0,0.0,0.038733482360839844,4.799772791564465,0.021261639893054962,0.0,0.0,0.021261639893054962,0.0,154.0,0.038733482360839844,0.021261639893054962
-54.799041748046875,-1097.4954833984375,5.6234893798828125,0.0,74.33350062806343,0.0,1134.7711349404035,-1207.9266141158867,-1209.1046355684668,0.0,3.089785657610212,2.0183570861816404,0.43252798914909363,0.0,0.0,0.03919900953769684,6.544563105329871,0.02225976623594761,0.0,0.0,0.02225976623594761,0.0,155.0,0.03919900953769684,0.02225976623594761
-55.333499908447266,-1114.7711181640625,5.662518501281738,0.0,74.77476204160841,0.0,1145.55281333935,-1219.5788733181157,-1220.3275753809585,0.0,3.1338571275983536,2.0624285561697824,0.39886701107025146,0.0,0.0,0.04002315178513527,8.318911148235202,0.026848895475268364,0.0,0.0,0.026848895475268364,0.0,156.0,0.04002315178513527,0.026848895475268364
-55.77476119995117,-1125.5528564453125,5.702370643615723,0.0,75.12482936967942,0.0,1153.9499216237205,-1228.2629085384513,-1229.0747509934,0.0,3.1734286172049386,2.102000045776367,0.4125719964504242,0.0,0.0,0.03980934992432594,9.020471004769206,0.02714773826301098,0.0,0.0,0.02714773826301098,0.0,157.0,0.03980934992432594,0.02714773826301098
-56.12482833862305,-1133.949951171875,5.742007732391357,0.0,75.56521863546959,0.0,1154.6211809515953,-1229.3838707947036,-1230.186399587065,0.0,3.2033570970807754,2.1319285256522043,0.4273020029067993,0.0,0.0,0.04035108536481857,8.916985873132944,0.02701038494706154,0.0,0.0,0.02701038494706154,0.0,158.0,0.04035108536481857,0.02701038494706154
-56.56521987915039,-1134.6212158203125,5.7821855545043945,0.0,76.09713952814786,0.0,1155.2924456000328,-1230.662829366773,-1231.3895851281807,0.0,3.2215714590890068,2.150142887660435,0.41009700298309326,0.0,0.0,0.040135592222213745,8.0750633738935,0.0266038216650486,0.0,0.0,0.0266038216650486,0.0,159.0,0.040135592222213745,0.0266038216650486
-57.09714126586914,-1135.29248046875,5.822146415710449,0.0,76.2658773312188,0.0,1173.2058009529947,-1248.945313464474,-1249.4716782842133,0.0,3.2227142333984373,2.151285661969866,0.42232099175453186,0.0,0.0,0.03893553093075752,5.848497532308102,0.02579592540860176,0.0,0.0,0.02579592540860176,0.0,160.0,0.03893553093075752,0.02579592540860176
-57.26587677001953,-1153.205810546875,5.86090612411499,0.0,76.25286488635444,0.0,1181.4989121501708,-1257.5103116441285,-1257.7517770365253,0.0,3.1957143511090957,2.1242857796805246,0.417385995388031,0.0,0.0,0.03912818059325218,2.6829485911875963,0.02593720145523548,0.0,0.0,0.02593720145523548,0.0,161.0,0.03912818059325218,0.02593720145523548
-57.252864837646484,-1161.4989013671875,5.899857521057129,0.0,76.24290906681486,0.0,1191.0238631413836,-1267.4612343901028,-1267.2667722081985,0.0,3.147785677228655,2.0763571058000836,0.3980499804019928,0.0,0.3042440116405487,0.0,0.0,0.0,0.019859611988067627,0.0,0.019859611988067627,0.0,162.0,0.038781311362981796,0.019859611988067627
-57.2429084777832,-1171.0238037109375,5.8996806144714355,0.0,76.59791412094086,0.0,1214.9621773923336,-1292.2154218545472,-1291.5600915132745,0.0,3.092142868041992,2.020714296613421,0.0,0.0,1.0750010013580322,0.0,0.0,0.0,0.017216190695762634,0.0,0.017216190695762634,0.0,163.0,0.03818865492939949,0.017216190695762634
-57.59791564941406,-1194.962158203125,5.899503707885742,0.0,76.95138344386172,0.0,1239.754912681361,-1316.901852978137,-1316.7062961252227,0.0,3.0488572256905693,1.9774286542619977,0.0,0.0,1.2828890085220337,0.0,0.0,0.0,0.020823292434215546,0.0,0.020823292434215546,0.0,164.0,0.03706859424710274,0.020823292434215546
-57.95138168334961,-1219.7548828125,5.899326801300049,0.0,77.4850182855126,0.0,1254.5070368716642,-1332.1163704219084,-1331.9920551571768,0.0,3.006785746983119,1.935357175554548,0.0,0.0,0.8040710091590881,0.0,0.0,0.0,0.02469738945364952,0.0,0.02469738945364952,0.0,165.0,0.04173237457871437,0.02469738945364952
-58.48501968383789,-1234.507080078125,5.8991498947143555,0.0,77.83605292891565,0.0,1263.8030182660668,-1341.7167278931288,-1341.6390711949825,0.0,2.9700714656284877,1.8986428941999165,0.0,0.0,0.49087101221084595,0.0,0.0,0.0,0.026840288192033768,0.0,0.026840288192033768,0.0,166.0,0.042737673968076706,0.026840288192033768
-58.83605194091797,-1243.802978515625,5.898972988128662,0.0,78.3690539850929,0.0,1280.1446050850882,-1358.5821154043556,-1358.5136590701811,0.0,2.9367857796805246,1.865357208251953,0.0,0.0,0.4296489953994751,0.0,0.0,0.0,0.02672654762864113,0.0,0.02672654762864113,0.0,167.0,0.04429357871413231,0.02672654762864113
-59.36905288696289,-1260.1446533203125,5.898796081542969,0.0,78.71995758710077,0.0,1284.3834501234094,-1363.163494292146,-1363.10340771051,0.0,2.9033570425851005,1.831928471156529,0.0,0.0,0.3728249967098236,0.0,0.0,0.0,0.02775219827890396,0.0,0.02775219827890396,0.0,168.0,0.04417501017451286,0.02775219827890396
-59.7199592590332,-1264.3834228515625,5.898619174957275,0.0,78.70754426110014,0.0,1294.7094107749372,-1373.4627136395993,-1373.4169550360373,0.0,2.864785548618862,1.7933569771902906,0.0,0.0,0.2775129973888397,0.0,0.0,0.0,0.027544347569346428,0.0,0.027544347569346428,0.0,169.0,0.042565613985061646,0.027544347569346428
-59.707542419433594,-1274.7093505859375,5.898442268371582,0.0,78.69201514474588,0.0,1303.7889227063138,-1382.522622073075,-1382.4809378510597,0.0,2.8222857339041574,1.7508571624755858,0.0,0.0,0.2425840049982071,0.0,0.0,0.0,0.03531079739332199,0.0,0.03531079739332199,0.0,170.0,0.04784790053963661,0.03531079739332199
-59.6920166015625,-1283.7889404296875,5.898265361785889,0.0,79.0401202917587,0.0,1304.4601702094078,-1383.5390223837503,-1383.5002905011665,0.0,2.7824284144810267,1.7109998430524556,0.0,0.0,0.22254300117492676,0.0,0.0,0.0,0.035669539123773575,0.0,0.035669539123773575,0.0,171.0,0.05011468380689621,0.035669539123773575
-60.04011917114258,-1284.460205078125,5.898088455200195,0.0,79.02501827392592,0.0,1305.1314348578453,-1384.1928814253145,-1384.1564531317713,0.0,2.7482857840401786,1.6768572126116075,0.0,0.0,0.20762799680233002,0.0,0.0,0.0,0.03522728383541107,0.0,0.03522728383541107,0.0,172.0,0.04855603352189064,0.03522728383541107
-60.02501678466797,-1285.1314697265625,5.897911548614502,0.0,79.010217644063,0.0,1305.8026995062828,-1384.8484219291136,-1384.8129171503458,0.0,2.7135001046316964,1.6420715332031248,0.0,0.0,0.20176100730895996,0.0,0.0,0.0,0.03493750840425491,0.0,0.03493750840425491,0.0,173.0,0.04851022735238075,0.03493750840425491
-60.010215759277344,-1285.802734375,5.897734642028809,0.0,79.35928362288814,0.0,1306.4739641547203,-1385.8701808550852,-1385.8332477776084,0.0,2.6734286172049386,1.602000045776367,0.0,0.0,0.21150100231170654,0.0,0.0,0.0,0.03471950441598892,0.0,0.03471950441598892,0.0,174.0,0.04990225285291672,0.03471950441598892
-60.359283447265625,-1286.4739990234375,5.897557735443115,0.0,79.70871939376003,0.0,1385.926777363813,-1465.6762377723687,-1465.635496757573,0.0,2.645714296613421,1.5742857251848497,0.0,0.0,0.2400050014257431,0.0,0.0,0.0,0.03160175308585167,0.0,0.03160175308585167,0.0,175.0,0.048660218715667725,0.03160175308585167
-60.70872116088867,-1365.9267578125,5.897380828857422,0.0,80.6065446003133,0.0,1414.5756877152126,-1495.3943420062908,-1495.1822323155259,0.0,2.6339999062674386,1.562571334838867,0.018050000071525574,0.0,0.32688599824905396,0.0,0.0,0.0,0.026630138978362083,0.0,0.026630138978362083,0.0,176.0,0.05488605424761772,0.026630138978362083
-61.606544494628906,-1394.57568359375,5.8972039222717285,0.0,80.7757397154663,0.0,1415.2469133734703,-1495.8617484195004,-1496.0226530889365,0.0,2.66500004359654,1.5935714721679686,0.39451301097869873,0.0,0.0,0.05427654832601547,0.8939147591590881,0.030045725405216217,0.0,0.0,0.030045725405216217,0.0,177.0,0.05427654832601547,0.030045725405216217
-61.77574157714844,-1395.2469482421875,5.9513020515441895,0.0,81.21814950705706,0.0,1461.1940846491125,-1541.9655631980343,-1542.4122341561695,0.0,2.6886429922921318,1.6172144208635606,0.40608200430870056,0.0,0.0,0.05453929677605629,2.481505125761032,0.02852362021803856,0.0,0.0,0.02852362021803856,0.0,178.0,0.05453929677605629,0.02852362021803856
-62.2181510925293,-1441.194091796875,6.005661487579346,0.0,81.56870826547913,0.0,1474.420808524953,-1555.4372482038198,-1555.989516790432,0.0,2.69971433367048,1.6282857622419087,0.41108399629592896,0.0,0.0,0.056732241064310074,3.068158570677042,0.030325166881084442,0.0,0.0,0.030325166881084442,0.0,179.0,0.056732241064310074,0.030325166881084442
-62.56870651245117,-1454.4207763671875,6.062211990356445,0.0,82.03813086850784,0.0,1504.441354691764,-1586.1444807668784,-1586.4794855602718,0.0,2.703500148228237,1.6320715767996656,0.39886701107025146,0.0,0.0,0.05717618390917778,3.72227518633008,0.0339813232421875,0.0,0.0,0.0339813232421875,0.0,180.0,0.05717618390917778,0.0339813232421875
-63.03813171386719,-1484.44140625,6.119204521179199,0.0,82.38585397165113,0.0,1505.1126360297203,-1587.1639592914764,-1587.4984900013715,0.0,2.7012857164655415,1.6298571450369703,0.4125719964504242,0.0,0.0,0.058389559388160706,3.717007592320442,0.03478112816810608,0.0,0.0,0.03478112816810608,0.0,181.0,0.058389559388160706,0.03478112816810608
-63.3858528137207,-1485.1126708984375,6.177408695220947,0.0,82.5531818918138,0.0,1505.7839006781578,-1587.991295194228,-1588.3370825699717,0.0,2.6981429508754187,1.626714379446847,0.47718000411987305,0.0,0.0,0.057300809770822525,3.8420816473662853,0.03428758680820465,0.0,0.0,0.03428758680820465,0.0,182.0,0.057300809770822525,0.03428758680820465
-63.55318069458008,-1485.783935546875,6.234522819519043,0.0,82.72054268913381,0.0,1520.1332746188464,-1602.506844631792,-1602.85381730798,0.0,2.699857112339565,1.6284285409109938,0.41009700298309326,0.0,0.0,0.057166632264852524,3.8552516512572765,0.0341845378279686,0.0,0.0,0.0341845378279686,0.0,183.0,0.057166632264852524,0.0341845378279686
-63.720542907714844,-1500.13330078125,6.291501045227051,0.0,82.88797446219121,0.0,1520.8045305609703,-1603.448984723052,-1603.6925050231616,0.0,2.691714368547712,1.6202857971191404,0.47729501128196716,0.0,0.0,0.05745860934257507,2.7057808972895145,0.03411566838622093,0.0,0.0,0.03411566838622093,0.0,184.0,0.05745860934257507,0.03411566838622093
-63.88797378540039,-1500.8045654296875,6.348769187927246,0.0,82.87380535178727,0.0,1532.5359357254383,-1615.3043556758714,-1615.4097410772256,0.0,2.663500050136021,1.5920714787074495,0.417385995388031,0.0,0.0,0.05630031228065491,1.1709488108754158,0.03401472419500351,0.0,0.0,0.03401472419500351,0.0,185.0,0.05630031228065491,0.03401472419500351
-63.87380599975586,-1512.535888671875,6.404877662658691,0.0,82.95306732968822,0.0,1544.7678053623258,-1627.8015489267532,-1627.720872692014,0.0,2.6192858014787945,1.547857230050223,0.4208499789237976,0.0,0.10502099990844727,0.0,0.0,0.0,0.02943938598036766,0.0,0.02943938598036766,0.0,186.0,0.058133311569690704,0.02943938598036766
-63.953067779541016,-1524.767822265625,6.4046854972839355,0.0,83.39537336218648,0.0,1552.9635188157517,-1636.7845703426012,-1636.3588921779383,0.0,2.5746429443359373,1.5032143729073661,0.0,0.0,0.6819890141487122,0.0,0.0,0.0,0.02747456543147564,0.0,0.02747456543147564,0.0,187.0,0.058787550777196884,0.02747456543147564
-64.39537048339844,-1532.9635009765625,6.40449333190918,0.0,83.83618738184654,0.0,1563.6002491018398,-1647.5396885412363,-1647.4364364836863,0.0,2.5403569902692524,1.4689284188406813,0.0,0.0,0.6540570259094238,0.0,0.0,0.0,0.034289997071027756,0.0,0.034289997071027756,0.0,188.0,0.05827978253364563,0.034289997071027756
-64.83618927001953,-1543.6002197265625,6.404301166534424,0.0,84.3672950953054,0.0,1564.2714495062828,-1648.728307235987,-1648.6387446015883,0.0,2.509071568080357,1.4376429966517854,0.0,0.0,0.5621299743652344,0.0,0.0,0.0,0.03495423123240471,0.0,0.03495423123240471,0.0,189.0,0.05977625772356987,0.03495423123240471
-65.36729431152344,-1544.271484375,6.404109001159668,0.0,85.26281391533475,0.0,1572.9787153446073,-1658.320333086962,-1658.2415292599421,0.0,2.4792144775390623,1.4077859061104911,0.0,0.0,0.49087101221084595,0.0,0.0,0.0,0.03448781371116638,0.0,0.03448781371116638,0.0,190.0,0.061415109783411026,0.03448781371116638
-66.2628173828125,-1552.978759765625,6.403916835784912,0.0,85.79457800089219,0.0,1573.6499895453453,-1659.5143089089206,-1659.4445675462375,0.0,2.4584287370954243,1.3870001656668531,0.0,0.0,0.4296489953994751,0.0,0.0,0.0,0.03529340401291847,0.0,0.03529340401291847,0.0,191.0,0.06028414145112038,0.03529340401291847
-66.7945785522461,-1553.6500244140625,6.403724670410156,0.0,86.32641862178106,0.0,1574.3212541937828,-1660.7088945880075,-1660.647672815564,0.0,2.4415715898786274,1.3701430184500563,0.0,0.0,0.3728249967098236,0.0,0.0,0.0,0.035320136696100235,0.0,0.035320136696100235,0.0,192.0,0.06030222401022911,0.035320136696100235
-67.326416015625,-1554.3212890625,6.4035325050354,0.0,86.49470289391537,0.0,1584.2890896684303,-1670.830744790597,-1670.7837925623458,0.0,2.425999995640346,1.354571424211775,0.0,0.0,0.2775129973888397,0.0,0.0,0.0,0.03550184518098831,0.0,0.03550184518098831,0.0,193.0,0.0591270886361599,0.03550184518098831
-67.49470520019531,-1564.2890625,6.4033403396606445,0.0,86.66053167584954,0.0,1584.9602922797203,-1671.6635902673577,-1671.62082395557,0.0,2.4110714503696986,1.3396428789411274,0.0,0.0,0.2425840049982071,0.0,0.0,0.0,0.042524728924036026,0.0,0.042524728924036026,0.0,194.0,0.06320109218358994,0.042524728924036026
-67.66053009033203,-1564.9603271484375,6.403148174285889,0.0,87.00838102139508,0.0,1594.2161066063322,-1681.2641899961561,-1681.2244876277273,0.0,2.3952142987932477,1.323785727364676,0.0,0.0,0.22254300117492676,0.0,0.0,0.0,0.0421394445002079,0.0,0.0421394445002079,0.0,195.0,0.06335125118494034,0.0421394445002079
-68.00838470458984,-1574.216064453125,6.402956008911133,0.0,87.35631096304714,0.0,1597.4494549883814,-1684.843254296485,-1684.8057659514286,0.0,2.3745713370186943,1.303142765590123,0.0,0.0,0.20762799680233002,0.0,0.0,0.0,0.04229429364204407,0.0,0.04229429364204407,0.0,196.0,0.06379415839910507,0.04229429364204407
-68.35630798339844,-1577.449462890625,6.402763843536377,0.0,87.88635062920021,0.0,1598.1206926703453,-1686.0436078023736,-1686.0070432995456,0.0,2.338428715297154,1.2670001438685823,0.0,0.0,0.20176100730895996,0.0,0.0,0.0,0.04200233519077301,0.0,0.04200233519077301,0.0,197.0,0.06436020880937576,0.04200233519077301
-68.8863525390625,-1578.1207275390625,6.402571678161621,0.0,88.05325261966233,0.0,1598.7919573187828,-1686.883204705259,-1686.8452099384451,0.0,2.2817859104701452,1.2103573390415736,0.0,0.0,0.21150100231170654,0.0,0.0,0.0,0.04179743304848671,0.0,0.04179743304848671,0.0,198.0,0.06341608613729477,0.04179743304848671
-69.05325317382812,-1578.7919921875,6.402379512786865,0.0,88.58425877769403,0.0,1599.4632219672203,-1688.0896530066138,-1688.0474807449143,0.0,2.2312144688197546,1.159785897391183,0.0,0.0,0.2400050014257431,0.0,0.0,0.0,0.041143398731946945,0.0,0.041143398731946945,0.0,199.0,0.06403332948684692,0.041143398731946945
-69.58425903320312,-1579.4632568359375,6.402187347412109,0.0,89.11809707935949,0.0,1648.7806379173562,-1738.0765714115034,-1737.8987349967158,0.0,2.199071284702846,1.127642713274275,0.08170000463724136,0.0,0.26323601603507996,0.0,0.0,0.0,0.03315799683332443,0.0,0.03315799683332443,0.0,200.0,0.06424303352832794,0.03315799683332443
-70.11809539794922,-1628.7806396484375,6.4019951820373535,0.0,89.46911345516118,0.0,1649.4518694281578,-1738.469274771793,-1738.920982883319,0.0,2.2409999847412108,1.1695711408342637,0.39451301097869873,0.0,0.0,0.06618030369281769,2.509489309042692,0.03561750426888466,0.0,0.0,0.03561750426888466,0.0,201.0,0.06618030369281769,0.03561750426888466
-70.4691162109375,-1629.451904296875,6.467981338500977,0.0,90.0015801419973,0.0,1650.1231340765953,-1739.1809512655584,-1740.1247142185925,0.0,2.3182857513427733,1.246857179914202,0.40608200430870056,0.0,0.0,0.06668618321418762,5.243127100169659,0.035404421389102936,0.0,0.0,0.035404421389102936,0.0,202.0,0.06668618321418762,0.035404421389102936
-71.00157928466797,-1630.1231689453125,6.53447151184082,0.0,90.53366577211237,0.0,1650.7943987250328,-1740.023575752599,-1741.328064497145,0.0,2.3864998953683036,1.3150713239397325,0.41108399629592896,0.0,0.0,0.0668594241142273,7.247159115970135,0.035446830093860626,0.0,0.0,0.035446830093860626,0.0,203.0,0.0668594241142273,0.035446830093860626
-71.5336685180664,-1630.79443359375,6.601132869720459,0.0,90.88231965449295,0.0,1659.9994680955906,-1750.1179428457228,-1750.8817877500835,0.0,2.457928466796875,1.3864998953683036,0.48202401399612427,0.0,0.0,0.06536616384983063,8.487164929509163,0.03889384865760803,0.0,0.0,0.03889384865760803,0.0,204.0,0.06536616384983063,0.03889384865760803
-71.88231658935547,-1639.99951171875,6.666299343109131,0.0,91.41221369752456,0.0,1663.7072891480461,-1754.3111929096285,-1755.1195028455707,0.0,2.5205715179443358,1.4491429465157646,0.4125719964504242,0.0,0.0,0.06685522198677063,8.981220796704292,0.03935207426548004,0.0,0.0,0.03935207426548004,0.0,205.0,0.06685522198677063,0.03935207426548004
-72.41221618652344,-1643.707275390625,6.73295259475708,0.0,91.76004384659014,0.0,1670.0920900166889,-1761.045024658531,-1761.852133863279,0.0,2.5723571232387,1.5009285518101283,0.4273020029067993,0.0,0.0,0.06552043557167053,8.967879340052605,0.039297863841056824,0.0,0.0,0.039297863841056824,0.0,206.0,0.06552043557167053,0.039297863841056824
-72.76004028320312,-1650.092041015625,6.798269271850586,0.0,92.47126739003063,0.0,1670.7632707953453,-1762.5100925427153,-1763.2345381853759,0.0,2.611714172363281,1.54028560093471,0.41009700298309326,0.0,0.0,0.06751778721809387,8.049395389854908,0.039139412343502045,0.0,0.0,0.039139412343502045,0.0,207.0,0.06751778721809387,0.039139412343502045
-73.47126770019531,-1650.7633056640625,6.865581035614014,0.0,92.63724241159954,0.0,1678.9588873328898,-1771.1058242388342,-1771.5961297444894,0.0,2.627714375087193,1.5562858036586213,0.42232099175453186,0.0,0.0,0.06384801119565964,5.447838518768549,0.038642678409814835,0.0,0.0,0.038642678409814835,0.0,208.0,0.06384801119565964,0.038642678409814835
-73.63724517822266,-1658.9588623046875,6.929221153259277,0.0,92.98517502080765,0.0,1679.6300920844078,-1772.4038645124822,-1772.6152671052155,0.0,2.623357173374721,1.55192860194615,0.417385995388031,0.0,0.0,0.06442218273878098,2.3489175103604794,0.03827420994639397,0.0,0.0,0.03827420994639397,0.0,209.0,0.06442218273878098,0.03827420994639397
-73.98517608642578,-1659.630126953125,6.993433475494385,0.0,93.33522464116224,0.0,1680.3013567328453,-1773.5861865806496,-1773.6365813740076,0.0,2.5938570295061383,1.5224284580775667,0.5168240070343018,0.0,0.0,0.06389088183641434,0.27997105196118355,0.03326404467225075,0.0,0.0,0.03326404467225075,0.0,210.0,0.06389088183641434,0.03326404467225075
-74.3352279663086,-1660.3013916015625,7.057112693786621,0.0,94.23208101795572,0.0,1680.9726213812828,-1775.6321075992394,-1775.2047023992386,0.0,2.5240715026855467,1.4526429312569755,0.0,0.0,0.6819890141487122,0.0,0.0,0.0,0.030352957546710968,0.0,0.030352957546710968,0.0,211.0,0.0651284009218216,0.030352957546710968
-75.2320785522461,-1660.97265625,7.056900978088379,0.0,94.58098163682186,0.0,1681.6438860297203,-1776.3286695646686,-1776.2248676665422,0.0,2.4805714198521205,1.4091428484235493,0.0,0.0,0.6540570259094238,0.0,0.0,0.0,0.03795560076832771,0.0,0.03795560076832771,0.0,212.0,0.06237054988741875,0.03795560076832771
-75.58097839355469,-1661.6439208984375,7.056689262390137,0.0,95.20234737182469,0.0,1693.5821072536364,-1788.8851484902987,-1788.7844546254612,0.0,2.456857081821987,1.3854285103934156,0.0,0.0,0.6338880062103271,0.0,0.0,0.0,0.03740439936518669,0.0,0.03740439936518669,0.0,213.0,0.06324154883623123,0.03740439936518669
-76.20234680175781,-1673.5821533203125,7.0564775466918945,0.0,95.55123536981782,0.0,1694.2533831000328,-1789.8840326553488,-1789.8046184698505,0.0,2.4383571624755858,1.3669285910470146,0.0,0.0,0.49087101221084595,0.0,0.0,0.0,0.03855687007308006,0.0,0.03855687007308006,0.0,214.0,0.06322582811117172,0.03855687007308006
-76.55123901367188,-1674.25341796875,7.056265830993652,0.0,96.08197726880826,0.0,1694.9246477484703,-1791.076877365945,-1791.0066250172786,0.0,2.418142809186663,1.3467142377580918,0.0,0.0,0.4296489953994751,0.0,0.0,0.0,0.03869997709989548,0.0,0.03869997709989548,0.0,215.0,0.06382273137569427,0.03869997709989548
-77.08197784423828,-1674.9246826171875,7.05605411529541,0.0,96.61293983677686,0.0,1706.1855402621222,-1802.8601613913208,-1802.798480098899,0.0,2.3992142813546318,1.3277857099260606,0.0,0.0,0.3728249967098236,0.0,0.0,0.0,0.0383836030960083,0.0,0.0383836030960083,0.0,216.0,0.06391134858131409,0.0383836030960083
-77.6129379272461,-1686.185546875,7.055842399597168,0.0,97.1436654032089,0.0,1706.8567766547203,-1804.047954082223,-1804.0004420579291,0.0,2.3870715550013952,1.3156429835728236,0.0,0.0,0.2775129973888397,0.0,0.0,0.0,0.039233818650245667,0.0,0.039233818650245667,0.0,217.0,0.0646502822637558,0.039233818650245667
-78.14366912841797,-1686.8568115234375,7.055630683898926,0.0,97.49009164332351,0.0,1707.5280413031578,-1805.0614766194285,-1805.0181329464813,0.0,2.3818571363176617,1.31042856488909,0.0,0.0,0.2425840049982071,0.0,0.0,0.0,0.04637380316853523,0.0,0.04637380316853523,0.0,218.0,0.06797291338443756,0.04637380316853523
-78.4900894165039,-1687.528076171875,7.055418968200684,0.0,98.2003989937803,0.0,1708.1993059515953,-1806.4399440484365,-1806.3997049453756,0.0,2.3697141374860493,1.2982855660574781,0.0,0.0,0.22254300117492676,0.0,0.0,0.0,0.04571767523884773,0.0,0.04571767523884773,0.0,219.0,0.0689392164349556,0.04571767523884773
-79.20040130615234,-1688.1993408203125,7.055207252502441,0.0,98.72899688015865,0.0,1708.8705706000328,-1807.6375844584907,-1807.5995674801914,0.0,2.3542144775390623,1.2827859061104911,0.0,0.0,0.20762799680233002,0.0,0.0,0.0,0.0458185151219368,0.0,0.0458185151219368,0.0,220.0,0.06831607967615128,0.0458185151219368
-79.72899627685547,-1688.87060546875,7.054995536804199,0.0,99.25782961087539,0.0,1709.5418352484703,-1808.8367623735642,-1808.7996648593457,0.0,2.3329998561314174,1.2615712847028462,0.0,0.0,0.20176100730895996,0.0,0.0,0.0,0.04555574432015419,0.0,0.04555574432015419,0.0,221.0,0.06818930059671402,0.04555574432015419
-80.25782775878906,-1689.5418701171875,7.054783821105957,0.0,99.96888370393916,0.0,1710.2130998969078,-1810.220448918224,-1810.181983600847,0.0,2.3002855573381695,1.228856985909598,0.0,0.0,0.21150100231170654,0.0,0.0,0.0,0.044934436678886414,0.0,0.044934436678886414,0.0,222.0,0.0684589222073555,0.044934436678886414
-80.96888732910156,-1690.213134765625,7.054572105407715,0.0,100.68008646447123,0.0,1710.8843645453453,-1811.607130714748,-1811.5644510098166,0.0,2.2999286106654577,1.228500039236886,0.0,0.0,0.2400050014257431,0.0,0.0,0.0,0.0445263534784317,0.0,0.0445263534784317,0.0,223.0,0.06795015931129456,0.0445263534784317
-81.68008422851562,-1690.8843994140625,7.054360389709473,0.0,101.21194427591251,0.0,1735.1239449954774,-1836.540886064312,-1836.33588927139,0.0,2.3509283883231027,1.279499816894531,0.03989999741315842,0.0,0.3050360083580017,0.0,0.0,0.0,0.036625299602746964,0.0,0.036625299602746964,0.0,224.0,0.06679648905992508,0.036625299602746964
-82.21194458007812,-1715.1239013671875,7.0541486740112305,0.0,101.65250092253697,0.0,1735.7951311469078,-1837.3614936576932,-1837.4476320694448,0.0,2.435357175554548,1.3639286041259764,0.39451301097869873,0.0,0.0,0.06755099445581436,0.4785466939210892,0.03788924962282181,0.0,0.0,0.03788924962282181,0.0,225.0,0.06755099445581436,0.03788924962282181
-82.65250396728516,-1715.795166015625,7.121486186981201,0.0,101.97045851280656,0.0,1736.4663957953453,-1838.246901161231,-1838.4368543081519,0.0,2.537142835344587,1.4657142639160154,0.40608200430870056,0.0,0.0,0.06683316081762314,1.0552951768040657,0.03833964467048645,0.0,0.0,0.03833964467048645,0.0,226.0,0.06683316081762314,0.03833964467048645
-82.970458984375,-1716.4664306640625,7.188103675842285,0.0,102.22701314953933,0.0,1748.0169332137611,-1849.9429011379548,-1850.2439463633004,0.0,2.639714322771345,1.5682857513427733,0.41108399629592896,0.0,0.0,0.06604161858558655,1.6724733412265778,0.03825110197067261,0.0,0.0,0.03825110197067261,0.0,227.0,0.06604161858558655,0.03825110197067261
-83.22701263427734,-1728.0169677734375,7.253927707672119,0.0,102.70737608927124,0.0,1760.4378441971885,-1862.9604613916008,-1863.1452202864598,0.0,2.737357221330915,1.6659286499023436,0.39886701107025146,0.0,0.0,0.06647729873657227,2.0528764463961124,0.04202893003821373,0.0,0.0,0.04202893003821373,0.0,228.0,0.06647729873657227,0.04202893003821373
-83.7073745727539,-1740.4378662109375,7.320185661315918,0.0,103.1424820360663,0.0,1828.9240139836984,-1931.8420985179414,-1932.0664960197646,0.0,2.831571524483817,1.7601429530552455,0.4125719964504242,0.0,0.0,0.065938800573349,2.493305377662182,0.04063389450311661,0.0,0.0,0.04063389450311661,0.0,229.0,0.065938800573349,0.04063389450311661
-84.1424789428711,-1808.924072265625,7.3859028816223145,0.0,103.66815913634767,0.0,1844.841825705632,-1948.2245995168448,-1948.5099848419795,0.0,2.92971442086356,1.858285849434989,0.4273020029067993,0.0,0.0,0.06994802504777908,3.170947805047035,0.0434521809220314,0.0,0.0,0.0434521809220314,0.0,230.0,0.06994802504777908,0.0434521809220314
-84.66815948486328,-1824.841796875,7.45562744140625,0.0,104.19302974312673,0.0,1858.3083537494867,-1962.1728142301035,-1962.5013834926135,0.0,3.03028564453125,1.9588570731026786,0.41009700298309326,0.0,0.0,0.07059171050786972,3.650769293308258,0.04379192739725113,0.0,0.0,0.04379192739725113,0.0,231.0,0.07059171050786972,0.04379192739725113
-85.19303131103516,-1838.308349609375,7.525993347167969,0.0,104.71736311726694,0.0,1870.6045883965126,-1975.0180962806533,-1975.3219515137796,0.0,3.1137858254568918,2.04235725402832,0.42232099175453186,0.0,0.0,0.07078944146633148,3.3761689886450768,0.04377042502164841,0.0,0.0,0.04377042502164841,0.0,232.0,0.07078944146633148,0.04377042502164841
-85.71736145019531,-1850.6046142578125,7.596555233001709,0.0,105.24148952141515,0.0,1871.2758440375328,-1976.357021196411,-1976.517333558948,0.0,3.148642894199916,2.077214322771345,0.417385995388031,0.0,0.0,0.07089820504188538,1.7812483310699463,0.04371723532676697,0.0,0.0,0.04371723532676697,0.0,233.0,0.07089820504188538,0.04371723532676697
-86.24149322509766,-1851.27587890625,7.6672234535217285,0.0,105.49525952423589,0.0,1888.4426767019713,-1993.928933777842,-1993.9379362262073,0.0,3.133928516932896,2.062499945504325,0.5168240070343018,0.0,0.0,0.06955161690711975,0.050013598054647446,0.0390608049929142,0.0,0.0,0.0390608049929142,0.0,234.0,0.06955161690711975,0.0390608049929142
-86.4952621459961,-1868.442626953125,7.73654317855835,0.0,106.3854927540809,0.0,1889.1138567328453,-1995.9306648672637,-1995.4993494869261,0.0,3.0952142442975723,2.023785672869001,0.0,0.0,0.6819890141487122,0.0,0.0,0.0,0.036869924515485764,0.0,0.036869924515485764,0.0,235.0,0.07215021550655365,0.036869924515485764
-87.38549041748047,-1869.1138916015625,7.736311435699463,0.0,106.54651977369666,0.0,1893.2012782813479,-1999.852470105396,-1999.7477980550445,0.0,3.0740712847028457,2.0026427132742746,0.0,0.0,0.6540570259094238,0.0,0.0,0.0,0.04375661537051201,0.0,0.04375661537051201,0.0,236.0,0.06817922741174698,0.04375661537051201
-87.54651641845703,-1873.2012939453125,7.736079692840576,0.0,106.52591195613752,0.0,1911.2294900134657,-2017.846254246469,-2017.755401969603,0.0,3.06542854309082,1.993999971662249,0.0,0.0,0.5621299743652344,0.0,0.0,0.0,0.04355184733867645,0.0,0.04355184733867645,0.0,237.0,0.06787154078483582,0.04355184733867645
-87.52590942382812,-1891.2294921875,7.7358479499816895,0.0,107.05017216222963,0.0,1911.9007219672203,-2019.031240707277,-2018.95089412945,0.0,3.054357201712472,1.9829286302839009,0.0,0.0,0.49087101221084595,0.0,0.0,0.0,0.04477281868457794,0.0,0.04477281868457794,0.0,238.0,0.07109035551548004,0.04477281868457794
-88.0501708984375,-1891.9007568359375,7.735616207122803,0.0,107.57442033971633,0.0,1912.5719866156578,-2020.2175821359704,-2020.1464069553742,0.0,3.0509286063058036,1.979500034877232,0.0,0.0,0.4296489953994751,0.0,0.0,0.0,0.04485218971967697,0.0,0.04485218971967697,0.0,239.0,0.07107936590909958,0.04485218971967697
-88.57441711425781,-1892.572021484375,7.735384464263916,0.0,107.91683776460533,0.0,1913.2432512640953,-2021.222746552483,-2021.1600890287007,0.0,3.0547858101981027,1.983357238769531,0.0,0.0,0.3728249967098236,0.0,0.0,0.0,0.04489181190729141,0.0,0.04489181190729141,0.0,240.0,0.07057234644889832,0.04489181190729141
-88.91683959960938,-1893.2432861328125,7.735152721405029,0.0,108.2591375629562,0.0,1913.9145159125328,-2022.2220583233802,-2022.1736534754891,0.0,3.052999986921038,1.9815714154924664,0.0,0.0,0.2775129973888397,0.0,0.0,0.0,0.04518597573041916,0.0,0.04518597573041916,0.0,241.0,0.07074830681085587,0.04518597573041916
-89.25914001464844,-1893.91455078125,7.734920978546143,0.0,109.3168419650433,0.0,1914.5857805609703,-2023.9425906471636,-2023.9026225260136,0.0,4.103357124328613,3.03192868913923,0.0,0.0,0.21376900374889374,0.0,0.0,0.0,0.052685126662254333,0.0,0.052685126662254333,0.0,242.0,0.07461794465780258,0.052685126662254333
-90.31684112548828,-1894.5858154296875,7.734689235687256,0.0,110.37475374521371,0.0,1915.2570452094078,-2025.6690111047815,-2025.6317989546214,0.0,4.094428552900042,3.0230001177106582,0.0,0.0,0.1956239938735962,0.0,0.0,0.0,0.05245699733495712,0.0,0.05245699733495712,0.0,243.0,0.07449739426374435,0.05245699733495712
-91.374755859375,-1895.257080078125,7.734457492828369,0.0,110.88696429875692,0.0,1915.9283098578453,-2026.8505267328344,-2026.8152741566023,0.0,4.092928559439523,3.0214998517717633,0.0,0.0,0.1819709986448288,0.0,0.0,0.0,0.05304616689682007,0.0,0.05304616689682007,0.0,244.0,0.07197152078151703,0.05304616689682007
-91.886962890625,-1895.9283447265625,7.734225749969482,0.0,111.39942307873723,0.0,1916.5995745062828,-2028.033444810082,-2027.99899758502,0.0,4.086714281354632,3.01528570992606,0.0,0.0,0.17693200707435608,0.0,0.0,0.0,0.052716150879859924,0.0,0.052716150879859924,0.0,245.0,0.07173952460289001,0.052716150879859924
-92.39942169189453,-1896.599609375,7.733994007110596,0.0,111.548784621051,0.0,1917.2708391547203,-2028.8551873653269,-2028.8196237757713,0.0,4.059214265005929,2.987785829816546,0.0,0.0,0.18479299545288086,0.0,0.0,0.0,0.05229759216308594,0.0,0.05229759216308594,0.0,246.0,0.07021092623472214,0.05229759216308594
-92.54878234863281,-1897.2708740234375,7.733762264251709,0.0,111.51730857970279,0.0,1917.9421038031578,-2029.4988118890878,-2029.4594123828606,0.0,3.9932856695992607,2.9218572344098774,0.0,0.0,0.2110850065946579,0.0,0.0,0.0,0.05157835781574249,0.0,0.05157835781574249,0.0,247.0,0.06962501257658005,0.05157835781574249
-92.5173110961914,-1897.942138671875,7.733530521392822,0.0,111.85274394205973,0.0,1927.9667443652897,-2039.7728852646642,-2039.8194883073495,0.0,4.013928495134627,2.9424999237060545,0.3092440068721771,0.0,0.0,0.07197951525449753,0.2589057721197605,0.04577067866921425,0.0,0.0,0.04577067866921425,0.0,248.0,0.07197951525449753,0.04577067866921425
-92.85274505615234,-1907.966796875,7.805275917053223,0.0,112.09537643964185,0.0,1936.1620521894893,-2047.9246804356933,-2048.257428629131,0.0,4.105857113429478,3.034428678240095,0.351065993309021,0.0,0.0,0.07201261818408966,1.8486009277403355,0.046320538967847824,0.0,0.0,0.046320538967847824,0.0,249.0,0.07201261818408966,0.046320538967847824
-93.09537506103516,-1916.162109375,7.877052307128906,0.0,112.60985754413207,0.0,1944.299600543197,-2056.067110661473,-2056.909458087329,0.0,4.258357129778181,3.186928558349609,0.35998600721359253,0.0,0.0,0.07308895140886307,4.679707549512386,0.04666772484779358,0.0,0.0,0.04666772484779358,0.0,250.0,0.07308895140886307,0.04666772484779358
-93.60985565185547,-1924.299560546875,7.9499030113220215,0.0,113.21422914487782,0.0,1953.0628490181975,-2065.1808530482895,-2066.277078163075,0.0,4.451214327130999,3.3797857557024273,0.3635280132293701,0.0,0.0,0.0734628364443779,6.090139042586088,0.04687022790312767,0.0,0.0,0.04687022790312767,0.0,251.0,0.0734628364443779,0.04687022790312767
-94.21422576904297,-1933.0628662109375,8.023125648498535,0.0,113.63310095430907,0.0,1953.7340959906578,-2066.773016614944,-2067.367196944967,0.0,4.591285651070731,3.5198570796421595,0.3520059883594513,0.0,0.0,0.07265818119049072,6.602003142237663,0.050832584500312805,0.0,0.0,0.050832584500312805,0.0,252.0,0.07265818119049072,0.050832584500312805
-94.63310241699219,-1933.734130859375,8.095541000366211,0.0,113.68788477341873,0.0,1968.4097259630462,-2081.575124461677,-2082.097610736465,0.0,4.679357133592878,3.6079286302839004,0.43922001123428345,0.0,0.0,0.07048869132995605,5.8054025918245316,0.04988853633403778,0.0,0.0,0.04988853633403778,0.0,253.0,0.07048869132995605,0.04988853633403778
-94.68788146972656,-1948.40966796875,8.16578483581543,0.0,114.01445919114167,0.0,1969.0808977484703,-2082.638569697785,-2083.095356939612,0.0,4.741999980381557,3.6705714089529855,0.37676000595092773,0.0,0.0,0.07190625369548798,5.075413394719362,0.05052008852362633,0.0,0.0,0.05052008852362633,0.0,254.0,0.07190625369548798,0.05052008852362633
-95.01445770263672,-1949.0809326171875,8.237443923950195,0.0,113.97631403095333,0.0,1969.7521623969078,-2083.3885400900476,-2083.728476427861,0.0,4.784214305877685,3.7127856663295202,0.3611670136451721,0.0,0.0,0.07036644220352173,3.7770701199769974,0.05024610459804535,0.0,0.0,0.05024610459804535,0.0,255.0,0.07036644220352173,0.05024610459804535
-94.97631072998047,-1949.752197265625,8.307560920715332,0.0,114.30268414841794,0.0,1970.4234270453453,-2084.507710335274,-2084.7261111937632,0.0,4.809857177734375,3.7384286063058036,0.37240099906921387,0.0,0.0,0.07086324691772461,2.4266760125756264,0.0494096502661705,0.0,0.0,0.0494096502661705,0.0,256.0,0.07086324691772461,0.0494096502661705
-95.30268096923828,-1950.4234619140625,8.378172874450684,0.0,114.26642689056955,0.0,1991.0688986053246,-2105.158469897493,-2105.3353254958943,0.0,4.8273571014404295,3.7559285300118583,0.3644320070743561,0.0,0.0,0.06914790719747543,1.9650620482861996,0.048558007925748825,0.0,0.0,0.048558007925748825,0.0,257.0,0.06914790719747543,0.048558007925748825
-95.26642608642578,-1971.06884765625,8.447067260742188,0.0,114.41511851462128,0.0,1991.7400774359703,-2105.994232947128,-2106.1551959505914,0.0,4.793928568703787,3.72250006539481,0.4492720067501068,0.0,0.0,0.07142408192157745,0.8942388370633125,0.045214928686618805,0.0,0.0,0.045214928686618805,0.0,258.0,0.07142408192157745,0.045214928686618805
-95.41511535644531,-1971.7401123046875,8.51823616027832,0.0,114.92963286833746,0.0,1992.4113420844078,-2107.622683720029,-2107.3409749527455,0.0,4.69599997656686,3.6245713370186943,0.1671999990940094,0.0,0.4265190064907074,0.0,0.0,0.0,0.04299558699131012,0.0,0.04299558699131012,0.0,259.0,0.0719427689909935,0.04299558699131012
-95.92963409423828,-1972.411376953125,8.517980575561523,0.0,115.1676511380758,0.0,1993.0826067328453,-2108.353877877271,-2108.250257870921,0.0,4.612999997820173,3.5415714263916014,0.0,0.0,0.6429700255393982,0.0,0.0,0.0,0.04782998934388161,0.0,0.04782998934388161,0.0,260.0,0.06901069730520248,0.04782998934388161
-96.16764831542969,-1973.0826416015625,8.517724990844727,0.0,115.49642431812786,0.0,1993.7538713812828,-2109.332236724832,-2109.250295699411,0.0,4.5333571570260185,3.461928449358259,0.0,0.0,0.4981609880924225,0.0,0.0,0.0,0.04811249300837517,0.0,0.04811249300837517,0.0,261.0,0.06995061784982681,0.04811249300837517
-96.49642181396484,-1973.75390625,8.51746940612793,0.0,116.00917057146864,0.0,1994.4251360297203,-2110.5095335559413,-2110.434306601189,0.0,4.443999917166574,3.372571345738002,0.0,0.0,0.45346799492836,0.0,0.0,0.0,0.04804501682519913,0.0,0.04804501682519913,0.0,262.0,0.07074088603258133,0.04804501682519913
-97.00917053222656,-1974.4251708984375,8.517213821411133,0.0,116.70529980270238,0.0,2003.0681940811087,-2119.8415278734255,-2119.773493883811,0.0,4.270214298793247,3.1987857273646765,0.0,0.0,0.40605100989341736,0.0,0.0,0.0,0.047508902847766876,0.0,0.047508902847766876,0.0,263.0,0.07192391902208328,0.047508902847766876
-97.7052993774414,-1983.0682373046875,8.516958236694336,0.0,117.7665549233359,0.0,2003.7394670844078,-2121.560797011774,-2121.506022007744,0.0,4.010928508213588,2.9394999367850168,0.0,0.0,0.3171739876270294,0.0,0.0,0.0,0.04799269139766693,0.0,0.04799269139766693,0.0,264.0,0.07425971329212189,0.04799269139766693
-98.76655578613281,-1983.739501953125,8.516702651977539,0.0,118.28321481883765,0.0,2004.4107317328453,-2122.7382865988225,-2122.693946551683,0.0,3.880071449279785,2.808642741612026,0.0,0.0,0.24729099869728088,0.0,0.0,0.0,0.04830930382013321,0.0,0.04830930382013321,0.0,265.0,0.0719485729932785,0.04830930382013321
-99.28321838378906,-1984.4107666015625,8.516447067260742,0.0,118.61386190731102,0.0,2005.0819963812828,-2123.7363507235123,-2123.6958582885936,0.0,3.838499968392508,2.767071533203125,0.0,0.0,0.21376900374889374,0.0,0.0,0.0,0.056180551648139954,0.0,0.056180551648139954,0.0,266.0,0.07517767697572708,0.056180551648139954
-99.61386108398438,-1985.08203125,8.516191482543945,0.0,118.76313313634333,0.0,2005.7532610297203,-2124.554113255983,-2124.5163941660635,0.0,3.8127857753208705,2.7413572038922993,0.0,0.0,0.1956239938735962,0.0,0.0,0.0,0.055836595594882965,0.0,0.055836595594882965,0.0,267.0,0.07438486069440842,0.055836595594882965
-99.76313018798828,-1985.7532958984375,8.515935897827148,0.0,118.73140814656216,0.0,2016.5104053325567,-2135.2773577729736,-2135.2418134791187,0.0,3.775571496146066,2.7041429247174946,0.0,0.0,0.1819709986448288,0.0,0.0,0.0,0.05499095097184181,0.0,0.05499095097184181,0.0,268.0,0.07359105348587036,0.05499095097184181
-99.73140716552734,-1996.5103759765625,8.515680313110352,0.0,118.8813457166617,0.0,2017.1816057562828,-2136.0978159418987,-2136.0629514729444,0.0,3.756000055585589,2.6845713479178293,0.0,0.0,0.17693200707435608,0.0,0.0,0.0,0.055497776716947556,0.0,0.055497776716947556,0.0,269.0,0.07481725513935089,0.055497776716947556
-99.88134765625,-1997.181640625,8.515424728393555,0.0,119.21326607792557,0.0,2017.8528704047203,-2137.102148214584,-2137.066136482646,0.0,3.746928569248744,2.675499997820173,0.0,0.0,0.18479299545288086,0.0,0.0,0.0,0.05528520792722702,0.0,0.05528520792722702,0.0,270.0,0.07526897639036179,0.05528520792722702
-100.21326446533203,-1997.8529052734375,8.515169143676758,0.0,119.72747723958845,0.0,2018.5241350531578,-2138.2914891142914,-2138.2516122927464,0.0,3.720785767691476,2.6493570600237164,0.0,0.0,0.2110850065946579,0.0,0.0,0.0,0.05476045981049538,0.0,0.05476045981049538,0.0,271.0,0.0758359357714653,0.05476045981049538
-100.72747802734375,-1998.524169921875,8.514913558959961,0.0,120.42744246936148,0.0,2019.1953997015953,-2139.594412928411,-2139.6228421709566,0.0,3.7117142813546318,2.64028570992606,0.3092440068721771,0.0,0.0,0.07689667493104935,0.15794022381305695,0.04776913672685623,0.0,0.0,0.04776913672685623,0.0,272.0,0.07689667493104935,0.04776913672685623
-101.42744445800781,-1999.1954345703125,8.591552734375,0.0,120.94561932157755,0.0,2069.469089874099,-2189.884400200678,-2190.4147091956766,0.0,3.7568571363176617,2.6854285648890905,0.351065993309021,0.0,0.0,0.07552322000265121,2.946160849183798,0.047249894589185715,0.0,0.0,0.047249894589185715,0.0,273.0,0.07552322000265121,0.047249894589185715
-101.94561767578125,-2049.468994140625,8.666815757751465,0.0,121.46106058612698,0.0,2073.458131875507,-2193.9103293308176,-2194.9191924616343,0.0,3.8091428756713865,2.7377141680036274,0.35998600721359253,0.0,0.0,0.07898275554180145,5.604794725775719,0.05048641562461853,0.0,0.0,0.05048641562461853,0.0,274.0,0.07898275554180145,0.05048641562461853
-102.4610595703125,-2053.458251953125,8.745535850524902,0.0,122.34001108175418,0.0,2074.1294817328453,-2195.1120390168458,-2196.4694928145996,0.0,3.854500034877232,2.783071463448661,0.3635280132293701,0.0,0.0,0.0802135318517685,7.541409388184547,0.049948811531066895,0.0,0.0,0.049948811531066895,0.0,275.0,0.0802135318517685,0.049948811531066895
-103.34001159667969,-2054.12939453125,8.825485229492188,0.0,123.21716734354983,0.0,2087.0026998032654,-2209.4380432706175,-2210.2198671468154,0.0,3.8956429072788783,2.824214335850307,0.3520059883594513,0.0,0.0,0.07993796467781067,8.686931267380714,0.053374603390693665,0.0,0.0,0.053374603390693665,0.0,276.0,0.07993796467781067,0.053374603390693665
-104.21717071533203,-2067.002685546875,8.905156135559082,0.0,123.91209056698483,0.0,2087.6739153265953,-2210.7757326586025,-2211.58600589358,0.0,3.933214269365583,2.8617858341762,0.36357200145721436,0.0,0.0,0.07976323366165161,9.003035228699446,0.05362941697239876,0.0,0.0,0.05362941697239876,0.0,277.0,0.07976323366165161,0.05362941697239876
-104.91209411621094,-2067.673828125,8.984649658203125,0.0,124.97063540436321,0.0,2088.3450579047203,-2212.5066348651053,-2213.3156933090836,0.0,3.965428570338658,2.8940001351492746,0.37676000595092773,0.0,0.0,0.08059539645910263,8.989537551999092,0.05310656875371933,0.0,0.0,0.05310656875371933,0.0,278.0,0.08059539645910263,0.05310656875371933
-105.97063446044922,-2068.344970703125,9.064972877502441,0.0,125.84723161401601,0.0,2089.0162004828453,-2214.1161467338497,-2214.8634320968613,0.0,3.9909285954066682,2.919500023978097,0.3611670136451721,0.0,0.0,0.0796295776963234,8.303170040249825,0.053033359348773956,0.0,0.0,0.053033359348773956,0.0,279.0,0.0796295776963234,0.053033359348773956
-106.84722900390625,-2069.01611328125,9.144328117370605,0.0,126.54205708205308,0.0,2089.6873430609703,-2215.606523455608,-2216.229400143023,0.0,4.002785764421736,2.931357192993164,0.37240099906921387,0.0,0.0,0.07814768701791763,6.920851532369852,0.0528501458466053,0.0,0.0,0.0528501458466053,0.0,280.0,0.07814768701791763,0.0528501458466053
-107.54206085205078,-2069.687255859375,9.222199440002441,0.0,127.14715015868235,0.0,2108.0900941335776,-2234.7964416820273,-2235.23724429226,0.0,3.9889286041259764,2.917500032697405,0.3644320070743561,0.0,0.0,0.0770467221736908,4.897806391119957,0.05196516215801239,0.0,0.0,0.05196516215801239,0.0,281.0,0.0770467221736908,0.05196516215801239
-108.14714813232422,-2088.090087890625,9.298967361450195,0.0,127.48118425605094,0.0,2108.7613176703453,-2235.8463886957716,-2236.2425019263965,0.0,3.942571449279785,2.871142741612026,0.4492720067501068,0.0,0.0,0.07690994441509247,2.200628884136677,0.04813928157091141,0.0,0.0,0.04813928157091141,0.0,282.0,0.07690994441509247,0.04813928157091141
-108.48118591308594,-2088.76123046875,9.375596046447754,0.0,127.72758690046075,0.0,2134.604132622777,-2262.5072081176795,-2262.3317195232376,0.0,3.789285741533552,2.7178570338657924,0.3467499911785126,0.0,0.24696901440620422,0.0,0.0,0.0,0.045511964708566666,0.0,0.045511964708566666,0.0,283.0,0.07520297914743423,0.045511964708566666
-108.72758483886719,-2114.604248046875,9.375314712524414,0.0,128.15243987640997,0.0,2143.3625691879834,-2271.6077763771045,-2271.5150090643933,0.0,3.6762142998831613,2.6047855922154017,0.0,0.0,0.5670509934425354,0.0,0.0,0.0,0.05139773339033127,0.0,0.05139773339033127,0.0,284.0,0.0757240578532219,0.05139773339033127
-109.1524429321289,-2123.362548828125,9.375033378601074,0.0,128.3055828684466,0.0,2157.598718960765,-2285.986726011579,-2285.9043018292114,0.0,3.64492860521589,2.5734998975481305,0.0,0.0,0.4981609880924225,0.0,0.0,0.0,0.05133353918790817,0.0,0.05133353918790817,0.0,285.0,0.07516313344240189,0.05133353918790817
-109.30558013916016,-2137.5986328125,9.374752044677734,0.0,128.64176561868703,0.0,2247.3227000797197,-2376.039846266628,-2375.9644656984065,0.0,3.641857092721122,2.57042852129255,0.0,0.0,0.45346799492836,0.0,0.0,0.0,0.049069106578826904,0.0,0.049069106578826904,0.0,286.0,0.07631232589483261,0.049069106578826904
-109.64176940917969,-2227.32275390625,9.374470710754395,0.0,128.79360028072853,0.0,2262.972226933888,-2391.8348176475943,-2391.765827214617,0.0,3.634285736083984,2.562857164655413,0.0,0.0,0.40605100989341736,0.0,0.0,0.0,0.053885191679000854,0.0,0.053885191679000854,0.0,287.0,0.08105837553739548,0.053885191679000854
-109.7936019897461,-2242.97216796875,9.374189376831055,0.0,129.12672631825512,0.0,2263.6433977484703,-2392.8259514098,-2392.7701240667257,0.0,3.6196428843906947,2.548214176722935,0.0,0.0,0.3171739876270294,0.0,0.0,0.0,0.055008284747600555,0.0,0.055008284747600555,0.0,288.0,0.08300415426492691,0.055008284747600555
-110.12672424316406,-2243.643310546875,9.373908042907715,0.0,129.45987533951694,0.0,2264.3145403265953,-2393.8197758400825,-2393.7744156661124,0.0,3.609714317321777,2.538285609654018,0.0,0.0,0.24729099869728088,0.0,0.0,0.0,0.0551101490855217,0.0,0.0551101490855217,0.0,289.0,0.08307309448719025,0.0551101490855217
-110.45987701416016,-2244.314453125,9.373626708984375,0.0,129.97048682343615,0.0,2317.0437333540467,-2447.0554879138886,-2447.014220177483,0.0,3.6027143478393553,2.531285640171596,0.0,0.0,0.21376900374889374,0.0,0.0,0.0,0.06134922802448273,0.0,0.06134922802448273,0.0,290.0,0.08650566637516022,0.06134922802448273
-110.97048950195312,-2297.043701171875,9.373345375061035,0.0,130.29948608236774,0.0,2346.317738518368,-2476.6560360471417,-2476.617224600736,0.0,3.5904999596732003,2.519071524483817,0.0,0.0,0.1956239938735962,0.0,0.0,0.0,0.06311897188425064,0.0,0.06311897188425064,0.0,291.0,0.0888545885682106,0.06311897188425064
-111.29948425292969,-2326.317626953125,9.373064041137695,0.0,130.80971875701977,0.0,2346.9888567328453,-2477.835544379304,-2477.798575489865,0.0,3.5707857404436383,2.499357169015067,0.0,0.0,0.1819709986448288,0.0,0.0,0.0,0.0644882544875145,0.0,0.0644882544875145,0.0,292.0,0.09137817472219467,0.0644882544875145
-111.8097152709961,-2326.98876953125,9.372782707214355,0.0,131.32025053293063,0.0,2347.6599993109703,-2479.0164210432295,-2478.9802498439008,0.0,3.5550713675362724,2.483642796107701,0.0,0.0,0.17693200707435608,0.0,0.0,0.0,0.06420931220054626,0.0,0.06420931220054626,0.0,293.0,0.09116563946008682,0.06420931220054626
-112.32025146484375,-2327.659912109375,9.372501373291016,0.0,131.83100672852765,0.0,2348.3311418890953,-2480.1994482457985,-2480.1621486176227,0.0,3.5509286063058036,2.479500034877232,0.0,0.0,0.18479299545288086,0.0,0.0,0.0,0.06387118250131607,0.0,0.06387118250131607,0.0,294.0,0.09086784720420837,0.06387118250131607
-112.83100891113281,-2328.3310546875,9.372220039367676,0.0,132.52388615044464,0.0,2349.0022844672203,-2481.56731524626,-2481.526170617665,0.0,3.55235721043178,2.4809286390032086,0.0,0.0,0.2110850065946579,0.0,0.0,0.0,0.06321250647306442,0.0,0.06321250647306442,0.0,295.0,0.09118758141994476,0.06321250647306442
-113.52388763427734,-2329.002197265625,9.371938705444336,0.0,133.2201618102781,0.0,2360.9866596371767,-2494.198385368355,-2494.206821447455,0.0,3.5915714808872767,2.5201429094587056,0.3092440068721771,0.0,0.0,0.09117193520069122,0.04686710238456726,0.05621694028377533,0.0,0.0,0.05621694028377533,0.0,296.0,0.09117193520069122,0.05621694028377533
-114.22016143798828,-2340.986572265625,9.4628267288208,0.0,133.47638538209668,0.0,2413.2758696920573,-2546.471514497212,-2546.752255074154,0.0,3.6755713871547155,2.604142815726144,0.351065993309021,0.0,0.0,0.08981508016586304,1.5596697479486465,0.05619899928569794,0.0,0.0,0.05619899928569794,0.0,297.0,0.08981508016586304,0.05619899928569794
-114.47638702392578,-2393.27587890625,9.552355766296387,0.0,133.80595436124213,0.0,2515.731894226992,-2648.9700278732485,-2649.5378485882343,0.0,3.7845000675746374,2.713071496146066,0.35998600721359253,0.0,0.0,0.09197771549224854,3.154559276998043,0.05667684227228165,0.0,0.0,0.05667684227228165,0.0,298.0,0.09197771549224854,0.05667684227228165
-114.80595397949219,-2495.73193359375,9.644043922424316,0.0,134.17699300244607,0.0,2521.984957079005,-2655.329265232532,-2656.1619500814513,0.0,3.9374999455043245,2.8660713740757533,0.3635280132293701,0.0,0.0,0.09818629175424576,4.6260265707969666,0.06125905364751816,0.0,0.0,0.06125905364751816,0.0,299.0,0.09818629175424576,0.06125905364751816
-115.17699432373047,-2501.98486328125,9.741938591003418,0.0,134.46882604534778,0.0,2527.9761071496555,-2661.9686410185295,-2662.444933195003,0.0,4.025928579057966,2.9545001438685827,0.3520059883594513,0.0,0.0,0.0970369353890419,5.292134873569012,0.0642721951007843,0.0,0.0,0.0642721951007843,0.0,300.0,0.0970369353890419,0.0642721951007843
-115.46882629394531,-2507.97607421875,9.838680267333984,0.0,134.61013462298405,0.0,2536.1711952192823,-2670.3318353613686,-2670.781329842266,0.0,4.084214292253767,3.012785720825195,0.36357200145721436,0.0,0.0,0.09658948332071304,4.994382724165916,0.06400559097528458,0.0,0.0,0.06400559097528458,0.0,301.0,0.09658948332071304,0.06400559097528458
-115.61013793945312,-2516.171142578125,9.934971809387207,0.0,134.66141524484055,0.0,2536.8423723578453,-2671.11316873819,-2671.503787602686,0.0,4.12292856488909,3.051499993460519,0.37676000595092773,0.0,0.0,0.06502819061279297,4.340209260582924,0.06395219266414642,0.0,0.0,0.06395219266414642,0.0,302.0,0.09647296369075775,0.06395219266414642
-115.66141510009766,-2516.84228515625,9.999700546264648,0.0,134.61874725078098,0.0,2537.5135149359703,-2671.835363608592,-2672.132262186751,0.0,4.145071383884975,3.0736429486955914,0.3611670136451721,0.0,0.0,0.0002994537353515625,3.2988728284835815,0.06366074085235596,0.0,0.0,0.06366074085235596,0.0,303.0,0.09589942544698715,0.06366074085235596
-115.61874389648438,-2517.513427734375,9.999700546264648,0.0,135.12351138417011,0.0,2538.1846575140953,-2673.1071639724178,-2673.3081688982656,0.0,4.15535717010498,3.0839284624372207,0.37240099906921387,0.0,0.0,0.0002994537353515625,2.2333878874778748,0.06341153383255005,0.0,0.0,0.06341153383255005,0.0,304.0,0.09657517820596695,0.06341153383255005
-116.1235122680664,-2518.1845703125,9.999700546264648,0.0,135.26343567145472,0.0,2548.3305729610975,-2683.4851587818002,-2683.5940086325522,0.0,4.146642902919224,3.075214331490653,0.40844398736953735,0.0,0.0,0.0002994537353515625,1.2094426900148392,0.06236378848552704,0.0,0.0,0.06236378848552704,0.0,305.0,0.09498466551303864,0.06236378848552704
-116.26343536376953,-2528.33056640625,9.999700546264648,0.0,135.22322687209254,0.0,2549.0017961859703,-2684.1904368069163,-2684.225023058063,0.0,4.114928599766323,3.043500028337751,0.4492720067501068,0.0,0.0,0.0002994537353515625,0.19214582443237305,0.05938270688056946,0.0,0.0,0.05938270688056946,0.0,306.0,0.09601330757141113,0.05938270688056946
-116.22322845458984,-2529.001708984375,9.999700546264648,0.0,135.64232896834562,0.0,2559.283683081362,-2695.2772946706855,-2694.926012049708,0.0,4.046714319501604,2.975285611833845,0.06554999947547913,0.0,0.5281690359115601,0.0,0.0,0.0,0.057301975786685944,0.0,0.057301975786685944,0.0,307.0,0.09612489491701126,0.057301975786685944
-116.64232635498047,-2539.28369140625,9.999401092529297,0.0,135.9674207765641,0.0,2559.9549211859703,-2696.0168375399294,-2695.9223419625346,0.0,3.9638571875435966,2.892428479875837,0.0,0.0,0.5670509934425354,0.0,0.0,0.0,0.0629194974899292,0.0,0.0629194974899292,0.0,308.0,0.09517563879489899,0.0629194974899292
-116.96742248535156,-2539.954833984375,9.999101638793945,0.0,136.474422153054,0.0,2560.6260637640953,-2697.1846676852165,-2697.1004859171494,0.0,3.8880000250680107,2.816571317400251,0.0,0.0,0.4981609880924225,0.0,0.0,0.0,0.063050776720047,0.0,0.063050776720047,0.0,309.0,0.09604772180318832,0.063050776720047
-117.47441864013672,-2540.6259765625,9.998802185058594,0.0,137.1650338962226,0.0,2569.241613415112,-2706.4840650732635,-2706.406647311335,0.0,3.824928501674107,2.753499930245536,0.0,0.0,0.45346799492836,0.0,0.0,0.0,0.0626503974199295,0.0,0.0626503974199295,0.0,310.0,0.09665718674659729,0.0626503974199295
-118.16503143310547,-2549.24169921875,9.998502731323242,0.0,138.03776177422054,0.0,2569.9129289984703,-2708.0296749983904,-2707.950690772691,0.0,3.7912857328142437,2.719857025146484,0.0,0.0,0.4639360010623932,0.0,0.0,0.0,0.06262548267841339,0.0,0.06262548267841339,0.0,311.0,0.09777558594942093,0.06262548267841339
-119.03776550292969,-2549.912841796875,9.99820327758789,0.0,138.54682117525616,0.0,2570.5840715765953,-2709.187946318235,-2709.1308927518517,0.0,3.768928609575544,2.6974999019077845,0.0,0.0,0.3171739876270294,0.0,0.0,0.0,0.06318310648202896,0.0,0.06318310648202896,0.0,312.0,0.09703399986028671,0.06318310648202896
-119.54682159423828,-2550.583984375,9.997903823852539,0.0,139.60157152012988,0.0,2571.2552141547203,-2710.9033089396316,-2710.85678567485,0.0,3.7519999367850168,2.680571365356445,0.0,0.0,0.24729099869728088,0.0,0.0,0.0,0.06286408752202988,0.0,0.06286408752202988,0.0,313.0,0.09921490401029587,0.06286408752202988
-120.60157012939453,-2551.255126953125,9.997604370117188,0.0,140.28840240442582,0.0,2571.9263567328453,-2712.2574575025546,-2712.2147591372714,0.0,3.736285700116839,2.6648572649274556,0.0,0.0,0.21376900374889374,0.0,0.0,0.0,0.0708867534995079,0.0,0.0708867534995079,0.0,314.0,0.10113204270601273,0.0708867534995079
-121.28839874267578,-2551.92626953125,9.997304916381836,0.0,140.79369169352964,0.0,2572.5974993109703,-2713.431156573081,-2713.3911910045,0.0,3.71707147870745,2.6456429072788783,0.0,0.0,0.1956239938735962,0.0,0.0,0.0,0.0708131194114685,0.0,0.0708131194114685,0.0,315.0,0.1005939170718193,0.0708131194114685
-121.79369354248047,-2552.597412109375,9.997005462646484,0.0,141.11761374630248,0.0,2573.2686418890953,-2714.4241270580314,-2714.386255635398,0.0,3.6943571363176617,2.6229285648890905,0.0,0.0,0.1819709986448288,0.0,0.0,0.0,0.07050514221191406,0.0,0.07050514221191406,0.0,316.0,0.09997999668121338,0.07050514221191406
-122.11761474609375,-2553.2685546875,9.996706008911133,0.0,141.44192564765095,0.0,2573.9397844672203,-2715.4187838853923,-2715.381710114871,0.0,3.6719286237444195,2.6005000523158484,0.0,0.0,0.17693200707435608,0.0,0.0,0.0,0.07022645324468613,0.0,0.07022645324468613,0.0,317.0,0.09983058273792267,0.07022645324468613
-122.44192504882812,-2553.939697265625,9.996406555175781,0.0,141.40332911512064,0.0,2582.5507891625516,-2723.9922313472307,-2723.954118277672,0.0,3.6575714656284877,2.5861428941999165,0.0,0.0,0.18479299545288086,0.0,0.0,0.0,0.06929412484169006,0.0,0.06929412484169006,0.0,318.0,0.09838324040174484,0.06929412484169006
-122.40332794189453,-2562.55078125,9.99610710144043,0.0,141.72824927963637,0.0,2583.2220110297203,-2724.9923567489154,-2724.9502603093565,0.0,3.6487142835344586,2.5772857121058874,0.0,0.0,0.2110850065946579,0.0,0.0,0.0,0.06955791264772415,0.0,0.06955791264772415,0.0,319.0,0.09976719319820404,0.06955791264772415
-122.7282485961914,-2563.221923828125,9.995807647705078,0.0,142.05608627188712,0.0,2583.8931536078453,-2725.9420229089833,-2725.9492398797324,0.0,3.6894999367850168,2.618071365356445,0.3092440068721771,0.0,0.0,0.004192352294921875,0.0400942787528038,0.06351936608552933,0.0,0.0,0.06351936608552933,0.0,320.0,0.10033394396305084,0.06351936608552933
-123.05608367919922,-2563.89306640625,9.999700546264648,0.0,142.20119746556196,0.0,2662.986372587584,-2804.87348426248,-2805.187570053146,0.0,3.7687143053327286,2.6972857339041574,0.351065993309021,0.0,0.0,0.0002994537353515625,1.7449209205806255,0.0621136911213398,0.0,0.0,0.0621136911213398,0.0,321.0,0.0984368696808815,0.0621136911213398
-123.2011947631836,-2642.986328125,9.999700546264648,0.0,142.61573806829492,0.0,2663.6575579047203,-2805.5894686843117,-2806.273295973015,0.0,3.8647856848580497,2.7933572496686665,0.35998600721359253,0.0,0.0,0.0002994537353515625,3.7990401908755302,0.06532419472932816,0.0,0.0,0.06532419472932816,0.0,322.0,0.10410313308238983,0.06532419472932816
-123.61573791503906,-2643.657470703125,9.999700546264648,0.0,142.75648619997446,0.0,2729.1014747924673,-2870.910299669577,-2871.857960992442,0.0,3.9579286030360628,2.8864998953683036,0.3635280132293701,0.0,0.0,0.0002994537353515625,5.264784708619118,0.06473742425441742,0.0,0.0,0.06473742425441742,0.0,323.0,0.10272373259067535,0.06473742425441742
-123.75648498535156,-2709.1015625,9.999700546264648,0.0,143.04575799095778,0.0,2765.7462399854594,-2908.2886998750773,-2908.7919979764174,0.0,4.019071388244629,2.9476429530552455,0.3520059883594513,0.0,0.0,0.0002994537353515625,5.592200681567192,0.06899364292621613,0.0,0.0,0.06899364292621613,0.0,324.0,0.10537318885326385,0.06899364292621613
-124.04576110839844,-2745.746337890625,9.999700546264648,0.0,143.183076877808,0.0,2766.4175676703453,-2909.10036940122,-2909.6006445481535,0.0,4.062357166835239,2.9909285954066687,0.36357200145721436,0.0,0.0,0.0002994537353515625,5.558612301945686,0.0701160877943039,0.0,0.0,0.0701160877943039,0.0,325.0,0.10704249888658524,0.0701160877943039
-124.18307495117188,-2746.41748046875,9.999700546264648,0.0,143.13668913048872,0.0,2802.775983493475,-2945.429418088805,-2945.9126726239638,0.0,4.094928550720215,3.0235001155308314,0.37676000595092773,0.0,0.0,0.0002994537353515625,5.369494408369064,0.06934645771980286,0.0,0.0,0.06934645771980286,0.0,326.0,0.10586254298686981,0.06934645771980286
-124.13668823242188,-2782.77587890625,9.999700546264648,0.0,143.0900849792801,0.0,2807.8955209281066,-2950.548750998177,-2950.985605907387,0.0,4.118428584507534,3.047000013078962,0.3611670136451721,0.0,0.0,0.0002994537353515625,4.853943049907684,0.07039052248001099,0.0,0.0,0.07039052248001099,0.0,327.0,0.10783453285694122,0.07039052248001099
-124.090087890625,-2787.8955078125,9.999700546264648,0.0,143.22613520477236,0.0,2820.886469824657,-2963.7995679450205,-2964.1126050294292,0.0,4.121071352277483,3.0496427808489117,0.37240099906921387,0.0,0.0,0.0002994537353515625,3.4781895503401756,0.06975976377725601,0.0,0.0,0.06975976377725601,0.0,328.0,0.107718825340271,0.06975976377725601
-124.22613525390625,-2800.886474609375,9.999700546264648,0.0,143.36133720567994,0.0,2821.5577043890953,-2964.7654528950893,-2964.919041594775,0.0,4.088714272635324,3.017285701206752,0.3644320070743561,0.0,0.0,0.0002994537353515625,1.7065409719944,0.07002755999565125,0.0,0.0,0.07002755999565125,0.0,329.0,0.10818956047296524,0.07002755999565125
-124.36133575439453,-2801.5576171875,9.999700546264648,0.0,143.31790748398268,0.0,2831.367640617008,-2974.6812485772657,-2974.6855481009907,0.0,4.011785725184849,2.940357153756278,0.4492720067501068,0.0,0.0,0.0002994537353515625,0.023886241018772125,0.06614231318235397,0.0,0.0,0.06614231318235397,0.0,330.0,0.10853341221809387,0.06614231318235397
-124.31790924072266,-2811.36767578125,9.999700546264648,0.0,143.2760014521236,0.0,2844.8120828553547,-2988.4731532683663,-2988.0880843074783,0.0,3.9177143369402203,2.8462856292724608,0.017099998891353607,0.0,0.576619029045105,0.0,0.0,0.0,0.0651625469326973,0.0,0.0651625469326973,0.0,331.0,0.10818067193031311,0.0651625469326973
-124.2760009765625,-2824.81201171875,9.999401092529297,0.0,143.3240374890841,0.0,2855.8575383709112,-2999.2770894586865,-2999.1815758599955,0.0,3.8659285954066682,2.794500023978097,0.0,0.0,0.5670509934425354,0.0,0.0,0.0,0.06970630586147308,0.0,0.06970630586147308,0.0,332.0,0.10703540593385696,0.06970630586147308
-124.32403564453125,-2835.857421875,9.999101638793945,0.0,143.37074456376183,0.0,2856.5286516547203,-2999.9846739718414,-2999.8993962184823,0.0,3.845642852783203,2.7742142813546318,0.0,0.0,0.4981609880924225,0.0,0.0,0.0,0.07035734504461288,0.0,0.07035734504461288,0.0,333.0,0.10786982625722885,0.07035734504461288
-124.37074279785156,-2836.528564453125,9.998802185058594,0.0,143.32831312523058,0.0,2937.0162484071407,-3080.4228227864837,-3080.3445615323712,0.0,3.8367856706891743,2.7653570992606027,0.0,0.0,0.45346799492836,0.0,0.0,0.0,0.06827367842197418,0.0,0.06827367842197418,0.0,334.0,0.10738673061132431,0.06827367842197418
-124.32831573486328,-2917.016357421875,9.998502731323242,0.0,143.37691902204483,0.0,2970.3865840900744,-3113.835162694095,-3113.763503112119,0.0,3.831499998910086,2.760071563720703,0.0,0.0,0.40605100989341736,0.0,0.0,0.0,0.07167951762676239,0.0,0.07167951762676239,0.0,335.0,0.11164022982120514,0.07167951762676239
-124.37692260742188,-2950.386474609375,9.99820327758789,0.0,143.33325241572135,0.0,3024.810534063403,-3168.224166875138,-3168.143786479124,0.0,3.824571418762207,2.7531429835728236,0.0,0.0,0.4642699956893921,0.0,0.0,0.0,0.07159928977489471,0.0,0.07159928977489471,0.0,336.0,0.11246325820684433,0.07159928977489471
-124.333251953125,-3004.810546875,9.997903823852539,0.0,143.29047289078895,0.0,3064.5521041248758,-3207.9519043579,-3207.8425770156646,0.0,3.811214256286621,2.7397858210972377,0.0,0.0,0.6567680239677429,0.0,0.0,0.0,0.07208089530467987,0.0,0.07208089530467987,0.0,337.0,0.11434055119752884,0.07208089530467987
-124.29047393798828,-3044.552001953125,9.997604370117188,0.0,143.78977067707098,0.0,3065.2232317328453,-3209.057086933051,-3209.013002409916,0.0,3.7838571548461912,2.712428447178432,0.0,0.0,0.21376900374889374,0.0,0.0,0.0,0.08012780547142029,0.0,0.08012780547142029,0.0,338.0,0.12399457395076752,0.08012780547142029
-124.7897720336914,-3045.22314453125,9.997304916381836,0.0,144.28957674409884,0.0,3065.8943743109703,-3210.2253065600626,-3210.183951055069,0.0,3.743857192993164,2.6724286215645927,0.0,0.0,0.1956239938735962,0.0,0.0,0.0,0.08007936179637909,0.0,0.08007936179637909,0.0,339.0,0.12401298433542252,0.08007936179637909
-125.2895736694336,-3045.894287109375,9.997005462646484,0.0,144.97154250978056,0.0,3066.5655168890953,-3211.5763406073875,-3211.537059398876,0.0,3.720428548540388,2.6490001133510046,0.0,0.0,0.1819709986448288,0.0,0.0,0.0,0.07990371435880661,0.0,0.07990371435880661,0.0,340.0,0.12453432381153107,0.07990371435880661
-125.97154235839844,-3046.5654296875,9.996706008911133,0.0,145.65363390916104,0.0,3067.2366594672203,-3212.9288158907502,-3212.890293376381,0.0,3.7110713686261856,2.6396429334368023,0.0,0.0,0.17693200707435608,0.0,0.0,0.0,0.07988474518060684,0.0,0.07988474518060684,0.0,341.0,0.12426162511110306,0.07988474518060684
-126.65363311767578,-3047.236572265625,9.996406555175781,0.0,146.51775516252627,0.0,3067.9078020453453,-3214.46522047025,-3214.4255572078714,0.0,3.70242862701416,2.630999919346401,0.0,0.0,0.18479299545288086,0.0,0.0,0.0,0.07962874323129654,0.0,0.07962874323129654,0.0,342.0,0.12463656812906265,0.07962874323129654
-127.51775360107422,-3047.90771484375,9.99610710144043,0.0,147.56398344649352,0.0,3068.5789446234703,-3216.1864800136555,-3216.142928069964,0.0,3.6924285343715124,2.620999962942941,0.0,0.0,0.2110850065946579,0.0,0.0,0.0,0.07926127314567566,0.0,0.07926127314567566,0.0,343.0,0.12503491342067719,0.07926127314567566
-128.56398010253906,-3048.578857421875,9.995807647705078,0.0,147.886478002787,0.0,3115.5593814089516,-3263.417557284453,-3263.4458594117386,0.0,3.73514278956822,2.6637142181396483,0.3401319980621338,0.0,0.0,0.004192352294921875,0.15723402798175812,0.07319162786006927,0.0,0.0,0.07319162786006927,0.0,344.0,0.12371192127466202,0.07319162786006927
-128.886474609375,-3095.559326171875,9.999700546264648,0.0,148.1768419553027,0.0,3130.261175939074,-3278.1202951319333,-3278.4380178943766,0.0,3.8547857284545897,2.7833570207868306,0.6971930265426636,0.0,0.0,0.0002994537353515625,1.7651263177394867,0.07293108105659485,0.0,0.0,0.07293108105659485,0.0,345.0,0.1245826706290245,0.07293108105659485
-129.17684936523438,-3110.26123046875,9.999700546264648,0.0,148.49505899749894,0.0,3151.8829044372324,-3299.6461372501444,-3300.377963434731,0.0,3.9769286564418245,2.9055000850132533,0.8137670159339905,0.0,0.0,0.0002994537353515625,4.065700702369213,0.07258255034685135,0.0,0.0,0.07258255034685135,0.0,346.0,0.12589503824710846,0.07258255034685135
-129.49505615234375,-3131.8828125,9.999700546264648,0.0,148.72002112925622,0.0,3152.5540422797203,-3300.1652321662996,-3301.2740634089764,0.0,4.066928536551339,2.9954999651227676,0.3635280132293701,0.0,0.0,0.0002994537353515625,6.1601730808615685,0.07564959675073624,0.0,0.0,0.07564959675073624,0.0,347.0,0.12838326394557953,0.07564959675073624
-129.7200164794922,-3132.553955078125,9.999700546264648,0.0,148.76051026187832,0.0,3178.3811122070983,-3326.502480595576,-3327.1416224689765,0.0,4.136571420942034,3.0651427132742746,0.3520059883594513,0.0,0.0,0.0002994537353515625,7.101575806736946,0.07866863906383514,0.0,0.0,0.07866863906383514,0.0,348.0,0.12642662227153778,0.07866863906383514
-129.76051330566406,-3158.381103515625,9.999700546264648,0.0,148.70994196783528,0.0,3179.0523332953453,-3327.0898727233143,-3327.7622752631805,0.0,4.19542852129255,3.1239999498639786,0.36357200145721436,0.0,0.0,0.0002994537353515625,7.47113873809576,0.07943985611200333,0.0,0.0,0.07943985611200333,0.0,349.0,0.12755224108695984,0.07943985611200333
-129.70994567871094,-3159.05224609375,9.999700546264648,0.0,148.65902890983747,0.0,3179.7234758734703,-3327.7847057084605,-3328.382504783308,0.0,4.240999984741211,3.1695714133126396,0.37676000595092773,0.0,0.0,0.0002994537353515625,6.6422114148736,0.07912924140691757,0.0,0.0,0.07912924140691757,0.0,350.0,0.1267714947462082,0.07912924140691757
-129.65902709960938,-3159.723388671875,9.999700546264648,0.0,148.7887166967426,0.0,3180.3946184515953,-3328.646850366592,-3329.183335148338,0.0,4.28035717010498,3.2089284624372207,0.3611670136451721,0.0,0.0,0.0002994537353515625,5.960941545665264,0.07869172841310501,0.0,0.0,0.07869172841310501,0.0,351.0,0.1269776076078415,0.07869172841310501
-129.78871154785156,-3160.39453125,9.999700546264648,0.0,148.7354864083072,0.0,3188.6172111883147,-3336.9571760271547,-3337.352697596622,0.0,4.298928615025112,3.22750004359654,0.37240099906921387,0.0,0.0,0.0002994537353515625,4.394683755934238,0.07856567949056625,0.0,0.0,0.07856567949056625,0.0,352.0,0.1250179409980774,0.07856567949056625
-129.73548889160156,-3168.6171875,9.999700546264648,0.0,149.1396484861786,0.0,3189.2884172797203,-3338.174306994727,-3338.4280657658987,0.0,4.292357117789132,3.2209284101213727,0.3644320070743561,0.0,0.0,0.0002994537353515625,2.8195416778326035,0.07802678644657135,0.0,0.0,0.07802678644657135,0.0,353.0,0.12707382440567017,0.07802678644657135
-130.1396484375,-3169.288330078125,9.999700546264648,0.0,149.45451056369075,0.0,3209.32615100365,-3358.586907987436,-3358.7806615673408,0.0,4.257357134137835,3.1859285627092633,0.4492720067501068,0.0,0.0,0.0002994537353515625,1.0764086917042732,0.07381980866193771,0.0,0.0,0.07381980866193771,0.0,354.0,0.12620548903942108,0.07381980866193771
-130.4545135498047,-3189.326171875,9.999700546264648,0.0,149.8618862115,0.0,3210.083645093036,-3360.211678538227,-3359.945531304536,0.0,4.1532142639160154,3.0817856924874443,0.22325000166893005,0.0,0.37046900391578674,0.0,0.0,0.0,0.0731097012758255,0.0,0.0731097012758255,0.0,355.0,0.12652651965618134,0.0731097012758255
-130.8618927001953,-3190.083740234375,9.999401092529297,0.0,150.26897692245493,0.0,3229.1137755346,-3379.519879599315,-3379.3827524570547,0.0,4.035285758972168,2.9638570513044082,0.0,0.0,0.8376719951629639,0.0,0.0,0.0,0.07650891691446304,0.0,0.07650891691446304,0.0,356.0,0.12394702434539795,0.07650891691446304
-131.26898193359375,-3209.11376953125,9.999101638793945,0.0,151.03997926472746,0.0,3240.673400857635,-3391.847527550454,-3391.7133801223627,0.0,3.992857197352818,2.921428625924247,0.0,0.0,0.8176109790802002,0.0,0.0,0.0,0.07670517265796661,0.0,0.07670517265796661,0.0,357.0,0.12687602639198303,0.07670517265796661
-132.03997802734375,-3220.67333984375,9.998802185058594,0.0,151.17385782884358,0.0,3241.3445696234703,-3392.5983823538486,-3392.518427452314,0.0,3.965428570338658,2.8940001351492746,0.0,0.0,0.45346799492836,0.0,0.0,0.0,0.0795646607875824,0.0,0.0795646607875824,0.0,358.0,0.1261686086654663,0.0795646607875824
-132.17385864257812,-3221.344482421875,9.998502731323242,0.0,151.1261948048973,0.0,3242.0157122015953,-3393.219078056591,-3393.1419070064926,0.0,3.9344999585832867,2.8630713871547155,0.0,0.0,0.43469199538230896,0.0,0.0,0.0,0.07978165149688721,0.0,0.07978165149688721,0.0,359.0,0.1253206431865692,0.07978165149688721
-132.12619018554688,-3222.015625,9.99820327758789,0.0,151.2609126796979,0.0,3250.6075385785125,-3401.9322881571666,-3401.8684512582104,0.0,3.885071427481515,2.8136429922921318,0.0,0.0,0.3458150029182434,0.0,0.0,0.0,0.07976430654525757,0.0,0.07976430654525757,0.0,360.0,0.12645819783210754,0.07976430654525757
-132.2609100341797,-3230.607421875,9.997903823852539,0.0,151.21387028094276,0.0,3251.2786516547203,-3402.546300506828,-3402.4925219356633,0.0,3.847142846243722,2.775714274815151,0.0,0.0,0.2780120074748993,0.0,0.0,0.0,0.08051178604364395,0.0,0.08051178604364395,0.0,361.0,0.12645594775676727,0.08051178604364395
-132.2138671875,-3231.278564453125,9.997604370117188,0.0,151.15397284385028,0.0,3251.9497942328453,-3403.1485453487494,-3403.1037670766955,0.0,4.150857189723423,3.079428482055664,0.0,0.0,0.2131669968366623,0.0,0.0,0.0,0.08535480499267578,0.0,0.08535480499267578,0.0,362.0,0.12905196845531464,0.08535480499267578
-132.1539764404297,-3231.94970703125,9.997304916381836,0.0,151.0945175007358,0.0,3252.6209368109703,-3403.7574921785235,-3403.7154543117063,0.0,4.124357169015067,3.0529285975864955,0.0,0.0,0.19505299627780914,0.0,0.0,0.0,0.08519943803548813,0.0,0.08519943803548813,0.0,363.0,0.12912803888320923,0.08519943803548813
-132.09451293945312,-3232.620849609375,9.997005462646484,0.0,151.03538981759647,0.0,3253.2920793890953,-3404.367438537071,-3404.3274692066916,0.0,4.106285721915109,3.0348572867257255,0.0,0.0,0.18143300712108612,0.0,0.0,0.0,0.08502918481826782,0.0,0.08502918481826782,0.0,364.0,0.12917661666870117,0.08502918481826782
-132.03538513183594,-3233.2919921875,9.996706008911133,0.0,150.97655658307798,0.0,3253.9632219672203,-3404.978967331001,-3404.9397785502983,0.0,4.0920714787074495,3.0206429072788783,0.0,0.0,0.17640900611877441,0.0,0.0,0.0,0.0848495215177536,0.0,0.0848495215177536,0.0,365.0,0.1291867047548294,0.0848495215177536
-131.9765625,-3233.963134765625,9.996406555175781,0.0,150.92018313838938,0.0,3254.6343645453453,-3405.594844394501,-3405.5545476837347,0.0,4.074071420942034,3.0026427132742746,0.0,0.0,0.1840440034866333,0.0,0.0,0.0,0.08460072427988052,0.0,0.08460072427988052,0.0,366.0,0.12919004261493683,0.08460072427988052
-131.92018127441406,-3234.63427734375,9.99610710144043,0.0,150.86516923547674,0.0,3255.3055071234703,-3406.212606731764,-3406.1706763589473,0.0,4.063857160295759,2.9924285888671873,0.014249999076128006,0.0,0.1952740103006363,0.0,0.0,0.0,0.08426179736852646,0.0,0.08426179736852646,0.0,367.0,0.12911957502365112,0.08426179736852646
-131.86517333984375,-3235.305419921875,9.995807647705078,0.0,150.99437046446607,0.0,3255.9766497015953,-3406.9613190377313,-3406.9710201660614,0.0,4.0762857164655415,3.00485714503697,0.30623799562454224,0.0,0.0,0.004192352294921875,0.05389515310525894,0.07837449759244919,0.0,0.0,0.07837449759244919,0.0,368.0,0.1299058496952057,0.07837449759244919
-131.99436950683594,-3235.9765625,9.999700546264648,0.0,150.94140722656837,0.0,3264.179162787517,-3415.0116967181425,-3415.1205700140854,0.0,4.1095000130789625,3.0380714416503904,0.34728100895881653,0.0,0.0,0.0002994537353515625,0.604851596057415,0.07831800729036331,0.0,0.0,0.07831800729036331,0.0,369.0,0.12967753410339355,0.07831800729036331
-131.94140625,-3244.17919921875,9.999700546264648,0.0,150.88558259327388,0.0,3264.8504289984703,-3415.485692765977,-3415.736011591744,0.0,4.168928636823382,3.09750006539481,0.35456401109695435,0.0,0.0,0.0002994537353515625,1.3906600326299667,0.0784764438867569,0.0,0.0,0.0784764438867569,0.0,370.0,0.12985117733478546,0.0784764438867569
-131.88558959960938,-3244.850341796875,9.999700546264648,0.0,150.82893280047267,0.0,3265.5215715765953,-3415.9910925046383,-3416.350504377068,0.0,4.245071356637137,3.173642785208566,0.35659199953079224,0.0,0.0,0.0002994537353515625,1.9967324659228325,0.07837606221437454,0.0,0.0,0.07837606221437454,0.0,371.0,0.12981970608234406,0.07837606221437454
-131.8289337158203,-3245.521484375,9.999700546264648,0.0,150.76935079891905,0.0,3274.981413617409,-3425.490701902947,-3425.750764416328,0.0,4.328071403503418,3.2566426958356582,0.3451870083808899,0.0,0.0,0.0002994537353515625,2.8895832523703575,0.08138022571802139,0.0,0.0,0.08138022571802139,0.0,372.0,0.12934625148773193,0.08138022571802139
-131.76934814453125,-3254.9814453125,9.999700546264648,0.0,150.7090288645878,0.0,3275.6526750922203,-3426.011635938416,-3426.361703956808,0.0,4.384928512573242,3.313499941144671,0.3568120002746582,0.0,0.0,0.0002994537353515625,3.8896443396806717,0.08144454658031464,0.0,0.0,0.08144454658031464,0.0,373.0,0.1298622041940689,0.08144454658031464
-131.7090301513672,-3255.652587890625,9.999700546264648,0.0,150.64844772275006,0.0,3284.222120763059,-3434.4983201588175,-3434.870568485809,0.0,4.423785700116839,3.352357264927455,0.37003299593925476,0.0,0.0,0.0002994537353515625,4.136092193424702,0.08112572878599167,0.0,0.0,0.08112572878599167,0.0,374.0,0.1297246366739273,0.08112572878599167
-131.64845275878906,-3264.22216796875,9.999700546264648,0.0,150.58765195052607,0.0,3299.406536339875,-3449.676711768846,-3449.994188290401,0.0,4.445285742623465,3.373857171194894,0.3545230031013489,0.0,0.0,0.0002994537353515625,3.5275166258215904,0.08106086403131485,0.0,0.0,0.08106086403131485,0.0,375.0,0.129669651389122,0.08106086403131485
-131.587646484375,-3279.406494140625,9.999700546264648,0.0,150.5266999984273,0.0,3300.0777239203453,-3450.3627413789077,-3450.6044239187727,0.0,4.452142933436802,3.380714362008231,0.36533498764038086,0.0,0.0,0.0002994537353515625,2.6853613406419754,0.08115415275096893,0.0,0.0,0.08115415275096893,0.0,376.0,0.12990570068359375,0.08115415275096893
-131.52670288085938,-3280.07763671875,9.999700546264648,0.0,150.4658099441885,0.0,3300.7488664984703,-3451.0342949793094,-3451.214676442659,0.0,4.456857081821987,3.385428510393415,0.3550240099430084,0.0,0.0,0.0002994537353515625,2.004238322377205,0.08098821341991425,0.0,0.0,0.08098821341991425,0.0,377.0,0.1295689046382904,0.08098821341991425
-131.46580505371094,-3280.748779296875,9.999700546264648,0.0,150.40774470583568,0.0,3352.437863657022,-3502.5861785403886,-3502.8456083628575,0.0,4.469571467808315,3.3981428963797433,0.4322409927845001,0.0,0.0,0.0002994537353515625,1.441276676952839,0.07653283327817917,0.0,0.0,0.07653283327817917,0.0,378.0,0.13078714907169342,0.07653283327817917
-131.40774536132812,-3332.437744140625,9.999700546264648,0.0,150.3495442062752,0.0,3353.1089739203453,-3503.438656184897,-3503.4585181266207,0.0,4.445785740443638,3.374357169015067,0.5608029961585999,0.0,0.0,0.0002994537353515625,0.11034411191940308,0.07715344429016113,0.0,0.0,0.07715344429016113,0.0,379.0,0.13149262964725494,0.07715344429016113
-131.34954833984375,-3333.10888671875,9.999700546264648,0.0,150.2916370667107,0.0,3372.5854822046413,-3523.034290845127,-3522.877119271352,0.0,4.326857103620257,3.255428532191685,0.004749999847263098,0.0,0.968982994556427,0.0,0.0,0.0,0.07882745563983917,0.0,0.07882745563983917,0.0,380.0,0.12891247868537903,0.07882745563983917
-131.29164123535156,-3352.58544921875,9.999401092529297,0.0,150.2322769461987,0.0,3373.2566789984703,-3523.568251141224,-3523.488955944669,0.0,4.243499973842075,3.1720714024135046,0.0,0.0,0.44597598910331726,0.0,0.0,0.0,0.08265863358974457,0.0,0.08265863358974457,0.0,381.0,0.13252848386764526,0.08265863358974457
-131.23228454589844,-3353.256591796875,9.999101638793945,0.0,150.17361922388602,0.0,3373.9278215765953,-3524.1782000711296,-3524.101440800481,0.0,4.190785762241909,3.119357190813337,0.0,0.0,0.4291419982910156,0.0,0.0,0.0,0.08258645236492157,0.0,0.08258645236492157,0.0,382.0,0.13262569904327393,0.08258645236492157
-131.17361450195312,-3353.927734375,9.998802185058594,0.0,150.11644799253844,0.0,3461.431531348753,-3611.623539263249,-3611.5479793412915,0.0,4.1594285420009065,3.0880001068115233,0.0,0.0,0.42292600870132446,0.0,0.0,0.0,0.08080678433179855,0.0,0.08080678433179855,0.0,383.0,0.1322425901889801,0.08080678433179855
-131.116455078125,-3441.431640625,9.998502731323242,0.0,150.05732611933422,0.0,3476.967963002867,-3627.0883180134824,-3627.025289122201,0.0,4.140714318411691,3.069285746983119,0.0,0.0,0.3358609974384308,0.0,0.0,0.0,0.08433159440755844,0.0,0.08433159440755844,0.0,384.0,0.13740068674087524,0.08433159440755844
-131.0573272705078,-3456.968017578125,9.99820327758789,0.0,149.99766500126492,0.0,3477.6392473578453,-3627.6867095931657,-3627.6369123591103,0.0,4.133857127598354,3.0624285561697824,0.0,0.0,0.24664999544620514,0.0,0.0,0.0,0.08533155173063278,0.0,0.08533155173063278,0.0,385.0,0.13820509612560272,0.08533155173063278
-130.99766540527344,-3457.63916015625,9.997903823852539,0.0,149.93597563610857,0.0,3499.0958257134844,-3649.098280904027,-3649.031801349593,0.0,4.152571487426758,3.0811429159981865,0.0,0.0,0.3549950122833252,0.0,0.0,0.0,0.08820199966430664,0.0,0.08820199966430664,0.0,386.0,0.14101198315620422,0.08820199966430664
-130.93597412109375,-3479.095947265625,9.997604370117188,0.0,149.8731699480303,0.0,3499.7671770453453,-3649.683055716457,-3649.6403469933757,0.0,4.167357117789132,3.095928682599749,0.0,0.0,0.19505299627780914,0.0,0.0,0.0,0.08967181295156479,0.0,0.08967181295156479,0.0,387.0,0.1423761397600174,0.08967181295156479
-130.8731689453125,-3479.76708984375,9.997304916381836,0.0,149.81060811282987,0.0,3500.4383196234703,-3650.303832964936,-3650.2489277363,0.0,4.178857203892299,3.1074286324637277,0.0,0.0,0.27699801325798035,0.0,0.0,0.0,0.08903682976961136,0.0,0.08903682976961136,0.0,388.0,0.14207878708839417,0.08903682976961136
-130.81060791015625,-3480.438232421875,9.997005462646484,0.0,149.7493003993616,0.0,3519.1249818237493,-3668.970345932835,-3668.874282223111,0.0,4.18928576878139,3.117857197352818,0.0,0.0,0.553604006767273,0.0,0.0,0.0,0.08682069927453995,0.0,0.08682069927453995,0.0,389.0,0.141300767660141,0.08682069927453995
-130.74929809570312,-3499.125,9.996706008911133,0.0,149.68634493668398,0.0,3519.7962297797203,-3669.5236379567164,-3669.482574716404,0.0,4.176857212611607,3.105428641183036,0.0,0.0,0.1840440034866333,0.0,0.0,0.0,0.08971092104911804,0.0,0.08971092104911804,0.0,390.0,0.14318357408046722,0.08971092104911804
-130.68634033203125,-3499.796142578125,9.996406555175781,0.0,149.62420554235047,0.0,3605.3144797757923,-3754.9682302416536,-3754.9386853181427,0.0,4.189357158115932,3.1179285866873605,0.1006999984383583,0.0,0.10882400721311569,0.0,0.0,0.0,0.08814214169979095,0.0,0.08814214169979095,0.0,391.0,0.1448194980621338,0.08814214169979095
-130.62420654296875,-3585.314453125,9.99610710144043,0.0,149.56220334594772,0.0,3633.1043818307517,-3782.4751416709496,-3782.6665851766993,0.0,4.357571411132812,3.286142839704241,0.30623799562454224,0.0,0.0,0.0038928985595703125,1.0635749474167824,0.08454402536153793,0.0,0.0,0.08454402536153793,0.0,392.0,0.14836473762989044,0.08454402536153793
-130.5622100830078,-3613.1044921875,9.999700546264648,0.0,149.49779795548702,0.0,3644.6667514950523,-3793.5983733589633,-3794.164549450539,0.0,4.48864277430943,3.417214202880859,0.34728100895881653,0.0,0.0,0.0002994537353515625,3.1454224810004234,0.0856470838189125,0.0,0.0,0.0856470838189125,0.0,393.0,0.14985045790672302,0.0856470838189125
-130.497802734375,-3624.666748046875,9.999700546264648,0.0,149.4305208390569,0.0,3645.3379778265953,-3793.8831479505534,-3794.7684986656523,0.0,4.669500023978097,3.5980714525495254,0.35456401109695435,0.0,0.0,0.0002994537353515625,4.9186146929860115,0.0864216610789299,0.0,0.0,0.0864216610789299,0.0,394.0,0.1501893848180771,0.0864216610789299
-130.43052673339844,-3625.337890625,9.999700546264648,0.0,149.3602074373458,0.0,3646.0091204047203,-3794.3292677774675,-3795.369327842066,0.0,4.896714292253766,3.825285720825195,0.35659199953079224,0.0,0.0,0.0002994537353515625,5.778111010789871,0.0865468680858612,0.0,0.0,0.0865468680858612,0.0,395.0,0.15019230544567108,0.0865468680858612
-130.36021423339844,-3626.009033203125,9.999700546264648,0.0,149.2852365660319,0.0,3656.2362735053093,-3804.8962888075075,-3805.5215100713413,0.0,5.050499997820173,3.9790714263916014,0.3451870083808899,0.0,0.0,0.0002994537353515625,6.946902379393578,0.09006060659885406,0.0,0.0,0.09006060659885406,0.0,396.0,0.15015922486782074,0.09006060659885406
-130.2852325439453,-3636.236328125,9.999700546264648,0.0,149.2087867856798,0.0,3658.08926753027,-3806.6107400197984,-3807.2980543159497,0.0,5.130500057765415,4.059071486336844,0.3568120002746582,0.0,0.0,0.0002994537353515625,7.636824905872345,0.09056395292282104,0.0,0.0,0.09056395292282104,0.0,397.0,0.15030178427696228,0.09056395292282104
-130.2087860107422,-3638.08935546875,9.999700546264648,0.0,149.13193752765994,0.0,3658.7605852484703,-3807.233741658132,-3807.89252277613,0.0,5.170785713195801,4.099357141767229,0.37003299593925476,0.0,0.0,0.0002994537353515625,7.319789618253708,0.09037759900093079,0.0,0.0,0.09037759900093079,0.0,398.0,0.15001645684242249,0.09037759900093079
-130.13194274902344,-3638.760498046875,9.999700546264648,0.0,149.05530265089186,0.0,3668.2009420491895,-3816.6865612135853,-3817.2562447000814,0.0,5.187928553989956,4.116499982561384,0.3545230031013489,0.0,0.0,0.0002994537353515625,6.3298160135746,0.08981117606163025,0.0,0.0,0.08981117606163025,0.0,399.0,0.14990806579589844,0.08981117606163025
-130.0552978515625,-3648.200927734375,9.999700546264648,0.0,148.9790789764826,0.0,3668.8721575140953,-3817.4820949175846,-3817.851236490578,0.0,5.179571369716099,4.108142798287528,0.43711400032043457,0.0,0.0,0.0002994537353515625,4.101572707295418,0.08941392600536346,0.0,0.0,0.08941392600536346,0.0,400.0,0.1486748456954956,0.08941392600536346
-129.9790802001953,-3648.8720703125,9.999700546264648,0.0,148.90343828621735,0.0,3680.5062281670116,-3829.1711971262584,-3829.409666453229,0.0,5.164071437290737,4.092642865862166,0.39040398597717285,0.0,0.0,0.0002994537353515625,2.649658977985382,0.08893746137619019,0.0,0.0,0.08893746137619019,0.0,401.0,0.14856024086475372,0.08893746137619019
-129.9034423828125,-3660.50634765625,9.999700546264648,0.0,148.83111720819548,0.0,3689.5498459055184,-3838.1162239962114,-3838.3809631137137,0.0,5.140928622654506,4.069500051225935,0.4322409927845001,0.0,0.0,0.0002994537353515625,1.4707727581262589,0.0850367397069931,0.0,0.0,0.0850367397069931,0.0,402.0,0.14866101741790771,0.0850367397069931
-129.83111572265625,-3669.5498046875,9.999700546264648,0.0,148.75996021084228,0.0,3690.2210344672203,-3838.9874451764226,-3838.9809946780624,0.0,5.078428622654506,4.007000051225935,0.5608029961585999,0.0,0.0,0.0,0.0,0.07379698753356934,0.010750830173492432,0.0,0.08454781770706177,0.0,403.0,0.14784936606884003,0.08454781770706177
-129.7599639892578,-3670.220947265625,9.999401092529297,0.0,148.68569528542707,0.0,3690.8921770453453,-3839.668655878265,-3839.577872330772,0.0,5.0086428233555385,3.9372142519269673,0.0009500000160187483,0.0,0.5153540372848511,0.0,0.0,0.0,0.08986958861351013,0.0,0.08986958861351013,0.0,404.0,0.147476464509964,0.08986958861351013
-129.68569946289062,-3670.89208984375,9.999101638793945,0.0,148.6137842091331,0.0,3761.219689968737,-3909.913521044532,-3909.83347417787,0.0,4.955357088361468,3.883928516932896,0.0,0.0,0.44597598910331726,0.0,0.0,0.0,0.08766976743936539,0.0,0.08766976743936539,0.0,405.0,0.1509982943534851,0.08766976743936539
-129.61378479003906,-3741.2197265625,9.998802185058594,0.0,148.54069484462516,0.0,3795.8816305510136,-3944.5002534456175,-3944.422325395639,0.0,4.8935000010899135,3.8220714296613423,0.0,0.0,0.4291419982910156,0.0,0.0,0.0,0.09037831425666809,0.0,0.09037831425666809,0.0,406.0,0.15313217043876648,0.09037831425666809
-129.5406951904297,-3775.881591796875,9.998502731323242,0.0,148.46741275686506,0.0,3796.5528215765953,-3945.097469899629,-3945.0202343334604,0.0,4.8223571232386995,3.7509285518101283,0.0,0.0,0.42292600870132446,0.0,0.0,0.0,0.09197774529457092,0.0,0.09197774529457092,0.0,407.0,0.15282687544822693,0.09197774529457092
-129.4674072265625,-3776.552734375,9.99820327758789,0.0,148.39498574119332,0.0,3797.2239641547203,-3945.6831569106716,-3945.618949895914,0.0,4.749214254106794,3.6777856826782225,0.0,0.0,0.3358609974384308,0.0,0.0,0.0,0.09218575060367584,0.0,0.09218575060367584,0.0,408.0,0.1531302034854889,0.09218575060367584
-129.39498901367188,-3777.223876953125,9.997903823852539,0.0,148.3233488797542,0.0,3797.8951067328453,-3946.2693132379145,-3946.2184556125994,0.0,4.681785733359201,3.6103572300502234,0.0,0.0,0.24664999544620514,0.0,0.0,0.0,0.09240082651376724,0.0,0.09240082651376724,0.0,409.0,0.15346406400203705,0.09240082651376724
-129.32334899902344,-3777.89501953125,9.997604370117188,0.0,148.24938584843457,0.0,3798.5662493109703,-3946.862176076475,-3946.815635159405,0.0,4.614428601946149,3.543000030517578,0.0,0.0,0.2131669968366623,0.0,0.0,0.0,0.09710577130317688,0.0,0.09710577130317688,0.0,410.0,0.15722441673278809,0.09710577130317688
-129.2493896484375,-3778.566162109375,9.997304916381836,0.0,148.17632212099443,0.0,3799.2373918890953,-3947.457518468124,-3947.4137140100897,0.0,4.5589999607631135,3.4875713893345424,0.0,0.0,0.19505299627780914,0.0,0.0,0.0,0.09697671234607697,0.0,0.09697671234607697,0.0,411.0,0.1574072390794754,0.09697671234607697
-129.1763153076172,-3779.2373046875,9.997005462646484,0.0,148.10477960738137,0.0,3799.9085344672203,-3948.055058667556,-3948.0133140746016,0.0,4.530428559439523,3.4589998517717633,0.0,0.0,0.18143300712108612,0.0,0.0,0.0,0.09686426818370819,0.0,0.09686426818370819,0.0,412.0,0.15749165415763855,0.09686426818370819
-129.1047821044922,-3779.908447265625,9.996706008911133,0.0,148.03445213026544,0.0,3800.5796770453453,-3948.655101750549,-3948.6141291756107,0.0,4.524785668509347,3.4533570970807754,0.0,0.0,0.17640900611877441,0.0,0.0,0.0,0.09674148261547089,0.0,0.09674148261547089,0.0,413.0,0.15746477246284485,0.09674148261547089
-129.03445434570312,-3780.57958984375,9.996406555175781,0.0,147.96432213721107,0.0,3801.2508196234703,-3949.2572294819433,-3949.2151417606815,0.0,4.5209286008562355,3.4495001656668527,0.0,0.0,0.1840440034866333,0.0,0.0,0.0,0.09654079377651215,0.0,0.09654079377651215,0.0,414.0,0.15738050639629364,0.09654079377651215
-128.96432495117188,-3781.250732421875,9.99610710144043,0.0,147.89600568460784,0.0,3801.9219622015953,-3949.8519968229875,-3949.817967886203,0.0,4.483071408952985,3.411642837524414,0.07884999364614487,0.0,0.13067400455474854,0.0,0.0,0.0,0.09618556499481201,0.0,0.09618556499481201,0.0,415.0,0.1573716402053833,0.09618556499481201
-128.89601135253906,-3781.921875,9.995807647705078,0.0,147.83050824447696,0.0,3822.620664624277,-3970.3397651358773,-3970.451172868754,0.0,4.47821420942034,3.406785637991769,0.30623799562454224,0.0,0.0,0.004192352294921875,0.6189318001270294,0.08903780579566956,0.0,0.0,0.08903780579566956,0.0,416.0,0.15749512612819672,0.08903780579566956
-128.83050537109375,-3802.62060546875,9.999700546264648,0.0,147.76549331717564,0.0,3823.2918352484703,-3970.600516694768,-3971.057328565646,0.0,4.432499967302594,3.3610713958740233,0.34728100895881653,0.0,0.0,0.0002994537353515625,2.5378435254096985,0.08997601270675659,0.0,0.0,0.08997601270675659,0.0,417.0,0.15819138288497925,0.08997601270675659
-128.76548767089844,-3803.291748046875,9.999700546264648,0.0,147.69952881169783,0.0,3840.480369860189,-3987.3608953994126,-3988.179898671887,0.0,4.421928623744419,3.3505000523158484,0.35456401109695435,0.0,0.0,0.0002994537353515625,4.550017818808556,0.08926822245121002,0.0,0.0,0.08926822245121002,0.0,418.0,0.1596214324235916,0.08926822245121002
-128.69952392578125,-3820.48046875,9.999700546264648,0.0,147.63341252472856,0.0,3863.8493535398884,-4010.3510326644523,-4011.482766064617,0.0,4.4315713609967915,3.36014278956822,0.35659199953079224,0.0,0.0,0.0002994537353515625,6.287407279014587,0.08930075168609619,0.0,0.0,0.08930075168609619,0.0,419.0,0.1614464968442917,0.08930075168609619
-128.63340759277344,-3843.849365234375,9.999700546264648,0.0,147.56398825641747,0.0,3872.7659430813096,-4019.672200013622,-4020.329931337727,0.0,4.459785679408482,3.388357107979911,0.4382449984550476,0.0,0.0,0.0002994537353515625,7.308125242590904,0.09368063509464264,0.0,0.0,0.09368063509464264,0.0,420.0,0.1619703471660614,0.09368063509464264
-128.56399536132812,-3852.765869140625,9.999700546264648,0.0,147.4931882522167,0.0,3873.4370989203453,-4020.2344165853874,-4020.930287172562,0.0,4.522499983651297,3.451071275983538,0.37282800674438477,0.0,0.0,0.0002994537353515625,7.731894798576832,0.09442728012800217,0.0,0.0,0.09442728012800217,0.0,421.0,0.1619701236486435,0.09442728012800217
-128.49319458007812,-3853.43701171875,9.999700546264648,0.0,147.4215755003662,0.0,3874.1082414984703,-4020.873266808364,-4021.5298169988364,0.0,4.587642887660435,3.516214316231864,0.37003299593925476,0.0,0.0,0.0002994537353515625,7.295001536607742,0.0942663848400116,0.0,0.0,0.0942663848400116,0.0,422.0,0.1615111082792282,0.0942663848400116
-128.42156982421875,-3854.108154296875,9.999700546264648,0.0,147.35010351690886,0.0,3885.5214199892444,-4032.29919230431,-4032.871523506153,0.0,4.607357243129185,3.535928671700614,0.3545230031013489,0.0,0.0,0.0002994537353515625,6.359235070645809,0.0936419740319252,0.0,0.0,0.0936419740319252,0.0,423.0,0.1615085005760193,0.0936419740319252
-128.35009765625,-3865.521484375,9.999700546264648,0.0,147.27878309501511,0.0,3886.1927141547203,-4033.0386688716776,-4033.4714972497354,0.0,4.585785675048828,3.5143571036202568,0.36533498764038086,0.0,0.0,0.0002994537353515625,4.809203818440437,0.09386186301708221,0.0,0.0,0.09386186301708221,0.0,424.0,0.16059444844722748,0.09386186301708221
-128.27877807617188,-3866.192626953125,9.999700546264648,0.0,147.2086738152779,0.0,3893.2654902578684,-4040.193147385563,-4040.4741640731463,0.0,4.525999968392508,3.454571533203125,0.3550240099430084,0.0,0.0,0.0002994537353515625,3.122407391667366,0.09331898391246796,0.0,0.0,0.09331898391246796,0.0,425.0,0.160355806350708,0.09331898391246796
-128.20867919921875,-3873.265380859375,9.999700546264648,0.0,147.14287120360643,0.0,3895.0565095531797,-4041.932994294772,-4042.199380756786,0.0,4.414642824445452,3.3432142530168805,0.4322409927845001,0.0,0.0,0.0002994537353515625,1.4799246713519096,0.08918500691652298,0.0,0.0,0.08918500691652298,0.0,426.0,0.16008548438549042,0.08918500691652298
-128.1428680419922,-3875.056396484375,9.999700546264648,0.0,147.07912307248978,0.0,3895.7276262640953,-4042.8018718115236,-4042.806749336585,0.0,4.307999965122768,3.2365713936941964,0.5608029961585999,0.0,0.0,0.0002994537353515625,0.02709735929965973,0.08820019662380219,0.0,0.0,0.08820019662380219,0.0,427.0,0.1593315750360489,0.08820019662380219
-128.07911682128906,-3875.7275390625,9.999700546264648,0.0,147.012734291114,0.0,3896.3987688422203,-4043.5015615243565,-4043.4115031333345,0.0,4.247999954223633,3.1765713827950615,0.009499999694526196,0.0,0.5068039894104004,0.0,0.0,0.0,0.09358526021242142,0.0,0.09358526021242142,0.0,428.0,0.15958371758460999,0.09358526021242142
-128.0127410888672,-3876.398681640625,9.999401092529297,0.0,146.94642617568257,0.0,3913.4991237691956,-4060.526428250547,-4060.445549944878,0.0,4.2601429530552455,3.188714381626674,0.0,0.0,0.44597598910331726,0.0,0.0,0.0,0.09321269392967224,0.0,0.09321269392967224,0.0,429.0,0.16056419909000397,0.09321269392967224
-127.94642639160156,-3893.4990234375,9.999101638793945,0.0,146.8788931846631,0.0,3914.1702532172203,-4061.1276327000464,-4061.0491464018833,0.0,4.306285803658621,3.23485723223005,0.0,0.0,0.4291419982910156,0.0,0.0,0.0,0.0940999686717987,0.0,0.0940999686717987,0.0,430.0,0.16013874113559723,0.0940999686717987
-127.87889099121094,-3894.170166015625,9.998802185058594,0.0,146.81048249554948,0.0,3914.8413957953453,-4061.7294153988355,-4061.6518782908947,0.0,4.373499952043805,3.302071380615234,0.0,0.0,0.42292600870132446,0.0,0.0,0.0,0.09398802369832993,0.0,0.09398802369832993,0.0,431.0,0.1598578244447708,0.09398802369832993
-127.81048583984375,-3894.84130859375,9.998502731323242,0.0,146.74137594795934,0.0,3915.5125383734703,-4062.3184301456286,-4062.25391432143,0.0,4.411214229038784,3.339785657610212,0.0,0.0,0.3358609974384308,0.0,0.0,0.0,0.09424448013305664,0.0,0.09424448013305664,0.0,432.0,0.15982049703598022,0.09424448013305664
-127.74137878417969,-3895.512451171875,9.99820327758789,0.0,146.67260551435214,0.0,3916.1836809515953,-4062.907436683397,-4062.8562864659475,0.0,4.382428523472377,3.310999952043806,0.0,0.0,0.24664999544620514,0.0,0.0,0.0,0.09435144066810608,0.0,0.09435144066810608,0.0,433.0,0.1599256843328476,0.09435144066810608
-127.672607421875,-3896.18359375,9.997903823852539,0.0,146.60148985859593,0.0,3916.8548235297203,-4063.5031733251044,-4063.456313388316,0.0,4.324357114519392,3.25292854309082,0.0,0.0,0.2131669968366623,0.0,0.0,0.0,0.09923256933689117,0.0,0.09923256933689117,0.0,434.0,0.1634906828403473,0.09923256933689117
-127.60148620605469,-3896.854736328125,9.997604370117188,0.0,146.53104690860846,0.0,3917.5259661078453,-4064.101140229182,-4064.0570130164538,0.0,4.283285631452288,3.2118570600237164,0.0,0.0,0.19505299627780914,0.0,0.0,0.0,0.09912841022014618,0.0,0.09912841022014618,0.0,435.0,0.16360698640346527,0.09912841022014618
-127.53104400634766,-3897.52587890625,9.997304916381836,0.0,146.4611840329069,0.0,3918.1971086859703,-4064.700358823769,-4064.6582927188774,0.0,4.249499947684152,3.17807137625558,0.0,0.0,0.18143300712108612,0.0,0.0,0.0,0.09900768101215363,0.0,0.09900768101215363,0.0,436.0,0.16369764506816864,0.09900768101215363
-127.461181640625,-3898.197021484375,9.997005462646484,0.0,146.39174900869511,0.0,3918.8682512640953,-4065.301289478045,-4065.2600002727904,0.0,4.227357128688267,3.155928693498884,0.0,0.0,0.17640900611877441,0.0,0.0,0.0,0.09885235130786896,0.0,0.09885235130786896,0.0,437.0,0.16374677419662476,0.09885235130786896
-127.3917465209961,-3898.8681640625,9.996706008911133,0.0,146.506517299785,0.0,3919.5393938422203,-4066.088247251478,-4066.0459111420055,0.0,4.2317857197352815,3.1603570120675224,0.0,0.0,0.1840440034866333,0.0,0.0,0.0,0.09819671511650085,0.0,0.09819671511650085,0.0,438.0,0.16452734172344208,0.09819671511650085
-127.50651550292969,-3899.539306640625,9.996406555175781,0.0,146.43866036769128,0.0,3927.735060917176,-4074.2033285675047,-4074.173721284867,0.0,4.226142828805106,3.1547142573765345,0.11019999533891678,0.0,0.09932401031255722,0.0,0.0,0.0,0.09805786609649658,0.0,0.09805786609649658,0.0,439.0,0.16408325731754303,0.09805786609649658
-127.43865966796875,-3907.735107421875,9.99610710144043,0.0,146.37672287590308,0.0,3928.4063372015953,-4074.643154901542,-4074.7830600774982,0.0,4.274642889840262,3.203214318411691,0.30623799562454224,0.0,0.0,0.0038928985595703125,0.7772509157657623,0.09251812100410461,0.0,0.0,0.09251812100410461,0.0,440.0,0.16309747099876404,0.09251812100410461
-127.37672424316406,-3908.40625,9.999700546264648,0.0,146.3119633282045,0.0,3983.6249313994267,-4129.522410132711,-4129.936894727632,0.0,4.351500047956194,3.2800714765276227,0.34728100895881653,0.0,0.0,0.0002994537353515625,2.302692010998726,0.09047763049602509,0.0,0.0,0.09047763049602509,0.0,441.0,0.16568344831466675,0.09047763049602509
-127.31196594238281,-3963.625,9.999700546264648,0.0,146.24497005399095,0.0,3993.9516783542686,-4139.45990292052,-4140.1966484082595,0.0,4.463071496146066,3.391642924717494,0.35456401109695435,0.0,0.0,0.0002994537353515625,4.093030162155628,0.09310656040906906,0.0,0.0,0.09310656040906906,0.0,442.0,0.16672281920909882,0.09310656040906906
-127.2449722290039,-3973.95166015625,9.999700546264648,0.0,146.17567209473526,0.0,3994.6228899359703,-4139.8815283319855,-4140.798562030705,0.0,4.566142845153808,3.494714137486049,0.35659199953079224,0.0,0.0,0.0002994537353515625,5.094631254673004,0.09362691640853882,0.0,0.0,0.09362691640853882,0.0,443.0,0.16701357066631317,0.09362691640853882
-127.17567443847656,-3974.622802734375,9.999700546264648,0.0,146.10414979638182,0.0,3995.2940325140953,-4141.068047990952,-4141.398182310477,0.0,4.629499925885882,3.55807135445731,0.3451870083808899,0.0,0.0,0.0002994537353515625,3.6681588143110275,0.09700484573841095,0.0,0.0,0.09700484573841095,0.0,444.0,0.16574367880821228,0.09700484573841095
-127.1041488647461,-3975.2939453125,9.999700546264648,0.0,146.03102901657422,0.0,3995.9651750922203,-4141.791661880723,-4141.996204108795,0.0,4.649142892020089,3.5777143205915176,0.3568120002746582,0.0,0.0,0.0002994537353515625,2.2726912423968315,0.09669709950685501,0.0,0.0,0.09669709950685501,0.0,445.0,0.16494013369083405,0.09669709950685501
-127.0310287475586,-3975.965087890625,9.999700546264648,0.0,146.14090984718536,0.0,4012.1636077970634,-4158.119184472636,-4158.304517644248,0.0,4.656500080653599,3.585071509225028,0.37003299593925476,0.0,0.0,0.0002994537353515625,2.059257298707962,0.09551021456718445,0.0,0.0,0.09551021456718445,0.0,446.0,0.1665809601545334,0.09551021456718445
-127.14090728759766,-3992.16357421875,9.999700546264648,0.0,146.06963706544866,0.0,4013.551159629363,-4159.472208313067,-4159.620796694811,0.0,4.634714344569614,3.5632857731410437,0.3545230031013489,0.0,0.0,0.0002994537353515625,1.6509818881750107,0.09654571115970612,0.0,0.0,0.09654571115970612,0.0,447.0,0.16526451706886292,0.09654571115970612
-127.06963348388672,-3993.55126953125,9.999700546264648,0.0,146.18240550058798,0.0,4014.2224993109703,-4160.329121142292,-4160.4049048115585,0.0,4.55228568485805,3.48085697719029,0.36533498764038086,0.0,0.0,0.0002994537353515625,0.8420407027006149,0.09572477638721466,0.0,0.0,0.09572477638721466,0.0,448.0,0.16606152057647705,0.09572477638721466
-127.18240356445312,-3994.222412109375,9.999700546264648,0.0,146.11375316605853,0.0,4014.8936418890953,-4160.989183209217,-4161.007395055154,0.0,4.447071429661342,3.3756427219935827,0.3550240099430084,0.0,0.0,0.0002994537353515625,0.2023538276553154,0.09592274576425552,0.0,0.0,0.09592274576425552,0.0,449.0,0.16504371166229248,0.09592274576425552
-127.11375427246094,-3994.8935546875,9.999700546264648,0.0,146.14069486794864,0.0,4023.314170532284,-4169.581812712864,-4169.454865400233,0.0,4.3837857382638115,3.31235716683524,0.311599999666214,0.0,0.12064099311828613,0.0,0.0,0.0,0.09093785285949707,0.0,0.09093785285949707,0.0,450.0,0.1656772345304489,0.09093785285949707
-127.14069366455078,-4003.314208984375,9.999401092529297,0.0,146.1693514550201,0.0,4023.9854387640953,-4170.506828159122,-4170.154790219115,0.0,4.353857122148787,3.2824284144810267,0.06460000574588776,0.0,0.4962030053138733,0.0,0.0,0.0,0.09052687138319016,0.0,0.09052687138319016,0.0,451.0,0.1652153879404068,0.09052687138319016
-127.16934967041016,-4003.9853515625,9.999101638793945,0.0,146.1026254799297,0.0,4032.181373895416,-4178.375840685532,-4178.283999375346,0.0,4.347285624912807,3.2758570534842355,0.0,0.0,0.5163040161132812,0.0,0.0,0.0,0.09597136080265045,0.0,0.09597136080265045,0.0,452.0,0.16560430824756622,0.09597136080265045
-127.10262298583984,-4012.181396484375,9.998802185058594,0.0,146.12757214296875,0.0,4032.8526262640953,-4179.061550214285,-4178.980198407064,0.0,4.347214235578265,3.275785664149693,0.0,0.0,0.44597598910331726,0.0,0.0,0.0,0.09636937081813812,0.0,0.09636937081813812,0.0,453.0,0.16604995727539062,0.09636937081813812
-127.12757110595703,-4012.8525390625,9.998502731323242,0.0,146.06397941797053,0.0,4033.5237688422203,-4179.666575605714,-4179.587748260191,0.0,4.323357118879046,3.251928547450474,0.0,0.0,0.4291419982910156,0.0,0.0,0.0,0.09637361764907837,0.0,0.09637361764907837,0.0,454.0,0.1655176728963852,0.09637361764907837
-127.06398010253906,-4013.523681640625,9.99820327758789,0.0,146.18345223126747,0.0,4044.673518226443,-4190.9485149322845,-4190.85697045771,0.0,4.271714292253767,3.200285720825195,0.0,0.0,0.5155190229415894,0.0,0.0,0.0,0.09477744996547699,0.0,0.09477744996547699,0.0,455.0,0.16705894470214844,0.09477744996547699
-127.1834487915039,-4024.673583984375,9.997903823852539,0.0,146.12103732597467,0.0,4055.0844926215022,-4201.320558341964,-4201.205529947477,0.0,4.231071417672293,3.159642846243722,0.0,0.0,0.6726009845733643,0.0,0.0,0.0,0.09425494819879532,0.0,0.09425494819879532,0.0,456.0,0.1661195158958435,0.09425494819879532
-127.12104034423828,-4035.08447265625,9.997604370117188,0.0,146.2405323628223,0.0,4055.7557024359703,-4202.047686701067,-4201.996234798793,0.0,4.20042849949428,3.1289999280657086,0.0,0.0,0.24664999544620514,0.0,0.0,0.0,0.09636267274618149,0.0,0.09636267274618149,0.0,457.0,0.1684119552373886,0.09636267274618149
-127.24053192138672,-4035.755615234375,9.997304916381836,0.0,146.17294111157213,0.0,4056.4268450140953,-4202.647081934849,-4202.599786125667,0.0,4.179499980381557,3.1080714089529855,0.0,0.0,0.2131669968366623,0.0,0.0,0.0,0.10213838517665863,0.0,0.10213838517665863,0.0,458.0,0.17000150680541992,0.10213838517665863
-127.17294311523438,-4036.4267578125,9.997005462646484,0.0,146.10790859393393,0.0,4057.0979875922203,-4203.250467165911,-4203.205896186154,0.0,4.209214292253767,3.137785720825195,0.0,0.0,0.19505299627780914,0.0,0.0,0.0,0.1020868569612503,0.0,0.1020868569612503,0.0,459.0,0.16989074647426605,0.1020868569612503
-127.10791015625,-4037.097900390625,9.996706008911133,0.0,146.0425966480237,0.0,4057.7691301703453,-4203.854242924191,-4203.811726818369,0.0,4.230714198521206,3.159285627092634,0.0,0.0,0.18143300712108612,0.0,0.0,0.0,0.10200768709182739,0.0,0.10200768709182739,0.0,460.0,0.16978347301483154,0.10200768709182739
-127.04259490966797,-4037.76904296875,9.996406555175781,0.0,146.15934255221748,0.0,4058.4402727484703,-4204.641296530922,-4204.599615300688,0.0,4.23514278956822,3.1637142181396483,0.0,0.0,0.17640900611877441,0.0,0.0,0.0,0.1014658510684967,0.0,0.1014658510684967,0.0,461.0,0.17078837752342224,0.1014658510684967
-127.15933990478516,-4038.440185546875,9.99610710144043,0.0,146.2759859456313,0.0,4059.1114153265953,-4205.430198963067,-4205.387401272226,0.0,4.249857166835239,3.1784285954066687,0.0,0.0,0.1840440034866333,0.0,0.0,0.0,0.10127392411231995,0.0,0.10127392411231995,0.0,462.0,0.17065191268920898,0.10127392411231995
-127.27598571777344,-4039.111328125,9.995807647705078,0.0,146.39263797677773,0.0,4069.6248571976694,-4216.064015745844,-4216.0174951744475,0.0,4.277357046944754,3.205928475516183,0.0,0.0,0.209524005651474,0.0,0.0,0.0,0.10061312466859818,0.0,0.10061312466859818,0.0,463.0,0.17106734216213226,0.10061312466859818
-127.39263916015625,-4049.624755859375,9.995508193969727,0.0,147.05928717580582,0.0,4070.2959856390953,-4217.506031412186,-4217.355272814901,0.0,4.284357152666365,3.212928444998605,0.14820000529289246,0.0,0.15803799033164978,0.0,0.0,0.0,0.09322632849216461,0.0,0.09322632849216461,0.0,464.0,0.17214912176132202,0.09322632849216461
-128.0592803955078,-4050.2958984375,9.995208740234375,0.0,147.18118078729285,0.0,4097.1565003015,-4244.509679259685,-4244.337681088793,0.0,4.26292849949428,3.1914999280657086,0.9167499542236328,0.0,0.19700908660888672,0.0,0.0,0.0,0.08965452015399933,0.0,0.08965452015399933,0.0,465.0,0.17000362277030945,0.08965452015399933
-128.18118286132812,-4077.156494140625,9.994909286499023,0.0,147.11901811307237,0.0,4106.219170136759,-4253.07415629411,-4253.338188249832,0.0,4.249357169015067,3.1779285975864955,0.4517500102519989,0.0,0.0,0.0050907135009765625,1.466844081878662,0.09506511688232422,0.0,0.0,0.09506511688232422,0.0,466.0,0.17088954150676727,0.09506511688232422
-128.1190185546875,-4086.21923828125,9.999700546264648,0.0,147.33086836971455,0.0,4106.89046806097,-4253.867604143001,-4254.2213364306845,0.0,4.241428593226841,3.1700000217982702,0.35659199953079224,0.0,0.0,0.0002994537353515625,1.965179219841957,0.09472917020320892,0.0,0.0,0.09472917020320892,0.0,467.0,0.17225198447704315,0.09472917020320892
-128.33087158203125,-4086.890380859375,9.999700546264648,0.0,147.44757490828286,0.0,4107.561610639095,-4254.795385976576,-4255.009185547378,0.0,4.261857114519392,3.19042854309082,0.3451870083808899,0.0,0.0,0.0002994537353515625,2.3755505979061127,0.09856286644935608,0.0,0.0,0.09856286644935608,0.0,468.0,0.1718064397573471,0.09856286644935608
-128.44757080078125,-4087.5615234375,9.999700546264648,0.0,147.381192358897,0.0,4108.23275321722,-4255.331706380483,-4255.613945576118,0.0,4.30228568485805,3.23085697719029,0.3568120002746582,0.0,0.0,0.0002994537353515625,3.1359908133745193,0.09884767234325409,0.0,0.0,0.09884767234325409,0.0,469.0,0.17107248306274414,0.09884767234325409
-128.38119506835938,-4088.232666015625,9.999700546264648,0.0,147.3136248035601,0.0,4108.903895795345,-4255.863262884539,-4256.217520598905,0.0,4.3262857164655415,3.25485714503697,0.37003299593925476,0.0,0.0,0.0002994537353515625,3.9361965134739876,0.0986211821436882,0.0,0.0,0.0986211821436882,0.0,470.0,0.17124566435813904,0.0986211821436882
-128.31362915039062,-4088.90380859375,9.999700546264648,0.0,147.43016721862077,0.0,4120.4476183075485,-4267.4989671350495,-4267.87778552617,0.0,4.343000085013253,3.2715715135846817,0.3545230031013489,0.0,0.0,0.0002994537353515625,4.209092900156975,0.09773464500904083,0.0,0.0,0.09773464500904083,0.0,471.0,0.17280220985412598,0.09773464500904083
-128.43016052246094,-4100.44775390625,9.999700546264648,0.0,147.36526624234938,0.0,4121.11898368597,-4268.126476169578,-4268.4842499283195,0.0,4.355142811366489,3.2837142399379187,0.36533498764038086,0.0,0.0,0.0002994537353515625,3.9752636700868607,0.09845153987407684,0.0,0.0,0.09845153987407684,0.0,472.0,0.17159004509449005,0.09845153987407684
-128.36526489257812,-4101.119140625,9.999700546264648,0.0,147.4817090462793,0.0,4121.79037040472,-4268.979152663455,-4269.272079451,0.0,4.347000067574637,3.275571496146066,0.3550240099430084,0.0,0.0,0.0002994537353515625,3.2547418251633644,0.0977846011519432,0.0,0.0,0.0977846011519432,0.0,473.0,0.17217034101486206,0.0977846011519432
-128.48170471191406,-4101.79052734375,9.999700546264648,0.0,147.60249129687557,0.0,4122.46175712347,-4269.748681258265,-4270.064248420346,0.0,4.314499936785017,3.243071365356445,0.4322409927845001,0.0,0.0,0.0002994537353515625,1.753150761127472,0.09335869550704956,0.0,0.0,0.09335869550704956,0.0,474.0,0.1712052822113037,0.09335869550704956
-128.6024932861328,-4102.4619140625,9.999700546264648,0.0,147.8163142111712,0.0,4147.746659993698,-4295.53159650762,-4295.5629742048695,0.0,4.267500005449568,3.196071297781808,0.5608029961585999,0.0,0.0,0.0002994537353515625,0.1743205264210701,0.09107702225446701,0.0,0.0,0.09107702225446701,0.0,475.0,0.17202125489711761,0.09107702225446701
-128.81631469726562,-4127.74658203125,9.999700546264648,0.0,147.84396369554264,0.0,4182.451098408608,-4330.384650012224,-4330.295062104151,0.0,4.197857121058872,3.1264285496303015,0.01615000143647194,0.0,0.5001540184020996,0.0,0.0,0.0,0.09709867835044861,0.0,0.09709867835044861,0.0,476.0,0.1735999882221222,0.09709867835044861
-128.84396362304688,-4162.451171875,9.999401092529297,0.0,147.78149481412112,0.0,4246.758168881428,-4394.621092476584,-4394.539663695549,0.0,4.137285723005022,3.065857151576451,0.0,0.0,0.44597598910331726,0.0,0.0,0.0,0.09688252955675125,0.0,0.09688252955675125,0.0,477.0,0.1768140196800232,0.09688252955675125
-128.781494140625,-4226.75830078125,9.999101638793945,0.0,147.90063749945622,0.0,4247.42953056097,-4395.409527493654,-4395.330168060426,0.0,4.07471433367048,3.0032857622419082,0.0,0.0,0.4291419982910156,0.0,0.0,0.0,0.09992086887359619,0.0,0.09992086887359619,0.0,478.0,0.17749032378196716,0.09992086887359619
-128.900634765625,-4227.4296875,9.998802185058594,0.0,147.83946658876476,0.0,4248.10091727972,-4396.018842207971,-4395.940383868485,0.0,4.034071459089007,2.962642887660435,0.0,0.0,0.42292600870132446,0.0,0.0,0.0,0.10012956708669662,0.0,0.10012956708669662,0.0,479.0,0.17623703181743622,0.10012956708669662
-128.83946228027344,-4228.10107421875,9.998502731323242,0.0,147.77762532869244,0.0,4248.77230399847,-4396.61535921582,-4396.549929327162,0.0,4.004428536551339,2.932999965122768,0.0,0.0,0.3358609974384308,0.0,0.0,0.0,0.10033824294805527,0.0,0.10033824294805527,0.0,480.0,0.1765822172164917,0.10033824294805527
-128.77761840820312,-4228.7724609375,9.99820327758789,0.0,147.77770279258212,0.0,4301.774200743399,-4449.60364592262,-4449.551903535981,0.0,3.9715714590890068,2.900142887660435,0.0,0.0,0.24664999544620514,0.0,0.0,0.0,0.09829923510551453,0.0,0.09829923510551453,0.0,481.0,0.1798878014087677,0.09829923510551453
-128.7777099609375,-4281.7744140625,9.997903823852539,0.0,147.69752042230056,0.0,4302.44564384222,-4450.19146182293,-4450.143164264521,0.0,4.842714255196707,3.771285683768136,0.0,0.0,0.21376900374889374,0.0,0.0,0.0,0.10821470618247986,0.0,0.10821470618247986,0.0,482.0,0.17782938480377197,0.10821470618247986
-128.69752502441406,-4282.44580078125,9.997604370117188,0.0,147.7999342221284,0.0,4303.11703056097,-4450.962478648768,-4450.916964783099,0.0,4.811071477617536,3.7396429061889647,0.0,0.0,0.1956239938735962,0.0,0.0,0.0,0.10780176520347595,0.0,0.10780176520347595,0.0,483.0,0.17911189794540405,0.10780176520347595
-128.7999267578125,-4283.1171875,9.997304916381836,0.0,147.9014449835716,0.0,4303.78841727972,-4451.733309882459,-4451.689862263292,0.0,4.8102142606462746,3.738785689217704,0.0,0.0,0.1819709986448288,0.0,0.0,0.0,0.10767978429794312,0.0,0.10767978429794312,0.0,484.0,0.17913176119327545,0.10767978429794312
-128.9014434814453,-4283.78857421875,9.997005462646484,0.0,147.82019778098316,0.0,4304.45980399847,-4452.322714323565,-4452.280001779453,0.0,4.803285680498395,3.731857109069824,0.0,0.0,0.17693200707435608,0.0,0.0,0.0,0.10781827569007874,0.0,0.10781827569007874,0.0,485.0,0.17783115804195404,0.10781827569007874
-128.8201904296875,-4284.4599609375,9.996706008911133,0.0,147.74031617698037,0.0,4305.13119071722,-4452.915303953809,-4452.871506894201,0.0,4.790928581782749,3.7195000784737724,0.0,0.0,0.18440499901771545,0.0,0.0,0.0,0.10757538676261902,0.0,0.10757538676261902,0.0,486.0,0.17784574627876282,0.10757538676261902
-128.7403106689453,-4285.13134765625,9.996406555175781,0.0,147.84621668828854,0.0,4326.554470160256,-4474.508962514464,-4474.400686848544,0.0,4.812999943324497,3.7415713718959265,0.18240000307559967,0.0,0.618914008140564,0.0,0.0,0.0,0.10292373597621918,0.0,0.10292373597621918,0.0,487.0,0.17944180965423584,0.10292373597621918
-128.84622192382812,-4306.5546875,9.99610710144043,0.0,148.13170620508242,0.0,4327.22591727972,-4475.29700472074,-4475.357623484802,0.0,4.874214254106794,3.8027856826782225,0.3046970069408417,0.0,0.0,0.0038928985595703125,0.6735417693853378,0.1046682745218277,0.0,0.0,0.1046682745218277,0.0,488.0,0.18082153797149658,0.1046682745218277
-129.13169860839844,-4307.22607421875,9.999700546264648,0.0,148.20341614755498,0.0,4392.109119210178,-4540.208815590875,-4540.3125353577325,0.0,4.920285715375628,3.8488571439470562,0.34531301259994507,0.0,0.0,0.0002994537353515625,1.1524417623877525,0.10269568115472794,0.0,0.0,0.10269568115472794,0.0,489.0,0.18328359723091125,0.10269568115472794
-129.2034149169922,-4372.10888671875,9.999700546264648,0.0,148.1669984250674,0.0,4453.964570563712,-4601.9763747991165,-4602.13156898878,0.0,4.978071430751255,3.906642859322684,0.3511449992656708,0.0,0.0,0.0002994537353515625,1.7243797481060028,0.10442569851875305,0.0,0.0,0.10442569851875305,0.0,490.0,0.18521644175052643,0.10442569851875305
-129.1669921875,-4433.96435546875,9.999700546264648,0.0,148.08262616908345,0.0,4454.63558524847,-4602.426122630627,-4602.718211417554,0.0,5.050214304242815,3.9787857328142437,0.3517889976501465,0.0,0.0,0.0002994537353515625,3.2454307079315186,0.10748100280761719,0.0,0.0,0.10748100280761719,0.0,491.0,0.18479666113853455,0.10748100280761719
-129.08262634277344,-4434.6357421875,9.999700546264648,0.0,147.99856095878422,0.0,4455.30697196722,-4602.524948711926,-4603.305532926004,0.0,5.1216428756713865,4.050214304242815,0.34043800830841064,0.0,0.0,0.0002994537353515625,4.336578622460365,0.1040341705083847,0.0,0.0,0.1040341705083847,0.0,492.0,0.18455559015274048,0.1040341705083847
-128.99856567382812,-4435.30712890625,9.999700546264648,0.0,147.91351414878457,0.0,4463.528063334672,-4610.632617052768,-4611.441577483457,0.0,5.168714332580566,4.097285761151995,0.35224100947380066,0.0,0.0,0.0002994537353515625,4.4942242577672005,0.10368519276380539,0.0,0.0,0.10368519276380539,0.0,493.0,0.18514405190944672,0.10368519276380539
-128.91351318359375,-4443.52783203125,9.999700546264648,0.0,147.82835846480643,0.0,4464.19906181097,-4611.354726441953,-4612.027420275776,0.0,5.184071486336844,4.112642914908273,0.36559998989105225,0.0,0.0,0.0002994537353515625,3.7371876686811447,0.1035124808549881,0.0,0.0,0.1035124808549881,0.0,494.0,0.18424303829669952,0.1035124808549881
-128.82835388183594,-4444.19921875,9.999700546264648,0.0,147.74321092621915,0.0,4468.409325234557,-4615.723886738457,-4616.152536160776,0.0,5.172357095990862,4.10092852456229,0.3500570058822632,0.0,0.0,0.0002994537353515625,2.381385490298271,0.10305817425251007,0.0,0.0,0.10305817425251007,0.0,495.0,0.18341673910617828,0.10305817425251007
-128.7432098388672,-4448.4091796875,9.999700546264648,0.0,147.8424107680903,0.0,4473.390414320181,-4620.878627661251,-4621.232825088271,0.0,5.1545714787074495,4.083142907278878,0.36090201139450073,0.0,0.0,0.0002994537353515625,1.96776332706213,0.10208521038293839,0.0,0.0,0.10208521038293839,0.0,496.0,0.18444140255451202,0.10208521038293839
-128.8424072265625,-4453.390625,9.999700546264648,0.0,147.75745919888683,0.0,4474.06185477972,-4621.511376175602,-4621.819313978607,0.0,5.1497142791748045,4.078285707746233,0.35043901205062866,0.0,0.0,0.0002994537353515625,1.7107654362916946,0.1025962084531784,0.0,0.0,0.1025962084531784,0.0,497.0,0.18324391543865204,0.1025962084531784
-128.75746154785156,-4454.06201171875,9.999700546264648,0.0,147.6712740391557,0.0,4474.73324149847,-4622.2909987876565,-4622.404515537626,0.0,5.14757137298584,4.0761428015572685,0.42738398909568787,0.0,0.0,0.0002994537353515625,1.26129712164402,0.10556946694850922,0.0,0.0,0.10556946694850922,0.0,498.0,0.18411722779273987,0.10556946694850922
-128.67127990722656,-4454.7333984375,9.999700546264648,0.0,147.58853503430603,0.0,4484.357011812695,-4631.926540559525,-4631.945546847001,0.0,5.117428588867187,4.046000017438616,0.5543270111083984,0.0,0.0,0.0002994537353515625,0.21118095517158508,0.10439255833625793,0.0,0.0,0.10439255833625793,0.0,499.0,0.18390816450119019,0.10439255833625793
-128.58853149414062,-4464.35693359375,9.999700546264648,0.0,147.6862292401227,0.0,4485.02816337347,-4632.781195662564,-4632.714392613593,0.0,5.043000030517578,3.9715714590890068,0.16529999673366547,0.0,0.33969199657440186,0.0,0.0,0.0,0.10566164553165436,0.0,0.10566164553165436,0.0,500.0,0.18577492237091064,0.10566164553165436
-128.6862335205078,-4465.0283203125,9.999401092529297,0.0,147.60336784560053,0.0,4499.930427045655,-4647.6138229835715,-4647.533794891256,0.0,4.96821425301688,3.896785681588309,0.0,0.0,0.4278999865055084,0.0,0.0,0.0,0.1056206077337265,0.0,0.1056206077337265,0.0,501.0,0.18555256724357605,0.1056206077337265
-128.60336303710938,-4479.9306640625,9.999101638793945,0.0,147.70243632934168,0.0,4509.559397942976,-4657.338900348574,-4657.261834272317,0.0,4.930785669599261,3.859357098170689,0.0,0.0,0.4082370102405548,0.0,0.0,0.0,0.1055368110537529,0.0,0.1055368110537529,0.0,502.0,0.18728895485401154,0.1055368110537529
-128.7024383544922,-4489.5595703125,9.998802185058594,0.0,147.62112603630985,0.0,4510.23080009222,-4657.92917792877,-4657.85192612853,0.0,4.884285736083984,3.812857164655413,0.0,0.0,0.4089680016040802,0.0,0.0,0.0,0.1060439795255661,0.0,0.1060439795255661,0.0,503.0,0.18616527318954468,0.1060439795255661
-128.62112426757812,-4490.23095703125,9.998502731323242,0.0,147.72354857185078,0.0,4510.90218681097,-4658.691778916223,-4658.625735382821,0.0,4.83278568812779,3.7613571166992186,0.0,0.0,0.33440399169921875,0.0,0.0,0.0,0.10588621348142624,0.0,0.10588621348142624,0.0,504.0,0.18773552775382996,0.10588621348142624
-128.72354125976562,-4490.90234375,9.99820327758789,0.0,147.82559182802436,0.0,4520.068274029243,-4667.946833620084,-4667.893865857268,0.0,4.796214253561837,3.7247856140136717,0.0,0.0,0.24729099869728088,0.0,0.0,0.0,0.10582740604877472,0.0,0.10582740604877472,0.0,505.0,0.1885432004928589,0.10582740604877472
-128.82559204101562,-4500.068359375,9.997903823852539,0.0,147.74343666348625,0.0,4525.033484334523,-4672.8258573804,-4672.776920998009,0.0,4.775785732269287,3.704357092721122,0.0,0.0,0.21376900374889374,0.0,0.0,0.0,0.11247353255748749,0.0,0.11247353255748749,0.0,506.0,0.1874818503856659,0.11247353255748749
-128.74343872070312,-4505.03369140625,9.997604370117188,0.0,147.84459960724863,0.0,4531.0326831895545,-4678.923437804331,-4678.877282796803,0.0,4.761357116699219,3.6899285452706474,0.0,0.0,0.1956239938735962,0.0,0.0,0.0,0.1120760440826416,0.0,0.1120760440826416,0.0,507.0,0.18909917771816254,0.1120760440826416
-128.8446044921875,-4511.03271484375,9.997304916381836,0.0,147.76212829140738,0.0,4539.528259015435,-4687.334505804625,-4687.290387306842,0.0,4.7490000179835725,3.6775713784354074,0.0,0.0,0.1819709986448288,0.0,0.0,0.0,0.11215230822563171,0.0,0.11215230822563171,0.0,508.0,0.18823844194412231,0.11215230822563171
-128.7621307373047,-4519.5283203125,9.997005462646484,0.0,147.86268879687375,0.0,4540.19955009222,-4688.105576919903,-4688.062238889094,0.0,4.741428593226841,3.6700000217982702,0.0,0.0,0.17693200707435608,0.0,0.0,0.0,0.11198818683624268,0.0,0.11198818683624268,0.0,509.0,0.1893893927335739,0.11198818683624268
-128.86268615722656,-4520.19970703125,9.996706008911133,0.0,147.96224911358675,0.0,4540.87093681097,-4688.877604067568,-4688.833185924557,0.0,4.75257146017892,3.681142888750349,0.0,0.0,0.18440499901771545,0.0,0.0,0.0,0.11171594262123108,0.0,0.11171594262123108,0.0,510.0,0.1893336921930313,0.11171594262123108
-128.96224975585938,-4520.87109375,9.996406555175781,0.0,147.87949190614643,0.0,4541.54232352972,-4689.415894385906,-4689.421815435867,0.0,4.786071450369699,3.714642878941127,0.20914900302886963,0.0,0.0,0.00359344482421875,0.13157887756824493,0.11167864501476288,0.0,0.0,0.11167864501476288,0.0,511.0,0.18803247809410095,0.11167864501476288
-128.87948608398438,-4521.54248046875,9.999700546264648,0.0,147.79821908248277,0.0,4542.21371024847,-4689.90125741725,-4690.011929330953,0.0,4.840285655430385,3.7688570840018136,0.3046970069408417,0.0,0.0,0.0002994537353515625,1.2296878322958946,0.10976562649011612,0.0,0.0,0.10976562649011612,0.0,512.0,0.18772779405117035,0.10976562649011612
-128.7982177734375,-4522.2138671875,9.999700546264648,0.0,147.89668037069032,0.0,4542.88509696722,-4690.546810970827,-4690.78177733791,0.0,4.9242856979370115,3.8528571265084404,0.34531301259994507,0.0,0.0,0.0002994537353515625,2.6107372045516968,0.10930025577545166,0.0,0.0,0.10930025577545166,0.0,513.0,0.18941350281238556,0.10930025577545166
-128.8966827392578,-4522.88525390625,9.999700546264648,0.0,147.90164414447182,0.0,4543.55648368597,-4691.096895378995,-4691.458127830442,0.0,5.019642911638532,3.9482143402099608,0.3511449992656708,0.0,0.0,0.0002994537353515625,4.013693585991859,0.10936234891414642,0.0,0.0,0.10936234891414642,0.0,514.0,0.18953512609004974,0.10936234891414642
-128.90164184570312,-4523.556640625,9.999700546264648,0.0,147.9067082649226,0.0,4553.424217299311,-4700.908335007138,-4701.330925564233,0.0,5.087642887660435,4.0162143162318635,0.3517889976501465,0.0,0.0,0.0002994537353515625,4.695450261235237,0.10906128585338593,0.0,0.0,0.10906128585338593,0.0,515.0,0.19042092561721802,0.10906128585338593
-128.90670776367188,-4533.42431640625,9.999700546264648,0.0,147.82196607120284,0.0,4554.09554618597,-4701.105306128014,-4701.917512257173,0.0,5.133857127598354,4.062428556169783,0.34043800830841064,0.0,0.0,0.0002994537353515625,4.512255914509296,0.10600637644529343,0.0,0.0,0.10600637644529343,0.0,516.0,0.18847256898880005,0.10600637644529343
-128.82196044921875,-4534.095703125,9.999700546264648,0.0,147.91941778394582,0.0,4554.76693290472,-4701.825505300922,-4702.686350688666,0.0,5.1789999825613835,4.107571411132812,0.35224100947380066,0.0,0.0,0.0002994537353515625,4.782473996281624,0.10518507659435272,0.0,0.0,0.10518507659435272,0.0,517.0,0.18976391851902008,0.10518507659435272
-128.91941833496094,-4534.76708984375,9.999700546264648,0.0,147.83426615893472,0.0,4566.8074371092935,-4713.9640050542575,-4714.641703268228,0.0,5.2058570861816404,4.134428514753069,0.5212230086326599,0.0,0.0,0.0002994537353515625,3.7649897783994675,0.10438783466815948,0.0,0.0,0.10438783466815948,0.0,518.0,0.18850067257881165,0.10438783466815948
-128.83425903320312,-4546.8076171875,9.999700546264648,0.0,147.74811149104224,0.0,4567.47884696722,-4714.525468058704,-4715.226958458263,0.0,5.220214244297573,4.148785672869002,0.3500570058822632,0.0,0.0,0.0002994537353515625,3.8971685767173767,0.10537439584732056,0.0,0.0,0.10537439584732056,0.0,519.0,0.18842682242393494,0.10537439584732056
-128.74810791015625,-4547.47900390625,9.999700546264648,0.0,147.6614911298401,0.0,4568.15023368597,-4715.282236914124,-4715.8117248158105,0.0,5.2111428941999165,4.139714322771345,0.36090201139450073,0.0,0.0,0.0002994537353515625,2.9415992200374603,0.10484901070594788,0.0,0.0,0.10484901070594788,0.0,520.0,0.18780985474586487,0.10484901070594788
-128.66148376464844,-4548.150390625,9.999700546264648,0.0,147.75877868075503,0.0,4568.82162040472,-4716.2492491219455,-4716.580399085476,0.0,5.1931428364345,4.121714265005929,0.35043901205062866,0.0,0.0,0.0002994537353515625,1.8397218734025955,0.10378961265087128,0.0,0.0,0.10378961265087128,0.0,521.0,0.18818342685699463,0.10378961265087128
-128.75877380371094,-4548.82177734375,9.999700546264648,0.0,147.67230657748235,0.0,4569.49300712347,-4717.1311081230215,-4717.1653137009525,0.0,5.155428559439523,4.083999988010952,0.42738398909568787,0.0,0.0,0.0002994537353515625,0.38006194680929184,0.10710460692644119,0.0,0.0,0.10710460692644119,0.0,522.0,0.1875562220811844,0.10710460692644119
-128.67230224609375,-4549.4931640625,9.999700546264648,0.0,147.58771187788602,0.0,4570.16439384222,-4717.86047537734,-4717.752105720107,0.0,5.117214284624372,4.045785713195801,0.2992500066757202,0.0,0.2550770044326782,0.0,0.0,0.0,0.10615517199039459,0.0,0.10615517199039459,0.0,523.0,0.18717384338378906,0.10615517199039459
-128.58770751953125,-4550.16455078125,9.999401092529297,0.0,147.68352870449823,0.0,4570.83578056097,-4718.602150353658,-4718.519309265468,0.0,5.091285651070731,4.0198570796421595,0.059849999845027924,0.0,0.44514200091362,0.0,0.0,0.0,0.10713189840316772,0.0,0.10713189840316772,0.0,524.0,0.18932315707206726,0.10713189840316772
-128.68353271484375,-4550.8359375,9.999101638793945,0.0,147.59735716789174,0.0,4579.031307695788,-4726.708956600389,-4726.62866486368,0.0,5.0615714754377095,3.990142904009138,0.0,0.0,0.4278999865055084,0.0,0.0,0.0,0.10737823694944382,0.0,0.10737823694944382,0.0,525.0,0.18868383765220642,0.10737823694944382
-128.59735107421875,-4559.03125,9.998802185058594,0.0,147.51363888262063,0.0,4579.70247977972,-4727.293482651564,-4727.216118662341,0.0,5.028642872401646,3.9572143009730745,0.0,0.0,0.4082370102405548,0.0,0.0,0.0,0.10752289742231369,0.0,0.10752289742231369,0.0,526.0,0.18882595002651215,0.10752289742231369
-128.51364135742188,-4559.70263671875,9.998502731323242,0.0,147.61259037845414,0.0,4580.37386649847,-4728.063847946401,-4727.986456876924,0.0,5.000071471078055,3.9286428996494838,0.0,0.0,0.4089680016040802,0.0,0.0,0.0,0.10697244107723236,0.0,0.10697244107723236,0.0,527.0,0.19017824530601501,0.10697244107723236
-128.6125946044922,-4560.3740234375,9.99820327758789,0.0,147.71188011665848,0.0,4581.04525321722,-4728.82336427435,-4728.757133333879,0.0,4.971714237758091,3.90028566632952,0.0,0.0,0.33440399169921875,0.0,0.0,0.0,0.1071355938911438,0.0,0.1071355938911438,0.0,528.0,0.1904069483280182,0.1071355938911438
-128.71188354492188,-4561.04541015625,9.997903823852539,0.0,147.62947013463756,0.0,4581.71663993597,-4729.399352281533,-4729.346110070608,0.0,4.942571449279785,3.871142877851214,0.0,0.0,0.24729099869728088,0.0,0.0,0.0,0.1076570600271225,0.0,0.1076570600271225,0.0,529.0,0.18978551030158997,0.1076570600271225
-128.6294708251953,-4561.716796875,9.997604370117188,0.0,147.54400446749307,0.0,4582.38802665472,-4729.981168849102,-4729.932031122214,0.0,4.913285745893206,3.8418571744646344,0.0,0.0,0.21376900374889374,0.0,0.0,0.0,0.11381582915782928,0.0,0.11381582915782928,0.0,530.0,0.18934108316898346,0.11381582915782928
-128.54400634765625,-4562.38818359375,9.997304916381836,0.0,147.45912743514467,0.0,4583.05941337347,-4730.56492376592,-4730.518540808615,0.0,4.88835710797991,3.8169285365513392,0.0,0.0,0.1956239938735962,0.0,0.0,0.0,0.11359570920467377,0.0,0.11359570920467377,0.0,531.0,0.18943557143211365,0.11359570920467377
-128.45912170410156,-4563.0595703125,9.997005462646484,0.0,147.5569546618044,0.0,4583.73080009222,-4731.332019793186,-4731.287754754025,0.0,4.853928511483328,3.782499940054757,0.0,0.0,0.1819709986448288,0.0,0.0,0.0,0.11312925070524216,0.0,0.11312925070524216,0.0,532.0,0.19083166122436523,0.11312925070524216
-128.5569610595703,-4563.73095703125,9.996706008911133,0.0,147.47309145594838,0.0,4623.081035391904,-4770.59748877938,-4770.554126847853,0.0,4.8308570861816404,3.7594285147530693,0.0,0.0,0.17693200707435608,0.0,0.0,0.0,0.11214752495288849,0.0,0.11214752495288849,0.0,533.0,0.19228661060333252,0.11214752495288849
-128.4730987548828,-4603.0810546875,9.996406555175781,0.0,147.57152981875146,0.0,4623.75228446722,-4771.3684567734235,-4771.323814285972,0.0,4.815214238848005,3.7437856674194334,0.0,0.0,0.18440499901771545,0.0,0.0,0.0,0.11321157217025757,0.0,0.11321157217025757,0.0,534.0,0.19261212646961212,0.11321157217025757
-128.571533203125,-4603.75244140625,9.99610710144043,0.0,147.48790648019633,0.0,4629.499549367818,-4776.9839601857475,-4776.987455848014,0.0,4.839142881120954,3.7677143096923826,0.20914900302886963,0.0,0.0,0.0038928985595703125,0.07768137753009796,0.11302672326564789,0.0,0.0,0.11302672326564789,0.0,535.0,0.1917075216770172,0.11302672326564789
-128.48789978027344,-4609.49951171875,9.999700546264648,0.0,147.77003548653644,0.0,4635.235112689269,-4782.940465178117,-4783.0051481758055,0.0,4.873571477617536,3.8021429061889647,0.3046970069408417,0.0,0.0,0.0002994537353515625,0.7186999171972275,0.11060358583927155,0.0,0.0,0.11060358583927155,0.0,536.0,0.19369764626026154,0.11060358583927155
-128.77003479003906,-4615.2353515625,9.999700546264648,0.0,147.68564218047018,0.0,4635.90658134222,-4783.492331936942,-4783.592223522691,0.0,4.911214229038784,3.839785657610212,0.34531301259994507,0.0,0.0,0.0002994537353515625,1.1099064201116562,0.11103107035160065,0.0,0.0,0.11103107035160065,0.0,537.0,0.19134704768657684,0.11103107035160065
-128.68563842773438,-4615.90673828125,9.999700546264648,0.0,147.6003336297634,0.0,4636.57796806097,-4784.017696412174,-4784.178301690734,0.0,4.946214348929269,3.8747857775006977,0.3511449992656708,0.0,0.0,0.0002994537353515625,1.7845029532909393,0.11080244183540344,0.0,0.0,0.11080244183540344,0.0,538.0,0.19156990945339203,0.11080244183540344
-128.60032653808594,-4616.578125,9.999700546264648,0.0,147.6351014289803,0.0,4637.24935477972,-4784.636584767426,-4784.884456208701,0.0,4.9755714416503904,3.9041428702218193,0.3517889976501465,0.0,0.0,0.0002994537353515625,2.7541269063949585,0.11048448085784912,0.0,0.0,0.11048448085784912,0.0,539.0,0.19284789264202118,0.11048448085784912
-128.63510131835938,-4617.24951171875,9.999700546264648,0.0,147.54979752784334,0.0,4637.92074149847,-4784.79641433579,-4785.470539026313,0.0,5.005000059945242,3.9335714885166713,0.34043800830841064,0.0,0.0,0.0002994537353515625,3.745136871933937,0.10742555558681488,0.0,0.0,0.10742555558681488,0.0,540.0,0.19153477251529694,0.10742555558681488
-128.5498046875,-4617.9208984375,9.999700546264648,0.0,147.46386475953952,0.0,4652.242774591879,-4798.878980090874,-4799.706639351419,0.0,5.033571461268833,3.962142889840262,0.362868994474411,0.0,0.0,0.0002994537353515625,4.598106637597084,0.10697530210018158,0.0,0.0,0.10697530210018158,0.0,541.0,0.19294804334640503,0.10697530210018158
-128.4638671875,-4632.24267578125,9.999700546264648,0.0,147.37669570582395,0.0,4652.91390556097,-4799.2729823965465,-4800.2906012667945,0.0,5.066214234488351,3.99478566305978,0.36559998989105225,0.0,0.0,0.0002994537353515625,5.653437718749046,0.10721243917942047,0.0,0.0,0.10721243917942047,0.0,542.0,0.19348841905593872,0.10721243917942047
-128.37669372558594,-4632.9140625,9.999700546264648,0.0,147.2914531846602,0.0,4662.92721892879,-4809.085366096464,-4810.21867211345,0.0,5.090285655430385,4.018857084001814,0.682204008102417,0.0,0.0,0.0002994537353515625,6.296144038438797,0.10550257563591003,0.0,0.0,0.10550257563591003,0.0,543.0,0.19442600011825562,0.10550257563591003
-128.2914581298828,-4642.92724609375,9.999700546264648,0.0,147.20433590161997,0.0,4674.933111823012,-4821.085908906925,-4822.137447724632,0.0,5.073785727364676,4.002357155936105,0.5920140147209167,0.0,0.0,0.0002994537353515625,5.8418818563222885,0.10560454428195953,0.0,0.0,0.10560454428195953,0.0,544.0,0.1946941316127777,0.10560454428195953
-128.20433044433594,-4654.93310546875,9.999700546264648,0.0,147.1176447550751,0.0,4683.128705998686,-4829.404718572524,-4830.246350753761,0.0,5.0098571232386995,3.9384285518101283,0.35043901205062866,0.0,0.0,0.0002994537353515625,4.675733968615532,0.10637719929218292,0.0,0.0,0.10637719929218292,0.0,545.0,0.19434906542301178,0.10637719929218292
-128.11764526367188,-4663.12890625,9.999700546264648,0.0,147.03065799830622,0.0,4683.80013602972,-4830.577700985879,-4830.8307940280265,0.0,4.911071450369699,3.8396428789411274,0.42738398909568787,0.0,0.0,0.0002994537353515625,2.8121446892619133,0.1089220717549324,0.0,0.0,0.1089220717549324,0.0,546.0,0.1944650262594223,0.1089220717549324
-128.03065490722656,-4663.80029296875,9.999700546264648,0.0,146.94733872945875,0.0,4684.47152274847,-4831.347997827966,-4831.418861477929,0.0,4.804285676138742,3.73285710471017,0.5543270111083984,0.0,0.0,0.0002994537353515625,0.7873738259077072,0.10769970715045929,0.0,0.0,0.10769970715045929,0.0,547.0,0.19357217848300934,0.10769970715045929
-127.94734191894531,-4664.4716796875,9.999700546264648,0.0,146.86402363160363,0.0,4685.14290946722,-4832.054270502363,-4832.0069330988235,0.0,4.688071400778634,3.6166427612304686,0.29829999804496765,0.0,0.20669201016426086,0.0,0.0,0.0,0.10889066755771637,0.0,0.10889066755771637,0.0,548.0,0.19424495100975037,0.10889066755771637
-127.86402130126953,-4665.14306640625,9.999401092529297,0.0,146.78317809649997,0.0,4685.81429618597,-4832.6779854518245,-4832.59747428247,0.0,4.570714351109096,3.4992857796805246,0.0,0.0,0.4278999865055084,0.0,0.0,0.0,0.10884112119674683,0.0,0.10884112119674683,0.0,549.0,0.19461925327777863,0.10884112119674683
-127.7831802368164,-4665.814453125,9.999101638793945,0.0,146.70507252718573,0.0,4686.48568290472,-4833.268283564505,-4833.190755431906,0.0,4.476142828805106,3.4047142573765345,0.0,0.0,0.4082370102405548,0.0,0.0,0.0,0.10861718654632568,0.0,0.10861718654632568,0.0,550.0,0.19505758583545685,0.10861718654632568
-127.70507049560547,-4666.48583984375,9.998802185058594,0.0,146.81217109100984,0.0,4687.15706962347,-4834.046788025992,-4833.96924071448,0.0,4.384642955235073,3.313214383806501,0.0,0.0,0.4089680016040802,0.0,0.0,0.0,0.1080140545964241,0.0,0.1080140545964241,0.0,551.0,0.1965305358171463,0.1080140545964241
-127.81217193603516,-4667.1572265625,9.998502731323242,0.0,146.92036831314599,0.0,4687.82845634222,-4834.815207598863,-4834.748824655367,0.0,4.312357166835239,3.2409285954066687,0.0,0.0,0.33440399169921875,0.0,0.0,0.0,0.10814894735813141,0.0,0.10814894735813141,0.0,552.0,0.19697614014148712,0.10814894735813141
-127.92037200927734,-4667.82861328125,9.99820327758789,0.0,146.84753664706,0.0,4696.944086093462,-4843.844971279804,-4843.791622740522,0.0,4.257999910627093,3.186571339198521,0.0,0.0,0.24729099869728088,0.0,0.0,0.0,0.10836591571569443,0.0,0.10836591571569443,0.0,553.0,0.19670873880386353,0.10836591571569443
-127.8475341796875,-4676.94384765625,9.997903823852539,0.0,146.95417419895944,0.0,4697.61507743597,-4844.618548185479,-4844.56925163493,0.0,4.210071509225028,3.1386429377964564,0.0,0.0,0.21376900374889374,0.0,0.0,0.0,0.11487465351819992,0.0,0.11487465351819992,0.0,554.0,0.19785314798355103,0.11487465351819992
-127.95417785644531,-4677.615234375,9.997604370117188,0.0,146.87970339146483,0.0,4698.28646415472,-4845.212739833927,-4845.1661675461855,0.0,4.172071402413504,3.100642830984933,0.0,0.0,0.1956239938735962,0.0,0.0,0.0,0.11485791206359863,0.0,0.11485791206359863,0.0,555.0,0.19669051468372345,0.11485791206359863
-127.87969970703125,-4678.28662109375,9.997304916381836,0.0,146.8060791159012,0.0,4712.295263383223,-4859.145777114252,-4859.101342499124,0.0,4.144214303152902,3.07278573172433,0.0,0.0,0.1819709986448288,0.0,0.0,0.0,0.1142597571015358,0.0,0.1142597571015358,0.0,556.0,0.19761864840984344,0.1142597571015358
-127.80607604980469,-4692.29541015625,9.997005462646484,0.0,146.91493384895654,0.0,4730.360696309194,-4877.319240173905,-4877.275630158151,0.0,4.119714273725237,3.0482855660574777,0.0,0.0,0.17693200707435608,0.0,0.0,0.0,0.11380141973495483,0.0,0.11380141973495483,0.0,557.0,0.1998760998249054,0.11380141973495483
-127.91493225097656,-4710.36083984375,9.996706008911133,0.0,146.84191691702935,0.0,4731.03206962347,-4877.918824701813,-4877.8739865405,0.0,4.100000054495675,3.0285714830671036,0.0,0.0,0.18440499901771545,0.0,0.0,0.0,0.11451606452465057,0.0,0.11451606452465057,0.0,558.0,0.19830462336540222,0.11451606452465057
-127.8419189453125,-4711.0322265625,9.996406555175781,0.0,146.76937708953693,0.0,4731.70345634222,-4878.464503140331,-4878.472833431757,0.0,4.142714309692383,3.0712857382638115,0.20914900302886963,0.0,0.0,0.00359344482421875,0.18511757254600525,0.11418995261192322,0.0,0.0,0.11418995261192322,0.0,559.0,0.1982969045639038,0.11418995261192322
-127.76937866210938,-4711.70361328125,9.999700546264648,0.0,147.06016355632073,0.0,4732.37484306097,-4879.282885711008,-4879.435006617291,0.0,4.243499973842075,3.1720714024135046,0.3046970069408417,0.0,0.0,0.0002994537353515625,1.6902321577072144,0.11187136173248291,0.0,0.0,0.11187136173248291,0.0,560.0,0.20014812052249908,0.11187136173248291
-128.06016540527344,-4712.375,9.999700546264648,0.0,146.98662061236084,0.0,4733.04622977972,-4879.7012076054625,-4880.032850392081,0.0,4.327071407863071,3.2556427001953123,0.34531301259994507,0.0,0.0,0.0002994537353515625,3.684919558465481,0.11241797357797623,0.0,0.0,0.11241797357797623,0.0,561.0,0.19835108518600464,0.11241797357797623
-127.98661804199219,-4713.04638671875,9.999700546264648,0.0,147.00312601796765,0.0,4733.71761649847,-4880.295808244919,-4880.720742516438,0.0,4.387357112339565,3.3159285409109933,0.3511449992656708,0.0,0.0,0.0002994537353515625,4.721491530537605,0.11216430366039276,0.0,0.0,0.11216430366039276,0.0,562.0,0.1994042545557022,0.11216430366039276
-128.0031280517578,-4713.7177734375,9.999700546264648,0.0,147.0163054178017,0.0,4734.38900321722,-4880.991948509382,-4881.405308635022,0.0,4.416142817905971,3.3447142464773996,0.3517889976501465,0.0,0.0,0.0002994537353515625,4.592889919877052,0.11187158524990082,0.0,0.0,0.11187158524990082,0.0,563.0,0.19929717481136322,0.11187158524990082
-128.0163116455078,-4714.38916015625,9.999700546264648,0.0,146.93960742330975,0.0,4735.06038993597,-4881.035075362892,-4881.99999735928,0.0,4.447571427481515,3.3761429922921318,0.34043800830841064,0.0,0.0,0.0002994537353515625,5.36067733168602,0.10878553986549377,0.0,0.0,0.10878553986549377,0.0,564.0,0.19801853597164154,0.10878553986549377
-127.93960571289062,-4715.060546875,9.999700546264648,0.0,146.86236480528765,0.0,4791.131018812317,-4936.894097412092,-4937.993383617605,0.0,4.482714189801897,3.411285618373326,0.35224100947380066,0.0,0.0,0.0002994537353515625,6.1071451008319855,0.1076643168926239,0.0,0.0,0.1076643168926239,0.0,565.0,0.20194758474826813,0.1076643168926239
-127.86236572265625,-4771.130859375,9.999700546264648,0.0,146.84447585930343,0.0,4791.80208915472,-4937.449380344276,-4938.6465650140235,0.0,4.513857105800083,3.4424285343715124,0.36559998989105225,0.0,0.0,0.0002994537353515625,6.651025414466858,0.10902488231658936,0.0,0.0,0.10902488231658936,0.0,566.0,0.2013625055551529,0.10902488231658936
-127.84447479248047,-4771.80224609375,9.999700546264648,0.0,146.7651134993107,0.0,4797.960376482606,-4943.496927050315,-4944.725489981916,0.0,4.54071420942034,3.469285637991769,0.3500570058822632,0.0,0.0,0.0002994537353515625,6.825349077582359,0.10889460146427155,0.0,0.0,0.10889460146427155,0.0,567.0,0.20142510533332825,0.10889460146427155
-127.7651138305664,-4777.96044921875,9.999700546264648,0.0,146.6842569365594,0.0,4802.242703445523,-4947.766815264927,-4948.926960382082,0.0,4.54957139151437,3.478142820085798,0.36090201139450073,0.0,0.0,0.0002994537353515625,6.445250138640404,0.10859812796115875,0.0,0.0,0.10859812796115875,0.0,568.0,0.2012111246585846,0.10859812796115875
-127.68425750732422,-4782.24267578125,9.999700546264648,0.0,146.6041830200947,0.0,4802.91390556097,-4948.647183556882,-4949.518088581065,0.0,4.521999985831124,3.450571550641741,0.35043901205062866,0.0,0.0,0.0002994537353515625,4.838360860943794,0.10810081660747528,0.0,0.0,0.10810081660747528,0.0,569.0,0.2002095878124237,0.10810081660747528
-127.60417938232422,-4782.9140625,9.999700546264648,0.0,146.52333156679845,0.0,4803.58529227972,-4949.855670337589,-4950.108623846519,0.0,4.471571459089007,3.400142887660435,0.42738398909568787,0.0,0.0,0.0002994537353515625,2.810594320297241,0.11047244071960449,0.0,0.0,0.11047244071960449,0.0,570.0,0.2006639689207077,0.11047244071960449
-127.52333068847656,-4783.58544921875,9.999700546264648,0.0,146.4453138904073,0.0,4851.258969210514,-4997.637400921665,-4997.704283100921,0.0,4.38950001852853,3.3180713108607702,0.5543270111083984,0.0,0.0,0.0002994537353515625,0.7431352660059929,0.10823828727006912,0.0,0.0,0.10823828727006912,0.0,571.0,0.20252782106399536,0.10823828727006912
-127.4453125,-4831.2587890625,9.999700546264648,0.0,146.36765558299976,0.0,4865.679469992945,-5012.096891625966,-5012.047125575945,0.0,4.2651429312569755,3.193714359828404,0.28404998779296875,0.0,0.22094202041625977,0.0,0.0,0.0,0.11083163321018219,0.0,0.11083163321018219,0.0,572.0,0.20331132411956787,0.11083163321018219
-127.3676528930664,-4845.6796875,9.999401092529297,0.0,146.2916742936963,0.0,4866.35091727972,-5012.723479437807,-5012.642591573416,0.0,4.1447143009730745,3.0732857295445033,0.0,0.0,0.4278999865055084,0.0,0.0,0.0,0.11135242134332657,0.0,0.11135242134332657,0.0,573.0,0.2035885751247406,0.11135242134332657
-127.29167175292969,-4846.35107421875,9.999101638793945,0.0,146.2167831871473,0.0,4867.02230399847,-5013.3169909772505,-5013.239087185618,0.0,4.087928581237793,3.0164998735700332,0.0,0.0,0.4082370102405548,0.0,0.0,0.0,0.11112158000469208,0.0,0.11112158000469208,0.0,574.0,0.20389427244663239,0.11112158000469208
-127.21678161621094,-4847.0224609375,9.998802185058594,0.0,146.14348452328034,0.0,4867.69369071722,-5013.915144893778,-5013.837175240501,0.0,4.065285764421736,2.993857192993164,0.0,0.0,0.4089680016040802,0.0,0.0,0.0,0.1108296662569046,0.0,0.1108296662569046,0.0,575.0,0.2040698230266571,0.1108296662569046
-127.14348602294922,-4847.69384765625,9.998502731323242,0.0,146.16208321402587,0.0,4877.436038536629,-5023.664863925772,-5023.598121750655,0.0,4.047785704476492,2.976357269287109,0.0,0.0,0.33440399169921875,0.0,0.0,0.0,0.11054382473230362,0.0,0.11054382473230362,0.0,576.0,0.2053614854812622,0.11054382473230362
-127.1620864868164,-4857.43603515625,9.99820327758789,0.0,146.0898504971646,0.0,4885.094268406157,-5031.237867517564,-5031.184118903322,0.0,4.057999965122768,2.9865713936941964,0.0,0.0,0.24729099869728088,0.0,0.0,0.0,0.11103308200836182,0.0,0.11103308200836182,0.0,577.0,0.20536336302757263,0.11103308200836182
-127.08985137939453,-4865.09423828125,9.997903823852539,0.0,146.01423987216072,0.0,4885.76546806097,-5031.8295026224405,-5031.779707933131,0.0,4.061071477617537,2.9896427699497767,0.0,0.0,0.21376900374889374,0.0,0.0,0.0,0.11819557845592499,0.0,0.11819557845592499,0.0,578.0,0.20437254011631012,0.11819557845592499
-127.01423645019531,-4865.765625,9.997604370117188,0.0,146.1221369475981,0.0,4886.43685477972,-5032.60599600272,-5032.558991727318,0.0,4.036785752432687,2.9653570447649273,0.0,0.0,0.1956239938735962,0.0,0.0,0.0,0.11773782968521118,0.0,0.11773782968521118,0.0,579.0,0.2058672308921814,0.11773782968521118
-127.12213897705078,-4866.43701171875,9.997304916381836,0.0,146.23160705478915,0.0,4887.10824149847,-5033.384767791049,-5033.33984855326,0.0,4.013571412222726,2.9421427045549664,0.0,0.0,0.1819709986448288,0.0,0.0,0.0,0.11749057471752167,0.0,0.11749057471752167,0.0,580.0,0.20601177215576172,0.11749057471752167
-127.23160552978516,-4867.1083984375,9.997005462646484,0.0,146.15818133727802,0.0,4887.77962821722,-5033.981963980473,-5033.937809554498,0.0,4.021785681588309,2.9503571101597377,0.0,0.0,0.17693200707435608,0.0,0.0,0.0,0.11743082106113434,0.0,0.11743082106113434,0.0,581.0,0.20479747653007507,0.11743082106113434
-127.1581802368164,-4867.77978515625,9.996706008911133,0.0,146.63159703620065,0.0,4888.45101493597,-5035.127742028244,-5035.0826119721705,0.0,4.027571487426758,2.9561429159981865,0.0,0.0,0.18440499901771545,0.0,0.0,0.0,0.11646202951669693,0.0,0.11646202951669693,0.0,582.0,0.20860795676708221,0.11646202951669693
-127.63159942626953,-4868.451171875,9.996406555175781,0.0,146.55955312540485,0.0,4889.12240165472,-5035.680753475609,-5035.681954780125,0.0,4.078785705566406,3.007357134137835,0.20914900302886963,0.0,0.0,0.00359344482421875,0.026695653796195984,0.11681188642978668,0.0,0.0,0.11681188642978668,0.0,583.0,0.20485886931419373,0.11681188642978668
-127.55955505371094,-4869.12255859375,9.999700546264648,0.0,146.72913858396223,0.0,4889.79378837347,-5036.465281180231,-5036.522926957433,0.0,4.1252857753208705,3.053857203892299,0.3123930096626282,0.0,0.0,0.0002994537353515625,0.6405085846781731,0.11459887772798538,0.0,0.0,0.11459887772798538,0.0,584.0,0.20579341053962708,0.11459887772798538
-127.72914123535156,-4869.7939453125,9.999700546264648,0.0,146.79119902629282,0.0,4919.423618582803,-5066.116333864009,-5066.214817609096,0.0,4.1583571570260185,3.086928449358259,0.411747008562088,0.0,0.0,0.0002994537353515625,1.0942637473344803,0.11343984305858612,0.0,0.0,0.11343984305858612,0.0,585.0,0.20691044628620148,0.11343984305858612
-127.79119873046875,-4899.423828125,9.999700546264648,0.0,146.76033565098524,0.0,4944.961244329019,-5091.55548590224,-5091.721579980004,0.0,4.1927857535226005,3.121357182094029,0.4037260115146637,0.0,0.0,0.0002994537353515625,1.8454896062612534,0.11408473551273346,0.0,0.0,0.11408473551273346,0.0,586.0,0.20753297209739685,0.11408473551273346
-127.76033782958984,-4924.96142578125,9.999700546264648,0.0,146.6821562515886,0.0,5051.117666019862,-5197.607545230291,-5197.7998222714505,0.0,4.21821425301688,3.1467856815883093,0.4265429973602295,0.0,0.0,0.0002994537353515625,2.1364113986492157,0.11289599537849426,0.0,0.0,0.11289599537849426,0.0,587.0,0.2126135528087616,0.11289599537849426
-127.68215942382812,-5031.11767578125,9.999700546264648,0.0,146.6059528652474,0.0,5074.897161195448,-5221.163718849206,-5221.503114060695,0.0,4.238142776489258,3.1667142050606865,1.0891540050506592,0.0,0.0,0.0002994537353515625,1.885528802871704,0.10966777801513672,0.0,0.0,0.10966777801513672,0.0,588.0,0.2115740031003952,0.10966777801513672
-127.60594940185547,-5054.89697265625,9.999700546264648,0.0,146.52745891077507,0.0,5087.219063736593,-5233.2707312065,-5233.746522647368,0.0,4.257499912806919,3.1860713413783484,0.5168290138244629,0.0,0.0,0.0002994537353515625,2.643285572528839,0.11233586072921753,0.0,0.0,0.11233586072921753,0.0,589.0,0.21244961023330688,0.11233586072921753
-127.52745819091797,-5067.21923828125,9.999700546264648,0.0,146.44799233599124,0.0,5087.89046806097,-5233.72836729743,-5234.338460396962,0.0,4.286428669520786,3.2150000980922155,0.36559998989105225,0.0,0.0,0.0002994537353515625,3.3894058391451836,0.11309469491243362,0.0,0.0,0.11309469491243362,0.0,590.0,0.21245227754116058,0.11309469491243362
-127.44799041748047,-5067.890625,9.999700546264648,0.0,146.3680821815566,0.0,5088.56185477972,-5234.1520176695885,-5234.929936961277,0.0,4.315357153756278,3.2439285823277064,0.3500570058822632,0.0,0.0,0.0002994537353515625,4.321773499250412,0.11301997303962708,0.0,0.0,0.11301997303962708,0.0,591.0,0.21273119747638702,0.11301997303962708
-127.36808013916016,-5068.56201171875,9.999700546264648,0.0,146.28870702695306,0.0,5108.566079261105,-5254.126174263186,-5254.854786288059,0.0,4.3223571232386995,3.2509285518101283,0.44734498858451843,0.0,0.0,0.0002994537353515625,4.047844260931015,0.11201158165931702,0.0,0.0,0.11201158165931702,0.0,592.0,0.21373671293258667,0.11201158165931702
-127.28870391845703,-5088.56591796875,9.999700546264648,0.0,146.20981516577302,0.0,5120.064487312537,-5265.750897078816,-5266.274302478309,0.0,4.299500002179827,3.2280714307512555,0.4541870057582855,0.0,0.0,0.0002994537353515625,2.907807543873787,0.11185602843761444,0.0,0.0,0.11185602843761444,0.0,593.0,0.21379470825195312,0.11185602843761444
-127.2098159790039,-5100.064453125,9.999700546264648,0.0,146.12935712715455,0.0,5120.73568290472,-5266.704019629804,-5266.865040031875,0.0,4.256285749162947,3.184857177734375,0.42738398909568787,0.0,0.0,0.0002994537353515625,1.7891154363751411,0.11545097082853317,0.0,0.0,0.11545097082853317,0.0,594.0,0.2139969766139984,0.11545097082853317
-127.12935638427734,-5100.73583984375,9.999700546264648,0.0,146.05031168014304,0.0,5121.40706962347,-5267.416889139553,-5267.457381303613,0.0,4.207071386064802,3.1356429508754187,0.5543270111083984,0.0,0.0,0.0002994537353515625,0.4499128982424736,0.11456061154603958,0.0,0.0,0.11456061154603958,0.0,595.0,0.21369746327400208,0.11456061154603958
-127.05030822753906,-5101.4072265625,9.999700546264648,0.0,145.97164476259832,0.0,5137.688211809247,-5283.717993727245,-5283.659856571845,0.0,4.156642859322684,3.0852142878941127,0.23274999856948853,0.0,0.27224200963974,0.0,0.0,0.0,0.1153390109539032,0.0,0.1153390109539032,0.0,596.0,0.2149231880903244,0.1153390109539032
-126.97164154052734,-5117.68798828125,9.999401092529297,0.0,145.8935297496929,0.0,5138.35921806097,-5284.334303928458,-5284.252747810663,0.0,4.108071408952986,3.036642837524414,0.0,0.0,0.4278999865055084,0.0,0.0,0.0,0.115807443857193,0.0,0.115807443857193,0.0,597.0,0.2150271087884903,0.115807443857193
-126.8935317993164,-5118.359375,9.999101638793945,0.0,145.8158305329931,0.0,5139.03060477972,-5284.9250044397295,-5284.846435312714,0.0,4.0932856423514234,3.0218570709228514,0.0,0.0,0.4082370102405548,0.0,0.0,0.0,0.11555714905261993,0.0,0.11555714905261993,0.0,598.0,0.2151794284582138,0.11555714905261993
-126.81583404541016,-5119.03076171875,9.998802185058594,0.0,145.7395957184779,0.0,5159.802791886459,-5305.665110479553,-5305.542387604937,0.0,4.076428495134627,3.0049999237060545,0.0,0.0,0.704509973526001,0.0,0.0,0.0,0.11364249140024185,0.0,0.11364249140024185,0.0,599.0,0.21588711440563202,0.11364249140024185
-126.73959350585938,-5139.802734375,9.998502731323242,0.0,145.66317076622718,0.0,5169.8673456233955,-5315.643315986794,-5315.530516389623,0.0,4.0667143685477125,2.9952857971191404,0.0,0.0,0.637781023979187,0.0,0.0,0.0,0.11421626061201096,0.0,0.11421626061201096,0.0,600.0,0.21630729734897614,0.11421626061201096
-126.66316986083984,-5149.8671875,9.99820327758789,0.0,145.67921089132432,0.0,5170.53841727972,-5316.272084248117,-5316.217628171044,0.0,4.071428516932896,2.999999945504325,0.0,0.0,0.24729099869728088,0.0,0.0,0.0,0.11574950069189072,0.0,0.11574950069189072,0.0,601.0,0.2170359492301941,0.11574950069189072
-126.67921447753906,-5150.53857421875,9.997903823852539,0.0,145.5816737980681,0.0,5171.20980399847,-5316.838527381158,-5316.791477796538,0.0,4.88721433367048,3.8157857622419087,0.0,0.0,0.18981599807739258,0.0,0.0,0.0,0.12384788691997528,0.0,0.12384788691997528,0.0,602.0,0.21237702667713165,0.12384788691997528
-126.58167266845703,-5151.2099609375,9.997604370117188,0.0,145.4856255822655,0.0,5179.402492822181,-5324.932587610013,-5324.888118404446,0.0,4.821785736083984,3.750357164655413,0.0,0.0,0.17299799621105194,0.0,0.0,0.0,0.12346336245536804,0.0,0.12346336245536804,0.0,603.0,0.2131551057100296,0.12346336245536804
-126.48562622070312,-5159.40234375,9.997304916381836,0.0,145.3911446039744,0.0,5180.07357352972,-5325.5072845957575,-5325.464718133695,0.0,4.741285746438162,3.669857243129185,0.0,0.0,0.16041800379753113,0.0,0.0,0.0,0.12335839867591858,0.0,0.12335839867591858,0.0,604.0,0.21324490010738373,0.12335839867591858
-126.39114379882812,-5160.07373046875,9.997005462646484,0.0,145.29795973753247,0.0,5180.74496024847,-5326.084778581786,-5326.042919986003,0.0,4.684000028882708,3.6125713893345424,0.0,0.0,0.15603700280189514,0.0,0.0,0.0,0.12302029132843018,0.0,0.12302029132843018,0.0,605.0,0.21349184215068817,0.12302029132843018
-126.29795837402344,-5160.7451171875,9.996706008911133,0.0,145.20547905630866,0.0,5181.41634696722,-5326.660007339664,-5326.621826023529,0.0,4.659071459089007,3.587642887660435,0.030400000512599945,0.0,0.1318719983100891,0.0,0.0,0.0,0.12267009913921356,0.0,0.12267009913921356,0.0,606.0,0.2136717140674591,0.12267009913921356
-126.20548248291016,-5161.41650390625,9.996406555175781,0.0,145.11271247193815,0.0,5182.08773368597,-5327.185336154846,-5327.200446157908,0.0,4.687071405138288,3.6156427655901227,0.18522800505161285,0.0,0.0,0.00359344482421875,0.33577781915664673,0.12235075235366821,0.0,0.0,0.12235075235366821,0.0,607.0,0.21389086544513702,0.12235075235366821
-126.11270904541016,-5162.087890625,9.999700546264648,0.0,145.01998591706175,0.0,5190.85977061718,-5335.7418382852375,-5335.879756534242,0.0,4.754785687582833,3.683357184273856,0.2752330005168915,0.0,0.0,0.0002994537353515625,1.5324248671531677,0.12054258584976196,0.0,0.0,0.12054258584976196,0.0,608.0,0.21427005529403687,0.12054258584976196
-126.01998901367188,-5170.85986328125,9.999700546264648,0.0,144.92564087102755,0.0,5191.53109306097,-5336.151003495992,-5336.456733931998,0.0,4.8458571570260185,3.774428585597447,0.30973300337791443,0.0,0.0,0.0002994537353515625,3.397004574537277,0.12051275372505188,0.0,0.0,0.12051275372505188,0.0,609.0,0.21444910764694214,0.12051275372505188
-125.92564392089844,-5171.53125,9.999700546264648,0.0,144.83020238432482,0.0,5192.20247977972,-5336.579645319594,-5337.032682164045,0.0,4.923785700116839,3.852357128688267,0.3910219967365265,0.0,0.0,0.0002994537353515625,5.033742316067219,0.12008582800626755,0.0,0.0,0.12008582800626755,0.0,610.0,0.21484076976776123,0.12008582800626755
-125.8302001953125,-5172.20263671875,9.999700546264648,0.0,144.73397059895123,0.0,5211.416512961641,-5355.564717803716,-5356.150483560593,0.0,4.96742856161935,3.8959999901907785,0.3127540051937103,0.0,0.0,0.0002994537353515625,6.508507892489433,0.12008841335773468,0.0,0.0,0.12008841335773468,0.0,611.0,0.216604083776474,0.12008841335773468
-125.73397064208984,-5191.41650390625,9.999700546264648,0.0,144.63977261488594,0.0,5225.917176514,-5369.225815211921,-5370.556949128886,0.0,4.9857143129621235,3.914285741533552,0.302280992269516,0.0,0.0,0.0002994537353515625,7.3951878398656845,0.11693145334720612,0.0,0.0,0.11693145334720612,0.0,612.0,0.2168561965227127,0.11693145334720612
-125.6397705078125,-5205.9169921875,9.999700546264648,0.0,144.54554924637088,0.0,5259.581753931596,-5402.733002687852,-5404.1273031779665,0.0,4.988785689217703,3.917357117789132,0.3123970031738281,0.0,0.0,0.0002994537353515625,7.7461132183671,0.11689051240682602,0.0,0.0,0.11689051240682602,0.0,613.0,0.21907711029052734,0.11689051240682602
-125.54554748535156,-5239.58154296875,9.999700546264648,0.0,144.45161815221752,0.0,5260.25277274847,-5403.337832469773,-5404.704390900688,0.0,4.980071422031948,3.908642850603376,0.32420599460601807,0.0,0.0,0.0002994537353515625,7.591990679502487,0.11670425534248352,0.0,0.0,0.11670425534248352,0.0,614.0,0.21766425669193268,0.11670425534248352
-125.45161437988281,-5240.2529296875,9.999700546264648,0.0,144.35826141635926,0.0,5260.92415946722,-5404.027520813854,-5405.282420883579,0.0,4.958571379525321,3.8871428080967494,0.31019899249076843,0.0,0.0,0.0002994537353515625,6.9716664999723434,0.11643536388874054,0.0,0.0,0.11643536388874054,0.0,615.0,0.2177789807319641,0.11643536388874054
-125.35826110839844,-5240.92431640625,9.999700546264648,0.0,144.26571486960106,0.0,5270.411727427359,-5413.623845107635,-5414.67744229696,0.0,4.925,3.8535714285714286,0.3201960027217865,0.0,0.0,0.0002994537353515625,5.853317253291607,0.11613703519105911,0.0,0.0,0.11613703519105911,0.0,616.0,0.21850000321865082,0.11613703519105911
-125.26571655273438,-5250.41162109375,9.999700546264648,0.0,144.17415931784592,0.0,5271.458221732736,-5414.865522393134,-5415.632381050582,0.0,4.8850000381469725,3.8135714667184013,0.32803699374198914,0.0,0.0,0.0002994537353515625,4.260325536131859,0.11573828756809235,0.0,0.0,0.11573828756809235,0.0,617.0,0.21814695000648499,0.11573828756809235
-125.17415618896484,-5251.4580078125,9.999700546264648,0.0,144.0814363211034,0.0,5272.12923759222,-5415.983661542488,-5416.210673913323,0.0,4.836642892020089,3.7652143205915176,0.4615429937839508,0.0,0.0,0.0002994537353515625,2.522359475493431,0.11849798262119293,0.0,0.0,0.11849798262119293,0.0,618.0,0.2175295501947403,0.11849798262119293
-125.08143615722656,-5252.12939453125,9.999700546264648,0.0,143.9906192220464,0.0,5282.248605260492,-5426.158415849852,-5426.239224482538,0.0,4.764000020708356,3.692571449279785,0.547885000705719,0.0,0.0,0.0002994537353515625,0.8978736251592636,0.11764194071292877,0.0,0.0,0.11764194071292877,0.0,619.0,0.21779656410217285,0.11764194071292877
-124.99061584472656,-5262.24853515625,9.999700546264648,0.0,143.900680187029,0.0,5291.453742265814,-5435.361490451623,-5435.354422452843,0.0,4.66535712650844,3.5939285550798687,0.4469499886035919,0.0,0.0,0.0,0.0,0.07175001502037048,0.04711998999118805,0.0,0.11887000501155853,0.0,620.0,0.21860171854496002,0.11887000501155853
-124.90068054199219,-5271.45361328125,9.999401092529297,0.0,143.81228609227983,0.0,5292.12484306097,-5436.011343888101,-5435.93712915325,0.0,4.575000027247837,3.503571319580078,0.0,0.0,0.3757930099964142,0.0,0.0,0.0,0.11897186934947968,0.0,0.11897186934947968,0.0,621.0,0.21861878037452698,0.11897186934947968
-124.81228637695312,-5272.125,9.999101638793945,0.0,143.72468713499381,0.0,5292.79622977972,-5436.592401267967,-5436.520916914714,0.0,4.541071428571429,3.469642857142857,0.0,0.0,0.3578689992427826,0.0,0.0,0.0,0.11869333684444427,0.0,0.11869333684444427,0.0,622.0,0.2188132107257843,0.11869333684444427
-124.72468566894531,-5272.79638671875,9.998802185058594,0.0,143.6375447026291,0.0,5293.46761649847,-5437.177220479173,-5437.1051612011,0.0,4.5285000937325615,3.45707152230399,0.0,0.0,0.3620469868183136,0.0,0.0,0.0,0.11834818124771118,0.0,0.11834818124771118,0.0,623.0,0.2189273089170456,0.11834818124771118
-124.63754272460938,-5273.4677734375,9.998502731323242,0.0,143.55054373345746,0.0,5294.13900321722,-5437.752486664094,-5437.689546950678,0.0,4.524214281354632,3.45278570992606,0.0,0.0,0.3013469874858856,0.0,0.0,0.0,0.11825108528137207,0.0,0.11825108528137207,0.0,624.0,0.21906401216983795,0.11825108528137207
-124.55054473876953,-5274.13916015625,9.99820327758789,0.0,143.46352583341928,0.0,5294.81038993597,-5438.3249728359515,-5438.2739157693895,0.0,4.52528566632952,3.4538570949009486,0.0,0.0,0.2221280038356781,0.0,0.0,0.0,0.11825242638587952,0.0,0.11825242638587952,0.0,625.0,0.21919961273670197,0.11825242638587952
-124.4635238647461,-5274.810546875,9.997903823852539,0.0,143.3712397872202,0.0,5295.48177665472,-5438.900342296334,-5438.853016441941,0.0,4.536785616193499,3.4653570447649273,0.0,0.0,0.18981599807739258,0.0,0.0,0.0,0.12568968534469604,0.0,0.12568968534469604,0.0,626.0,0.21750658750534058,0.12568968534469604
-124.3712387084961,-5275.48193359375,9.997604370117188,0.0,143.2789697923297,0.0,5296.15316337347,-5439.476899204745,-5439.4321331658,0.0,4.544928632463727,3.473500061035156,0.0,0.0,0.17299799621105194,0.0,0.0,0.0,0.1254422515630722,0.0,0.1254422515630722,0.0,627.0,0.2174975574016571,0.1254422515630722
-124.27896881103516,-5276.1533203125,9.997304916381836,0.0,143.18646583196727,0.0,5296.82455009222,-5440.053854985868,-5440.011015924188,0.0,4.567071451459612,3.4956427437918527,0.0,0.0,0.16041800379753113,0.0,0.0,0.0,0.12517572939395905,0.0,0.12517572939395905,0.0,628.0,0.2174358367919922,0.12517572939395905
-124.18646240234375,-5276.82470703125,9.997005462646484,0.0,143.09373697693502,0.0,5297.49593681097,-5440.631809785579,-5440.589673787906,0.0,4.5901428767613,3.5187143053327286,0.0,0.0,0.15603700280189514,0.0,0.0,0.0,0.12486963719129562,0.0,0.12486963719129562,0.0,629.0,0.21735340356826782,0.12486963719129562
-124.09373474121094,-5277.49609375,9.996706008911133,0.0,143.0011577954791,0.0,5306.691615965941,-5449.771120611532,-5449.6927737614205,0.0,4.628785760062081,3.55735718863351,0.014249999076128006,0.0,0.39869898557662964,0.0,0.0,0.0,0.12361332774162292,0.0,0.12361332774162292,0.0,630.0,0.21780289709568024,0.12361332774162292
-124.00115966796875,-5286.69140625,9.996406555175781,0.0,142.90697744139248,0.0,5313.367227781507,-5456.271582088324,-5456.2742052229,0.0,4.687928553989956,3.616499982561384,0.18522800505161285,0.0,0.0,0.00359344482421875,0.05829187482595444,0.12433668226003647,0.0,0.0,0.12433668226003647,0.0,631.0,0.21788543462753296,0.12433668226003647
-123.90697479248047,-5293.3671875,9.999700546264648,0.0,142.8133547083064,0.0,5317.082463648938,-5459.837264911722,-5459.895818357244,0.0,4.720928546360561,3.6494999749319894,0.2752330005168915,0.0,0.0,0.0002994537353515625,0.6505937874317169,0.12267372012138367,0.0,0.0,0.12267372012138367,0.0,632.0,0.21782934665679932,0.12267372012138367
-123.8133544921875,-5297.08251953125,9.999700546264648,0.0,142.7195117864327,0.0,5317.75374931097,-5460.371698960669,-5460.473261097403,0.0,4.745571422576904,3.674142783028739,0.30973300337791443,0.0,0.0,0.0002994537353515625,1.128468096256256,0.12234944105148315,0.0,0.0,0.12234944105148315,0.0,633.0,0.2178613245487213,0.12234944105148315
-123.71951293945312,-5297.75390625,9.999700546264648,0.0,142.6254377718548,0.0,5318.42513602972,-5460.949564463469,-5461.050573801575,0.0,4.770357145581927,3.698928506033761,0.31333601474761963,0.0,0.0,0.0002994537353515625,1.1223258897662163,0.12203861027956009,0.0,0.0,0.12203861027956009,0.0,634.0,0.2178385853767395,0.12203861027956009
-123.62543487548828,-5298.42529296875,9.999700546264648,0.0,142.53120297665797,0.0,5328.198743565088,-5470.606537049102,-5470.729946541746,0.0,4.793000030517578,3.7215714590890068,0.3127540051937103,0.0,0.0,0.0002994537353515625,1.3712164759635925,0.12168008089065552,0.0,0.0,0.12168008089065552,0.0,635.0,0.2185186743736267,0.12168008089065552
-123.53120422363281,-5308.19873046875,9.999700546264648,0.0,142.43934339199407,0.0,5338.309963520494,-5480.397836454063,-5480.7493069124885,0.0,4.812357166835239,3.7409285954066687,0.302280992269516,0.0,0.0,0.0002994537353515625,1.95261350274086,0.11790594458580017,0.0,0.0,0.11790594458580017,0.0,636.0,0.2199128270149231,0.11790594458580017
-123.43934631347656,-5318.31005859375,9.999700546264648,0.0,142.34708105432088,0.0,5338.98128837347,-5480.858638444039,-5481.328369427792,0.0,4.844214248657226,3.772785677228655,0.3123970031738281,0.0,0.0,0.0002994537353515625,2.609616369009018,0.11768713593482971,0.0,0.0,0.11768713593482971,0.0,637.0,0.2196521908044815,0.11768713593482971
-123.34708404541016,-5318.9814453125,9.999700546264648,0.0,142.25434158629105,0.0,5339.65267509222,-5481.3712797684475,-5481.907016678511,0.0,4.888214329310825,3.816785757882254,0.32420599460601807,0.0,0.0,0.0002994537353515625,2.9763159304857254,0.11727862060070038,0.0,0.0,0.11727862060070038,0.0,638.0,0.2197045236825943,0.11727862060070038
-123.25434112548828,-5319.65283203125,9.999700546264648,0.0,142.16108117984234,0.0,5340.32406181097,-5481.964960001509,-5482.485142990813,0.0,4.929499980381557,3.8580714089529855,0.31019899249076843,0.0,0.0,0.0002994537353515625,2.8899052664637566,0.11699623614549637,0.0,0.0,0.11699623614549637,0.0,639.0,0.2196909636259079,0.11699623614549637
-123.16107940673828,-5320.32421875,9.999700546264648,0.0,142.0672829311095,0.0,5340.99544852972,-5482.530084785709,-5483.06273146083,0.0,4.9766428266252785,3.9052142551967073,0.3201960027217865,0.0,0.0,0.0002994537353515625,2.959147959947586,0.1166066825389862,0.0,0.0,0.1166066825389862,0.0,640.0,0.2196575105190277,0.1166066825389862
-123.0672836303711,-5320.99560546875,9.999700546264648,0.0,141.97277738924845,0.0,5341.66683524847,-5483.080989026397,-5483.6396126377185,0.0,5.030999946594238,3.959571375165667,0.31014901399612427,0.0,0.0,0.0002994537353515625,3.103464260697365,0.11628733575344086,0.0,0.0,0.11628733575344086,0.0,641.0,0.21963244676589966,0.11628733575344086
-122.9727783203125,-5321.6669921875,9.999700546264648,0.0,141.87503834796814,0.0,5350.391214729992,-5492.072365598147,-5492.26625307796,0.0,5.065285764421735,3.993857192993164,0.37898901104927063,0.0,0.0,0.0002994537353515625,2.154305160045624,0.11975628137588501,0.0,0.0,0.11975628137588501,0.0,642.0,0.21919143199920654,0.11975628137588501
-122.87503814697266,-5330.39111328125,9.999700546264648,0.0,141.77769920268236,0.0,5360.974565628388,-5502.689278602962,-5502.75226483107,0.0,5.0677857535226005,3.996357182094029,0.4945339858531952,0.0,0.0,0.0002994537353515625,0.6998469233512878,0.11916965246200562,0.0,0.0,0.11916965246200562,0.0,643.0,0.21924415230751038,0.11916965246200562
-122.77770233154297,-5340.974609375,9.999700546264648,0.0,141.68149757991017,0.0,5379.823662619422,-5521.5927777744655,-5521.505160199332,0.0,5.01450001852853,3.943071447099958,0.3429499864578247,0.0,0.46518903970718384,0.0,0.0,0.0,0.11892810463905334,0.0,0.11892810463905334,0.0,644.0,0.21981766819953918,0.11892810463905334
-122.6814956665039,-5359.82373046875,9.999401092529297,0.0,141.58659907104624,0.0,5392.160703535529,-5533.872255140166,-5533.747302606575,0.0,4.9242856979370115,3.8528571265084404,0.0,0.0,0.7136809825897217,0.0,0.0,0.0,0.11933587491512299,0.0,0.11933587491512299,0.0,645.0,0.22034749388694763,0.11933587491512299
-122.58660125732422,-5372.16064453125,9.999101638793945,0.0,141.49209815019998,0.0,5449.988299672619,-5591.55205063557,-5591.480397822819,0.0,4.882642827715192,3.811214256286621,0.0,0.0,0.3578689992427826,0.0,0.0,0.0,0.11981640011072159,0.0,0.11981640011072159,0.0,646.0,0.22373728454113007,0.11981640011072159
-122.49209594726562,-5429.98828125,9.998802185058594,0.0,141.3966659606089,0.0,5450.65951102972,-5592.128685207625,-5592.056176990329,0.0,4.872214262826102,3.8007856913975306,0.0,0.0,0.3620469868183136,0.0,0.0,0.0,0.12134110927581787,0.0,0.12134110927581787,0.0,647.0,0.22263990342617035,0.12134110927581787
-122.39666748046875,-5430.65966796875,9.998502731323242,0.0,141.3011690235894,0.0,5451.33089774847,-5592.695460306319,-5592.632066772059,0.0,4.878571455819266,3.8071428843906947,0.0,0.0,0.3013469874858856,0.0,0.0,0.0,0.12127655744552612,0.0,0.12127655744552612,0.0,648.0,0.22274044156074524,0.12127655744552612
-122.3011703491211,-5431.3310546875,9.99820327758789,0.0,141.20537729229204,0.0,5452.00228446722,-5593.259172371991,-5593.207661759512,0.0,4.894785690307617,3.823357118879046,0.0,0.0,0.2221280038356781,0.0,0.0,0.0,0.12127606570720673,0.0,0.12127606570720673,0.0,649.0,0.22278644144535065,0.12127606570720673
-122.20537567138672,-5432.00244140625,9.997903823852539,0.0,141.1037397890658,0.0,5452.67367118597,-5593.8251652050485,-5593.777410975036,0.0,4.921000017438616,3.8495714460100445,0.0,0.0,0.18981599807739258,0.0,0.0,0.0,0.12854552268981934,0.0,0.12854552268981934,0.0,650.0,0.22184085845947266,0.12854552268981934
-122.1037368774414,-5432.673828125,9.997604370117188,0.0,141.00192657023808,0.0,5462.379389017335,-5603.426489919095,-5603.381315587572,0.0,4.944714219229562,3.8732856478009907,0.0,0.0,0.17299799621105194,0.0,0.0,0.0,0.12816420197486877,0.0,0.12816420197486877,0.0,651.0,0.22233814001083374,0.12816420197486877
-122.0019302368164,-5442.37939453125,9.997304916381836,0.0,140.8999728155583,0.0,5463.05062431097,-5603.993880060292,-5603.950597126529,0.0,4.953500011989048,3.882071440560477,0.0,0.0,0.16041800379753113,0.0,0.0,0.0,0.12813487648963928,0.0,0.12813487648963928,0.0,652.0,0.2219446301460266,0.12813487648963928
-121.89997100830078,-5443.05078125,9.997005462646484,0.0,140.7982084889208,0.0,5463.72201102972,-5604.5627962803865,-5604.520219518641,0.0,4.9560000010899135,3.8845714296613423,0.0,0.0,0.15603700280189514,0.0,0.0,0.0,0.12780806422233582,0.0,0.12780806422233582,0.0,653.0,0.22188016772270203,0.12780806422233582
-121.79821014404297,-5443.72216796875,9.996706008911133,0.0,140.69668693731154,0.0,5464.39339774847,-5605.128838979899,-5605.090084685782,0.0,4.958071381705148,3.8866428102765767,0.03134999796748161,0.0,0.13092200458049774,0.0,0.0,0.0,0.127439945936203,0.0,0.127439945936203,0.0,654.0,0.22182542085647583,0.127439945936203
-121.69668579101562,-5444.3935546875,9.996406555175781,0.0,140.5943631501525,0.0,5465.06478446722,-5605.645956079212,-5605.659147617373,0.0,5.017928613935198,3.9465000425066266,0.18522800505161285,0.0,0.0,0.00359344482421875,0.2931452691555023,0.12698325514793396,0.0,0.0,0.12698325514793396,0.0,655.0,0.22178640961647034,0.12698325514793396
-121.5943603515625,-5445.06494140625,9.999700546264648,0.0,140.49427163800277,0.0,5465.73617118597,-5606.105950371919,-5606.230442823973,0.0,5.0762857164655415,4.00485714503697,0.2752330005168915,0.0,0.0,0.0002994537353515625,1.38324935734272,0.12531821429729462,0.0,0.0,0.12531821429729462,0.0,656.0,0.22200994193553925,0.12531821429729462
-121.49427032470703,-5445.736328125,9.999700546264648,0.0,140.39242588367546,0.0,5528.7492884578605,-5668.8888123062125,-5669.141714341536,0.0,5.159785761151995,4.088357189723423,0.30973300337791443,0.0,0.0,0.0002994537353515625,2.8100223913788795,0.12419506162405014,0.0,0.0,0.12419506162405014,0.0,657.0,0.22676821053028107,0.12419506162405014
-121.39242553710938,-5508.74951171875,9.999700546264648,0.0,140.28733451750372,0.0,5529.42074149847,-5669.324754579787,-5669.708076015974,0.0,5.245357186453683,4.173928615025112,0.31333601474761963,0.0,0.0,0.0002994537353515625,4.259126730263233,0.12498801201581955,0.0,0.0,0.12498801201581955,0.0,658.0,0.22443419694900513,0.12498801201581955
-121.28733825683594,-5509.4208984375,9.999700546264648,0.0,140.1814805375269,0.0,5530.09212821722,-5669.808025925583,-5670.273608754747,0.0,5.306785665239606,4.235357093811035,0.3127540051937103,0.0,0.0,0.0002994537353515625,5.17314213514328,0.12450438737869263,0.0,0.0,0.12450438737869263,0.0,659.0,0.22446301579475403,0.12450438737869263
-121.18148040771484,-5510.09228515625,9.999700546264648,0.0,140.07847825487357,0.0,5544.932312550026,-5683.96543565293,-5685.010790804899,0.0,5.347714233398437,4.276285661969866,0.302280992269516,0.0,0.0,0.0002994537353515625,5.807528160512447,0.11999163776636124,0.0,0.0,0.11999163776636124,0.0,660.0,0.22672827541828156,0.11999163776636124
-121.07847595214844,-5524.93212890625,9.999700546264648,0.0,139.97537989621333,0.0,5545.60335868597,-5684.523344151743,-5685.578738582184,0.0,5.368142890930176,4.296714319501604,0.3123970031738281,0.0,0.0,0.0002994537353515625,5.8633019253611565,0.11965162307024002,0.0,0.0,0.11965162307024002,0.0,661.0,0.22625932097434998,0.11965162307024002
-120.97537994384766,-5525.603515625,9.999700546264648,0.0,139.87255972364426,0.0,5546.27474540472,-5685.082160241084,-5686.147305128365,0.0,5.371999958583286,4.300571387154715,0.32420599460601807,0.0,0.0,0.0002994537353515625,5.9174711257219315,0.11922340095043182,0.0,0.0,0.11922340095043182,0.0,662.0,0.2263614535331726,0.11922340095043182
-120.87255859375,-5526.27490234375,9.999700546264648,0.0,139.77018176240514,0.0,5546.94613212347,-5685.690999084118,-5686.716313885875,0.0,5.361357089451381,4.28992851802281,0.31019899249076843,0.0,0.0,0.0002994537353515625,5.696192890405655,0.11890873312950134,0.0,0.0,0.11890873312950134,0.0,663.0,0.22639968991279602,0.11890873312950134
-120.77017974853516,-5526.9462890625,9.999700546264648,0.0,139.66806980199578,0.0,5585.213271104838,-5723.9634734943365,-5724.881340906833,0.0,5.346142850603376,4.2747142791748045,0.36562299728393555,0.0,0.0,0.0002994537353515625,5.099262997508049,0.11891432106494904,0.0,0.0,0.11891432106494904,0.0,664.0,0.2293270230293274,0.11891432106494904
-120.6680679321289,-5565.21337890625,9.999700546264648,0.0,139.56632956822705,0.0,5585.88460868597,-5724.724691507369,-5725.450938254197,0.0,5.326071412222726,4.254642840794155,0.31014901399612427,0.0,0.0,0.0002994537353515625,4.034703828394413,0.11889734119176865,0.0,0.0,0.11889734119176865,0.0,665.0,0.2276446670293808,0.11889734119176865
-120.56632995605469,-5565.884765625,9.999700546264648,0.0,139.46186313157517,0.0,5586.55599540472,-5725.801268594166,-5726.0178585362955,0.0,5.293857111249651,4.222428539821079,0.37898901104927063,0.0,0.0,0.0002994537353515625,2.4065547212958336,0.12305686622858047,0.0,0.0,0.12305686622858047,0.0,666.0,0.226225808262825,0.12305686622858047
-120.46186065673828,-5566.55615234375,9.999700546264648,0.0,139.36016057781066,0.0,5587.22738212347,-5726.519460404386,-5726.587542701281,0.0,5.171714319501604,4.100285748073032,0.4945339858531952,0.0,0.0,0.0002994537353515625,0.7564699053764343,0.12239664793014526,0.0,0.0,0.12239664793014526,0.0,667.0,0.22635743021965027,0.12239664793014526
-120.36016082763672,-5567.2275390625,9.999700546264648,0.0,139.26191853263245,0.0,5599.666961100195,-5738.965737611801,-5738.928879632827,0.0,4.932071495056152,3.860642923627581,0.3249000012874603,0.0,0.12204998731613159,0.0,0.0,0.0,0.12366986274719238,0.0,0.12366986274719238,0.0,668.0,0.22632011771202087,0.12366986274719238
-120.26191711425781,-5579.6669921875,9.999401092529297,0.0,139.16729444165782,0.0,5600.33822196722,-5739.580482191341,-5739.505516408878,0.0,4.72514283316476,3.6537142617361886,0.0,0.0,0.3757930099964142,0.0,0.0,0.0,0.12397885322570801,0.0,0.12397885322570801,0.0,669.0,0.22618743777275085,0.12397885322570801
-120.16729736328125,-5580.33837890625,9.999101638793945,0.0,139.0745995437676,0.0,5613.224840087467,-5752.371648639161,-5752.299439631234,0.0,4.638642937796456,3.567214366367885,0.0,0.0,0.3578689992427826,0.0,0.0,0.0,0.12352436780929565,0.0,0.12352436780929565,0.0,670.0,0.22740580141544342,0.12352436780929565
-120.07460021972656,-5593.224609375,9.998802185058594,0.0,138.98248544118158,0.0,5613.89583915472,-5752.951166757174,-5752.878324595902,0.0,4.6055714198521205,3.534142848423549,0.0,0.0,0.3620469868183136,0.0,0.0,0.0,0.12356740236282349,0.0,0.12356740236282349,0.0,671.0,0.2268907129764557,0.12356740236282349
-119.98248291015625,-5593.89599609375,9.998502731323242,0.0,138.8907431485319,0.0,5614.56722587347,-5753.521696008499,-5753.4579690220025,0.0,4.587857055664062,3.516428484235491,0.0,0.0,0.3013469874858856,0.0,0.0,0.0,0.12349957227706909,0.0,0.12349957227706909,0.0,672.0,0.2270476520061493,0.12349957227706909
-119.89073944091797,-5594.5673828125,9.99820327758789,0.0,138.79924551730647,0.0,5615.23861259222,-5754.089704043966,-5754.0378581095265,0.0,4.574142946515765,3.502714375087193,0.0,0.0,0.2221280038356781,0.0,0.0,0.0,0.12351154536008835,0.0,0.12351154536008835,0.0,673.0,0.22720327973365784,0.12351154536008835
-119.79924774169922,-5595.23876953125,9.997903823852539,0.0,138.7029404711138,0.0,5615.90999931097,-5754.661031344597,-5754.612939782084,0.0,4.564785766601562,3.493357195172991,0.0,0.0,0.18981599807739258,0.0,0.0,0.0,0.13079440593719482,0.0,0.13079440593719482,0.0,674.0,0.22676120698451996,0.13079440593719482
-119.70294189453125,-5595.91015625,9.997604370117188,0.0,138.60701609961797,0.0,5616.58138602972,-5755.233930619754,-5755.188402129338,0.0,4.554714284624372,3.483285849434989,0.0,0.0,0.17299799621105194,0.0,0.0,0.0,0.13052526116371155,0.0,0.13052526116371155,0.0,675.0,0.226730078458786,0.13052526116371155
-119.60701751708984,-5596.58154296875,9.997304916381836,0.0,138.51154713094434,0.0,5617.25277274847,-5755.8079179816905,-5755.764319879415,0.0,4.542071424211774,3.470642852783203,0.0,0.0,0.16041800379753113,0.0,0.0,0.0,0.13023599982261658,0.0,0.13023599982261658,0.0,676.0,0.22669823467731476,0.13023599982261658
-119.51155090332031,-5597.2529296875,9.997005462646484,0.0,138.416588568874,0.0,5617.92415946722,-5756.383641443803,-5756.340748036095,0.0,4.526928574698312,3.4555001395089286,0.0,0.0,0.15603700280189514,0.0,0.0,0.0,0.12991903722286224,0.0,0.12991903722286224,0.0,677.0,0.2267025113105774,0.12991903722286224
-119.41658782958984,-5597.92431640625,9.996706008911133,0.0,138.32411946281263,0.0,5618.59554618597,-5756.957027824958,-5756.919665648783,0.0,4.51757139478411,3.4461426871163505,0.042750000953674316,0.0,0.11952200531959534,0.0,0.0,0.0,0.12955915927886963,0.0,0.12955915927886963,0.0,678.0,0.2267264425754547,0.12955915927886963
-119.3241195678711,-5598.595703125,9.996406555175781,0.0,138.22913939139872,0.0,5619.26693290472,-5757.4800652140975,-5757.496072296119,0.0,4.559571347917829,3.4881427764892576,0.18522800505161285,0.0,0.0,0.00359344482421875,0.3557129055261612,0.12901566922664642,0.0,0.0,0.12901566922664642,0.0,679.0,0.22677141427993774,0.12901566922664642
-119.22914123535156,-5599.26708984375,9.999700546264648,0.0,138.13460432047805,0.0,5682.58584247675,-5820.569368796925,-5820.720446797228,0.0,4.633285740443638,3.561857169015067,0.2752330005168915,0.0,0.0,0.0002994537353515625,1.6786443144083023,0.12632332742214203,0.0,0.0,0.12632332742214203,0.0,680.0,0.23249095678329468,0.12632332742214203
-119.13460540771484,-5662.5859375,9.999700546264648,0.0,138.03978865122676,0.0,5722.985223910295,-5860.755483993991,-5861.025012561521,0.0,4.707071454184396,3.6356429508754187,0.8445590138435364,0.0,0.0,0.0002994537353515625,2.994761623442173,0.1247297152876854,0.0,0.0,0.1247297152876854,0.0,681.0,0.23349767923355103,0.1247297152876854
-119.03978729248047,-5702.9853515625,9.999700546264648,0.0,137.9429693045468,0.0,5731.180242800434,-5868.671597532149,-5869.123212104981,0.0,4.773714283534458,3.7022857121058874,0.5312780141830444,0.0,0.0,0.0002994537353515625,5.0179392993450165,0.12578323483467102,0.0,0.0,0.12578323483467102,0.0,682.0,0.23232167959213257,0.12578323483467102
-118.9429702758789,-5711.18017578125,9.999700546264648,0.0,137.84488685585393,0.0,5731.85140556097,-5869.109443979487,-5869.696292416824,0.0,4.828285707746233,3.7568571363176617,0.3127540051937103,0.0,0.0,0.0002994537353515625,6.5205376744270325,0.1261088252067566,0.0,0.0,0.1261088252067566,0.0,683.0,0.2317805141210556,0.1261088252067566
-118.84488677978516,-5711.8515625,9.999700546264648,0.0,137.7492749764353,0.0,5741.809889113797,-5878.237925460017,-5879.559164090232,0.0,4.873571477617536,3.8021429061889647,0.302280992269516,0.0,0.0,0.0002994537353515625,7.340214028954506,0.12155602872371674,0.0,0.0,0.12155602872371674,0.0,684.0,0.23447813093662262,0.12155602872371674
-118.74927520751953,-5721.81005859375,9.999700546264648,0.0,137.65354904505546,0.0,5742.48128837347,-5878.7573915999465,-5880.134837418525,0.0,4.893071392604282,3.821642821175711,0.3123970031738281,0.0,0.0,0.0002994537353515625,7.6524761617183685,0.12122741341590881,0.0,0.0,0.12122741341590881,0.0,685.0,0.23420338332653046,0.12122741341590881
-118.65354919433594,-5722.4814453125,9.999700546264648,0.0,137.55805781031415,0.0,5743.15267509222,-5879.37980879334,-5880.710732902535,0.0,4.894499996730259,3.8230714253016878,0.32420599460601807,0.0,0.0,0.0002994537353515625,7.394022241234779,0.12087224423885345,0.0,0.0,0.12087224423885345,0.0,686.0,0.2342333048582077,0.12087224423885345
-118.55805969238281,-5723.15283203125,9.999700546264648,0.0,137.4628385338042,0.0,5748.169737593168,-5884.414004086786,-5885.632576126973,0.0,4.888285718645368,3.8168571472167967,0.31019899249076843,0.0,0.0,0.0002994537353515625,6.769844129681587,0.12065736949443817,0.0,0.0,0.12065736949443817,0.0,687.0,0.23447777330875397,0.12065736949443817
-118.46283721923828,-5728.169921875,9.999700546264648,0.0,137.36803769447374,0.0,5763.332311910369,-5899.697131878039,-5900.700349604843,0.0,4.8704285757882255,3.799000004359654,0.3201960027217865,0.0,0.0,0.0002994537353515625,5.573431372642517,0.12052261829376221,0.0,0.0,0.12052261829376221,0.0,688.0,0.23524874448776245,0.12052261829376221
-118.36803436279297,-5743.33251953125,9.999700546264648,0.0,137.27353978612683,0.0,5764.00374931097,-5900.544181888042,-5901.277289097097,0.0,4.8470714569091795,3.7756428854806083,0.31014901399612427,0.0,0.0,0.0002994537353515625,4.072817504405975,0.12068396806716919,0.0,0.0,0.12068396806716919,0.0,689.0,0.2346242368221283,0.12068396806716919
-118.2735366821289,-5744.00390625,9.999700546264648,0.0,137.1767698048163,0.0,5764.67513602972,-5901.633998509251,-5901.851905834536,0.0,4.817500059945242,3.7460714885166713,0.37898901104927063,0.0,0.0,0.0002994537353515625,2.4211923107504845,0.12456927448511124,0.0,0.0,0.12456927448511124,0.0,690.0,0.23266272246837616,0.12456927448511124
-118.17677307128906,-5744.67529296875,9.999700546264648,0.0,137.08137904713715,0.0,5780.273771273529,-5917.281380841669,-5917.355150320666,0.0,4.773285743168422,3.7018571036202568,0.4945339858531952,0.0,0.0,0.0002994537353515625,0.8196608126163483,0.12380573153495789,0.0,0.0,0.12380573153495789,0.0,691.0,0.2336399108171463,0.12380573153495789
-118.08138275146484,-5760.27392578125,9.999700546264648,0.0,136.98592517462734,0.0,5796.7525205801285,-5933.760931652594,-5933.738445754756,0.0,4.704500007629394,3.633071436200823,0.42274999618530273,0.0,0.024199992418289185,0.0,0.0,0.0,0.12570598721504211,0.0,0.12570598721504211,0.0,692.0,0.2323840856552124,0.12570598721504211
-117.98592376708984,-5776.75244140625,9.999401092529297,0.0,136.89180869995397,0.0,5806.220597521413,-5943.1876844856615,-5943.112406221367,0.0,4.62021427154541,3.548785700116839,0.0,0.0,0.3757930099964142,0.0,0.0,0.0,0.1260620653629303,0.0,0.1260620653629303,0.0,693.0,0.23262815177440643,0.1260620653629303
-117.89180755615234,-5786.220703125,9.999101638793945,0.0,136.8003384778014,0.0,5840.437043708873,-5977.395975904606,-5977.237382186674,0.0,4.584499985831124,3.513071550641741,0.0,0.0,0.934095025062561,0.0,0.0,0.0,0.12319638580083847,0.0,0.12319638580083847,0.0,694.0,0.23391202092170715,0.12319638580083847
-117.80033874511719,-5820.43701171875,9.998802185058594,0.0,136.7069561078352,0.0,5841.10824149847,-5977.888443413228,-5977.815197606305,0.0,4.574357114519391,3.50292854309082,0.0,0.0,0.3620469868183136,0.0,0.0,0.0,0.12625837326049805,0.0,0.12625837326049805,0.0,695.0,0.23351162672042847,0.12625837326049805
-117.70695495605469,-5821.1083984375,9.998502731323242,0.0,136.61351140775685,0.0,5849.300239891287,-5985.977869975244,-5985.913751299044,0.0,4.582928603036063,3.5114998953683036,0.0,0.0,0.3013469874858856,0.0,0.0,0.0,0.12611083686351776,0.0,0.12611083686351776,0.0,696.0,0.2341272532939911,0.12611083686351776
-117.61351013183594,-5829.30029296875,9.99820327758789,0.0,136.51962668656603,0.0,5857.642394018208,-5994.214282548148,-5994.162020704774,0.0,4.599857139587402,3.528428568158831,0.0,0.0,0.2221280038356781,0.0,0.0,0.0,0.12628427147865295,0.0,0.12628427147865295,0.0,697.0,0.23445115983486176,0.12628427147865295
-117.5196304321289,-5837.642578125,9.997903823852539,0.0,136.42016384988102,0.0,5858.31380790472,-5994.782515162063,-5994.733971754601,0.0,4.619428580147879,3.548000008719308,0.0,0.0,0.18981599807739258,0.0,0.0,0.0,0.13380670547485352,0.0,0.13380670547485352,0.0,698.0,0.2332284152507782,0.13380670547485352
-117.420166015625,-5838.31396484375,9.997604370117188,0.0,136.32055331448592,0.0,5868.109604677335,-6004.476120588841,-6004.43015799182,0.0,4.6401429312569755,3.568714359828404,0.0,0.0,0.17299799621105194,0.0,0.0,0.0,0.13341930508613586,0.0,0.13341930508613586,0.0,699.0,0.23394733667373657,0.13341930508613586
-117.320556640625,-5848.109375,9.997304916381836,0.0,136.2205298855735,0.0,5868.78060477972,-6005.045197896158,-6005.001134665294,0.0,4.663714286259243,3.592285646711077,0.0,0.0,0.16041800379753113,0.0,0.0,0.0,0.1333368569612503,0.0,0.1333368569612503,0.0,700.0,0.23353978991508484,0.1333368569612503
-117.22052764892578,-5848.78076171875,9.997005462646484,0.0,136.1204531154907,0.0,5869.45199149847,-6005.615803181551,-6005.572444613961,0.0,4.677214295523507,3.6057857240949356,0.0,0.0,0.15603700280189514,0.0,0.0,0.0,0.13302010297775269,0.0,0.13302010297775269,0.0,701.0,0.23355376720428467,0.13302010297775269
-117.12045288085938,-5849.4521484375,9.996706008911133,0.0,136.02039339822704,0.0,5870.12337821722,-6006.183594269221,-6006.143771615447,0.0,4.68907139641898,3.6176427568708145,0.02944999933242798,0.0,0.13282200694084167,0.0,0.0,0.0,0.1326623409986496,0.0,0.1326623409986496,0.0,702.0,0.23356300592422485,0.1326623409986496
-117.02039337158203,-5850.12353515625,9.996406555175781,0.0,135.9192832602426,0.0,5870.79476493597,-6006.699975923137,-6006.714048196213,0.0,4.76164287839617,3.690214375087193,0.18522800505161285,0.0,0.0,0.00359344482421875,0.31271715462207794,0.13211141526699066,0.0,0.0,0.13211141526699066,0.0,703.0,0.23346412181854248,0.13211141526699066
-116.91928100585938,-5850.794921875,9.999700546264648,0.0,135.81886318921596,0.0,5883.4609126970545,-6019.154195496626,-6019.279775886271,0.0,4.826500020708356,3.755071449279785,0.2752330005168915,0.0,0.0,0.0002994537353515625,1.395337551832199,0.12937989830970764,0.0,0.0,0.12937989830970764,0.0,704.0,0.2357732355594635,0.12937989830970764
-116.81886291503906,-5863.4609375,9.999700546264648,0.0,135.71689432527475,0.0,5894.2853993822955,-6029.743049921792,-6030.00229370757,0.0,4.929214286804199,3.857785715375628,0.30973300337791443,0.0,0.0,0.0002994537353515625,2.8804862797260284,0.1287812888622284,0.0,0.0,0.1287812888622284,0.0,705.0,0.23602749407291412,0.1287812888622284
-116.7168960571289,-5874.28515625,9.999700546264648,0.0,135.61322201894785,0.0,5894.95638602972,-6030.162295435802,-6030.569608048668,0.0,5.039500045776367,3.968071474347796,0.31333601474761963,0.0,0.0,0.0002994537353515625,4.525695338845253,0.1282191127538681,0.0,0.0,0.1282191127538681,0.0,706.0,0.2353474497795105,0.1282191127538681
-116.61322021484375,-5874.95654296875,9.999700546264648,0.0,135.50804390556638,0.0,5895.62777274847,-6030.613573603323,-6031.135816654037,0.0,5.140571403503418,4.069142832074847,0.3127540051937103,0.0,0.0,0.0002994537353515625,5.802700102329254,0.12764638662338257,0.0,0.0,0.12764638662338257,0.0,707.0,0.23514539003372192,0.12764638662338257
-116.50804138183594,-5875.6279296875,9.999700546264648,0.0,135.40478030749605,0.0,5896.29915946722,-6030.540197014347,-6031.703939774717,0.0,5.21049998147147,4.139071410042899,0.302280992269516,0.0,0.0,0.0002994537353515625,6.46523704379797,0.12348280102014542,0.0,0.0,0.12348280102014542,0.0,708.0,0.23706579208374023,0.12348280102014542
-116.40477752685547,-5876.29931640625,9.999700546264648,0.0,135.3009962155569,0.0,5904.49163738944,-6038.4994664213455,-6039.792633604997,0.0,5.2595000403268,4.188071468898228,0.3123970031738281,0.0,0.0,0.0002994537353515625,7.1842615604400635,0.12299180030822754,0.0,0.0,0.12299180030822754,0.0,709.0,0.2377113550901413,0.12299180030822754
-116.30099487304688,-5884.49169921875,9.999700546264648,0.0,135.19644394160088,0.0,5905.16292899847,-6039.032879097549,-6040.359372940071,0.0,5.314499936785016,4.243071365356445,0.32420599460601807,0.0,0.0,0.0002994537353515625,7.369409650564194,0.12268438935279846,0.0,0.0,0.12268438935279846,0.0,710.0,0.23736140131950378,0.12268438935279846
-116.19644165039062,-5885.1630859375,9.999700546264648,0.0,135.09081511922204,0.0,5905.83431571722,-6039.694404644089,-6040.925130836442,0.0,5.381714221409389,4.310285649980818,0.31019899249076843,0.0,0.0,0.0002994537353515625,6.837367191910744,0.12248454988002777,0.0,0.0,0.12248454988002777,0.0,711.0,0.23713725805282593,0.12248454988002777
-116.09081268310547,-5885.83447265625,9.999700546264648,0.0,134.98452964467907,0.0,5957.417541581261,-6091.354888623132,-6092.40207122594,0.0,5.42457139151437,4.3531428200857984,0.3201960027217865,0.0,0.0,0.0002994537353515625,5.817680664360523,0.12232368439435959,0.0,0.0,0.12232368439435959,0.0,712.0,0.24065445363521576,0.12232368439435959
-115.98452758789062,-5937.41748046875,9.999700546264648,0.0,134.8773515568829,0.0,5958.08871024847,-6092.169444342291,-6092.966061805353,0.0,5.4365714754377095,4.365142904009138,0.31014901399612427,0.0,0.0,0.0002994537353515625,4.4256522208452225,0.12314872443675995,0.0,0.0,0.12314872443675995,0.0,713.0,0.23854675889015198,0.12314872443675995
-115.87734985351562,-5938.0888671875,9.999700546264648,0.0,134.76731705692947,0.0,5958.76009696722,-6093.287583136696,-6093.52741402415,0.0,5.420642798287528,4.349214226858956,0.37898901104927063,0.0,0.0,0.0002994537353515625,2.6647874265909195,0.12702403962612152,0.0,0.0,0.12702403962612152,0.0,714.0,0.23647882044315338,0.12702403962612152
-115.76731872558594,-5938.76025390625,9.999700546264648,0.0,134.658377064709,0.0,5959.43148368597,-6094.010878593848,-6094.08986075068,0.0,5.377642849513462,4.306214278084891,0.4945339858531952,0.0,0.0,0.0002994537353515625,0.8775794506072998,0.12668704986572266,0.0,0.0,0.12668704986572266,0.0,715.0,0.2364049106836319,0.12668704986572266
-115.65837860107422,-5939.431640625,9.999700546264648,0.0,134.5497554147837,0.0,5973.508384091516,-6108.078432338318,-6108.0581395063,0.0,5.2982143129621235,4.226785741533552,0.43985000252723694,0.0,0.0070999860763549805,0.0,0.0,0.0,0.12818555533885956,0.0,0.12818555533885956,0.0,716.0,0.23553575575351715,0.12818555533885956
-115.54975891113281,-5953.50830078125,9.999401092529297,0.0,134.44262122072163,0.0,5974.17953056097,-6108.697817578267,-6108.622151781692,0.0,5.202285712105887,4.130857140677316,0.0,0.0,0.3757930099964142,0.0,0.0,0.0,0.1286456137895584,0.0,0.1286456137895584,0.0,717.0,0.23517221212387085,0.1286456137895584
-115.44261932373047,-5954.1796875,9.999101638793945,0.0,134.33658525969565,0.0,5974.85091727972,-6109.260442384509,-6109.187502539416,0.0,5.155071476527622,4.083642905099051,0.0,0.0,0.3578689992427826,0.0,0.0,0.0,0.12839661538600922,0.0,0.12839661538600922,0.0,718.0,0.23526915907859802,0.12839661538600922
-115.33658599853516,-5954.85107421875,9.998802185058594,0.0,134.2315860872275,0.0,5975.52230399847,-6109.827405597688,-6109.753890085698,0.0,5.114928599766323,4.043500028337752,0.0,0.0,0.3620469868183136,0.0,0.0,0.0,0.12805640697479248,0.0,0.12805640697479248,0.0,719.0,0.23533369600772858,0.12805640697479248
-115.23158264160156,-5955.5224609375,9.998502731323242,0.0,134.12725976108283,0.0,5976.19369071722,-6110.385352769061,-6110.3209504783035,0.0,5.081857081821987,4.010428510393416,0.0,0.0,0.3013469874858856,0.0,0.0,0.0,0.1280016005039215,0.0,0.1280016005039215,0.0,720.0,0.2354057878255844,0.1280016005039215
-115.12725830078125,-5956.19384765625,9.99820327758789,0.0,134.02346528963048,0.0,5976.86507743597,-6110.941065056184,-6110.888542725601,0.0,5.053499984741211,3.9820714133126396,0.0,0.0,0.2221280038356781,0.0,0.0,0.0,0.12802085280418396,0.0,0.12802085280418396,0.0,721.0,0.23546071350574493,0.12802085280418396
-115.02346801757812,-5956.865234375,9.997903823852539,0.0,133.91843322525173,0.0,5984.477171604349,-6118.444170056833,-6118.3956048296,0.0,4.8628570829118996,3.791428511483329,0.0,0.0,0.18902599811553955,0.0,0.0,0.0,0.13474217057228088,0.0,0.13474217057228088,0.0,722.0,0.23554334044456482,0.13474217057228088
-114.9184341430664,-5964.47705078125,9.997604370117188,0.0,133.81363037583424,0.0,5985.14828056097,-6119.00794445367,-6118.961910936805,0.0,4.855357115609305,3.7839285441807338,0.0,0.0,0.17225700616836548,0.0,0.0,0.0,0.13463309407234192,0.0,0.13463309407234192,0.0,723.0,0.235322043299675,0.13463309407234192
-114.81362915039062,-5965.1484375,9.997304916381836,0.0,133.70923984245775,0.0,5985.81966727972,-6119.573009629525,-6119.528907122178,0.0,4.845357159205845,3.773928587777274,0.0,0.0,0.15967600047588348,0.0,0.0,0.0,0.13434070348739624,0.0,0.13434070348739624,0.0,724.0,0.23541754484176636,0.13434070348739624
-114.70923614501953,-5965.81982421875,9.997005462646484,0.0,133.6052908132745,0.0,5986.49105399847,-6120.139745557073,-6120.0963448117445,0.0,4.834928594316755,3.7635000228881834,0.0,0.0,0.15532000362873077,0.0,0.0,0.0,0.13401828706264496,0.0,0.13401828706264496,0.0,725.0,0.2355145961046219,0.13401828706264496
-114.60529327392578,-5966.4912109375,9.996706008911133,0.0,133.50148939851647,0.0,5987.16244071722,-6120.706780357759,-6120.663930115737,0.0,4.840642874581473,3.7692143031529017,0.009499999694526196,0.0,0.15200300514698029,0.0,0.0,0.0,0.1336652636528015,0.0,0.1336652636528015,0.0,726.0,0.23556454479694366,0.1336652636528015
-114.5014877319336,-5967.16259765625,9.996406555175781,0.0,133.39664838836603,0.0,5987.83382743597,-6121.221450277456,-6121.230475824336,0.0,4.912000056675502,3.840571485246931,0.18425999581813812,0.0,0.0,0.00359344482421875,0.20056769251823425,0.13312885165214539,0.0,0.0,0.13312885165214539,0.0,727.0,0.23548483848571777,0.13312885165214539
-114.39664459228516,-5967.833984375,9.999700546264648,0.0,133.29238695337082,0.0,5988.50521415472,-6121.679113025474,-6121.797601108091,0.0,4.976142828805106,3.9047142573765345,0.2739329934120178,0.0,0.0,0.0002994537353515625,1.3165341466665268,0.13063348829746246,0.0,0.0,0.13063348829746246,0.0,728.0,0.23709526658058167,0.13063348829746246
-114.29238891601562,-5968.50537109375,9.999700546264648,0.0,133.18653050391174,0.0,5997.967409922607,-6130.877117450847,-6131.153940426519,0.0,5.096214239937918,4.024785668509347,0.3082900047302246,0.0,0.0,0.0002994537353515625,3.075810596346855,0.12964971363544464,0.0,0.0,0.12964971363544464,0.0,729.0,0.23757334053516388,0.12964971363544464
-114.18653106689453,-5977.96728515625,9.999700546264648,0.0,133.07922254897875,0.0,5998.63851493597,-6131.501063124978,-6131.717737484949,0.0,5.168142809186663,4.096714237758091,0.31154200434684753,0.0,0.0,0.0002994537353515625,2.407492697238922,0.12971585988998413,0.0,0.0,0.12971585988998413,0.0,730.0,0.23702464997768402,0.12971585988998413
-114.0792236328125,-5978.638671875,9.999700546264648,0.0,132.97188886825398,0.0,6012.862337664017,-6145.704842438688,-6145.834226532271,0.0,5.173928615025112,4.102500043596541,0.3106450140476227,0.0,0.0,0.0002994537353515625,1.437600925564766,0.12960462272167206,0.0,0.0,0.12960462272167206,0.0,731.0,0.23798500001430511,0.12960462272167206
-113.97188568115234,-5992.8623046875,9.999700546264648,0.0,132.86739162168584,0.0,6024.098000470123,-6156.55233983685,-6156.965392091809,0.0,5.187285777500698,4.115857206072127,0.3001460134983063,0.0,0.0,0.0002994537353515625,2.2947345674037933,0.125620037317276,0.0,0.0,0.125620037317276,0.0,732.0,0.24043768644332886,0.125620037317276
-113.86739349365234,-6004.09814453125,9.999700546264648,0.0,132.76269216286553,0.0,6024.76937431097,-6156.980553289208,-6157.532066473836,0.0,5.21557148524693,4.144142913818359,0.3103350102901459,0.0,0.0,0.0002994537353515625,3.0639618933200836,0.1252036988735199,0.0,0.0,0.1252036988735199,0.0,733.0,0.24007652699947357,0.1252036988735199
-113.7626953125,-6004.76953125,9.999700546264648,0.0,132.6593051780256,0.0,6047.642396311314,-6179.567399506277,-6180.301701489339,0.0,5.274285670689174,4.202857099260603,0.9527930021286011,0.0,0.0,0.0002994537353515625,4.079455137252808,0.12215256690979004,0.0,0.0,0.12215256690979004,0.0,734.0,0.24220865964889526,0.12215256690979004
-113.6593017578125,-6027.642578125,9.999700546264648,0.0,132.55322736793917,0.0,6048.31380790472,-6179.972977764424,-6180.867035272659,0.0,5.3226428168160576,4.2512142453874855,0.30810999870300293,0.0,0.0,0.0002994537353515625,4.966985762119293,0.12440484762191772,0.0,0.0,0.12440484762191772,0.0,735.0,0.240739643573761,0.12440484762191772
-113.55323028564453,-6028.31396484375,9.999700546264648,0.0,132.44667084654336,0.0,6056.959596003382,-6188.625153089962,-6189.4062668499255,0.0,5.355000032697405,4.283571461268833,0.3182229995727539,0.0,0.0,0.0002994537353515625,4.3395205438137054,0.12425699830055237,0.0,0.0,0.12425699830055237,0.0,736.0,0.2411363571882248,0.12425699830055237
-113.44667053222656,-6036.95947265625,9.999700546264648,0.0,132.33975674807624,0.0,6057.63070243597,-6189.348627657343,-6189.970459184046,0.0,5.365499986921038,4.294071415492466,0.3080269992351532,0.0,0.0,0.0002994537353515625,3.4546193182468414,0.12445411086082458,0.0,0.0,0.12445411086082458,0.0,737.0,0.24074330925941467,0.12445411086082458
-113.33975982666016,-6037.630859375,9.999700546264648,0.0,132.23022708086637,0.0,6058.30208915472,-6190.366041512372,-6190.532316235587,0.0,5.3481428418840675,4.276714270455496,0.37723100185394287,0.0,0.0,0.0002994537353515625,1.8474967777729034,0.12812265753746033,0.0,0.0,0.12812265753746033,0.0,738.0,0.23831243813037872,0.12812265753746033
-113.230224609375,-6038.30224609375,9.999700546264648,0.0,132.1217223673924,0.0,6067.300042733163,-6199.405176437119,-6199.421765100555,0.0,5.309714262826102,4.238285691397531,0.49322599172592163,0.0,0.0,0.0002994537353515625,0.18431846797466278,0.12775607407093048,0.0,0.0,0.12775607407093048,0.0,739.0,0.23890291154384613,0.12775607407093048
-113.12171936035156,-6047.2998046875,9.999700546264648,0.0,132.01260796362533,0.0,6067.97103446722,-6200.054943593687,-6199.983642430846,0.0,5.265785707746233,4.194357136317661,0.09974999725818634,0.0,0.34574800729751587,0.0,0.0,0.0,0.12959305942058563,0.0,0.12959305942058563,0.0,740.0,0.23672984540462494,0.12959305942058563
-113.01261138916016,-6047.97119140625,9.999401092529297,0.0,131.9042194042326,0.0,6076.726827982864,-6208.706603644486,-6208.631047387096,0.0,5.230500030517578,4.159071459089007,0.0,0.0,0.37415799498558044,0.0,0.0,0.0,0.12955036759376526,0.0,0.12955036759376526,0.0,741.0,0.23732838034629822,0.12955036759376526
-112.90422058105469,-6056.72705078125,9.999101638793945,0.0,131.7959909586877,0.0,6077.39828056097,-6209.2671376263515,-6209.194271519658,0.0,5.222642844063895,4.151214272635324,0.0,0.0,0.3562360107898712,0.0,0.0,0.0,0.12953801453113556,0.0,0.12953801453113556,0.0,742.0,0.23701998591423035,0.12953801453113556
-112.79598999023438,-6057.3984375,9.998802185058594,0.0,131.68814696457412,0.0,6078.06966727972,-6209.831233319691,-6209.757814244294,0.0,5.21557148524693,4.144142913818359,0.0,0.0,0.36024099588394165,0.0,0.0,0.0,0.12921948730945587,0.0,0.12921948730945587,0.0,743.0,0.23699912428855896,0.12921948730945587
-112.68814849853516,-6058.06982421875,9.998502731323242,0.0,131.58046593006335,0.0,6078.74105399847,-6210.385885488672,-6210.321519928533,0.0,5.207928603036063,4.136500031607492,0.0,0.0,0.29989999532699585,0.0,0.0,0.0,0.12920372188091278,0.0,0.12920372188091278,0.0,744.0,0.236978679895401,0.12920372188091278
-112.5804672241211,-6058.7412109375,9.99820327758789,0.0,131.47238809018057,0.0,6079.41244071722,-6210.937423579981,-6210.8848288074005,0.0,5.225071443830218,4.153642872401646,0.0,0.0,0.22134600579738617,0.0,0.0,0.0,0.1292857974767685,0.0,0.1292857974767685,0.0,745.0,0.23687420785427094,0.1292857974767685
-112.4723892211914,-6059.41259765625,9.997903823852539,0.0,131.35939921304026,0.0,6132.133226923368,-6263.5412836316345,-6263.492626136408,0.0,5.232571411132812,4.161142839704241,0.0,0.0,0.18902599811553955,0.0,0.0,0.0,0.13535729050636292,0.0,0.13535729050636292,0.0,746.0,0.23916809260845184,0.13535729050636292
-112.3593978881836,-6112.13330078125,9.997604370117188,0.0,131.2455903532736,0.0,6132.80453056097,-6264.096410085872,-6264.050120914244,0.0,5.234928621564593,4.163500050136021,0.0,0.0,0.17225700616836548,0.0,0.0,0.0,0.13633745908737183,0.0,0.13633745908737183,0.0,747.0,0.23701344430446625,0.13633745908737183
-112.24559020996094,-6112.8046875,9.997304916381836,0.0,131.13180391417654,0.0,6133.47591727972,-6264.652080174081,-6264.607721193897,0.0,5.244928577968052,4.173500006539481,0.0,0.0,0.15967600047588348,0.0,0.0,0.0,0.1360505223274231,0.0,0.1360505223274231,0.0,748.0,0.23704777657985687,0.1360505223274231
-112.13180541992188,-6113.47607421875,9.997005462646484,0.0,131.01809690850968,0.0,6134.14730399847,-6265.209058938748,-6265.16540090698,0.0,5.25335715157645,4.181928580147879,0.0,0.0,0.15532000362873077,0.0,0.0,0.0,0.13573352992534637,0.0,0.13573352992534637,0.0,749.0,0.2370835393667221,0.13573352992534637
-112.01809692382812,-6114.1474609375,9.996706008911133,0.0,130.90449022292466,0.0,6134.81869071722,-6265.76771335644,-6265.723180940145,0.0,5.262071418762207,4.190642847333636,0.0,0.0,0.16150300204753876,0.0,0.0,0.0,0.13537976145744324,0.0,0.13537976145744324,0.0,750.0,0.23711445927619934,0.13537976145744324
-111.90448760986328,-6114.81884765625,9.996406555175781,0.0,130.79081629830733,0.0,6135.49007743597,-6266.2770339647905,-6266.280893734278,0.0,5.28500006539481,4.2135714939662385,0.18425999581813812,0.0,0.0,0.00359344482421875,0.08577264845371246,0.13487392663955688,0.0,0.0,0.13487392663955688,0.0,751.0,0.23718705773353577,0.13487392663955688
-111.79081726074219,-6115.490234375,9.999700546264648,0.0,130.67834314015926,0.0,6136.16146415472,-6266.737119204262,-6266.839807294879,0.0,5.325928633553641,4.25450006212507,0.2739329934120178,0.0,0.0,0.0002994537353515625,1.1409786939620972,0.13233888149261475,0.0,0.0,0.13233888149261475,0.0,752.0,0.23914118111133575,0.13233888149261475
-111.6783447265625,-6116.16162109375,9.999700546264648,0.0,130.5652342182915,0.0,6136.83285087347,-6267.143309944341,-6267.3980850917615,0.0,5.395214298793247,4.323785727364676,0.3082900047302246,0.0,0.0,0.0002994537353515625,2.830834746360779,0.13142573833465576,0.0,0.0,0.13142573833465576,0.0,753.0,0.2392527163028717,0.13142573833465576
-111.56523132324219,-6116.8330078125,9.999700546264648,0.0,130.4510941387038,0.0,6145.8267390256315,-6275.884090989233,-6276.277833164335,0.0,5.477714347839355,4.406285776410784,0.31154200434684753,0.0,0.0,0.0002994537353515625,4.374912708997726,0.13069584965705872,0.0,0.0,0.13069584965705872,0.0,754.0,0.2398354858160019,0.13069584965705872
-111.45109558105469,-6125.82666015625,9.999700546264648,0.0,130.33546340840203,0.0,6146.49788993597,-6276.335709994544,-6276.833353344372,0.0,5.56507146017892,4.493642888750348,0.3106450140476227,0.0,0.0,0.0002994537353515625,5.529370114207268,0.13043518364429474,0.0,0.0,0.13043518364429474,0.0,755.0,0.23921461403369904,0.13043518364429474
-111.33546447753906,-6126.498046875,9.999700546264648,0.0,130.22203478088392,0.0,6147.16927665472,-6276.269218997793,-6277.391311435605,0.0,5.637357112339565,4.565928540910993,0.3001460134983063,0.0,0.0,0.0002994537353515625,6.233846381306648,0.12615804374217987,0.0,0.0,0.12615804374217987,0.0,756.0,0.24154938757419586,0.12615804374217987
-111.22203826904297,-6127.16943359375,9.999700546264648,0.0,130.1079593916765,0.0,6156.670384033275,-6285.625007962275,-6286.778343424951,0.0,5.690214238848005,4.618785667419433,0.3103350102901459,0.0,0.0,0.0002994537353515625,6.407418727874756,0.1257467269897461,0.0,0.0,0.1257467269897461,0.0,757.0,0.24205626547336578,0.1257467269897461
-111.10795593261719,-6136.67041015625,9.999700546264648,0.0,129.99332672916688,0.0,6157.34163993597,-6286.252668709203,-6287.3349666651375,0.0,5.722214235578265,4.6507856641496925,0.3222000002861023,0.0,0.0,0.0002994537353515625,6.012765944004059,0.1256846785545349,0.0,0.0,0.1256846785545349,0.0,758.0,0.24161963164806366,0.1256846785545349
-110.99332427978516,-6137.341796875,9.999700546264648,0.0,129.8784098017278,0.0,6166.961536292747,-6295.860090713137,-6296.839946094475,0.0,5.741214288984026,4.669785717555454,0.30810999870300293,0.0,0.0,0.0002994537353515625,5.443640574812889,0.12559999525547028,0.0,0.0,0.12559999525547028,0.0,759.0,0.24217762053012848,0.12559999525547028
-110.87841033935547,-6146.96142578125,9.999700546264648,0.0,129.76334971182928,0.0,6167.63265556097,-6296.617716378044,-6297.3960052728,0.0,5.744357190813337,4.6729286193847654,0.3182229995727539,0.0,0.0,0.0002994537353515625,4.323826849460602,0.12570089101791382,0.0,0.0,0.12570089101791382,0.0,760.0,0.24176788330078125,0.12570089101791382
-110.76335144042969,-6147.6328125,9.999700546264648,0.0,129.64835881203857,0.0,6168.30404227972,-6297.309921384658,-6297.9524010917585,0.0,5.743428584507534,4.672000013078962,0.3080269992351532,0.0,0.0,0.0002994537353515625,3.5693314224481583,0.12564228475093842,0.0,0.0,0.12564228475093842,0.0,761.0,0.24173036217689514,0.12564228475093842
-110.64836120605469,-6148.30419921875,9.999700546264648,0.0,129.5304628873418,0.0,6168.97542899847,-6298.309293949084,-6298.505891885812,0.0,5.726428522382464,4.654999950953892,0.37723100185394287,0.0,0.0,0.0002994537353515625,2.184421345591545,0.12939806282520294,0.0,0.0,0.12939806282520294,0.0,762.0,0.2388685643672943,0.12939806282520294
-110.53046417236328,-6148.9755859375,9.999700546264648,0.0,129.4135885532699,0.0,6169.64681571722,-6298.992539064905,-6299.06040427049,0.0,5.69271422794887,4.621285656520298,0.49322599172592163,0.0,0.0,0.0002994537353515625,0.7540577799081802,0.12896673381328583,0.0,0.0,0.12896673381328583,0.0,763.0,0.23874841630458832,0.12896673381328583
-110.41358947753906,-6149.64697265625,9.999700546264648,0.0,129.29681633127123,0.0,6170.31820243597,-6299.646450435997,-6299.615018767242,0.0,5.610000010899135,4.538571439470563,0.3666999936103821,0.0,0.07879799604415894,0.0,0.0,0.0,0.13074645400047302,0.0,0.13074645400047302,0.0,764.0,0.23685449361801147,0.13074645400047302
-110.29681396484375,-6150.318359375,9.999401092529297,0.0,129.18205320548924,0.0,6188.3795989627715,-6317.637362044707,-6317.5616521682605,0.0,5.514642797197614,4.443214225769043,0.0,0.0,0.37415799498558044,0.0,0.0,0.0,0.13057449460029602,0.0,0.13057449460029602,0.0,765.0,0.23845507204532623,0.13057449460029602
-110.18205261230469,-6168.37939453125,9.999101638793945,0.0,129.06780331634087,0.0,6189.331217544547,-6318.4720767607,-6318.399020860888,0.0,5.478928511483328,4.407499940054757,0.0,0.0,0.3562360107898712,0.0,0.0,0.0,0.13080330193042755,0.0,0.13080330193042755,0.0,766.0,0.2376818060874939,0.13080330193042755
-110.06780242919922,-6169.3310546875,9.998802185058594,0.0,128.95454567790168,0.0,6190.00228446722,-6319.035808503489,-6318.956830145122,0.0,5.446785736083984,4.375357164655413,0.0,0.0,0.3961620032787323,0.0,0.0,0.0,0.13036036491394043,0.0,0.13036036491394043,0.0,767.0,0.23775245249271393,0.13036036491394043
-109.95454406738281,-6170.00244140625,9.998502731323242,0.0,128.8419714861658,0.0,6190.67367118597,-6319.580998599995,-6319.515642672136,0.0,5.409357152666364,4.337928581237793,0.0,0.0,0.3052870035171509,0.0,0.0,0.0,0.13041916489601135,0.0,0.13041916489601135,0.0,768.0,0.23787537217140198,0.13041916489601135
-109.84197235107422,-6170.673828125,9.99820327758789,0.0,128.73002130136464,0.0,6191.34505790472,-6320.127851055878,-6320.075079206085,0.0,5.37564285823277,4.304214286804199,0.0,0.0,0.22134600579738617,0.0,0.0,0.0,0.1304663121700287,0.0,0.1304663121700287,0.0,769.0,0.23796215653419495,0.1304663121700287
-109.73001861572266,-6171.34521484375,9.997903823852539,0.0,128.61351363334518,0.0,6192.01644462347,-6320.67879811544,-6320.629958256815,0.0,5.357571411132812,4.286142839704241,0.0,0.0,0.18902599811553955,0.0,0.0,0.0,0.13657304644584656,0.0,0.13657304644584656,0.0,770.0,0.23683935403823853,0.13657304644584656
-109.61351013183594,-6172.0166015625,9.997604370117188,0.0,128.4971934827049,0.0,6192.68783134222,-6321.231308457791,-6321.185024824925,0.0,5.359071404593331,4.28764283316476,0.0,0.0,0.17225700616836548,0.0,0.0,0.0,0.13630053400993347,0.0,0.13630053400993347,0.0,771.0,0.236867293715477,0.13630053400993347
-109.4971923828125,-6172.68798828125,9.997304916381836,0.0,128.3809630111602,0.0,6193.35921806097,-6321.784538693328,-6321.74018107213,0.0,5.364999989100864,4.293571417672293,0.0,0.0,0.15967600047588348,0.0,0.0,0.0,0.13604146242141724,0.0,0.13604146242141724,0.0,772.0,0.23683501780033112,0.13604146242141724
-109.38096618652344,-6173.359375,9.997005462646484,0.0,128.26514161976934,0.0,6201.549241181296,-6329.858034603402,-6329.814382801065,0.0,5.358928625924246,4.287500054495675,0.0,0.0,0.15532000362873077,0.0,0.0,0.0,0.13569200038909912,0.0,0.13569200038909912,0.0,773.0,0.23741097748279572,0.13569200038909912
-109.26514434814453,-6181.54931640625,9.996706008911133,0.0,128.14960081355417,0.0,6202.22054618597,-6330.41470877707,-6330.370146999525,0.0,5.349714224679129,4.278285653250558,0.0,0.0,0.16150300204753876,0.0,0.0,0.0,0.13557550311088562,0.0,0.13557550311088562,0.0,774.0,0.23704832792282104,0.13557550311088562
-109.14959716796875,-6182.220703125,9.996406555175781,0.0,128.03391671766846,0.0,6202.89193290472,-6330.936429182761,-6330.925849622388,0.0,5.37249995640346,4.301071384974888,0.18425999581813812,0.0,0.0,0.0,0.0,0.06464000046253204,0.07053039968013763,0.0,0.13517040014266968,0.0,775.0,0.23699671030044556,0.13517040014266968
-109.03392028808594,-6182.89208984375,9.99610710144043,0.0,127.91979571509984,0.0,6229.182050573956,-6357.073206568188,-6357.101846289056,0.0,5.398214285714285,4.326785714285714,0.2739329934120178,0.0,0.0,0.0038928985595703125,0.3182190954685211,0.13260504603385925,0.0,0.0,0.13260504603385925,0.0,776.0,0.24074280261993408,0.13260504603385925
-108.91979217529297,-6209.18212890625,9.999700546264648,0.0,127.80502850796456,0.0,6229.85335868597,-6357.581992107029,-6357.658387193935,0.0,5.427428599766323,4.356000028337752,0.3082900047302246,0.0,0.0,0.0002994537353515625,0.8488342314958572,0.13267628848552704,0.0,0.0,0.13267628848552704,0.0,777.0,0.23953722417354584,0.13267628848552704
-108.8050308227539,-6209.853515625,9.999700546264648,0.0,127.68992662780406,0.0,6256.537968449455,-6384.090424741102,-6384.227895077259,0.0,5.474071448189871,4.4026428767613,0.31154200434684753,0.0,0.0,0.0002994537353515625,1.527448058128357,0.13196051120758057,0.0,0.0,0.13196051120758057,0.0,778.0,0.24152973294258118,0.13196051120758057
-108.68992614746094,-6236.5380859375,9.999700546264648,0.0,127.57408883596678,0.0,6309.784023377502,-6437.190829793636,-6437.358112213469,0.0,5.536714226858956,4.465285655430385,0.4150570034980774,0.0,0.0,0.0002994537353515625,1.8586934059858322,0.13135023415088654,0.0,0.0,0.13135023415088654,0.0,779.0,0.24410012364387512,0.13135023415088654
-108.57408905029297,-6289.7841796875,9.999700546264648,0.0,127.46091617317987,0.0,6319.5070773681655,-6446.677135885771,-6446.967993541345,0.0,5.55271429334368,4.481285721915109,0.679502010345459,0.0,0.0,0.0002994537353515625,1.6158757358789444,0.12777279317378998,0.0,0.0,0.12777279317378998,0.0,780.0,0.2452518194913864,0.12777279317378998
-108.4609146118164,-6299.5068359375,9.999700546264648,0.0,127.34682575239516,0.0,6320.17806571722,-6447.110156490465,-6447.524891469616,0.0,5.55228568485805,4.480857113429478,0.3103350102901459,0.0,0.0,0.0002994537353515625,2.3040830343961716,0.1288824826478958,0.0,0.0,0.1288824826478958,0.0,781.0,0.24482056498527527,0.1288824826478958
-108.3468246459961,-6300.17822265625,9.999700546264648,0.0,127.23276103259786,0.0,6320.84945243597,-6447.572403407128,-6448.082213468568,0.0,5.57085712977818,4.499428558349609,0.3222000002861023,0.0,0.0,0.0002994537353515625,2.8322778940200806,0.12842261791229248,0.0,0.0,0.12842261791229248,0.0,782.0,0.24487632513046265,0.12842261791229248
-108.23275756835938,-6300.849609375,9.999700546264648,0.0,127.11850696051492,0.0,6329.038305595997,-6455.58764109303,-6456.156812556513,0.0,5.593428557259696,4.521999985831124,0.30810999870300293,0.0,0.0,0.0002994537353515625,3.1620634347200394,0.12812726199626923,0.0,0.0,0.12812726199626923,0.0,783.0,0.24538548290729523,0.12812726199626923
-108.1185073852539,-6309.0380859375,9.999700546264648,0.0,127.00427161784955,0.0,6329.70931571722,-6456.105488346787,-6456.71358733507,0.0,5.60478572845459,4.5333571570260185,0.3182229995727539,0.0,0.0,0.0002994537353515625,3.3783274441957474,0.1278499811887741,0.0,0.0,0.1278499811887741,0.0,784.0,0.2451096475124359,0.1278499811887741
-108.0042724609375,-6309.70947265625,9.999700546264648,0.0,126.89038293161309,0.0,6330.38070243597,-6456.7313995669365,-6457.2710853675835,0.0,5.594642857142857,4.523214285714285,0.3080269992351532,0.0,0.0,0.0002994537353515625,2.998254209756851,0.12766918540000916,0.0,0.0,0.12766918540000916,0.0,785.0,0.24513092637062073,0.12766918540000916
-107.890380859375,-6310.380859375,9.999700546264648,0.0,126.77422091739747,0.0,6347.116171011872,-6473.734467895723,-6473.89039192927,0.0,5.566642842973981,4.49521427154541,0.37723100185394287,0.0,0.0,0.0002994537353515625,1.7324891239404678,0.13103042542934418,0.0,0.0,0.13103042542934418,0.0,786.0,0.2429334968328476,0.13103042542934418
-107.77422332763672,-6327.1162109375,9.999700546264648,0.0,126.65878350093557,0.0,6347.78744071722,-6474.386912955991,-6474.446224218156,0.0,5.535071454729352,4.463642883300781,0.49322599172592163,0.0,0.0,0.0002994537353515625,0.6590139716863632,0.1309104710817337,0.0,0.0,0.1309104710817337,0.0,787.0,0.2420484721660614,0.1309104710817337
-107.65878295898438,-6327.78759765625,9.999700546264648,0.0,126.54293856418847,0.0,6348.45882743597,-6475.0450323019895,-6475.001766000159,0.0,5.481000028337751,4.4095714569091795,0.28975000977516174,0.0,0.15574797987937927,0.0,0.0,0.0,0.13269402086734772,0.0,0.13269402086734772,0.0,788.0,0.2400735765695572,0.13269402086734772
-107.54293823242188,-6328.458984375,9.999401092529297,0.0,126.4285098290764,0.0,6370.600705981642,-6497.105211089862,-6497.029215810719,0.0,5.418714332580566,4.347285761151995,0.0,0.0,0.37415799498558044,0.0,0.0,0.0,0.13247717916965485,0.0,0.13247717916965485,0.0,789.0,0.24189350008964539,0.13247717916965485
-107.42851257324219,-6350.6005859375,9.999101638793945,0.0,126.31429769537533,0.0,6375.294265533434,-6501.681914551603,-6501.608563228809,0.0,5.3959286008562355,4.324500029427664,0.0,0.0,0.3562360107898712,0.0,0.0,0.0,0.1327727884054184,0.0,0.1327727884054184,0.0,790.0,0.24115589261054993,0.1327727884054184
-107.31430053710938,-6355.29443359375,9.998802185058594,0.0,126.200448555064,0.0,6375.96566337347,-6502.240034653513,-6502.1661119285345,0.0,5.38564281463623,4.314214243207659,0.0,0.0,0.36024099588394165,0.0,0.0,0.0,0.13257715106010437,0.0,0.13257715106010437,0.0,791.0,0.24099981784820557,0.13257715106010437
-107.20044708251953,-6355.9658203125,9.998502731323242,0.0,126.08677567911646,0.0,6376.63705009222,-6502.788695727607,-6502.723825771337,0.0,5.376999936785016,4.305571365356445,0.0,0.0,0.29989999532699585,0.0,0.0,0.0,0.13256636261940002,0.0,0.13256636261940002,0.0,792.0,0.24111011624336243,0.13256636261940002
-107.08677673339844,-6356.63720703125,9.99820327758789,0.0,125.97325399612158,0.0,6377.30843681097,-6503.334787543934,-6503.281690807092,0.0,5.366857201712472,4.295428630283901,0.0,0.0,0.22134600579738617,0.0,0.0,0.0,0.13263222575187683,0.0,0.13263222575187683,0.0,793.0,0.24123746156692505,0.13263222575187683
-106.97325134277344,-6357.30859375,9.997903823852539,0.0,125.85509350249508,0.0,6377.97982352972,-6503.884071777721,-6503.834917032215,0.0,5.355928639003208,4.284500067574637,0.0,0.0,0.18902599811553955,0.0,0.0,0.0,0.13867229223251343,0.0,0.13867229223251343,0.0,794.0,0.2400287240743637,0.13867229223251343
-106.85509490966797,-6357.97998046875,9.997604370117188,0.0,125.73733447978101,0.0,6378.65121024847,-6504.435147863633,-6504.388544728251,0.0,5.346142850603376,4.2747142791748045,0.0,0.0,0.17225700616836548,0.0,0.0,0.0,0.13843055069446564,0.0,0.13843055069446564,0.0,795.0,0.24006330966949463,0.13843055069446564
-106.73733520507812,-6358.6513671875,9.997304916381836,0.0,125.62002442238635,0.0,6379.32259696722,-6504.987298680958,-6504.942621389607,0.0,5.334428596496582,4.263000025068011,0.0,0.0,0.15967600047588348,0.0,0.0,0.0,0.13817259669303894,0.0,0.13817259669303894,0.0,796.0,0.24010193347930908,0.13817259669303894
-106.62002563476562,-6359.32275390625,9.997005462646484,0.0,125.50324619456418,0.0,6379.99398368597,-6505.541210385364,-6505.497229880534,0.0,5.319928523472377,4.248499952043806,0.0,0.0,0.15532000362873077,0.0,0.0,0.0,0.13788335025310516,0.0,0.13788335025310516,0.0,797.0,0.24014587700366974,0.13788335025310516
-106.50324249267578,-6359.994140625,9.996706008911133,0.0,125.38702902831483,0.0,6380.66537040472,-6506.096688067813,-6506.052399433035,0.0,5.305214282444545,4.233785711015974,0.003800000064074993,0.0,0.1577029973268509,0.0,0.0,0.0,0.13755455613136292,0.0,0.13755455613136292,0.0,798.0,0.24018652737140656,0.13755455613136292
-106.38703155517578,-6360.66552734375,9.996406555175781,0.0,125.27117255817832,0.0,6381.33675712347,-6506.604044828811,-6506.607929681649,0.0,5.324928637913295,4.253500066484724,0.30832499265670776,0.0,0.0,0.00359344482421875,0.08633005619049072,0.1366015076637268,0.0,0.0,0.1366015076637268,0.0,799.0,0.24010872840881348,0.1366015076637268
-106.27117156982422,-6361.3369140625,9.999700546264648,0.0,125.15655825563954,0.0,6382.00814384222,-6507.0439990187,-6507.16470209786,0.0,5.34549993787493,4.274071366446359,0.2739329934120178,0.0,0.0,0.0002994537353515625,1.3411452174186707,0.13452225923538208,0.0,0.0,0.13452225923538208,0.0,800.0,0.2420586794614792,0.13452225923538208
-106.15655517578125,-6362.00830078125,9.999700546264648,0.0,125.04192529647861,0.0,6390.794967311225,-6515.5656448171485,-6515.836892607704,0.0,5.3813571384974885,4.309928567068917,0.3082900047302246,0.0,0.0,0.0002994537353515625,3.0138640999794006,0.1336464285850525,0.0,0.0,0.1336464285850525,0.0,801.0,0.2427893728017807,0.1336464285850525
-106.04192352294922,-6370.794921875,9.999700546264648,0.0,124.92836189921543,0.0,6400.6537915756035,-6525.201379497021,-6525.582153474819,0.0,5.424785695757184,4.353357124328613,0.7828149795532227,0.0,0.0,0.0002994537353515625,4.230821639299393,0.13126370310783386,0.0,0.0,0.13126370310783386,0.0,802.0,0.2430839091539383,0.13126370310783386
-105.92835998535156,-6380.65380859375,9.999700546264648,0.0,124.8123430981504,0.0,6401.32503837347,-6525.598907696951,-6526.137381471621,0.0,5.4867856979370115,4.41535712650844,0.3106450140476227,0.0,0.0,0.0002994537353515625,5.98304146528244,0.13276368379592896,0.0,0.0,0.13276368379592896,0.0,803.0,0.2426638901233673,0.13276368379592896
-105.81233978271484,-6381.3251953125,9.999700546264648,0.0,124.69866088336651,0.0,6410.6058674332435,-6534.097367751679,-6535.30452831661,0.0,5.545071411132812,4.473642839704241,0.3001460134983063,0.0,0.0,0.0002994537353515625,6.706447049975395,0.12855727970600128,0.0,0.0,0.12855727970600128,0.0,804.0,0.24626486003398895,0.12855727970600128
-105.69866180419922,-6390.60595703125,9.999700546264648,0.0,124.58461485027354,0.0,6411.27718681097,-6534.628531194954,-6535.861801661244,0.0,5.577571405683245,4.506142834254673,0.3216499984264374,0.0,0.0,0.0002994537353515625,6.851502045989037,0.12824811041355133,0.0,0.0,0.12824811041355133,0.0,805.0,0.24588145315647125,0.12824811041355133
-105.5846176147461,-6391.27734375,9.999700546264648,0.0,124.47057851470733,0.0,6411.94857352972,-6535.136836658206,-6536.419152044427,0.0,5.593357167925153,4.521928596496582,0.3222000002861023,0.0,0.0,0.0002994537353515625,7.123973801732063,0.12787680327892303,0.0,0.0,0.12787680327892303,0.0,806.0,0.245863139629364,0.12787680327892303
-105.4705810546875,-6391.94873046875,9.999700546264648,0.0,124.35669691214984,0.0,6412.61996024847,-6535.785665749531,-6536.976657160621,0.0,5.589857183183942,4.518428611755371,0.30810999870300293,0.0,0.0,0.0002994537353515625,6.616618424654007,0.12777206301689148,0.0,0.0,0.12777206301689148,0.0,807.0,0.24588923156261444,0.12777206301689148
-105.35669708251953,-6392.6201171875,9.999700546264648,0.0,124.24328663893293,0.0,6413.29134696722,-6536.524315905225,-6537.534633606153,0.0,5.568214225769043,4.496785654340472,0.3182229995727539,0.0,0.0,0.0002994537353515625,5.612875670194626,0.1277015507221222,0.0,0.0,0.1277015507221222,0.0,808.0,0.24595126509666443,0.1277015507221222
-105.2432861328125,-6393.29150390625,9.999700546264648,0.0,124.13052437499536,0.0,6413.96273368597,-6537.331973616333,-6538.093258060966,0.0,5.531571469988141,4.46014289855957,0.3080269992351532,0.0,0.0,0.0002994537353515625,4.229357689619064,0.1277656853199005,0.0,0.0,0.1277656853199005,0.0,809.0,0.24602042138576508,0.1277656853199005
-105.13052368164062,-6393.962890625,9.999700546264648,0.0,124.01550222346083,0.0,6414.63412040472,-6538.417380357047,-6538.6496226281815,0.0,5.493214280264718,4.421785708836147,0.37723100185394287,0.0,0.0,0.0002994537353515625,2.580469474196434,0.1314002424478531,0.0,0.0,0.1314002424478531,0.0,810.0,0.24246399104595184,0.1314002424478531
-105.0155029296875,-6394.63427734375,9.999700546264648,0.0,123.90169895401743,0.0,6426.26239392794,-6550.091873697095,-6550.164092881958,0.0,5.450571414402553,4.379142842973981,0.49322599172592163,0.0,0.0,0.0002994537353515625,0.8024353235960007,0.13093914091587067,0.0,0.0,0.13093914091587067,0.0,811.0,0.24314697086811066,0.13093914091587067
-104.90169525146484,-6406.26220703125,9.999700546264648,0.0,123.78757218742885,0.0,6426.93343681097,-6550.755757048861,-6550.721008998399,0.0,5.385928508213588,4.314499936785017,0.3467499911785126,0.0,0.09874799847602844,0.0,0.0,0.0,0.13290566205978394,0.0,0.13290566205978394,0.0,812.0,0.2407684326171875,0.13290566205978394
-104.7875747680664,-6406.93359375,9.999401092529297,0.0,123.67483589719815,0.0,6437.737918826622,-6561.488808370069,-6561.41275472382,0.0,5.318071447099958,4.2466428756713865,0.0,0.0,0.37415799498558044,0.0,0.0,0.0,0.1328662931919098,0.0,0.1328662931919098,0.0,813.0,0.2416820377111435,0.1328662931919098
-104.67483520507812,-6417.73779296875,9.999101638793945,0.0,123.56231259959799,0.0,6438.40902274847,-6562.044709842914,-6561.971335348068,0.0,5.304785673958914,4.233357102530343,0.0,0.0,0.3562360107898712,0.0,0.0,0.0,0.13292726874351501,0.0,0.13292726874351501,0.0,814.0,0.2413569837808609,0.13292726874351501
-104.56230926513672,-6418.4091796875,9.998802185058594,0.0,123.45111342672601,0.0,6439.08040946722,-6562.6054543025775,-6562.531522893946,0.0,5.249785777500698,4.178357206072127,0.0,0.0,0.36024099588394165,0.0,0.0,0.0,0.13263504207134247,0.0,0.13263504207134247,0.0,815.0,0.24154949188232422,0.13263504207134247
-104.45111083984375,-6419.08056640625,9.998502731323242,0.0,123.34138234808576,0.0,6439.75179618597,-6563.1580537005175,-6563.093178534056,0.0,5.17735721043178,4.105928639003208,0.0,0.0,0.29989999532699585,0.0,0.0,0.0,0.13260109722614288,0.0,0.13260109722614288,0.0,816.0,0.24184708297252655,0.13260109722614288
-104.34138488769531,-6419.751953125,9.99820327758789,0.0,123.23270938367449,0.0,6440.42318290472,-6563.708990967604,-6563.655892288395,0.0,5.1227142606462746,4.051285689217703,0.0,0.0,0.22134600579738617,0.0,0.0,0.0,0.13264517486095428,0.0,0.13264517486095428,0.0,817.0,0.2421092540025711,0.13264517486095428
-104.23271179199219,-6420.42333984375,9.997903823852539,0.0,123.12025816274587,0.0,6441.09456962347,-6564.263985392745,-6564.214827786216,0.0,5.0810000010899135,4.009571429661342,0.0,0.0,0.18902599811553955,0.0,0.0,0.0,0.13869136571884155,0.0,0.13869136571884155,0.0,818.0,0.24088244140148163,0.13869136571884155
-104.12025451660156,-6421.0947265625,9.997604370117188,0.0,123.00869678632556,0.0,6441.76595634222,-6564.821256847307,-6564.774653128546,0.0,5.04728570665632,3.9758571352277485,0.0,0.0,0.17225700616836548,0.0,0.0,0.0,0.13843443989753723,0.0,0.13843443989753723,0.0,819.0,0.2409844994544983,0.13843443989753723
-104.00869750976562,-6421.76611328125,9.997304916381836,0.0,122.89805151404656,0.0,6442.43734306097,-6565.380068927113,-6565.335394575017,0.0,5.013571412222726,3.942142840794155,0.0,0.0,0.15967600047588348,0.0,0.0,0.0,0.13815300166606903,0.0,0.13815300166606903,0.0,820.0,0.24109365046024323,0.13815300166606903
-103.8980484008789,-6422.4375,9.997005462646484,0.0,122.78831170040722,0.0,6443.10872977972,-6565.941015686237,-6565.897041480128,0.0,4.980928639003208,3.909500067574637,0.0,0.0,0.15532000362873077,0.0,0.0,0.0,0.1378413587808609,0.0,0.1378413587808609,0.0,821.0,0.2412049025297165,0.1378413587808609
-103.78831481933594,-6423.10888671875,9.996706008911133,0.0,122.6792085449592,0.0,6443.78011649847,-6566.503035257576,-6566.459325043429,0.0,4.96278566632952,3.8913570949009486,0.007600000128149986,0.0,0.15390300750732422,0.0,0.0,0.0,0.1374984085559845,0.0,0.1374984085559845,0.0,822.0,0.241272434592247,0.1374984085559845
-103.67920684814453,-6423.7802734375,9.996406555175781,0.0,122.56859584500802,0.0,6444.45150321722,-6567.0097949041965,-6567.020099062228,0.0,5.053499984741211,3.9820714133126396,0.18425999581813812,0.0,0.0,0.00359344482421875,0.22898127138614655,0.13701526820659637,0.0,0.0,0.13701526820659637,0.0,823.0,0.24104724824428558,0.13701526820659637
-103.56859588623047,-6424.45166015625,9.999700546264648,0.0,122.4581233080083,0.0,6454.008476628658,-6576.333932920912,-6576.466599936666,0.0,5.137714331490653,4.066285760062081,0.2739329934120178,0.0,0.0,0.0002994537353515625,1.4740778356790543,0.1345897763967514,0.0,0.0,0.1345897763967514,0.0,824.0,0.2432585209608078,0.1345897763967514
-103.45812225341797,-6434.00830078125,9.999700546264648,0.0,122.34660568673405,0.0,6502.477306900128,-6624.5360754636595,-6624.823912586861,0.0,5.2270714351109095,4.155642863682338,0.3082900047302246,0.0,0.0,0.0002994537353515625,3.198190003633499,0.1336204707622528,0.0,0.0,0.1336204707622528,0.0,825.0,0.2463456094264984,0.1336204707622528
-103.34660339355469,-6482.4775390625,9.999700546264648,0.0,122.23204234927245,0.0,6506.643037595741,-6628.457010372271,-6628.875079945014,0.0,5.3640713827950615,4.292642811366489,0.31154200434684753,0.0,0.0,0.0002994537353515625,4.645217105746269,0.1339915543794632,0.0,0.0,0.1339915543794632,0.0,826.0,0.24403853714466095,0.1339915543794632
-103.23204040527344,-6486.64306640625,9.999700546264648,0.0,122.11591497199836,0.0,6507.31429618597,-6628.937471059613,-6629.430211157969,0.0,5.4572143009730745,4.385785729544503,0.3106450140476227,0.0,0.0,0.0002994537353515625,5.474889546632767,0.13361570239067078,0.0,0.0,0.13361570239067078,0.0,827.0,0.24368485808372498,0.13361570239067078
-103.11591339111328,-6487.314453125,9.999700546264648,0.0,122.00217192426963,0.0,6507.98568290472,-6628.927215192224,-6629.98785482899,0.0,5.5137857164655415,4.442357145036969,0.3001460134983063,0.0,0.0,0.0002994537353515625,5.892441958189011,0.12936237454414368,0.0,0.0,0.12936237454414368,0.0,828.0,0.24696262180805206,0.12936237454414368
-103.0021743774414,-6487.98583984375,9.999700546264648,0.0,121.88828049732928,0.0,6544.415397809475,-6665.2350868772255,-6666.303678306804,0.0,5.530857167925153,4.459428596496582,0.3103350102901459,0.0,0.0,0.0002994537353515625,5.936618581414223,0.12914679944515228,0.0,0.0,0.12914679944515228,0.0,829.0,0.24910612404346466,0.12914679944515228
-102.8882827758789,-6524.41552734375,9.999700546264648,0.0,121.77409979933527,0.0,6563.9542204585805,-6684.704822644863,-6685.728320257916,0.0,5.536928531101772,4.4654999596732,0.3222000002861023,0.0,0.0,0.0002994537353515625,5.686097398400307,0.12935326993465424,0.0,0.0,0.12935326993465424,0.0,830.0,0.24903634190559387,0.12935326993465424
-102.77410125732422,-6543.9541015625,9.999700546264648,0.0,121.65983857713044,0.0,6572.717447188697,-6693.4762888592895,-6694.377285765828,0.0,5.532499940054757,4.461071368626186,0.30810999870300293,0.0,0.0,0.0002994537353515625,5.00553797185421,0.12955285608768463,0.0,0.0,0.12955285608768463,0.0,831.0,0.24890071153640747,0.12955285608768463
-102.65983581542969,-6552.71728515625,9.999700546264648,0.0,121.54572674006495,0.0,6573.38851493597,-6694.26063454997,-6694.9342416760355,0.0,5.519785690307617,4.448357118879046,0.3182229995727539,0.0,0.0,0.0002994537353515625,3.74226151406765,0.12966574728488922,0.0,0.0,0.12966574728488922,0.0,832.0,0.2486693114042282,0.12966574728488922
-102.54572296142578,-6553.388671875,9.999700546264648,0.0,121.43178353935646,0.0,6574.05990165472,-6694.939520701993,-6695.491685194077,0.0,5.514142799377441,4.44271422794887,0.3080269992351532,0.0,0.0,0.0002994537353515625,3.0675802677869797,0.12959332764148712,0.0,0.0,0.12959332764148712,0.0,833.0,0.24865269660949707,0.12959332764148712
-102.4317855834961,-6554.06005859375,9.999700546264648,0.0,121.31549466282746,0.0,6574.73128837347,-6695.901117467337,-6696.046783036298,0.0,5.494357190813337,4.4229286193847654,0.37723100185394287,0.0,0.0,0.0002994537353515625,1.6185061931610107,0.1329132318496704,0.0,0.0,0.1329132318496704,0.0,834.0,0.24517056345939636,0.1329132318496704
-102.31549835205078,-6554.7314453125,9.999700546264648,0.0,121.20060345170786,0.0,6575.40267509222,-6696.587798535467,-6696.603278543928,0.0,5.450571414402553,4.379142842973981,0.5361769795417786,0.0,0.0,0.0002994537353515625,0.17200008034706116,0.13227346539497375,0.0,0.0,0.13227346539497375,0.0,835.0,0.2451772540807724,0.13227346539497375
-102.20059967041016,-6555.40283203125,9.999700546264648,0.0,121.0877158967717,0.0,6596.540758565987,-6717.791544015461,-6717.628474462758,0.0,5.384428514753069,4.312999943324497,0.1899999976158142,0.0,0.9557220339775085,0.0,0.0,0.0,0.13140827417373657,0.0,0.13140827417373657,0.0,836.0,0.24433369934558868,0.13140827417373657
-102.08771514892578,-6576.54052734375,9.999401092529297,0.0,120.97403687581549,0.0,6597.21175712347,-6718.274498805652,-6718.185793999286,0.0,5.311714254106794,4.2402856826782225,0.0,0.0,0.457161009311676,0.0,0.0,0.0,0.13420434296131134,0.0,0.13420434296131134,0.0,837.0,0.24439728260040283,0.13420434296131134
-101.97403717041016,-6577.2119140625,9.999101638793945,0.0,120.86093584909644,0.0,6597.88314384222,-6718.817667204976,-6718.744079691317,0.0,5.277428572518485,4.2060000010899135,0.0,0.0,0.3562360107898712,0.0,0.0,0.0,0.13434739410877228,0.0,0.13434739410877228,0.0,838.0,0.24460545182228088,0.13434739410877228
-101.8609390258789,-6577.88330078125,9.998802185058594,0.0,120.74865196129913,0.0,6607.485856585731,-6728.308651646781,-6728.234508547031,0.0,5.248785781860351,4.17735721043178,0.0,0.0,0.36024099588394165,0.0,0.0,0.0,0.13404631614685059,0.0,0.13404631614685059,0.0,839.0,0.2452641874551773,0.13404631614685059
-101.74864959716797,-6587.48583984375,9.998502731323242,0.0,120.63693785860082,0.0,6608.15706962347,-6728.859116342707,-6728.794007482071,0.0,5.215785653250558,4.144357081821987,0.0,0.0,0.29989999532699585,0.0,0.0,0.0,0.13415905833244324,0.0,0.13415905833244324,0.0,840.0,0.24515819549560547,0.13415905833244324
-101.6369400024414,-6588.1572265625,9.99820327758789,0.0,120.52596940990615,0.0,6608.82845634222,-6729.407757729884,-6729.354425752126,0.0,5.17735721043178,4.105928639003208,0.0,0.0,0.22134600579738617,0.0,0.0,0.0,0.13420049846172333,0.0,0.13420049846172333,0.0,841.0,0.2453765869140625,0.13420049846172333
-101.52597045898438,-6588.82861328125,9.997903823852539,0.0,120.40789413161554,0.0,6609.49984306097,-6729.957154823643,-6729.907737192586,0.0,5.285214233398437,4.213785661969866,0.0,0.0,0.18902599811553955,0.0,0.0,0.0,0.14042486250400543,0.0,0.14042486250400543,0.0,842.0,0.24336911737918854,0.14042486250400543
-101.40789031982422,-6589.5,9.997604370117188,0.0,120.29071820712846,0.0,6610.17122977972,-6730.508808739475,-6730.461947986849,0.0,5.252642849513462,4.181214278084891,0.0,0.0,0.17225700616836548,0.0,0.0,0.0,0.14014799892902374,0.0,0.14014799892902374,0.0,843.0,0.243480384349823,0.14014799892902374
-101.29071807861328,-6590.17138671875,9.997304916381836,0.0,120.17451727525696,0.0,6610.84261649847,-6731.062063957165,-6731.017133773727,0.0,5.2172142573765345,4.145785685947963,0.0,0.0,0.15967600047588348,0.0,0.0,0.0,0.13985854387283325,0.0,0.13985854387283325,0.0,844.0,0.24358901381492615,0.13985854387283325
-101.17451477050781,-6590.8427734375,9.997005462646484,0.0,120.05923613938062,0.0,6611.51400321722,-6731.617468627386,-6731.573239356601,0.0,5.18499995640346,4.113571384974888,0.0,0.0,0.15532000362873077,0.0,0.0,0.0,0.13954178988933563,0.0,0.13954178988933563,0.0,845.0,0.24368394911289215,0.13954178988933563
-101.05923461914062,-6591.51416015625,9.996706008911133,0.0,119.94473200375651,0.0,6612.18538993597,-6732.175233724368,-6732.130121939726,0.0,5.160928535461426,4.089499964032854,0.0,0.0,0.16155500710010529,0.0,0.0,0.0,0.139190211892128,0.0,0.139190211892128,0.0,846.0,0.24375306069850922,0.139190211892128
-100.94473266601562,-6592.185546875,9.996406555175781,0.0,119.82992588697857,0.0,6612.85677665472,-6732.69828463808,-6732.686702541699,0.0,5.192142840794155,4.120714269365584,0.18452000617980957,0.0,0.0,0.0,0.0,0.06152999401092529,0.07721397280693054,0.0,0.13874396681785583,0.0,847.0,0.24366240203380585,0.13874396681785583
-100.82992553710938,-6592.85693359375,9.99610710144043,0.0,119.71538541315086,0.0,6613.52816337347,-6733.144583232268,-6733.243548786621,0.0,5.274214281354632,4.20278570992606,0.2745420038700104,0.0,0.0,0.0038928985595703125,1.0996171832084656,0.1362479329109192,0.0,0.0,0.1362479329109192,0.0,848.0,0.24531692266464233,0.1362479329109192
-100.71538543701172,-6593.5283203125,9.999700546264648,0.0,119.59929541499066,0.0,6614.19955009222,-6733.541931909475,-6733.798845507211,0.0,5.3837857382638115,4.312357166835239,0.3090609908103943,0.0,0.0,0.0002994537353515625,2.8545953035354614,0.13539421558380127,0.0,0.0,0.13539421558380127,0.0,849.0,0.24497449398040771,0.13539421558380127
-100.59929656982422,-6594.19970703125,9.999700546264648,0.0,119.48038945388944,0.0,6614.87093681097,-6733.9538609687725,-6734.351326264859,0.0,5.5490000043596535,4.477571432931082,0.3126719892024994,0.0,0.0,0.0002994537353515625,4.4162807166576385,0.13474753499031067,0.0,0.0,0.13474753499031067,0.0,850.0,0.24447551369667053,0.13474753499031067
-100.48039245605469,-6594.87109375,9.999700546264648,0.0,119.36030446130046,0.0,6615.54232352972,-6734.39716248894,-6734.90262799102,0.0,5.629857145036969,4.558428573608398,0.31210699677467346,0.0,0.0,0.0002994537353515625,5.616282910108566,0.13421061635017395,0.0,0.0,0.13421061635017395,0.0,851.0,0.24422146379947662,0.13421061635017395
-100.36030578613281,-6595.54248046875,9.999700546264648,0.0,119.24294915355382,0.0,6616.21371024847,-6734.318557337447,-6735.456659402024,0.0,5.679714284624372,4.608285713195801,0.30158498883247375,0.0,0.0,0.0002994537353515625,6.322788745164871,0.12982651591300964,0.0,0.0,0.12982651591300964,0.0,852.0,0.24716885387897491,0.12982651591300964
-100.24295043945312,-6596.2138671875,9.999700546264648,0.0,119.12523201564206,0.0,6616.88509696722,-6734.814806226045,-6736.010328982862,0.0,5.718571472167969,4.647142900739397,0.31174200773239136,0.0,0.0,0.0002994537353515625,6.641792565584183,0.12936612963676453,0.0,0.0,0.12936612963676453,0.0,853.0,0.2471083700656891,0.12936612963676453
-100.12522888183594,-6596.88525390625,9.999700546264648,0.0,119.007296583691,0.0,6617.55648368597,-6735.348085896654,-6736.563780269661,0.0,5.7477142606462746,4.676285689217703,0.32358500361442566,0.0,0.0,0.0002994537353515625,6.7538570910692215,0.12895826995372772,0.0,0.0,0.12895826995372772,0.0,854.0,0.24708999693393707,0.12895826995372772
-100.00729370117188,-6597.556640625,9.999700546264648,0.0,118.88923749460137,0.0,6618.22787040472,-6735.968273489502,-6737.117107899322,0.0,5.7612143380301335,4.689785766601562,0.3094879984855652,0.0,0.0,0.0002994537353515625,6.382412880659103,0.1287994682788849,0.0,0.0,0.1287994682788849,0.0,855.0,0.24711796641349792,0.1287994682788849
-99.88923645019531,-6598.22802734375,9.999700546264648,0.0,118.771377329441,0.0,6618.89925712347,-6736.70042052477,-6737.670634452911,0.0,5.754714230128696,4.683285658700125,0.3196069896221161,0.0,0.0,0.0002994537353515625,5.3900769501924515,0.1287166327238083,0.0,0.0,0.1287166327238083,0.0,856.0,0.24723000824451447,0.1287166327238083
-99.77137756347656,-6598.8994140625,9.999700546264648,0.0,118.65375508366498,0.0,6627.091389830243,-6745.023486596926,-6745.745144913908,0.0,5.733928625924246,4.662500054495675,0.3094800114631653,0.0,0.0,0.0002994537353515625,4.009212553501129,0.12890809774398804,0.0,0.0,0.12890809774398804,0.0,857.0,0.2478189319372177,0.12890809774398804
-99.65375518798828,-6607.09130859375,9.999700546264648,0.0,118.53375832291465,0.0,6627.76253837347,-6746.096898804127,-6746.296296696385,0.0,5.694357136317661,4.62292856488909,0.37903499603271484,0.0,0.0,0.0002994537353515625,2.215531960129738,0.13258372247219086,0.0,0.0,0.13258372247219086,0.0,858.0,0.24452020227909088,0.13258372247219086
-99.53376007080078,-6607.7626953125,9.999700546264648,0.0,118.41544306700507,0.0,6628.43392509222,-6746.81387563786,-6746.849368159225,0.0,5.627357155936105,4.555928584507534,0.4963169991970062,0.0,0.0,0.0002994537353515625,0.39436131715774536,0.13217216730117798,0.0,0.0,0.13217216730117798,0.0,859.0,0.2446616291999817,0.13217216730117798
-99.41544342041016,-6608.43408203125,9.999700546264648,0.0,118.29810730467806,0.0,6629.10531181097,-6747.4821744773835,-6747.403419115648,0.0,5.501642853873117,4.430214282444545,0.06080000102519989,0.0,0.39103198051452637,0.0,0.0,0.0,0.13400374352931976,0.0,0.13400374352931976,0.0,860.0,0.2432708889245987,0.13400374352931976
-99.29811096191406,-6609.10546875,9.999401092529297,0.0,118.18223052600788,0.0,6629.77669852972,-6748.036879828488,-6747.958929055728,0.0,5.430071367536272,4.3586427961077,0.0,0.0,0.38568899035453796,0.0,0.0,0.0,0.1339828073978424,0.0,0.1339828073978424,0.0,861.0,0.24357612431049347,0.1339828073978424
-99.1822280883789,-6609.77685546875,9.999101638793945,0.0,118.06717938836142,0.0,6630.44808524847,-6748.591087183942,-6748.5152646368315,0.0,5.39799998147147,4.326571410042899,0.0,0.0,0.3717319965362549,0.0,0.0,0.0,0.13375163078308105,0.0,0.13375163078308105,0.0,862.0,0.24372075498104095,0.13375163078308105
-99.06717681884766,-6610.4482421875,9.998802185058594,0.0,117.95284683030052,0.0,6631.11947196722,-6749.148324050012,-6749.072318797521,0.0,5.373142869131906,4.3017142977033345,0.0,0.0,0.3732230067253113,0.0,0.0,0.0,0.13347865641117096,0.0,0.13347865641117096,0.0,863.0,0.24382853507995605,0.13347865641117096
-98.95285034179688,-6611.11962890625,9.998502731323242,0.0,117.83898931619926,0.0,6631.79085868597,-6749.695307999743,-6749.62984800217,0.0,5.348785754612514,4.277357183183943,0.0,0.0,0.30289798974990845,0.0,0.0,0.0,0.13350197672843933,0.0,0.13350197672843933,0.0,864.0,0.24400275945663452,0.13350197672843933
-98.8389892578125,-6611.791015625,9.99820327758789,0.0,117.72570654797433,0.0,6632.46224540472,-6750.241192252545,-6750.187951952695,0.0,5.3164285387311665,4.244999967302595,0.0,0.0,0.22134600579738617,0.0,0.0,0.0,0.13358931243419647,0.0,0.13358931243419647,0.0,865.0,0.24420501291751862,0.13358931243419647
-98.7257080078125,-6612.46240234375,9.997903823852539,0.0,117.60827040627879,0.0,6633.13363212347,-6750.79122793528,-6750.7419025297495,0.0,5.2779999596732,4.206571388244629,0.0,0.0,0.18902599811553955,0.0,0.0,0.0,0.13981002569198608,0.0,0.13981002569198608,0.0,866.0,0.24238643050193787,0.13981002569198608
-98.60826873779297,-6613.1337890625,9.997604370117188,0.0,117.49185320036592,0.0,6633.80501884222,-6751.3436422706545,-6751.296872042586,0.0,5.2392142977033345,4.167785726274763,0.0,0.0,0.17225700616836548,0.0,0.0,0.0,0.1395445019006729,0.0,0.1395445019006729,0.0,867.0,0.2424943596124649,0.1395445019006729
-98.49185180664062,-6613.80517578125,9.997304916381836,0.0,117.37639251891012,0.0,6634.47640556097,-6751.897639044102,-6751.852798079881,0.0,5.204000009809222,4.1325714383806496,0.0,0.0,0.15967600047588348,0.0,0.0,0.0,0.13926374912261963,0.0,0.13926374912261963,0.0,868.0,0.24259264767169952,0.13926374912261963
-98.37639617919922,-6614.4765625,9.997005462646484,0.0,117.26174453663816,0.0,6635.14779227972,-6752.453680772776,-6752.409536816358,0.0,5.176142910548618,4.104714339120047,0.0,0.0,0.15532000362873077,0.0,0.0,0.0,0.13897302746772766,0.0,0.13897302746772766,0.0,869.0,0.24269306659698486,0.13897302746772766
-98.2617416381836,-6615.14794921875,9.996706008911133,0.0,117.14772856042657,0.0,6635.81917899847,-6753.011938593398,-6752.966907558897,0.0,5.157428550720215,4.0859999792916435,0.0,0.0,0.16155500710010529,0.0,0.0,0.0,0.13865187764167786,0.0,0.13865187764167786,0.0,870.0,0.2427775114774704,0.13865187764167786
-98.1477279663086,-6615.8193359375,9.996406555175781,0.0,117.03336569702604,0.0,6636.49056571722,-6753.54370088468,-6753.523931414246,0.0,5.190142849513462,4.118714278084891,0.18452000617980957,0.0,0.0,0.0,0.0,0.006430000066757202,0.1317964643239975,0.0,0.1382264643907547,0.0,871.0,0.24269181489944458,0.1382264643907547
-98.03336334228516,-6616.49072265625,9.99610710144043,0.0,116.91930643291535,0.0,6637.16195243597,-6753.983603866101,-6754.081258868886,0.0,5.27528566632952,4.203857094900949,0.2745420038700104,0.0,0.0,0.0038928985595703125,1.0850555002689362,0.13560959696769714,0.0,0.0,0.13560959696769714,0.0,872.0,0.2441345751285553,0.13560959696769714
-97.91930389404297,-6617.162109375,9.999700546264648,0.0,116.80357287233124,0.0,6637.83333915472,-6754.376343773062,-6754.636912027052,0.0,5.394285692487444,4.322857121058872,0.3090609908103943,0.0,0.0,0.0002994537353515625,2.8952025920152664,0.13468699157238007,0.0,0.0,0.13468699157238007,0.0,873.0,0.2436761111021042,0.13468699157238007
-97.80357360839844,-6617.83349609375,9.999700546264648,0.0,116.68537702630071,0.0,6638.50472587347,-6754.78555718823,-6755.190102899771,0.0,5.545571408952985,4.474142837524414,0.3126719892024994,0.0,0.0,0.0002994537353515625,4.494951993227005,0.13397666811943054,0.0,0.0,0.13397666811943054,0.0,874.0,0.243175208568573,0.13397666811943054
-97.68537902832031,-6618.5048828125,9.999700546264648,0.0,116.56618112921738,0.0,6639.17611259222,-6755.226749217368,-6755.742293721438,0.0,5.620785658700125,4.549357087271554,0.31210699677467346,0.0,0.0,0.0002994537353515625,5.728271812200546,0.133371502161026,0.0,0.0,0.133371502161026,0.0,875.0,0.24290871620178223,0.133371502161026
-97.56617736816406,-6619.17626953125,9.999700546264648,0.0,116.44969996891783,0.0,6639.84749931097,-6755.134166386308,-6756.297199279888,0.0,5.667500032697405,4.596071461268833,0.30158498883247375,0.0,0.0,0.0002994537353515625,6.461293339729309,0.12907207012176514,0.0,0.0,0.12907207012176514,0.0,876.0,0.24581947922706604,0.12907207012176514
-97.44969940185547,-6619.84765625,9.999700546264648,0.0,116.33292496279873,0.0,6648.0409168593405,-6763.174786440201,-6764.373841822139,0.0,5.6975000381469725,4.626071466718401,0.31174200773239136,0.0,0.0,0.0002994537353515625,6.661418259143829,0.12874001264572144,0.0,0.0,0.12874001264572144,0.0,877.0,0.24620747566223145,0.12874001264572144
-97.33292388916016,-6628.041015625,9.999700546264648,0.0,116.21616111923926,0.0,6648.71224540472,-6763.776916496335,-6764.92840652396,0.0,5.709785679408482,4.63835710797991,0.32358500361442566,0.0,0.0,0.0002994537353515625,6.397166311740875,0.12844938039779663,0.0,0.0,0.12844938039779663,0.0,878.0,0.24605126678943634,0.12844938039779663
-97.2161636352539,-6628.71240234375,9.999700546264648,0.0,116.09951935558063,0.0,6649.38363212347,-6764.463686867981,-6765.483151479051,0.0,5.707142911638532,4.635714340209961,0.3094879984855652,0.0,0.0,0.0002994537353515625,5.663691833615303,0.12837044894695282,0.0,0.0,0.12837044894695282,0.0,879.0,0.24614205956459045,0.12837044894695282
-97.09951782226562,-6629.3837890625,9.999700546264648,0.0,115.98324588833745,0.0,6650.05501884222,-6765.258478237691,-6766.038264730558,0.0,5.6888571602957585,4.617428588867187,0.3196069896221161,0.0,0.0,0.0002994537353515625,4.332146838307381,0.12834672629833221,0.0,0.0,0.12834672629833221,0.0,880.0,0.24630121886730194,0.12834672629833221
-96.98324584960938,-6630.05517578125,9.999700546264648,0.0,115.8675616041041,0.0,6650.72640556097,-6766.112830386986,-6766.593967165074,0.0,5.652071489606585,4.580642918178013,0.3094800114631653,0.0,0.0,0.0002994537353515625,2.6729818880558014,0.12848886847496033,0.0,0.0,0.12848886847496033,0.0,881.0,0.24652685225009918,0.12848886847496033
-96.86756134033203,-6630.7265625,9.999700546264648,0.0,115.74972465770126,0.0,6651.39779227972,-6767.037777561483,-6767.147516937422,0.0,5.600285748073032,4.528857176644461,0.37903499603271484,0.0,0.0,0.0002994537353515625,1.219326302409172,0.13223929703235626,0.0,0.0,0.13223929703235626,0.0,882.0,0.24366825819015503,0.13223929703235626
-96.74972534179688,-6631.39794921875,9.999700546264648,0.0,115.63365523313534,0.0,6652.06917899847,-6767.694311114816,-6767.702834231605,0.0,5.536642837524414,4.465214266095843,0.4963169991970062,0.0,0.0,0.0002994537353515625,0.09470129013061523,0.1316322386264801,0.0,0.0,0.1316322386264801,0.0,883.0,0.24386271834373474,0.1316322386264801
-96.63365173339844,-6632.0693359375,9.999700546264648,0.0,115.51791364368772,0.0,6652.74056571722,-6768.341710339485,-6768.258479360908,0.0,5.445000049046108,4.373571477617536,0.030400000512599945,0.0,0.4214319884777069,0.0,0.0,0.0,0.13344117999076843,0.0,0.13344117999076843,0.0,884.0,0.24254290759563446,0.13344117999076843
-96.51791381835938,-6632.74072265625,9.999401092529297,0.0,115.40313960290781,0.0,6653.41195243597,-6768.892957021179,-6768.815092038878,0.0,5.398071370806012,4.326642799377441,0.0,0.0,0.38568899035453796,0.0,0.0,0.0,0.13341087102890015,0.0,0.13341087102890015,0.0,885.0,0.24277068674564362,0.13341087102890015
-96.40313720703125,-6633.412109375,9.999101638793945,0.0,115.28922001794075,0.0,6654.08333915472,-6769.448293953419,-6769.372559172661,0.0,5.365071378435407,4.293642807006836,0.0,0.0,0.3717319965362549,0.0,0.0,0.0,0.13316652178764343,0.0,0.13316652178764343,0.0,886.0,0.2429179549217224,0.13316652178764343
-96.28922271728516,-6634.08349609375,9.998802185058594,0.0,115.17640354880996,0.0,6654.75472587347,-6770.007042661588,-6769.931129422281,0.0,5.322142818995884,4.250714247567313,0.0,0.0,0.3732230067253113,0.0,0.0,0.0,0.13286523520946503,0.0,0.13286523520946503,0.0,887.0,0.24309635162353516,0.13286523520946503
-96.17640686035156,-6634.7548828125,9.998502731323242,0.0,115.06437324692705,0.0,6655.42611259222,-6770.555850911104,-6770.490485839147,0.0,5.282571465628488,4.2111428941999165,0.0,0.0,0.30289798974990845,0.0,0.0,0.0,0.13286913931369781,0.0,0.13286913931369781,0.0,888.0,0.2433336228132248,0.13286913931369781
-96.06437683105469,-6635.42626953125,9.99820327758789,0.0,114.95304827321472,0.0,6656.09749931097,-6771.103691188161,-6771.050547584185,0.0,5.244214275905064,4.172785704476492,0.0,0.0,0.22134600579738617,0.0,0.0,0.0,0.13294467329978943,0.0,0.13294467329978943,0.0,889.0,0.2435697317123413,0.13294467329978943
-95.95304870605469,-6636.09765625,9.997903823852539,0.0,114.83745164105112,0.0,6656.76888602972,-6771.6555552045575,-6771.606337670772,0.0,5.2170714787074495,4.145642907278878,0.0,0.0,0.18902599811553955,0.0,0.0,0.0,0.1390908807516098,0.0,0.1390908807516098,0.0,890.0,0.24138231575489044,0.1390908807516098
-95.83744812011719,-6636.76904296875,9.997604370117188,0.0,114.72230660541267,0.0,6657.44027274847,-6772.2092498373,-6772.162579353883,0.0,5.20314279283796,4.131714221409389,0.0,0.0,0.17225700616836548,0.0,0.0,0.0,0.13887953758239746,0.0,0.13887953758239746,0.0,891.0,0.2414596527814865,0.13887953758239746
-95.72230529785156,-6637.4404296875,9.997304916381836,0.0,114.60745466149153,0.0,6658.11165946722,-6772.763864684605,-6772.719114128712,0.0,5.1973571232386995,4.125928551810128,0.0,0.0,0.15967600047588348,0.0,0.0,0.0,0.13866102695465088,0.0,0.13866102695465088,0.0,892.0,0.24152138829231262,0.13866102695465088
-95.60745239257812,-6638.11181640625,9.997005462646484,0.0,114.49296112185299,0.0,6658.78304618597,-6773.320065849292,-6773.276007307823,0.0,5.189714241027832,4.118285669599261,0.0,0.0,0.15532000362873077,0.0,0.0,0.0,0.13840359449386597,0.0,0.13840359449386597,0.0,893.0,0.24158944189548492,0.13840359449386597
-95.49295806884766,-6638.783203125,9.996706008911133,0.0,114.37888565427095,0.0,6659.45443290472,-6773.878266424892,-6773.833318558991,0.0,5.180999973842075,4.109571402413504,0.0,0.0,0.16155500710010529,0.0,0.0,0.0,0.13809742033481598,0.0,0.13809742033481598,0.0,894.0,0.2416592836380005,0.13809742033481598
-95.3788833618164,-6639.45458984375,9.996406555175781,0.0,114.26517942810803,0.0,6660.12581962347,-6774.435486431347,-6774.390999051579,0.0,5.177642904009137,4.106214332580566,0.02565000019967556,0.0,0.15887001156806946,0.0,0.0,0.0,0.1377125084400177,0.0,0.1377125084400177,0.0,895.0,0.24170315265655518,0.1377125084400177
-95.26518249511719,-6640.1259765625,9.99610710144043,0.0,114.15316973629432,0.0,6660.79720634222,-6774.946127952624,-6774.950376078515,0.0,5.193785749162946,4.122357177734375,0.2745420038700104,0.0,0.0,0.0038928985595703125,0.04720139503479004,0.13511371612548828,0.0,0.0,0.13511371612548828,0.0,896.0,0.2431933879852295,0.13511371612548828
-95.15316772460938,-6640.79736328125,9.999700546264648,0.0,114.04083359263996,0.0,6668.640069606745,-6782.519220331198,-6782.680903199385,0.0,5.242642893110003,4.171214321681431,0.3090609908103943,0.0,0.0,0.0002994537353515625,1.7964761704206467,0.13426323235034943,0.0,0.0,0.13426323235034943,0.0,897.0,0.24338148534297943,0.13426323235034943
-95.04083251953125,-6648.64013671875,9.999700546264648,0.0,113.92771668111511,0.0,6669.662227882605,-6783.243752819119,-6783.589944563721,0.0,5.311499949863979,4.240071378435408,0.3126719892024994,0.0,0.0,0.0002994537353515625,3.8465746343135834,0.13350382447242737,0.0,0.0,0.13350382447242737,0.0,898.0,0.24284325540065765,0.13350382447242737
-94.92771911621094,-6649.662109375,9.999700546264648,0.0,113.81359797131981,0.0,6670.33333915472,-6783.670505211159,-6784.14693712604,0.0,5.387857110159738,4.3164285387311665,0.31210699677467346,0.0,0.0,0.0002994537353515625,5.293687522411346,0.13285571336746216,0.0,0.0,0.13285571336746216,0.0,899.0,0.24261821806430817,0.13285571336746216
-94.8135986328125,-6650.33349609375,9.999700546264648,0.0,113.70163520468928,0.0,6671.00472587347,-6783.590588201558,-6784.70636107816,0.0,5.459499985831124,4.388071414402553,0.30158498883247375,0.0,0.0,0.0002994537353515625,6.19873771071434,0.12847748398780823,0.0,0.0,0.12847748398780823,0.0,900.0,0.24532802402973175,0.12847748398780823
-94.7016372680664,-6651.0048828125,9.999700546264648,0.0,113.5890191561865,0.0,6671.67611259222,-6784.085097703821,-6785.265131748407,0.0,5.51335710797991,4.441928536551339,0.31174200773239136,0.0,0.0,0.0002994537353515625,6.555744171142578,0.12801408767700195,0.0,0.0,0.12801408767700195,0.0,901.0,0.24525099992752075,0.12801408767700195
-94.58901977539062,-6651.67626953125,9.999700546264648,0.0,113.47602326165428,0.0,6672.34749931097,-6784.683353619073,-6785.823522572625,0.0,5.546928623744419,4.475500052315848,0.32358500361442566,0.0,0.0,0.0002994537353515625,6.334271460771561,0.12769410014152527,0.0,0.0,0.12769410014152527,0.0,902.0,0.24524147808551788,0.12769410014152527
-94.47602081298828,-6652.34765625,9.999700546264648,0.0,113.36274870096085,0.0,6673.01888602972,-6785.387345246912,-6786.381634730681,0.0,5.563999938964844,4.492571367536272,0.3094879984855652,0.0,0.0,0.0002994537353515625,5.523830026388168,0.1276325285434723,0.0,0.0,0.1276325285434723,0.0,903.0,0.2452862560749054,0.1276325285434723
-94.36274719238281,-6653.01904296875,9.999700546264648,0.0,113.24950280818528,0.0,6673.69027274847,-6786.349202378278,-6786.939775556655,0.0,5.5517142977033345,4.480285726274762,0.3196069896221161,0.0,0.0,0.0002994537353515625,3.2809618413448334,0.12788167595863342,0.0,0.0,0.12788167595863342,0.0,904.0,0.24547266960144043,0.12788167595863342
-94.24950408935547,-6653.6904296875,9.999700546264648,0.0,113.13652544522425,0.0,6674.36165946722,-6787.1612878784435,-6787.498184912444,0.0,5.531857163565499,4.460428592136928,0.3094800114631653,0.0,0.0,0.0002994537353515625,1.8716500401496887,0.12802046537399292,0.0,0.0,0.12802046537399292,0.0,905.0,0.24564963579177856,0.12802046537399292
-94.13652801513672,-6654.36181640625,9.999700546264648,0.0,113.02122836275352,0.0,6675.03304618597,-6788.022989084603,-6788.054274548724,0.0,5.488571384974888,4.417142813546317,0.37903499603271484,0.0,0.0,0.0002994537353515625,0.3476162403821945,0.13184930384159088,0.0,0.0,0.13184930384159088,0.0,906.0,0.24292445182800293,0.13184930384159088
-94.02122497558594,-6655.033203125,9.999700546264648,0.0,112.90746819544509,0.0,6675.70443290472,-6788.737464330306,-6788.611901100166,0.0,5.436214256286621,4.36478568485805,0.20899999141693115,0.0,0.2873170077800751,0.0,0.0,0.0,0.13122707605361938,0.0,0.13122707605361938,0.0,907.0,0.24310649931430817,0.13122707605361938
-93.907470703125,-6655.70458984375,9.999401092529297,0.0,112.79298045344689,0.0,6676.37581962347,-6789.25651332645,-6789.168800076917,0.0,5.403642872401646,4.3322143009730745,0.0,0.0,0.45183199644088745,0.0,0.0,0.0,0.1329229772090912,0.0,0.1329229772090912,0.0,908.0,0.24168294668197632,0.1329229772090912
-93.79298400878906,-6656.3759765625,9.999101638793945,0.0,112.67882936219543,0.0,6677.04720634222,-6789.803822574083,-6789.726035704416,0.0,5.388142803737095,4.316714232308524,0.0,0.0,0.38568899035453796,0.0,0.0,0.0,0.13289012014865875,0.0,0.13289012014865875,0.0,909.0,0.24182334542274475,0.13289012014865875
-93.6788330078125,-6657.04736328125,9.998802185058594,0.0,112.56528799119621,0.0,6677.71859306097,-6790.359539045748,-6790.283881052166,0.0,5.367071369716099,4.295642798287528,0.0,0.0,0.3717319965362549,0.0,0.0,0.0,0.13265460729599,0.0,0.13265460729599,0.0,910.0,0.2419344037771225,0.13265460729599
-93.5652847290039,-6657.71875,9.998502731323242,0.0,112.452804005482,0.0,6678.38997977972,-6790.918619843942,-6790.842783785202,0.0,5.325785718645368,4.254357147216797,0.0,0.0,0.3732230067253113,0.0,0.0,0.0,0.13235069811344147,0.0,0.13235069811344147,0.0,911.0,0.24210652709007263,0.13235069811344147
-93.45280456542969,-6658.39013671875,9.99820327758789,0.0,112.34102295317504,0.0,6679.06136649847,-6791.467679435157,-6791.402389451645,0.0,5.289857128688267,4.218428557259696,0.0,0.0,0.30289798974990845,0.0,0.0,0.0,0.1323685497045517,0.0,0.1323685497045517,0.0,912.0,0.2423158884048462,0.1323685497045517
-93.34102630615234,-6659.0615234375,9.997903823852539,0.0,112.22958318761115,0.0,6679.73275321722,-6792.015404173815,-6791.962336404831,0.0,5.2699999945504326,4.1985714231218605,0.0,0.0,0.22134600579738617,0.0,0.0,0.0,0.13243910670280457,0.0,0.13243910670280457,0.0,913.0,0.2424900084733963,0.13243910670280457
-93.22958374023438,-6659.73291015625,9.997604370117188,0.0,112.11377120945457,0.0,6680.40413993597,-6792.567029256424,-6792.5179111454245,0.0,5.252428545270647,4.180999973842075,0.0,0.0,0.18902599811553955,0.0,0.0,0.0,0.13842806220054626,0.0,0.13842806220054626,0.0,914.0,0.24021418392658234,0.13842806220054626
-93.11376953125,-6660.404296875,9.997304916381836,0.0,111.99817403807069,0.0,6681.07552665472,-6793.120273411921,-6793.073700692791,0.0,5.249571473257882,4.178142901829311,0.0,0.0,0.17225700616836548,0.0,0.0,0.0,0.13822777569293976,0.0,0.13822777569293976,0.0,915.0,0.240278959274292,0.13822777569293976
-92.99817657470703,-6661.07568359375,9.997005462646484,0.0,111.88277073767831,0.0,6681.74691337347,-6793.674336931812,-6793.629684111149,0.0,5.248714256286621,4.17728568485805,0.0,0.0,0.15967600047588348,0.0,0.0,0.0,0.1380094587802887,0.0,0.1380094587802887,0.0,916.0,0.24033552408218384,0.1380094587802887
-92.88277435302734,-6661.7470703125,9.996706008911133,0.0,111.76736050340833,0.0,6682.41830009222,-6794.229621893606,-6794.185660595629,0.0,5.2587857382638115,4.187357166835239,0.0,0.0,0.15532000362873077,0.0,0.0,0.0,0.13775530457496643,0.0,0.13775530457496643,0.0,917.0,0.24035631120204926,0.13775530457496643
-92.7673568725586,-6662.41845703125,9.996406555175781,0.0,111.65209236078248,0.0,6690.61119981742,-6802.308145485056,-6802.263292178202,0.0,5.26257141658238,4.191142845153808,0.0,0.0,0.16155500710010529,0.0,0.0,0.0,0.13746702671051025,0.0,0.13746702671051025,0.0,918.0,0.2408195585012436,0.13746702671051025
-92.65209197998047,-6670.611328125,9.99610710144043,0.0,111.53726737803741,0.0,6691.28255790472,-6802.857391904735,-6802.819825282758,0.0,5.252428545270647,4.180999973842075,0.07124999910593033,0.0,0.11327000707387924,0.0,0.0,0.0,0.13717412948608398,0.0,0.13717412948608398,0.0,919.0,0.24064993858337402,0.13717412948608398
-92.53726959228516,-6671.28271484375,9.995807647705078,0.0,111.42429468193843,0.0,6691.95394462347,-6803.324783084706,-6803.378239305409,0.0,5.272714287894113,4.2012857164655415,0.2745420038700104,0.0,0.0,0.004192352294921875,0.5939579606056213,0.13430768251419067,0.0,0.0,0.13430768251419067,0.0,920.0,0.24193553626537323,0.13430768251419067
-92.4242935180664,-6671.9541015625,9.999700546264648,0.0,111.31145251946701,0.0,6692.62533134222,-6803.762040339103,-6803.936783861687,0.0,5.2961427961077,4.224714224679129,0.3090609908103943,0.0,0.0,0.0002994537353515625,1.9415945410728455,0.13354498147964478,0.0,0.0,0.13354498147964478,0.0,921.0,0.24183174967765808,0.13354498147964478
-92.31145477294922,-6672.62548828125,9.999700546264648,0.0,111.19926805368672,0.0,6693.29671806097,-6804.156740586535,-6804.495986114657,0.0,5.293642807006836,4.222214235578265,0.3126719892024994,0.0,0.0,0.0002994537353515625,3.7693944573402405,0.13278406858444214,0.0,0.0,0.13278406858444214,0.0,922.0,0.24188227951526642,0.13278406858444214
-92.19926452636719,-6673.296875,9.999700546264648,0.0,111.08743091361313,0.0,6693.96810477972,-6804.539775481974,-6805.055535693334,0.0,5.310285649980817,4.238857078552246,0.31210699677467346,0.0,0.0,0.0002994537353515625,5.730668559670448,0.1319246143102646,0.0,0.0,0.1319246143102646,0.0,923.0,0.24179251492023468,0.1319246143102646
-92.08743286132812,-6673.96826171875,9.999700546264648,0.0,110.97883805489212,0.0,6694.63949149847,-6804.3724247175305,-6805.618329553363,0.0,5.324285725184849,4.252857153756278,0.30158498883247375,0.0,0.0,0.0002994537353515625,6.921692982316017,0.1275223344564438,0.0,0.0,0.1275223344564438,0.0,924.0,0.24436873197555542,0.1275223344564438
-91.97883605957031,-6674.6396484375,9.999700546264648,0.0,110.8702472407566,0.0,6695.31087821722,-6804.841883176919,-6806.181125457977,0.0,5.344857161385672,4.273428589957101,0.31174200773239136,0.0,0.0,0.0002994537353515625,7.440234303474426,0.12702405452728271,0.0,0.0,0.12702405452728271,0.0,925.0,0.24436216056346893,0.12702405452728271
-91.87024688720703,-6675.31103515625,9.999700546264648,0.0,110.76157177011754,0.0,6703.872897272868,-6813.318861300667,-6814.634469042985,0.0,5.359500013078962,4.2880714416503904,0.32358500361442566,0.0,0.0,0.0002994537353515625,7.308931320905685,0.12678435444831848,0.0,0.0,0.12678435444831848,0.0,926.0,0.24487069249153137,0.12678435444831848
-91.7615737915039,-6683.873046875,9.999700546264648,0.0,110.65297091111125,0.0,6704.54427665472,-6813.973130999521,-6815.197247565831,0.0,5.3607143129621235,4.289285741533552,0.3094879984855652,0.0,0.0,0.0002994537353515625,6.800647050142288,0.12666580080986023,0.0,0.0,0.12666580080986023,0.0,927.0,0.24468694627285004,0.12666580080986023
-91.65296936035156,-6684.54443359375,9.999700546264648,0.0,110.5446343400135,0.0,6713.778138695698,-6823.384545182176,-6824.322773035711,0.0,5.338142885480608,4.266714314052036,0.3196069896221161,0.0,0.0,0.0002994537353515625,5.2123765498399734,0.12686686217784882,0.0,0.0,0.12686686217784882,0.0,928.0,0.2453678697347641,0.12686686217784882
-91.54463195800781,-6693.7783203125,9.999700546264648,0.0,110.43675083166234,0.0,6714.44955009222,-6824.351593872192,-6824.886300923883,0.0,5.297214317321777,4.225785745893206,0.3094800114631653,0.0,0.0,0.0002994537353515625,2.970594495534897,0.12727585434913635,0.0,0.0,0.12727585434913635,0.0,929.0,0.24535559117794037,0.12727585434913635
-91.43675231933594,-6694.44970703125,9.999700546264648,0.0,110.3268580140767,0.0,6715.12093681097,-6825.329064931881,-6825.447794825047,0.0,5.243285669599261,4.171857098170689,0.37903499603271484,0.0,0.0,0.0002994537353515625,1.3192209303379059,0.13114461302757263,0.0,0.0,0.13114461302757263,0.0,930.0,0.24304383993148804,0.13114461302757263
-91.32685852050781,-6695.12109375,9.999700546264648,0.0,110.21868546210533,0.0,6715.79232352972,-6825.9992348309215,-6826.011008991825,0.0,5.174928610665457,4.103500039236886,0.4963169991970062,0.0,0.0,0.0002994537353515625,0.1308239996433258,0.13065952062606812,0.0,0.0,0.13065952062606812,0.0,931.0,0.24322918057441711,0.13065952062606812
-91.21868896484375,-6695.79248046875,9.999700546264648,0.0,110.11210749269763,0.0,6734.679563424113,-6844.9438121526655,-6844.791670916811,0.0,5.090357181004116,4.0189286095755445,0.014249999076128006,0.0,0.883529007434845,0.0,0.0,0.0,0.13074585795402527,0.0,0.13074585795402527,0.0,932.0,0.24238057434558868,0.13074585795402527
-91.11210632324219,-6714.6796875,9.999401092529297,0.0,110.00534566428556,0.0,6735.35091727972,-6845.434051501229,-6845.356262944006,0.0,5.016785703386579,3.9453571319580076,0.0,0.0,0.38568899035453796,0.0,0.0,0.0,0.1329013705253601,0.0,0.1329013705253601,0.0,933.0,0.24283549189567566,0.1329013705253601
-91.0053482055664,-6715.35107421875,9.999101638793945,0.0,109.90007523514575,0.0,6745.32253788064,-6855.29826793542,-6855.222613115786,0.0,4.952142797197614,3.880714225769043,0.0,0.0,0.3717319965362549,0.0,0.0,0.0,0.13263344764709473,0.0,0.13263344764709473,0.0,934.0,0.24358883500099182,0.13263344764709473
-90.90007781982422,-6725.32275390625,9.998802185058594,0.0,109.79589136004681,0.0,6745.99398368597,-6855.865733060873,-6855.789875046017,0.0,4.902571487426758,3.8311429159981865,0.0,0.0,0.3732230067253113,0.0,0.0,0.0,0.13249707221984863,0.0,0.13249707221984863,0.0,935.0,0.24352701008319855,0.13249707221984863
-90.79589080810547,-6725.994140625,9.998502731323242,0.0,109.69208476824645,0.0,6746.66537040472,-6856.42276676838,-6856.357455172967,0.0,4.882857131958008,3.8114285605294365,0.0,0.0,0.30289798974990845,0.0,0.0,0.0,0.132512629032135,0.0,0.132512629032135,0.0,936.0,0.24371685087680817,0.132512629032135
-90.69208526611328,-6726.66552734375,9.99820327758789,0.0,109.58871683353284,0.0,6747.33675712347,-6856.9785643794785,-6856.925473957003,0.0,4.8580000196184425,3.786571448189872,0.0,0.0,0.22134600579738617,0.0,0.0,0.0,0.1325901299715042,0.0,0.1325901299715042,0.0,937.0,0.2439206838607788,0.1325901299715042
-90.58871459960938,-6727.3369140625,9.997903823852539,0.0,109.48117038100476,0.0,6748.00814384222,-6857.538426896045,-6857.489314223225,0.0,4.855500030517578,3.7840714590890068,0.0,0.0,0.18902599811553955,0.0,0.0,0.0,0.13839180767536163,0.0,0.13839180767536163,0.0,938.0,0.24156048893928528,0.13839180767536163
-90.48117065429688,-6728.00830078125,9.997604370117188,0.0,109.37395904284779,0.0,6748.67953056097,-6858.100058681849,-6858.053489603818,0.0,4.846071461268833,3.7746428898402624,0.0,0.0,0.17225700616836548,0.0,0.0,0.0,0.13820350170135498,0.0,0.13820350170135498,0.0,939.0,0.24164599180221558,0.13820350170135498
-90.37396240234375,-6728.6796875,9.997304916381836,0.0,109.26731290280645,0.0,6749.35091727972,-6858.662880933418,-6858.6182301825265,0.0,4.826214327130999,3.7547857557024273,0.0,0.0,0.15967600047588348,0.0,0.0,0.0,0.1379956603050232,0.0,0.1379956603050232,0.0,940.0,0.24176232516765594,0.1379956603050232
-90.2673110961914,-6729.35107421875,9.997005462646484,0.0,109.1614367898499,0.0,6750.02230399847,-6859.227701371042,-6859.18374078832,0.0,4.79728570665632,3.725857135227748,0.0,0.0,0.15532000362873077,0.0,0.0,0.0,0.1377505362033844,0.0,0.1377505362033844,0.0,941.0,0.2419031262397766,0.1377505362033844
-90.16143798828125,-6730.0224609375,9.996706008911133,0.0,109.0562654539247,0.0,6750.69369071722,-6859.794808257593,-6859.749956171145,0.0,4.773428589957101,3.7020000185285293,0.0,0.0,0.16155500710010529,0.0,0.0,0.0,0.1374588906764984,0.0,0.1374588906764984,0.0,942.0,0.24202311038970947,0.1374588906764984
-90.05626678466797,-6730.69384765625,9.996406555175781,0.0,108.95156851060504,0.0,6751.36507743597,-6860.343222805645,-6860.316645946576,0.0,4.764285714285714,3.6928571428571426,0.1444000005722046,0.0,0.04012000560760498,0.0,0.0,0.0,0.1370590478181839,0.0,0.1370590478181839,0.0,943.0,0.24207806587219238,0.1370590478181839
-89.95156860351562,-6731.365234375,9.99610710144043,0.0,108.84796552090089,0.0,6759.653579549571,-6868.398623940129,-6868.501545070472,0.0,4.81507146017892,3.743642888750349,0.2745420038700104,0.0,0.0,0.0038928985595703125,1.1435680240392685,0.1340971142053604,0.0,0.0,0.1340971142053604,0.0,944.0,0.2437301129102707,0.1340971142053604
-89.84796905517578,-6739.65380859375,9.999700546264648,0.0,108.74351514180057,0.0,6760.32503837347,-6868.78305665583,-6869.068553515271,0.0,4.8900000163487025,3.8185714449201313,0.3090609908103943,0.0,0.0,0.0002994537353515625,3.1721870750188828,0.13320232927799225,0.0,0.0,0.13320232927799225,0.0,945.0,0.24331805109977722,0.13320232927799225
-89.74351501464844,-6740.3251953125,9.999700546264648,0.0,108.63831721389133,0.0,6760.99642509222,-6869.182000320275,-6869.634742306112,0.0,4.958499990190778,3.887071418762207,0.3126719892024994,0.0,0.0,0.0002994537353515625,5.0304661095142365,0.13236233592033386,0.0,0.0,0.13236233592033386,0.0,946.0,0.24305316805839539,0.13236233592033386
-89.63832092285156,-6740.99658203125,9.999700546264648,0.0,108.532312859745,0.0,6761.66781181097,-6869.622269262495,-6870.200124670715,0.0,5.02528566632952,3.9538570949009486,0.31210699677467346,0.0,0.0,0.0002994537353515625,6.420615136623383,0.13167816400527954,0.0,0.0,0.13167816400527954,0.0,947.0,0.24282772839069366,0.13167816400527954
-89.53231048583984,-6741.66796875,9.999700546264648,0.0,108.42813799257752,0.0,6762.33919852972,-6869.437803447042,-6870.767336522298,0.0,5.09514285496303,4.023714283534458,0.30158498883247375,0.0,0.0,0.0002994537353515625,7.386294275522232,0.12747105956077576,0.0,0.0,0.12747105956077576,0.0,948.0,0.2449214607477188,0.12747105956077576
-89.42813873291016,-6742.33935546875,9.999700546264648,0.0,108.3233224784039,0.0,6771.6630629244155,-6878.593239304711,-6879.986385402819,0.0,5.15764285496303,4.086214283534458,0.39444199204444885,0.0,0.0,0.0002994537353515625,7.7396999299526215,0.12675848603248596,0.0,0.0,0.12675848603248596,0.0,949.0,0.24534179270267487,0.12675848603248596
-89.32332611083984,-6751.6630859375,9.999700546264648,0.0,108.2177403779698,0.0,6772.33431571722,-6879.171703705945,-6880.55205609519,0.0,5.207642909458706,4.136214338030134,0.37549999356269836,0.0,0.0,0.0002994537353515625,7.668623775243759,0.12652650475502014,0.0,0.0,0.12652650475502014,0.0,950.0,0.24501241743564606,0.12652650475502014
-89.21774291992188,-6752.33447265625,9.999700546264648,0.0,108.11137492438768,0.0,6773.00570243597,-6879.829348594633,-6881.117077360358,0.0,5.243142890930176,4.171714319501604,0.3094879984855652,0.0,0.0,0.0002994537353515625,7.154048129916191,0.12666447460651398,0.0,0.0,0.12666447460651398,0.0,951.0,0.24505965411663055,0.12666447460651398
-89.11137390136719,-6753.005859375,9.999700546264648,0.0,108.00451465458427,0.0,6785.773340109163,-6892.691865277889,-6893.777854763747,0.0,5.264642797197614,4.193214225769043,0.3196069896221161,0.0,0.0,0.0002994537353515625,6.033274441957474,0.1267692744731903,0.0,0.0,0.1267692744731903,0.0,952.0,0.24581292271614075,0.1267692744731903
-89.0045166015625,-6765.7734375,9.999700546264648,0.0,107.89719739947195,0.0,6796.913780661027,-6904.003326720916,-6904.810978060499,0.0,5.274285670689174,4.202857099260603,0.3094800114631653,0.0,0.0,0.0002994537353515625,4.486951529979706,0.12711888551712036,0.0,0.0,0.12711888551712036,0.0,953.0,0.24613060057163239,0.12711888551712036
-88.8971939086914,-6776.91357421875,9.999700546264648,0.0,107.78697915049722,0.0,6797.58480399847,-6905.1649792773815,-6905.371783148968,0.0,5.263571412222726,4.192142840794155,0.37903499603271484,0.0,0.0,0.0002994537353515625,2.2978206127882004,0.13104505836963654,0.0,0.0,0.13104505836963654,0.0,954.0,0.24368156492710114,0.13104505836963654
-88.78697967529297,-6777.5849609375,9.999700546264648,0.0,107.67776953874672,0.0,6805.911202080604,-6913.552164924094,-6913.588971619351,0.0,5.219428552900042,4.14799998147147,0.4963169991970062,0.0,0.0,0.0002994537353515625,0.40896324813365936,0.13087017834186554,0.0,0.0,0.13087017834186554,0.0,955.0,0.24425052106380463,0.13087017834186554
-88.67777252197266,-6785.9111328125,9.999700546264648,0.0,107.56947809211952,0.0,6806.58236259222,-6914.23373650392,-6914.15184068434,0.0,5.086499977111816,4.015071405683245,0.03894999995827675,0.0,0.412882000207901,0.0,0.0,0.0,0.13309010863304138,0.0,0.13309010863304138,0.0,956.0,0.24308568239212036,0.13309010863304138
-88.5694808959961,-6786.58251953125,9.999401092529297,0.0,107.46283716059813,0.0,6807.25374931097,-6914.794407159421,-6914.716586471568,0.0,5.002857153756278,3.9314285823277064,0.0,0.0,0.38568899035453796,0.0,0.0,0.0,0.13311557471752167,0.0,0.13311557471752167,0.0,957.0,0.24343962967395782,0.13311557471752167
-88.46283721923828,-6787.25390625,9.999101638793945,0.0,107.35726898612224,0.0,6820.077444485878,-6927.5104129593565,-6927.434713472,0.0,4.9558570861816404,3.8844285147530693,0.0,0.0,0.3717319965362549,0.0,0.0,0.0,0.13293123245239258,0.0,0.13293123245239258,0.0,958.0,0.24431142210960388,0.13293123245239258
-88.35726928710938,-6800.07763671875,9.998802185058594,0.0,107.25266071284103,0.0,6820.74886649847,-6928.077430984655,-6928.001527211311,0.0,4.912500054495675,3.841071483067104,0.0,0.0,0.3732230067253113,0.0,0.0,0.0,0.13280212879180908,0.0,0.13280212879180908,0.0,959.0,0.244173064827919,0.13280212879180908
-88.2526626586914,-6800.7490234375,9.998502731323242,0.0,107.1487982020796,0.0,6821.42025321722,-6928.634414041506,-6928.5690514193,0.0,4.873285647800991,3.801857076372419,0.0,0.0,0.30289798974990845,0.0,0.0,0.0,0.13285280764102936,0.0,0.13285280764102936,0.0,960.0,0.24440757930278778,0.13285280764102936
-88.14879608154297,-6801.42041015625,9.99820327758789,0.0,107.04556962546891,0.0,6822.09163993597,-6929.190354622749,-6929.137209561439,0.0,4.837571362086704,3.7661427906581335,0.0,0.0,0.22134600579738617,0.0,0.0,0.0,0.13295438885688782,0.0,0.13295438885688782,0.0,961.0,0.244642972946167,0.13295438885688782
-88.04557037353516,-6802.091796875,9.997903823852539,0.0,106.93719028247997,0.0,6822.76302665472,-6929.749487473673,-6929.7002169372,0.0,4.886500031607492,3.8150714601789204,0.0,0.0,0.18981599807739258,0.0,0.0,0.0,0.13865423202514648,0.0,0.13865423202514648,0.0,962.0,0.24194826185703278,0.13865423202514648
-87.93718719482422,-6802.76318359375,9.997604370117188,0.0,106.82950434764237,0.0,6823.43441337347,-6930.310636412769,-6930.263917721113,0.0,4.85978570665632,3.788357135227748,0.0,0.0,0.17299799621105194,0.0,0.0,0.0,0.1384599357843399,0.0,0.1384599357843399,0.0,963.0,0.2421039193868637,0.1384599357843399
-87.82950592041016,-6803.4345703125,9.997304916381836,0.0,106.72254807699328,0.0,6824.10580009222,-6930.873147409437,-6930.828348169213,0.0,4.83242860521589,3.7610000337873184,0.0,0.0,0.16041800379753113,0.0,0.0,0.0,0.13824358582496643,0.0,0.13824358582496643,0.0,964.0,0.24226421117782593,0.13824358582496643
-87.72254943847656,-6804.10595703125,9.997005462646484,0.0,106.616253092606,0.0,6824.77718681097,-6931.4375442348255,-6931.393439903576,0.0,4.809285654340472,3.7378570829119,0.0,0.0,0.15603700280189514,0.0,0.0,0.0,0.13799186050891876,0.0,0.13799186050891876,0.0,965.0,0.24240633845329285,0.13799186050891876
-87.61625671386719,-6804.77734375,9.996706008911133,0.0,106.51053280817786,0.0,6825.44857352972,-6932.004122425788,-6931.959106337898,0.0,4.791999966757638,3.720571463448661,0.0,0.0,0.16241399943828583,0.0,0.0,0.0,0.13769324123859406,0.0,0.13769324123859406,0.0,966.0,0.24252337217330933,0.13769324123859406
-87.51053619384766,-6805.44873046875,9.996406555175781,0.0,106.40537767927685,0.0,6826.11996024847,-6932.573826499679,-6932.525337927747,0.0,4.777571419307163,3.7061429159981865,0.0,0.0,0.18593700230121613,0.0,0.0,0.0,0.1373201310634613,0.0,0.1373201310634613,0.0,967.0,0.24261878430843353,0.1373201310634613
-87.40538024902344,-6806.1201171875,9.99610710144043,0.0,106.30148230836514,0.0,6838.433712767175,-6944.73215227815,-6944.73519507554,0.0,4.806285667419433,3.7348570959908622,0.27689701318740845,0.0,0.0,0.0038928985595703125,0.03380885720252991,0.13475123047828674,0.0,0.0,0.13475123047828674,0.0,968.0,0.24447770416736603,0.13475123047828674
-87.30148315429688,-6818.43359375,9.999700546264648,0.0,106.19693858483804,0.0,6865.7549462121115,-6971.849722493102,-6971.951884796949,0.0,4.900142887660435,3.8287143162318635,0.5840139985084534,0.0,0.0,0.0002994537353515625,1.1351366192102432,0.13304995000362396,0.0,0.0,0.13304995000362396,0.0,969.0,0.24512681365013123,0.13304995000362396
-87.19693756103516,-6845.7548828125,9.999700546264648,0.0,106.0907653303251,0.0,6892.335716134192,-6998.1851935487075,-6998.426481464517,0.0,5.068500055585589,3.997071484157017,1.0658520460128784,0.0,0.0,0.0002994537353515625,2.680976629257202,0.13077139854431152,0.0,0.0,0.13077139854431152,0.0,970.0,0.24490833282470703,0.13077139854431152
-87.09076690673828,-6872.3359375,9.999700546264648,0.0,105.97868935597141,0.0,6893.00716727972,-6998.517399801905,-6998.985856635692,0.0,5.273785672869001,4.2023571014404295,0.31682899594306946,0.0,0.0,0.0002994537353515625,5.205075517296791,0.1331460326910019,0.0,0.0,0.1331460326910019,0.0,971.0,0.2441926747560501,0.1331460326910019
-86.97869110107422,-6873.00732421875,9.999700546264648,0.0,105.86771068173013,0.0,6901.410008864499,-7006.096325364072,-7007.2777195462295,0.0,5.396785681588309,4.325357110159738,0.3062939941883087,0.0,0.0,0.0002994537353515625,6.5633004903793335,0.12875616550445557,0.0,0.0,0.12875616550445557,0.0,972.0,0.2465183585882187,0.12875616550445557
-86.86771392822266,-6881.41015625,9.999700546264648,0.0,105.75600731616986,0.0,6902.08138602972,-7006.547939085464,-7007.83739334589,0.0,5.454000009809222,4.3825714383806496,0.31632301211357117,0.0,0.0,0.0002994537353515625,7.163634210824966,0.12829312682151794,0.0,0.0,0.12829312682151794,0.0,973.0,0.24622243642807007,0.12829312682151794
-86.7560043334961,-6882.08154296875,9.999700546264648,0.0,105.64397480857123,0.0,6902.75277274847,-7007.113276516835,-7008.396747557042,0.0,5.486000006539481,4.4145714351109095,0.3280690014362335,0.0,0.0,0.0002994537353515625,7.130394101142883,0.1279371976852417,0.0,0.0,0.1279371976852417,0.0,974.0,0.24623681604862213,0.1279371976852417
-86.64397430419922,-6882.7529296875,9.999700546264648,0.0,105.53238563202545,0.0,6911.691389850001,-7016.073906259793,-7017.223775482026,0.0,5.498071479797363,4.426642908368792,0.5020670294761658,0.0,0.0,0.0002994537353515625,6.388161838054657,0.12712174654006958,0.0,0.0,0.12712174654006958,0.0,975.0,0.2467477023601532,0.12712174654006958
-86.53238677978516,-6891.69140625,9.999700546264648,0.0,105.42099183263029,0.0,6913.916839838217,-7018.3908284467925,-7019.337831670848,0.0,5.490857206072126,4.4194286346435545,0.544268012046814,0.0,0.0,0.0002994537353515625,5.261128604412079,0.12705355882644653,0.0,0.0,0.12705355882644653,0.0,976.0,0.24672937393188477,0.12705355882644653
-86.42098999023438,-6893.9169921875,9.999700546264648,0.0,105.30905462068664,0.0,6924.3169110852,-7028.9279175463635,-7029.625965705887,0.0,5.468571472167969,4.397142900739397,0.31972500681877136,0.0,0.0,0.0002994537353515625,3.8780450224876404,0.12823015451431274,0.0,0.0,0.12823015451431274,0.0,977.0,0.24743787944316864,0.12823015451431274
-86.30905151367188,-6904.31689453125,9.999700546264648,0.0,105.1952960449836,0.0,6934.363957518276,-7039.4074017523,-7039.5592535632595,0.0,5.417642811366489,4.346214239937918,0.5025830268859863,0.0,0.0,0.0002994537353515625,1.6872422099113464,0.13167530298233032,0.0,0.0,0.13167530298233032,0.0,978.0,0.24565920233726501,0.13167530298233032
-86.19529724121094,-6914.36376953125,9.999700546264648,0.0,105.08357857046407,0.0,6935.03499931097,-7040.183366168906,-7040.118577881434,0.0,5.2990000043596535,4.227571432931082,0.42274999618530273,0.0,0.08389997482299805,0.0,0.0,0.0,0.1320609748363495,0.0,0.1320609748363495,0.0,979.0,0.2458820343017578,0.1320609748363495
-86.08358001708984,-6915.03515625,9.999401092529297,0.0,104.97249532526735,0.0,6935.70638602972,-7040.769627666711,-7040.678881354987,0.0,5.189642851693289,4.118214280264718,0.0,0.0,0.4709460139274597,0.0,0.0,0.0,0.13402937352657318,0.0,0.13402937352657318,0.0,980.0,0.24489302933216095,0.13402937352657318
-85.97249603271484,-6915.70654296875,9.999101638793945,0.0,104.86210526344577,0.0,6936.37777274847,-7041.322028167507,-7041.2398780119165,0.0,5.155999946594238,4.084571375165667,0.0,0.0,0.41366100311279297,0.0,0.0,0.0,0.13400667905807495,0.0,0.13400667905807495,0.0,981.0,0.24510493874549866,0.13400667905807495
-85.86210632324219,-6916.3779296875,9.998802185058594,0.0,104.7529164876442,0.0,6946.687156372138,-7051.5199412690135,-7051.440072859782,0.0,5.102714347839355,4.031285776410784,0.0,0.0,0.39861899614334106,0.0,0.0,0.0,0.1338370442390442,0.0,0.1338370442390442,0.0,982.0,0.2458602488040924,0.1338370442390442
-85.75291442871094,-6926.68701171875,9.998502731323242,0.0,104.64501579345027,0.0,6959.2899264204,-7064.012662066287,-7063.93494221385,0.0,5.040571430751255,3.969142859322684,0.0,0.0,0.38435301184654236,0.0,0.0,0.0,0.13377931714057922,0.0,0.13377931714057922,0.0,983.0,0.24650922417640686,0.13377931714057922
-85.64501953125,-6939.2900390625,9.99820327758789,0.0,104.53794577379219,0.0,6959.96126884222,-7064.5644392586755,-7064.499214616012,0.0,4.988999993460519,3.9175714220319477,0.0,0.0,0.30077099800109863,0.0,0.0,0.0,0.13405993580818176,0.0,0.13405993580818176,0.0,984.0,0.24645082652568817,0.13405993580818176
-85.53794860839844,-6939.96142578125,9.997903823852539,0.0,104.43172283682006,0.0,7030.7174817135965,-7135.202622767903,-7135.1492045504165,0.0,4.949285725184849,3.8778571537562776,0.0,0.0,0.2221280038356781,0.0,0.0,0.0,0.13399343192577362,0.0,0.13399343192577362,0.0,985.0,0.25004592537879944,0.13399343192577362
-85.43172454833984,-7010.71728515625,9.997604370117188,0.0,104.32093471930365,0.0,7031.38851493597,-7135.759068362608,-7135.709449655274,0.0,4.92000002179827,3.8485714503696986,0.0,0.0,0.18981599807739258,0.0,0.0,0.0,0.14097537100315094,0.0,0.14097537100315094,0.0,986.0,0.2459930032491684,0.14097537100315094
-85.32093811035156,-7011.388671875,9.997304916381836,0.0,104.21072873524456,0.0,7032.05990165472,-7136.317697634696,-7136.270630389965,0.0,4.899214281354632,3.82778570992606,0.0,0.0,0.17299799621105194,0.0,0.0,0.0,0.1407836228609085,0.0,0.1407836228609085,0.0,987.0,0.24612896144390106,0.1407836228609085
-85.21073150634766,-7012.06005859375,9.997005462646484,0.0,104.10101604895794,0.0,7032.73128837347,-7136.87745271417,-7136.832304422428,0.0,4.883214351109096,3.8117857796805246,0.0,0.0,0.16041800379753113,0.0,0.0,0.0,0.14057059586048126,0.0,0.14057059586048126,0.0,988.0,0.2462506890296936,0.14057059586048126
-85.10101318359375,-7012.7314453125,9.996706008911133,0.0,103.99159091543063,0.0,7033.40267509222,-7137.438718967971,-7137.394266007651,0.0,4.878142847333636,3.806714275905064,0.0,0.0,0.15603700280189514,0.0,0.0,0.0,0.14031605422496796,0.0,0.14031605422496796,0.0,989.0,0.24633990228176117,0.14031605422496796
-84.99159240722656,-7013.40283203125,9.996406555175781,0.0,103.88222810614043,0.0,7034.07406181097,-7138.001653102978,-7137.956289917111,0.0,4.886142812456403,3.814714241027832,0.0,0.0,0.16241399943828583,0.0,0.0,0.0,0.14000722765922546,0.0,0.14000722765922546,0.0,990.0,0.24638958275318146,0.14000722765922546
-84.8822250366211,-7014.07421875,9.99610710144043,0.0,103.77323283889609,0.0,7034.74544852972,-7138.5675143004355,-7138.518681368616,0.0,4.882071440560477,3.8106428691319056,0.0,0.0,0.18593700230121613,0.0,0.0,0.0,0.13961586356163025,0.0,0.13961586356163025,0.0,991.0,0.24646854400634766,0.13961586356163025
-84.77323150634766,-7014.74560546875,9.995807647705078,0.0,103.66526448232655,0.0,7035.41683524847,-7139.042609389988,-7139.0820997307965,0.0,4.924357087271554,3.852928515842983,0.27689701318740845,0.0,0.0,0.004192352294921875,0.4387815296649933,0.13702908158302307,0.0,0.0,0.13702908158302307,0.0,992.0,0.24746552109718323,0.13702908158302307
-84.66526794433594,-7015.4169921875,9.999700546264648,0.0,103.5560774718386,0.0,7036.08822196722,-7139.45096776396,-7139.644299439059,0.0,5.018571390424456,3.9471428189958844,0.3118390142917633,0.0,0.0,0.0002994537353515625,2.148129552602768,0.13608184456825256,0.0,0.0,0.13608184456825256,0.0,993.0,0.24713534116744995,0.13608184456825256
-84.55607604980469,-7016.08837890625,9.999700546264648,0.0,103.44461371272388,0.0,7036.75960868597,-7139.8792258777685,-7140.204222398695,0.0,5.158857154846191,4.08742858341762,0.3164609968662262,0.0,0.0,0.0002994537353515625,3.6110721677541733,0.13531722128391266,0.0,0.0,0.13531722128391266,0.0,994.0,0.2467404156923294,0.13531722128391266
-84.44461059570312,-7016.759765625,9.999700546264648,0.0,103.33062983542068,0.0,7054.189225508846,-7157.110707803905,-7157.519855344267,0.0,5.305642890930176,4.234214319501604,0.31682899594306946,0.0,0.0,0.0002994537353515625,4.54608342051506,0.1347379982471466,0.0,0.0,0.1347379982471466,0.0,995.0,0.24724605679512024,0.1347379982471466
-84.33062744140625,-7034.189453125,9.999700546264648,0.0,103.21783717253584,0.0,7054.86068290472,-7157.118732647404,-7158.078520077256,0.0,5.412785748073032,4.341357176644461,0.3062939941883087,0.0,0.0,0.0002994537353515625,5.332151964306831,0.13060466945171356,0.0,0.0,0.13060466945171356,0.0,996.0,0.24877823889255524,0.13060466945171356
-84.21783447265625,-7034.86083984375,9.999700546264648,0.0,103.104348389228,0.0,7055.53206962347,-7157.596264687685,-7158.636418012698,0.0,5.4694999422345845,4.398071370806012,0.31632301211357117,0.0,0.0,0.0002994537353515625,5.778629124164581,0.13009852170944214,0.0,0.0,0.13009852170944214,0.0,997.0,0.2486880123615265,0.13009852170944214
-84.1043472290039,-7035.5322265625,9.999700546264648,0.0,102.99058876343628,0.0,7059.542210680833,-7161.404894999701,-7162.532799444269,0.0,5.504714230128696,4.433285658700125,0.3280690014362335,0.0,0.0,0.0002994537353515625,6.2661353051662445,0.12959614396095276,0.0,0.0,0.12959614396095276,0.0,998.0,0.24883712828159332,0.12959614396095276
-83.99058532714844,-7039.5419921875,9.999700546264648,0.0,102.87653509197763,0.0,7067.541440043076,-7169.321209972863,-7170.417975135054,0.0,5.525214276994977,4.453785705566406,0.3140439987182617,0.0,0.0,0.0002994537353515625,6.0931393057107925,0.12946735322475433,0.0,0.0,0.12946735322475433,0.0,999.0,0.2491888403892517,0.12946735322475433
-83.87653350830078,-7047.54150390625,9.999700546264648,0.0,102.76244615465126,0.0,7068.21273368597,-7170.223818709143,-7170.975179840621,0.0,5.514000020708356,4.442571449279785,0.32409700751304626,0.0,0.0,0.0002994537353515625,4.174228176474571,0.1297755390405655,0.0,0.0,0.1297755390405655,0.0,1000.0,0.24916650354862213,0.1297755390405655
-83.76244354248047,-7048.212890625,9.999700546264648,0.0,102.64895795513877,0.0,7076.466734830632,-7178.794470512761,-7179.115692785771,0.0,5.461928585597446,4.390500014168875,0.3145039975643158,0.0,0.0,0.0002994537353515625,1.784568041563034,0.13027825951576233,0.0,0.0,0.13027825951576233,0.0,1001.0,0.24988152086734772,0.13027825951576233
-83.64895629882812,-7056.466796875,9.999700546264648,0.0,102.53362380687533,0.0,7077.13802665472,-7179.649762782694,-7179.671650461596,0.0,5.39799998147147,4.326571410042899,0.3852519989013672,0.0,0.0,0.0002994537353515625,0.24319641292095184,0.13410212099552155,0.0,0.0,0.13410212099552155,0.0,1002.0,0.24779845774173737,0.13410212099552155
-83.53362274169922,-7057.13818359375,9.999700546264648,0.0,102.41995285110431,0.0,7077.80941337347,-7180.36003161549,-7180.229366224575,0.0,5.344071469988141,4.27264289855957,0.2128000110387802,0.0,0.3021699786186218,0.0,0.0,0.0,0.13338130712509155,0.0,0.13338130712509155,0.0,1003.0,0.24799135327339172,0.13338130712509155
-83.41995239257812,-7057.8095703125,9.999401092529297,0.0,102.3059385729543,0.0,7090.296246858014,-7192.7002424277525,-7192.602185430967,0.0,5.294928632463727,4.223500061035156,0.0,0.0,0.5186610221862793,0.0,0.0,0.0,0.13505226373672485,0.0,0.13505226373672485,0.0,1004.0,0.2475319653749466,0.13505226373672485
-83.30593872070312,-7070.29638671875,9.999101638793945,0.0,102.1921768046596,0.0,7107.761901041046,-7210.036441125162,-7209.954077845706,0.0,5.267857088361468,4.196428516932896,0.0,0.0,0.41366100311279297,0.0,0.0,0.0,0.13542750477790833,0.0,0.13542750477790833,0.0,1005.0,0.24837736785411835,0.13542750477790833
-83.19217681884766,-7087.76171875,9.998802185058594,0.0,102.07896682003715,0.0,7108.43294852972,-7210.592017520219,-7210.511915349757,0.0,5.241928591047015,4.1705000196184425,0.0,0.0,0.39861899614334106,0.0,0.0,0.0,0.13539545238018036,0.0,0.13539545238018036,0.0,1006.0,0.2480834275484085,0.13539545238018036
-83.07896423339844,-7088.43310546875,9.998502731323242,0.0,101.96648867859741,0.0,7109.10433524847,-7211.148755792489,-7211.070823927068,0.0,5.2135714939662385,4.142142922537667,0.0,0.0,0.38435301184654236,0.0,0.0,0.0,0.13519273698329926,0.0,0.13519273698329926,0.0,1007.0,0.248240664601326,0.13519273698329926
-82.96649169921875,-7089.1044921875,9.99820327758789,0.0,101.85437893833343,0.0,7109.77572196722,-7211.695509288483,-7211.630100905554,0.0,5.192142840794155,4.120714269365584,0.0,0.0,0.30077099800109863,0.0,0.0,0.0,0.13528487086296082,0.0,0.13528487086296082,0.0,1008.0,0.248439759016037,0.13528487086296082
-82.85437774658203,-7089.77587890625,9.997903823852539,0.0,101.74260851573253,0.0,7110.44710868597,-7212.24334230692,-7212.1897172017025,0.0,5.171857098170689,4.100428526742117,0.0,0.0,0.2221280038356781,0.0,0.0,0.0,0.13537268340587616,0.0,0.13537268340587616,0.0,1009.0,0.2486158013343811,0.13537268340587616
-82.74260711669922,-7090.447265625,9.997604370117188,0.0,101.62657333126948,0.0,7111.11849540472,-7212.794719285616,-7212.74506873599,0.0,5.160214233398437,4.088785661969866,0.0,0.0,0.18981599807739258,0.0,0.0,0.0,0.1411876529455185,0.0,0.1411876529455185,0.0,1010.0,0.2460220456123352,0.1411876529455185
-82.62657165527344,-7091.11865234375,9.997304916381836,0.0,101.51111616192347,0.0,7111.78988212347,-7213.34809926561,-7213.300998285394,0.0,5.139428629193987,4.068000057765415,0.0,0.0,0.17299799621105194,0.0,0.0,0.0,0.14100852608680725,0.0,0.14100852608680725,0.0,1011.0,0.24610407650470734,0.14100852608680725
-82.51111602783203,-7091.7900390625,9.997005462646484,0.0,101.39609888952985,0.0,7112.46126884222,-7213.902551607467,-7213.85736773175,0.0,5.125999941144671,4.054571369716099,0.0,0.0,0.16041800379753113,0.0,0.0,0.0,0.14080782234668732,0.0,0.14080782234668732,0.0,1012.0,0.24617253243923187,0.14080782234668732
-82.3960952758789,-7092.46142578125,9.996706008911133,0.0,101.28148387516518,0.0,7113.13265556097,-7214.458629904916,-7214.414139436136,0.0,5.115571376255581,4.044142804827009,0.0,0.0,0.15603700280189514,0.0,0.0,0.0,0.14056611061096191,0.0,0.14056611061096191,0.0,1013.0,0.24624177813529968,0.14056611061096191
-82.28148651123047,-7093.1328125,9.996406555175781,0.0,101.1671516975355,0.0,7113.80404227972,-7215.016597210741,-7214.971193977256,0.0,5.113071387154715,4.041642815726144,0.0,0.0,0.16241399943828583,0.0,0.0,0.0,0.14027421176433563,0.0,0.14027421176433563,0.0,1014.0,0.2462841421365738,0.14027421176433563
-82.16715240478516,-7093.80419921875,9.99610710144043,0.0,101.05294477241327,0.0,7114.47542899847,-7215.5772486278665,-7215.528373770883,0.0,5.120857184273856,4.0494286128452845,0.0,0.0,0.18593700230121613,0.0,0.0,0.0,0.13989536464214325,0.0,0.13989536464214325,0.0,1015.0,0.24630527198314667,0.13989536464214325
-82.05294799804688,-7094.4755859375,9.995807647705078,0.0,100.94030039587768,0.0,7115.14681571722,-7216.132741393265,-7216.087116113098,0.0,5.1386428015572685,4.067214230128696,0.2621999979019165,0.0,0.014697015285491943,0.0,0.0,0.0,0.1373872458934784,0.0,0.1373872458934784,0.0,1016.0,0.2473789006471634,0.1373872458934784
-81.94029998779297,-7095.14697265625,9.995508193969727,0.0,100.8272579522348,0.0,7115.81820243597,-7216.549164789406,-7216.645460388205,0.0,5.1887142453874855,4.117285673958914,0.3118390142917633,0.0,0.0,0.0044918060302734375,1.0699510127305984,0.13656823337078094,0.0,0.0,0.13656823337078094,0.0,1017.0,0.24721598625183105,0.13656823337078094
-81.82725524902344,-7095.818359375,9.999700546264648,0.0,100.71342810795191,0.0,7118.3832434836595,-7218.860723951693,-7219.096671591611,0.0,5.256642832074847,4.1852142606462746,0.3164609968662262,0.0,0.0,0.0002994537353515625,2.621640235185623,0.13579913973808289,0.0,0.0,0.13579913973808289,0.0,1018.0,0.24710017442703247,0.13579913973808289
-81.71342468261719,-7098.38330078125,9.999700546264648,0.0,100.59989051528106,0.0,7137.074192768488,-7237.397088430789,-7237.674083283769,0.0,5.335928589957101,4.26450001852853,0.7244150042533875,0.0,0.0,0.0002994537353515625,3.07772034406662,0.13341528177261353,0.0,0.0,0.13341528177261353,0.0,1019.0,0.24779453873634338,0.13341528177261353
-81.59989166259766,-7117.07421875,9.999700546264648,0.0,100.48673987266507,0.0,7146.070864861773,-7245.89733485889,-7246.5576047344375,0.0,5.421428625924246,4.350000054495675,0.43674400448799133,0.0,0.0,0.0002994537353515625,3.668165683746338,0.13084101676940918,0.0,0.0,0.13084101676940918,0.0,1020.0,0.249769389629364,0.13084101676940918
-81.48674011230469,-7126.07080078125,9.999700546264648,0.0,100.3725506565843,0.0,7146.74203056097,-7246.432843990771,-7247.114581217555,0.0,5.482357106889997,4.410928535461426,0.41932299733161926,0.0,0.0,0.0002994537353515625,3.7874287366867065,0.13064873218536377,0.0,0.0,0.13064873218536377,0.0,1021.0,0.2494717538356781,0.13064873218536377
-81.37255096435547,-7126.7421875,9.999700546264648,0.0,100.25829278048528,0.0,7156.360296860703,-7256.125280190278,-7256.618589641188,0.0,5.492428588867187,4.421000017438616,0.46309998631477356,0.0,0.0,0.0002994537353515625,2.7406078428030014,0.13049258291721344,0.0,0.0,0.13049258291721344,0.0,1022.0,0.2500355839729309,0.13049258291721344
-81.25829315185547,-7136.3603515625,9.999700546264648,0.0,100.14557791846158,0.0,7165.540185908263,-7265.532313156208,-7265.685763826725,0.0,5.420857102530343,4.349428531101772,0.5729789733886719,0.0,0.0,0.0002994537353515625,0.8525036573410034,0.13031792640686035,0.0,0.0,0.13031792640686035,0.0,1023.0,0.25068962574005127,0.13031792640686035
-81.14557647705078,-7145.5400390625,9.999700546264648,0.0,100.03338379456211,0.0,7166.21126884222,-7266.149719164412,-7266.244652636782,0.0,5.34785714830671,4.276428576878139,0.32409700751304626,0.0,0.0,0.0002994537353515625,0.5274081379175186,0.13144539296627045,0.0,0.0,0.13144539296627045,0.0,1024.0,0.25068962574005127,0.13144539296627045
-81.03338623046875,-7146.21142578125,9.999700546264648,0.0,99.92239338150506,0.0,7166.88265556097,-7266.770439720889,-7266.805048942475,0.0,5.291928509303501,4.22049993787493,0.3145039975643158,0.0,0.0,0.0002994537353515625,0.19227343797683716,0.13132306933403015,0.0,0.0,0.13132306933403015,0.0,1025.0,0.25091153383255005,0.13132306933403015
-80.92239379882812,-7146.8828125,9.999700546264648,0.0,99.80975020130755,0.0,7167.55404227972,-7267.447963833183,-7267.363792481028,0.0,5.24021429334368,4.168785721915109,0.2393999993801117,0.0,0.1458519995212555,0.0,0.0,0.0,0.13471916317939758,0.0,0.13471916317939758,0.0,1026.0,0.24893704056739807,0.13471916317939758
-80.80975341796875,-7147.55419921875,9.999401092529297,0.0,99.69854226650403,0.0,7168.22542899847,-7268.114159668508,-7267.923971264974,0.0,5.1985714231218605,4.127142851693289,0.006650000344961882,0.0,0.4999999701976776,0.0,0.0,0.0,0.13396134972572327,0.0,0.13396134972572327,0.0,1027.0,0.24908030033111572,0.13396134972572327
-80.69853973388672,-7148.2255859375,9.999101638793945,0.0,99.58628139370411,0.0,7168.89681571722,-7268.574083855874,-7268.483097110924,0.0,5.185999952043805,4.114571380615234,0.0,0.0,0.4709460139274597,0.0,0.0,0.0,0.13563226163387299,0.0,0.13563226163387299,0.0,1028.0,0.24807722866535187,0.13563226163387299
-80.5862808227539,-7148.89697265625,9.998802185058594,0.0,99.47393439382536,0.0,7181.549174293084,-7281.105474612813,-7281.02310868691,0.0,5.1975000381469725,4.126071466718401,0.0,0.0,0.41366100311279297,0.0,0.0,0.0,0.13544514775276184,0.0,0.13544514775276184,0.0,1029.0,0.2487083226442337,0.13544514775276184
-80.47393798828125,-7161.54931640625,9.998502731323242,0.0,99.36214409089067,0.0,7188.713888709288,-7288.156145585483,-7288.076032800179,0.0,5.169500023978097,4.098071452549526,0.0,0.0,0.39861899614334106,0.0,0.0,0.0,0.13546621799468994,0.0,0.13546621799468994,0.0,1030.0,0.24888575077056885,0.13546621799468994
-80.36214447021484,-7168.7138671875,9.99820327758789,0.0,99.25030998591154,0.0,7194.054247910659,-7293.382514789238,-7293.30455789657,0.0,5.175571387154715,4.104142815726144,0.0,0.0,0.38435301184654236,0.0,0.0,0.0,0.13535958528518677,0.0,0.13535958528518677,0.0,1031.0,0.24902260303497314,0.13535958528518677
-80.25031280517578,-7174.05419921875,9.997903823852539,0.0,99.1382321876222,0.0,7194.72542899847,-7293.9291126162425,-7293.863661186093,0.0,5.179571369716099,4.108142798287528,0.0,0.0,0.30077099800109863,0.0,0.0,0.0,0.13557185232639313,0.0,0.13557185232639313,0.0,1032.0,0.24899694323539734,0.13557185232639313
-80.13822937011719,-7174.7255859375,9.997604370117188,0.0,99.02584429161398,0.0,7195.39681571722,-7294.47632466993,-7294.422660008834,0.0,5.192071451459612,4.12064288003104,0.0,0.0,0.2221280038356781,0.0,0.0,0.0,0.13563638925552368,0.0,0.13563638925552368,0.0,1033.0,0.24905988574028015,0.13563638925552368
-80.02584075927734,-7175.39697265625,9.997304916381836,0.0,98.90954451348493,0.0,7196.06820243597,-7295.027416672407,-7294.977746949456,0.0,5.1679285049438475,4.096499933515276,0.0,0.0,0.18981599807739258,0.0,0.0,0.0,0.14131547510623932,0.0,0.14131547510623932,0.0,1034.0,0.24695298075675964,0.14131547510623932
-79.9095458984375,-7176.068359375,9.997005462646484,0.0,98.7949273794375,0.0,7196.73958915472,-7295.58162996653,-7295.534516534158,0.0,5.096857152666364,4.025428581237793,0.0,0.0,0.17299799621105194,0.0,0.0,0.0,0.14109154045581818,0.0,0.14109154045581818,0.0,1035.0,0.24713607132434845,0.14109154045581818
-79.79492950439453,-7176.73974609375,9.996706008911133,0.0,98.68376258243921,0.0,7197.41097587347,-7296.139923831429,-7296.0947384559095,0.0,4.943357140677316,3.8719285692487446,0.0,0.0,0.16041800379753113,0.0,0.0,0.0,0.1408178210258484,0.0,0.1408178210258484,0.0,1036.0,0.24753189086914062,0.1408178210258484
-79.68376159667969,-7177.4111328125,9.996406555175781,0.0,98.5750743398992,0.0,7198.08236259222,-7296.70191945262,-7296.65743693212,0.0,4.836428587777274,3.7650000163487025,0.0,0.0,0.15603700280189514,0.0,0.0,0.0,0.1405131220817566,0.0,0.1405131220817566,0.0,1037.0,0.24785874783992767,0.1405131220817566
-79.5750732421875,-7178.08251953125,9.99610710144043,0.0,98.4674102943615,0.0,7198.75374931097,-7297.266550243609,-7297.221159605332,0.0,4.798857157570975,3.7274286542619977,0.0,0.0,0.16241399943828583,0.0,0.0,0.0,0.1401902437210083,0.0,0.1401902437210083,0.0,1038.0,0.247988760471344,0.1401902437210083
-79.4674072265625,-7178.75390625,9.995807647705078,0.0,98.36076779163155,0.0,7208.877106389539,-7307.286722546869,-7307.237874181171,0.0,4.7662143162318635,3.6947857448032924,0.0,0.0,0.18593700230121613,0.0,0.0,0.0,0.13971875607967377,0.0,0.13971875607967377,0.0,1039.0,0.2484614998102188,0.13971875607967377
-79.36077117919922,-7188.876953125,9.995508193969727,0.0,98.25578700714485,0.0,7209.54818290472,-7307.755476474268,-7307.803969911865,0.0,4.766500009809222,3.69507143838065,0.27689701318740845,0.0,0.0,0.0044918060302734375,0.5388159304857254,0.1373952478170395,0.0,0.0,0.1373952478170395,0.0,1040.0,0.24938292801380157,0.1373952478170395
-79.25579071044922,-7189.54833984375,9.999700546264648,0.0,98.15087060758434,0.0,7210.21956962347,-7308.126602678232,-7308.370440231055,0.0,4.799714306422642,3.728285734994071,0.3118390142917633,0.0,0.0,0.0002994537353515625,2.709305927157402,0.1363554745912552,0.0,0.0,0.1363554745912552,0.0,1041.0,0.24930152297019958,0.1363554745912552
-79.15087127685547,-7190.2197265625,9.999700546264648,0.0,98.04561138607382,0.0,7210.89095634222,-7308.501033670336,-7308.936567728294,0.0,4.847714233398437,3.776285661969866,0.3164609968662262,0.0,0.0,0.0002994537353515625,4.839266926050186,0.1354726254940033,0.0,0.0,0.1354726254940033,0.0,1042.0,0.2491908073425293,0.1354726254940033
-79.04560852050781,-7190.89111328125,9.999700546264648,0.0,97.93961601063567,0.0,7211.56234306097,-7308.916253929975,-7309.501959071606,0.0,4.910428537641253,3.8389999662126812,0.31682899594306946,0.0,0.0,0.0002994537353515625,6.507834389805794,0.1347370594739914,0.0,0.0,0.1347370594739914,0.0,1043.0,0.24905312061309814,0.1347370594739914
-78.93961334228516,-7191.5625,9.999700546264648,0.0,97.8355397688766,0.0,7212.23372977972,-7308.712417630547,-7310.069269548597,0.0,4.968357167925153,3.896928596496582,0.3062939941883087,0.0,0.0,0.0002994537353515625,7.538065612316132,0.13059121370315552,0.0,0.0,0.13059121370315552,0.0,1044.0,0.251214861869812,0.13059121370315552
-78.83554077148438,-7192.23388671875,9.999700546264648,0.0,97.73081527338353,0.0,7212.90511649847,-7309.206948925694,-7310.635931771853,0.0,5.015357099260602,3.943928527832031,0.31632301211357117,0.0,0.0,0.0002994537353515625,7.938792958855629,0.1302339881658554,0.0,0.0,0.1302339881658554,0.0,1045.0,0.2511296570301056,0.1302339881658554
-78.7308120727539,-7192.9052734375,9.999700546264648,0.0,97.6255725057647,0.0,7213.57650321722,-7309.791402731357,-7311.202075722985,0.0,5.05228568485805,3.980857113429478,0.3280690014362335,0.0,0.0,0.0002994537353515625,7.837071552872658,0.12996040284633636,0.0,0.0,0.12996040284633636,0.0,1046.0,0.2510817050933838,0.12996040284633636
-78.62557220458984,-7193.57666015625,9.999700546264648,0.0,97.51991273540135,0.0,7214.24788993597,-7310.465569604437,-7311.767802671372,0.0,5.07700001852853,4.005571447099959,0.3140439987182617,0.0,0.0,0.0002994537353515625,7.234627574682236,0.1298791468143463,0.0,0.0,0.1298791468143463,0.0,1047.0,0.2510561943054199,0.1298791468143463
-78.51991271972656,-7194.248046875,9.999700546264648,0.0,97.41407757570303,0.0,7222.441134876617,-7318.7623791620945,-7319.85521245232,0.0,5.086857196262905,4.015428624834334,0.32409700751304626,0.0,0.0,0.0002994537353515625,6.071295574307442,0.12985770404338837,0.0,0.0,0.12985770404338837,0.0,1048.0,0.25137001276016235,0.12985770404338837
-78.41407775878906,-7202.44091796875,9.999700546264648,0.0,97.30819816879232,0.0,7223.11214774847,-7319.635514545571,-7320.420345917262,0.0,5.078785705566406,4.007357134137835,0.3145039975643158,0.0,0.0,0.0002994537353515625,4.360173940658569,0.13012242317199707,0.0,0.0,0.13012242317199707,0.0,1049.0,0.25125357508659363,0.13012242317199707
-78.30819702148438,-7203.1123046875,9.999700546264648,0.0,97.20011206912642,0.0,7223.78353446722,-7320.795948855142,-7320.983646536347,0.0,5.048357091631208,3.9769285202026365,0.3852519989013672,0.0,0.0,0.0002994537353515625,2.085529625415802,0.13381904363632202,0.0,0.0,0.13381904363632202,0.0,1050.0,0.24904505908489227,0.13381904363632202
-78.20011138916016,-7203.78369140625,9.999700546264648,0.0,97.0942638838296,0.0,7224.45492118597,-7321.6204315267505,-7321.5491850698,0.0,4.943571444920131,3.8721428734915597,0.4027999937534332,0.0,0.10384997725486755,0.0,0.0,0.0,0.1336382031440735,0.0,0.1336382031440735,0.0,1051.0,0.24944192171096802,0.1336382031440735
-78.0942611694336,-7204.455078125,9.999401092529297,0.0,96.98928751413013,0.0,7225.12630790472,-7322.206534462946,-7322.115595418851,0.0,4.839285659790039,3.7678570883614677,0.0,0.0,0.4709460139274597,0.0,0.0,0.0,0.13531425595283508,0.0,0.13531425595283508,0.0,1052.0,0.24857346713542938,0.13531425595283508
-77.98928833007812,-7205.12646484375,9.999101638793945,0.0,96.88486882965981,0.0,7225.79769462347,-7322.7649057599465,-7322.682563453131,0.0,4.812928553989956,3.741499982561384,0.0,0.0,0.41366100311279297,0.0,0.0,0.0,0.13528768718242645,0.0,0.13528768718242645,0.0,1053.0,0.24872101843357086,0.13528768718242645
-77.88487243652344,-7205.7978515625,9.998802185058594,0.0,96.78091051956729,0.0,7226.46908134222,-7323.330044733246,-7323.249991861788,0.0,4.7982143129621235,3.726785741533552,0.0,0.0,0.39861899614334106,0.0,0.0,0.0,0.13506679236888885,0.0,0.13506679236888885,0.0,1054.0,0.2488100230693817,0.13506679236888885
-77.78091430664062,-7206.46923828125,9.998502731323242,0.0,96.67748720957802,0.0,7227.14046806097,-7323.89583506982,-7323.817955270549,0.0,4.779642868041992,3.708214296613421,0.0,0.0,0.38435301184654236,0.0,0.0,0.0,0.13484562933444977,0.0,0.13484562933444977,0.0,1055.0,0.24892334640026093,0.13484562933444977
-77.677490234375,-7207.140625,9.99820327758789,0.0,96.57503653306904,0.0,7235.334001062189,-7331.993581092752,-7331.909037595257,0.0,4.75257146017892,3.681142888750349,0.0,0.0,0.4293749928474426,0.0,0.0,0.0,0.1342483013868332,0.0,0.1342483013868332,0.0,1056.0,0.24936076998710632,0.1342483013868332
-77.57503509521484,-7215.333984375,9.997903823852539,0.0,96.47243101549635,0.0,7236.00521415472,-7332.531232872027,-7332.477645170216,0.0,4.72921427318028,3.657785633632115,0.0,0.0,0.2221280038356781,0.0,0.0,0.0,0.1351233273744583,0.0,0.1351233273744583,0.0,1057.0,0.2494945526123047,0.1351233273744583
-77.47242736816406,-7216.00537109375,9.997604370117188,0.0,96.3663515154633,0.0,7244.199974271112,-7340.615884559947,-7340.566325786575,0.0,4.710428592136928,3.6390000207083566,0.0,0.0,0.18981599807739258,0.0,0.0,0.0,0.1405758112668991,0.0,0.1405758112668991,0.0,1058.0,0.24804265797138214,0.1405758112668991
-77.36634826660156,-7224.2001953125,9.997304916381836,0.0,96.26047440567861,0.0,7244.87142509222,-7341.178935215497,-7341.131899497899,0.0,4.700928565434047,3.6294999258858818,0.0,0.0,0.17299799621105194,0.0,0.0,0.0,0.1405734419822693,0.0,0.1405734419822693,0.0,1059.0,0.2480190396308899,0.1405734419822693
-77.2604751586914,-7224.87158203125,9.997005462646484,0.0,96.15464386304859,0.0,7245.54281181097,-7341.742574861557,-7341.697455674019,0.0,4.705500003269741,3.634071431841169,0.0,0.0,0.16041800379753113,0.0,0.0,0.0,0.14037656784057617,0.0,0.14037656784057617,0.0,1060.0,0.24802696704864502,0.14037656784057617
-77.1546401977539,-7225.54296875,9.996706008911133,0.0,96.04885572453418,0.0,7246.21419852972,-7342.307481132327,-7342.263054254255,0.0,4.711142826080322,3.639714322771345,0.0,0.0,0.15603700280189514,0.0,0.0,0.0,0.14014217257499695,0.0,0.14014217257499695,0.0,1061.0,0.2480296790599823,0.14014217257499695
-77.04885864257812,-7226.21435546875,9.996406555175781,0.0,95.94297510958997,0.0,7246.88558524847,-7342.873900246706,-7342.828560358061,0.0,4.725642830984933,3.6542142595563614,0.0,0.0,0.16241399943828583,0.0,0.0,0.0,0.139851912856102,0.0,0.139851912856102,0.0,1062.0,0.2479964941740036,0.139851912856102
-76.94297790527344,-7226.8857421875,9.99610710144043,0.0,95.83745329336668,0.0,7247.55697196722,-7343.443237570689,-7343.394425260587,0.0,4.721142850603376,3.6497142791748045,0.0,0.0,0.18593700230121613,0.0,0.0,0.0,0.1394783854484558,0.0,0.1394783854484558,0.0,1063.0,0.2480096071958542,0.1394783854484558
-76.83745574951172,-7227.55712890625,9.995807647705078,0.0,95.73356384872154,0.0,7248.22835868597,-7343.954917681095,-7343.961922534691,0.0,4.727928583962576,3.656500080653599,0.27689701318740845,0.0,0.0,0.004192352294921875,0.0778317004442215,0.13697893917560577,0.0,0.0,0.13697893917560577,0.0,1064.0,0.24903029203414917,0.13697893917560577
-76.73356628417969,-7228.228515625,9.999700546264648,0.0,95.62899723999463,0.0,7248.89974540472,-7344.404505230525,-7344.528742644715,0.0,4.788214288439069,3.716785648890904,0.3118390142917633,0.0,0.0,0.0002994537353515625,1.380415603518486,0.1361958533525467,0.0,0.0,0.1361958533525467,0.0,1065.0,0.24893201887607574,0.1361958533525467
-76.62899780273438,-7228.89990234375,9.999700546264648,0.0,95.52296885791843,0.0,7251.335814332939,-7346.549262405633,-7346.858783190857,0.0,4.8910714013235905,3.8196428298950194,0.3164609968662262,0.0,0.0,0.0002994537353515625,3.4391195625066757,0.13531996309757233,0.0,0.0,0.13531996309757233,0.0,1066.0,0.24878424406051636,0.13531996309757233
-76.5229721069336,-7231.3359375,9.999700546264648,0.0,95.41580227015575,0.0,7258.1635715251405,-7353.045082844111,-7353.579373795296,0.0,4.986357089451381,3.9149285180228097,0.3299750089645386,0.0,0.0,0.0002994537353515625,5.936565652489662,0.1342594474554062,0.0,0.0,0.1342594474554062,0.0,1067.0,0.24885313212871552,0.1342594474554062
-76.41580200195312,-7238.16357421875,9.999700546264648,0.0,95.31027029010642,0.0,7269.130432900519,-7363.133605357898,-7364.440703190625,0.0,5.0442857197352815,3.9728571483067103,0.3062939941883087,0.0,0.0,0.0002994537353515625,7.261654049158096,0.13055261969566345,0.0,0.0,0.13055261969566345,0.0,1068.0,0.2512873113155365,0.13055261969566345
-76.31027221679688,-7249.13037109375,9.999700546264648,0.0,95.20411561781636,0.0,7269.80160087347,-7363.612829569692,-7365.005716491287,0.0,5.085357202802386,4.013928631373814,0.31632301211357117,0.0,0.0,0.0002994537353515625,7.738260060548782,0.13031741976737976,0.0,0.0,0.13031741976737976,0.0,1069.0,0.25110796093940735,0.13031741976737976
-76.20411682128906,-7249.8017578125,9.999700546264648,0.0,95.09761258190416,0.0,7270.47298759222,-7364.2558836843355,-7365.570600174125,0.0,5.1116429192679265,4.040214347839355,0.3280690014362335,0.0,0.0,0.0002994537353515625,7.30397991836071,0.13010068237781525,0.0,0.0,0.13010068237781525,0.0,1070.0,0.25107699632644653,0.13010068237781525
-76.09761047363281,-7250.47314453125,9.999700546264648,0.0,94.99082643126387,0.0,7278.668668473653,-7372.532919588899,-7373.659494904917,0.0,5.125785773141043,4.054357201712472,0.3140439987182617,0.0,0.0,0.0002994537353515625,6.258751258254051,0.1301056295633316,0.0,0.0,0.1301056295633316,0.0,1071.0,0.2513574957847595,0.1301056295633316
-75.99082946777344,-7258.66845703125,9.999700546264648,0.0,94.88399016223316,0.0,7279.33968681097,-7373.293000439868,-7374.2236769732035,0.0,5.127714238848005,4.056285667419433,0.32409700751304626,0.0,0.0,0.0002994537353515625,5.170424774289131,0.13012854754924774,0.0,0.0,0.13012854754924774,0.0,1072.0,0.25123730301856995,0.13012854754924774
-75.88398742675781,-7259.33984375,9.999700546264648,0.0,94.77745616419243,0.0,7280.01107352972,-7374.122550009144,-7374.788529693913,0.0,5.1107143129621235,4.039285741533552,0.3145039975643158,0.0,0.0,0.0002994537353515625,3.699886843562126,0.13015957176685333,0.0,0.0,0.13015957176685333,0.0,1073.0,0.2512442469596863,0.13015957176685333
-75.77745819091797,-7260.01123046875,9.999700546264648,0.0,94.66903604775108,0.0,7280.68246024847,-7375.194305881728,-7375.351496296222,0.0,5.0720000403268,4.000571468898228,0.3852519989013672,0.0,0.0,0.0002994537353515625,1.7465600222349167,0.13363845646381378,0.0,0.0,0.13363845646381378,0.0,1074.0,0.24905800819396973,0.13363845646381378
-75.66903686523438,-7260.6826171875,9.999700546264648,0.0,94.56316627398519,0.0,7281.35384696722,-7376.005827524172,-7375.9170132412055,0.0,4.9573570796421595,3.8859285082135884,0.34389999508857727,0.0,0.1627499759197235,0.0,0.0,0.0,0.1332976222038269,0.0,0.1332976222038269,0.0,1075.0,0.249372661113739,0.1332976222038269
-75.56316375732422,-7261.35400390625,9.999401092529297,0.0,94.45815046933079,0.0,7282.02523368597,-7376.57427668989,-7376.483384155301,0.0,4.852357128688267,3.780928557259696,0.0,0.0,0.4709460139274597,0.0,0.0,0.0,0.1350041925907135,0.0,0.1350041925907135,0.0,1076.0,0.24844488501548767,0.1350041925907135
-75.4581527709961,-7262.025390625,9.999101638793945,0.0,94.35395465790296,0.0,7282.69662040472,-7377.1328716713015,-7377.0505750626235,0.0,4.812857164655413,3.7414285932268414,0.0,0.0,0.41366100311279297,0.0,0.0,0.0,0.13498303294181824,0.0,0.13498303294181824,0.0,1077.0,0.24860450625419617,0.13498303294181824
-75.35395812988281,-7262.69677734375,9.998802185058594,0.0,94.25039730994109,0.0,7283.36800712347,-7377.69841313559,-7377.618404433411,0.0,4.788857133047921,3.7174285616193496,0.0,0.0,0.39861899614334106,0.0,0.0,0.0,0.13477233052253723,0.0,0.13477233052253723,0.0,1078.0,0.24870124459266663,0.13477233052253723
-75.25039672851562,-7263.3681640625,9.998502731323242,0.0,94.14738374668418,0.0,7284.03939384222,-7378.2646144840055,-7378.186777588904,0.0,4.769285692487444,3.6978571210588727,0.0,0.0,0.38435301184654236,0.0,0.0,0.0,0.13455960154533386,0.0,0.13455960154533386,0.0,1079.0,0.24879617989063263,0.13455960154533386
-75.14738464355469,-7264.03955078125,9.99820327758789,0.0,94.0449606798768,0.0,7307.095430325733,-7401.205659757202,-7401.14039100561,0.0,4.74735710961478,3.6759286063058036,0.0,0.0,0.30077099800109863,0.0,0.0,0.0,0.13435399532318115,0.0,0.13435399532318115,0.0,1080.0,0.25005972385406494,0.13435399532318115
-75.04496002197266,-7287.09521484375,9.997903823852539,0.0,93.94261534113728,0.0,7307.76644462347,-7401.7626350354485,-7401.709059964607,0.0,4.719357163565499,3.6479285921369278,0.0,0.0,0.2221280038356781,0.0,0.0,0.0,0.13503912091255188,0.0,0.13503912091255188,0.0,1081.0,0.2497788816690445,0.13503912091255188
-74.94261169433594,-7287.7666015625,9.997604370117188,0.0,94.03143997174453,0.0,7308.43783134222,-7402.521662066544,-7402.469271313965,0.0,4.277142878941127,3.205714307512556,0.0,0.0,0.20841699838638306,0.0,0.0,0.0,0.14085467159748077,0.0,0.14085467159748077,0.0,1082.0,0.24976973235607147,0.14085467159748077
-75.03144073486328,-7288.43798828125,9.997304916381836,0.0,94.1220736741772,0.0,7309.10921806097,-7403.280970606667,-7403.231291735147,0.0,4.242642756870815,3.1712141854422433,0.0,0.0,0.19043999910354614,0.0,0.0,0.0,0.14075246453285217,0.0,0.14075246453285217,0.0,1083.0,0.2500012516975403,0.14075246453285217
-75.1220703125,-7289.109375,9.997005462646484,0.0,94.39498228130067,0.0,7309.78060477972,-7404.223224724461,-7404.175587061021,0.0,4.2111428941999165,3.139714322771345,0.0,0.0,0.17655999958515167,0.0,0.0,0.0,0.1410244107246399,0.0,0.1410244107246399,0.0,1084.0,0.2506326735019684,0.1410244107246399
-75.39498138427734,-7289.78076171875,9.996706008911133,0.0,94.30610067010296,0.0,7310.45199149847,-7404.80486422725,-7404.758092168573,0.0,4.200785718645369,3.1293571472167967,0.0,0.0,0.17167800664901733,0.0,0.0,0.0,0.14013570547103882,0.0,0.14013570547103882,0.0,1085.0,0.25005048513412476,0.14013570547103882
-75.30609893798828,-7290.4521484375,9.996406555175781,0.0,94.39902853493894,0.0,7311.12337821722,-7405.570425655863,-7405.522406752159,0.0,4.195785740443638,3.124357169015067,0.0,0.0,0.17986400425434113,0.0,0.0,0.0,0.14026200771331787,0.0,0.14026200771331787,0.0,1086.0,0.2505352795124054,0.14026200771331787
-75.3990249633789,-7291.12353515625,9.99610710144043,0.0,94.49034641885757,0.0,7319.31888649093,-7413.861093581848,-7413.809232909787,0.0,4.189642851693289,3.118214416503906,0.0,0.0,0.20588499307632446,0.0,0.0,0.0,0.13985280692577362,0.0,0.13985280692577362,0.0,1087.0,0.2509881258010864,0.13985280692577362
-75.49034881591797,-7299.31884765625,9.995807647705078,0.0,94.40303651328382,0.0,7319.99007743597,-7414.436050913803,-7414.393113949254,0.0,4.1656428200857984,3.0942142486572264,0.29829999804496765,0.0,0.005899012088775635,0.0,0.0,0.0,0.1372241973876953,0.0,0.1372241973876953,0.0,1088.0,0.25163358449935913,0.1372241973876953
-75.40303802490234,-7299.990234375,9.995508193969727,0.0,94.49807283133892,0.0,7333.733760346002,-7428.025259227411,-7428.23183317734,0.0,4.208785683768136,3.1373571123395645,0.34724798798561096,0.0,0.0,0.0044918060302734375,2.2952659279108047,0.13649414479732513,0.0,0.0,0.13649414479732513,0.0,1089.0,0.2524959146976471,0.13649414479732513
-75.4980697631836,-7313.73388671875,9.999700546264648,0.0,94.5908381084001,0.0,7342.879910526468,-7437.037254643791,-7437.470748634868,0.0,4.291428647722517,3.220000076293945,0.3549250066280365,0.0,0.0,0.0002994537353515625,4.816599518060684,0.1358254849910736,0.0,0.0,0.1358254849910736,0.0,1090.0,0.2526031732559204,0.1358254849910736
-75.59083557128906,-7322.8798828125,9.999700546264648,0.0,94.49974038089383,0.0,7351.296010856474,-7445.200442460348,-7445.795751237368,0.0,4.374214254106794,3.302785818917411,0.35721999406814575,0.0,0.0,0.0002994537353515625,6.614541441202164,0.13488873839378357,0.0,0.0,0.13488873839378357,0.0,1091.0,0.2523990273475647,0.13488873839378357
-75.49974060058594,-7331.2958984375,9.999700546264648,0.0,94.40938868280173,0.0,7351.96712821722,-7444.981999817488,-7446.376516900022,0.0,4.428142765590122,3.3567141941615515,0.34515801072120667,0.0,0.0,0.0002994537353515625,7.747316509485245,0.13137564063072205,0.0,0.0,0.13137564063072205,0.0,1092.0,0.25445377826690674,0.13137564063072205
-75.40938568115234,-7331.96728515625,9.999700546264648,0.0,94.31851360708755,0.0,7352.63851493597,-7445.484021714392,-7446.957028543058,0.0,4.465785653250558,3.3943570818219864,0.35785800218582153,0.0,0.0,0.0002994537353515625,8.183370620012283,0.13102146983146667,0.0,0.0,0.13102146983146667,0.0,1093.0,0.2544109523296356,0.13102146983146667
-75.31851196289062,-7332.638671875,9.999700546264648,0.0,94.31743145842576,0.0,7363.381934969024,-7456.254678733958,-7457.69936642745,0.0,4.494785799298968,3.423357227870396,0.3717289865016937,0.0,0.0,0.0002994537353515625,8.026042103767395,0.13102900981903076,0.0,0.0,0.13102900981903076,0.0,1094.0,0.25497308373451233,0.13102900981903076
-75.31742858886719,-7343.3818359375,9.999700546264648,0.0,94.22415285378639,0.0,7364.05306571722,-7456.949150590851,-7458.277218571006,0.0,4.513285718645368,3.4418571472167967,0.354746013879776,0.0,0.0,0.0002994537353515625,7.3781548589468,0.1308998018503189,0.0,0.0,0.1308998018503189,0.0,1095.0,0.25465863943099976,0.1308998018503189
-75.22415161132812,-7344.05322265625,9.999700546264648,0.0,94.12985699715891,0.0,7364.72445243597,-7457.760871159883,-7458.854309433129,0.0,4.514571407863071,3.4431427001953123,0.3672589957714081,0.0,0.0,0.0002994537353515625,6.074656590819359,0.13083495199680328,0.0,0.0,0.13083495199680328,0.0,1096.0,0.254628449678421,0.13083495199680328
-75.1298599243164,-7344.724609375,9.999700546264648,0.0,94.0359030741216,0.0,7365.39583915472,-7458.690092094883,-7459.431742228842,0.0,4.492571367536272,3.421142796107701,0.3569149971008301,0.0,0.0,0.0002994537353515625,4.1202781945466995,0.13095729053020477,0.0,0.0,0.13095729053020477,0.0,1097.0,0.2546234130859375,0.13095729053020477
-75.03590393066406,-7345.39599609375,9.999700546264648,0.0,93.94198880341968,0.0,7374.038021923847,-7467.83972816179,-7467.980010727267,0.0,4.436714254106794,3.365285818917411,0.44537198543548584,0.0,0.0,0.0002994537353515625,1.5586950480937958,0.13408342003822327,0.0,0.0,0.13408342003822327,0.0,1098.0,0.25289422273635864,0.13408342003822327
-74.94198608398438,-7354.0380859375,9.999700546264648,0.0,93.8511490436593,0.0,7374.70931571722,-7468.776877243694,-7468.56046476088,0.0,4.29500002179827,3.2235714503696986,0.00570000009611249,0.0,0.5875930190086365,0.0,0.0,0.0,0.13378189504146576,0.0,0.13378189504146576,0.0,1099.0,0.2530323565006256,0.13378189504146576
-74.85115051269531,-7354.70947265625,9.999401092529297,0.0,93.85116482574503,0.0,7375.38070243597,-7469.336245161457,-7469.231867261716,0.0,4.236000006539481,3.1645714351109095,0.0,0.0,0.5601789951324463,0.0,0.0,0.0,0.1356736421585083,0.0,0.1356736421585083,0.0,1100.0,0.25215834379196167,0.1356736421585083
-74.85116577148438,-7355.380859375,9.999101638793945,0.0,93.76122848003523,0.0,7383.57599980819,-7477.430674719522,-7477.337228288226,0.0,4.1976428168160576,3.126214381626674,0.0,0.0,0.4875490069389343,0.0,0.0,0.0,0.13542717695236206,0.0,0.13542717695236206,0.0,1101.0,0.2525731921195984,0.13542717695236206
-74.76123046875,-7363.576171875,9.998802185058594,0.0,93.67199254313695,0.0,7384.24740165472,-7478.00680929526,-7477.919394197857,0.0,4.161000061035156,3.089571489606585,0.0,0.0,0.44724398851394653,0.0,0.0,0.0,0.13552330434322357,0.0,0.13552330434322357,0.0,1102.0,0.25260403752326965,0.13552330434322357
-74.67198944091797,-7364.24755859375,9.998502731323242,0.0,93.76598177454082,0.0,7384.91878837347,-7478.765777237715,-7478.684770148011,0.0,4.127785764421736,3.056357192993164,0.0,0.0,0.4041120111942291,0.0,0.0,0.0,0.1359352320432663,0.0,0.1359352320432663,0.0,1103.0,0.25306224822998047,0.1359352320432663
-74.76598358154297,-7364.9189453125,9.99820327758789,0.0,93.86066150953606,0.0,7425.915303557133,-7519.843396921569,-7519.7759650666685,0.0,4.093071474347796,3.021642902919224,0.0,0.0,0.31360501050949097,0.0,0.0,0.0,0.13594067096710205,0.0,0.13594067096710205,0.0,1104.0,0.2552092671394348,0.13594067096710205
-74.86066436767578,-7405.91552734375,9.997903823852539,0.0,93.95555426933916,0.0,7426.58675712347,-7520.599185788741,-7520.542311392809,0.0,4.057428577968052,2.986000006539481,0.0,0.0,0.24229499697685242,0.0,0.0,0.0,0.13686762750148773,0.0,0.13686762750148773,0.0,1105.0,0.25475308299064636,0.13686762750148773
-74.95555114746094,-7406.5869140625,9.997604370117188,0.0,94.05072335572359,0.0,7427.25814384222,-7521.361504604239,-7521.308867197944,0.0,4.024999972752163,2.953571537562779,0.0,0.0,0.20841699838638306,0.0,0.0,0.0,0.14249902963638306,0.0,0.14249902963638306,0.0,1106.0,0.2536652684211731,0.14249902963638306
-75.05072021484375,-7407.25830078125,9.997304916381836,0.0,94.14552713737925,0.0,7427.92953056097,-7522.124982309398,-7522.075057698349,0.0,3.9982857840401786,2.926857212611607,0.0,0.0,0.19043999910354614,0.0,0.0,0.0,0.14239072799682617,0.0,0.14239072799682617,0.0,1107.0,0.25388482213020325,0.14239072799682617
-75.1455307006836,-7407.9296875,9.997005462646484,0.0,94.24088686699098,0.0,7428.60091727972,-7522.889628145454,-7522.841804146711,0.0,3.976000050136021,2.90457147870745,0.0,0.0,0.17655999958515167,0.0,0.0,0.0,0.142266646027565,0.0,0.142266646027565,0.0,1108.0,0.25409379601478577,0.142266646027565
-75.24089050292969,-7408.60107421875,9.996706008911133,0.0,94.33579062971943,0.0,7429.27230399847,-7523.655161363301,-7523.60809462819,0.0,3.955571392604283,2.8841429574148996,0.0,0.0,0.17167800664901733,0.0,0.0,0.0,0.14210021495819092,0.0,0.14210021495819092,0.0,1109.0,0.2542933523654938,0.14210021495819092
-75.3357925415039,-7409.2724609375,9.996406555175781,0.0,94.24978083880549,0.0,7429.94369071722,-7524.241669264729,-7524.1934715560255,0.0,3.93271427154541,2.8612858363560267,0.0,0.0,0.17986400425434113,0.0,0.0,0.0,0.1414540410041809,0.0,0.1414540410041809,0.0,1110.0,0.25398948788642883,0.1414540410041809
-75.2497787475586,-7409.94384765625,9.99610710144043,0.0,94.16455278973201,0.0,7430.61507743597,-7524.831672829772,-7524.779630225702,0.0,3.9064285550798687,2.8350001198904855,0.0,0.0,0.20588499307632446,0.0,0.0,0.0,0.14106568694114685,0.0,0.14106568694114685,0.0,1111.0,0.2540817856788635,0.14106568694114685
-75.16455078125,-7410.615234375,9.995807647705078,0.0,94.62768106930224,0.0,7442.309437998427,-7536.984273452965,-7536.937119067729,0.0,3.8911429268973214,2.81971435546875,0.28689998388290405,0.0,0.017299026250839233,0.0,0.0,0.0,0.13988225162029266,0.0,0.13988225162029266,0.0,1112.0,0.25689664483070374,0.13988225162029266
-75.62767791748047,-7422.3095703125,9.995508193969727,0.0,94.72656488844865,0.0,7442.98080009222,-7537.495492299588,-7537.707364980669,0.0,3.9647142682756695,2.8932856968470984,0.34724798798561096,0.0,0.0,0.0044918060302734375,2.3541407138109207,0.13841943442821503,0.0,0.0,0.13841943442821503,0.0,1113.0,0.2560470998287201,0.13841943442821503
-75.7265625,-7422.98095703125,9.999700546264648,0.0,94.82052842871357,0.0,7443.65218681097,-7538.031250916364,-7538.472715239684,0.0,4.0762857164655415,3.00485714503697,0.3549250066280365,0.0,0.0,0.0002994537353515625,4.905158758163452,0.13751673698425293,0.0,0.0,0.13751673698425293,0.0,1114.0,0.2559148669242859,0.13751673698425293
-75.82052612304688,-7423.65234375,9.999700546264648,0.0,94.9129092536513,0.0,7444.32357352972,-7538.637764682389,-7539.236482783372,0.0,4.181785665239607,3.1103572300502234,0.35721999406814575,0.0,0.0,0.0002994537353515625,6.6524228155612946,0.1369071900844574,0.0,0.0,0.1369071900844574,0.0,1115.0,0.25580719113349915,0.1369071900844574
-75.91291046142578,-7424.32373046875,9.999700546264648,0.0,94.8851377932146,0.0,7453.435847146683,-7546.926092085215,-7548.320984939897,0.0,4.248642866952078,3.1772141592843193,0.34515801072120667,0.0,0.0,0.0002994537353515625,7.74940413236618,0.13308840990066528,0.0,0.0,0.13308840990066528,0.0,1116.0,0.2581266462802887,0.13308840990066528
-75.88513946533203,-7433.43603515625,9.999700546264648,0.0,94.79433365896385,0.0,7454.10726493597,-7547.432829072127,-7548.9015985949345,0.0,4.301428604125976,3.230000032697405,0.35785800218582153,0.0,0.0,0.0002994537353515625,8.159830033779144,0.13271242380142212,0.0,0.0,0.13271242380142212,0.0,1117.0,0.2578428387641907,0.13271242380142212
-75.7943344116211,-7434.107421875,9.999700546264648,0.0,94.70177636666081,0.0,7454.77865165472,-7548.090211869391,-7549.480428021381,0.0,4.343642861502511,3.2722142900739395,0.3717289865016937,0.0,0.0,0.0002994537353515625,7.7234224528074265,0.13249929249286652,0.0,0.0,0.13249929249286652,0.0,1118.0,0.25775453448295593,0.13249929249286652
-75.70177459716797,-7434.77880859375,9.999700546264648,0.0,94.60793531138587,0.0,7455.45003837347,-7548.833647173983,-7550.057973684856,0.0,4.38221435546875,3.3107857840401786,0.354746013879776,0.0,0.0,0.0002994537353515625,6.801813408732414,0.1324908286333084,0.0,0.0,0.1324908286333084,0.0,1119.0,0.25764623284339905,0.1324908286333084
-75.6079330444336,-7435.4501953125,9.999700546264648,0.0,94.51339371890869,0.0,7456.12142509222,-7549.617757145708,-7550.634818811129,0.0,4.420428630283901,3.3490000588553293,0.3672589957714081,0.0,0.0,0.0002994537353515625,5.650342136621475,0.13239941000938416,0.0,0.0,0.13239941000938416,0.0,1120.0,0.2575305104255676,0.13239941000938416
-75.51339721679688,-7436.12158203125,9.999700546264648,0.0,94.41838744592206,0.0,7456.79281181097,-7550.494099590527,-7551.2111992568925,0.0,4.442999921526227,3.371571350097656,0.3569149971008301,0.0,0.0,0.0002994537353515625,3.98388671875,0.13244867324829102,0.0,0.0,0.13244867324829102,0.0,1121.0,0.25745925307273865,0.13244867324829102
-75.41838836669922,-7436.79296875,9.999700546264648,0.0,94.32221227428332,0.0,7465.825650439114,-7560.029439986832,-7560.147862713397,0.0,4.4047142573765345,3.333285685947963,0.4960399866104126,0.0,0.0,0.0002994537353515625,1.315807968378067,0.1353524625301361,0.0,0.0,0.1353524625301361,0.0,1122.0,0.25567710399627686,0.1353524625301361
-75.32221221923828,-7445.82568359375,9.999700546264648,0.0,94.23221274871399,0.0,7476.160839159126,-7570.614647715079,-7570.39305190784,0.0,4.264142935616629,3.192714364188058,0.0009500000160187483,0.0,0.6036580204963684,0.0,0.0,0.0,0.13499464094638824,0.0,0.13499464094638824,0.0,1123.0,0.2562140226364136,0.13499464094638824
-75.23221588134766,-7456.16064453125,9.999401092529297,0.0,94.13899222167225,0.0,7483.849179009858,-7578.104508920695,-7577.98817123153,0.0,4.224714224679129,3.153285653250558,0.0,0.0,0.6391140222549438,0.0,0.0,0.0,0.13647054135799408,0.0,0.13647054135799408,0.0,1124.0,0.2552776038646698,0.13647054135799408
-75.13899230957031,-7463.84912109375,9.999101638793945,0.0,94.04601015721721,0.0,7486.608585117488,-7580.748291526959,-7580.654595274705,0.0,4.1938571384974885,3.1224285670689174,0.0,0.0,0.4875490069389343,0.0,0.0,0.0,0.13709264993667603,0.0,0.13709264993667603,0.0,1125.0,0.2554657459259033,0.13709264993667603
-75.04601287841797,-7466.6083984375,9.998802185058594,0.0,93.95680011478255,0.0,7487.27962821722,-7581.324075279562,-7581.236428332003,0.0,4.161428533281599,3.0900000980922155,0.0,0.0,0.44724398851394653,0.0,0.0,0.0,0.137068971991539,0.0,0.137068971991539,0.0,1126.0,0.255581259727478,0.137068971991539
-74.95680236816406,-7467.27978515625,9.998502731323242,0.0,93.86636420597328,0.0,7499.773711226149,-7593.721223044999,-7593.640075432123,0.0,4.12792854309082,3.056499971662249,0.0,0.0,0.4041120111942291,0.0,0.0,0.0,0.1368720531463623,0.0,0.1368720531463623,0.0,1127.0,0.256215363740921,0.1368720531463623
-74.86636352539062,-7479.77392578125,9.99820327758789,0.0,93.77725080947567,0.0,7504.374860732548,-7598.2197372893515,-7598.152111542024,0.0,4.1020714351109095,3.030642863682338,0.0,0.0,0.31360501050949097,0.0,0.0,0.0,0.13723328709602356,0.0,0.13723328709602356,0.0,1128.0,0.2563835382461548,0.13723328709602356
-74.77725219726562,-7484.375,9.997903823852539,0.0,93.68882380732809,0.0,7523.918430110897,-7617.744713427546,-7617.607253918225,0.0,4.084785679408482,3.013357107979911,0.0,0.0,0.7813760042190552,0.0,0.0,0.0,0.1350206881761551,0.0,0.1350206881761551,0.0,1129.0,0.2568516135215759,0.1350206881761551
-74.68882751464844,-7503.91845703125,9.997604370117188,0.0,93.59874622175651,0.0,7524.58968681097,-7618.241193438426,-7618.188433032727,0.0,4.068642834254673,2.99721439906529,0.0,0.0,0.20841699838638306,0.0,0.0,0.0,0.1433190256357193,0.0,0.1433190256357193,0.0,1130.0,0.25557881593704224,0.1433190256357193
-74.59874725341797,-7504.58984375,9.997304916381836,0.0,93.50912994052857,0.0,7525.26107352972,-7618.820240845839,-7618.770203470249,0.0,4.052428599766323,2.981000028337751,0.0,0.0,0.19043999910354614,0.0,0.0,0.0,0.1431424915790558,0.0,0.1431424915790558,0.0,1131.0,0.2556428611278534,0.1431424915790558
-74.5091323852539,-7505.26123046875,9.997005462646484,0.0,93.60152791021139,0.0,7525.93246024847,-7619.581984207728,-7619.5339881586815,0.0,4.034357152666365,2.962928444998605,0.0,0.0,0.17655999958515167,0.0,0.0,0.0,0.14341364800930023,0.0,0.14341364800930023,0.0,1132.0,0.25619935989379883,0.14341364800930023
-74.60152435302734,-7505.9326171875,9.996706008911133,0.0,93.51186482544632,0.0,7526.60384696722,-7620.162880970285,-7620.115711792667,0.0,4.017785699026925,2.9463571275983536,0.0,0.0,0.17167800664901733,0.0,0.0,0.0,0.14278316497802734,0.0,0.14278316497802734,0.0,1133.0,0.25588083267211914,0.14278316497802734
-74.5118637084961,-7506.60400390625,9.996406555175781,0.0,93.42351949092328,0.0,7527.27523368597,-7620.747105521659,-7620.698753176894,0.0,4.011928503853934,2.9404999324253627,0.0,0.0,0.17986400425434113,0.0,0.0,0.0,0.14248494803905487,0.0,0.14248494803905487,0.0,1134.0,0.25592169165611267,0.14248494803905487
-74.42352294921875,-7507.275390625,9.99610710144043,0.0,93.51728675864292,0.0,7527.94662040472,-7621.516173548611,-7621.463907163363,0.0,3.9947857992989677,2.923357227870396,0.0,0.0,0.20588499307632446,0.0,0.0,0.0,0.1425575613975525,0.0,0.1425575613975525,0.0,1135.0,0.2564964294433594,0.1425575613975525
-74.51728820800781,-7507.94677734375,9.995807647705078,0.0,93.43218252987289,0.0,7541.504027574397,-7635.002618964611,-7634.93621010427,0.0,3.9929285866873605,2.921500015258789,0.2222999930381775,0.0,0.0818990170955658,0.0,0.0,0.0,0.13946384191513062,0.0,0.13946384191513062,0.0,1136.0,0.25771626830101013,0.13946384191513062
-74.43218231201172,-7521.50390625,9.995508193969727,0.0,93.34269957426102,0.0,7574.825880486258,-7667.97961515079,-7668.168580060519,0.0,4.137642942156111,3.066214370727539,0.34724798798561096,0.0,0.0,0.0044918060302734375,2.0996099412441254,0.13835015892982483,0.0,0.0,0.13835015892982483,0.0,1137.0,0.2585371434688568,0.13835015892982483
-74.34269714355469,-7554.82568359375,9.999700546264648,0.0,93.24811081629514,0.0,7680.981923832362,-7773.818908826102,-7774.230034648657,0.0,4.259714344569614,3.1882857731410437,0.3549250066280365,0.0,0.0,0.0002994537353515625,4.568064332008362,0.1383112668991089,0.0,0.0,0.1383112668991089,0.0,1138.0,0.26219937205314636,0.1383112668991089
-74.24810791015625,-7660.98193359375,9.999700546264648,0.0,93.14929171017697,0.0,7736.142006097827,-7828.723922609312,-7829.291297808004,0.0,4.429571369716099,3.358142798287528,0.35721999406814575,0.0,0.0,0.0002994537353515625,6.304168373346329,0.13936170935630798,0.0,0.0,0.13936170935630798,0.0,1139.0,0.2627795338630676,0.13936170935630798
-74.1492919921875,-7716.14208984375,9.999700546264648,0.0,93.04972914573843,0.0,7773.542821164741,-7865.259338365327,-7866.59255031048,0.0,4.5295714787074495,3.4581429072788783,0.34515801072120667,0.0,0.0,0.0002994537353515625,7.406732439994812,0.13660967350006104,0.0,0.0,0.13660967350006104,0.0,1140.0,0.2653323709964752,0.13660967350006104
-74.04972839355469,-7753.54296875,9.999700546264648,0.0,92.94968294430558,0.0,7774.21419852972,-7865.746989841995,-7867.163881474026,0.0,4.586499977111816,3.515071405683245,0.35785800218582153,0.0,0.0,0.0002994537353515625,7.871619552373886,0.13687291741371155,0.0,0.0,0.13687291741371155,0.0,1141.0,0.2647366225719452,0.13687291741371155
-73.9496841430664,-7754.21435546875,9.999700546264648,0.0,92.84804765562707,0.0,7774.88558524847,-7866.337826845686,-7867.733632904097,0.0,4.631142834254673,3.5597142628261023,0.3717289865016937,0.0,0.0,0.0002994537353515625,7.754477486014366,0.13659383356571198,0.0,0.0,0.13659383356571198,0.0,1142.0,0.264666885137558,0.13659383356571198
-73.8480453491211,-7754.8857421875,9.999700546264648,0.0,92.74694251182348,0.0,7775.55697196722,-7867.027645012364,-7868.303914479044,0.0,4.657928548540387,3.5864999771118162,0.354746013879776,0.0,0.0,0.0002994537353515625,7.090385362505913,0.13651902973651886,0.0,0.0,0.13651902973651886,0.0,1143.0,0.264634907245636,0.13651902973651886
-73.74694061279297,-7755.55712890625,9.999700546264648,0.0,92.64476358790097,0.0,7776.22835868597,-7867.829245527465,-7868.873122273872,0.0,4.664928586142404,3.5935000828334265,0.3672589957714081,0.0,0.0,0.0002994537353515625,5.799314796924591,0.13637703657150269,0.0,0.0,0.13637703657150269,0.0,1144.0,0.2646466791629791,0.13637703657150269
-73.64476013183594,-7756.228515625,9.999700546264648,0.0,92.54287164793067,0.0,7776.89974540472,-7868.739910330216,-7869.442617052651,0.0,4.649642889840262,3.578214318411691,0.3569149971008301,0.0,0.0,0.0002994537353515625,3.9039259254932404,0.136409729719162,0.0,0.0,0.136409729719162,0.0,1145.0,0.2646988034248352,0.136409729719162
-73.5428695678711,-7756.89990234375,9.999700546264648,0.0,92.44041117460982,0.0,7795.17737368513,-7887.493029992404,-7887.61778485974,0.0,4.576714324951172,3.5052857535226005,0.44537198543548584,0.0,0.0,0.0002994537353515625,1.3861650824546814,0.13941353559494019,0.0,0.0,0.13941353559494019,0.0,1146.0,0.2634468972682953,0.13941353559494019
-73.44041442871094,-7775.17724609375,9.999700546264648,0.0,92.34178321604159,0.0,7795.84847587347,-7888.409393017697,-7888.1902590895115,0.0,4.455571528843471,3.3841429574148996,0.0019000000320374966,0.0,0.591392993927002,0.0,0.0,0.0,0.13905340433120728,0.0,0.13905340433120728,0.0,1147.0,0.26336854696273804,0.13905340433120728
-73.34178161621094,-7775.8486328125,9.999401092529297,0.0,92.24234594854617,0.0,7796.51986259222,-7888.86733339775,-7888.762208540767,0.0,4.3933570861816404,3.3219285147530693,0.0,0.0,0.5601789951324463,0.0,0.0,0.0,0.1406533569097519,0.0,0.1406533569097519,0.0,1148.0,0.2623727321624756,0.1406533569097519
-73.24234771728516,-7776.52001953125,9.999101638793945,0.0,92.14416042640256,0.0,7797.19124931097,-7889.429658216252,-7889.335409737373,0.0,4.3555714198521205,3.284142848423549,0.0,0.0,0.4875490069389343,0.0,0.0,0.0,0.14077416062355042,0.0,0.14077416062355042,0.0,1149.0,0.2625214755535126,0.14077416062355042
-73.14415740966797,-7777.19140625,9.998802185058594,0.0,92.04888947994338,0.0,7797.86263602972,-7889.99972560921,-7889.911525509664,0.0,4.339500100272042,3.2680715288434707,0.0,0.0,0.44724398851394653,0.0,0.0,0.0,0.14075665175914764,0.0,0.14075665175914764,0.0,1150.0,0.26260241866111755,0.14075665175914764
-73.04888916015625,-7777.86279296875,9.998502731323242,0.0,91.9540012601691,0.0,7808.168222283472,-7900.203940446461,-7900.122223543641,0.0,4.32471433367048,3.2532857622419082,0.0,0.0,0.4041120111942291,0.0,0.0,0.0,0.14066731929779053,0.0,0.14066731929779053,0.0,1151.0,0.26308250427246094,0.14066731929779053
-72.9540023803711,-7788.16845703125,9.99820327758789,0.0,92.04177856153643,0.0,7808.83968681097,-7900.949764273858,-7900.881465372507,0.0,4.29957139151437,3.228142820085798,0.0,0.0,0.31360501050949097,0.0,0.0,0.0,0.1417209804058075,0.0,0.1417209804058075,0.0,1152.0,0.2633762061595917,0.1417209804058075
-73.04177856445312,-7788.83984375,9.997903823852539,0.0,92.13115666028754,0.0,7809.51107352972,-7901.699857274169,-7901.6422301900075,0.0,4.26721431187221,3.1957857404436383,0.0,0.0,0.24229499697685242,0.0,0.0,0.0,0.14188554883003235,0.0,0.14188554883003235,0.0,1153.0,0.26366347074508667,0.14188554883003235
-73.13115692138672,-7789.51123046875,9.997604370117188,0.0,92.03443704104897,0.0,7810.18246024847,-7902.270146664177,-7902.21689728952,0.0,4.235285704476492,3.163857269287109,0.0,0.0,0.20841699838638306,0.0,0.0,0.0,0.1465788185596466,0.0,0.1465788185596466,0.0,1154.0,0.26204821467399597,0.1465788185596466
-73.03443908691406,-7790.1826171875,9.997304916381836,0.0,92.12087850543013,0.0,7810.85384696722,-7903.025332857913,-7902.974725472651,0.0,4.2084286008562355,3.1369998931884764,0.0,0.0,0.19043999910354614,0.0,0.0,0.0,0.14694255590438843,0.0,0.14694255590438843,0.0,1155.0,0.26255834102630615,0.14694255590438843
-73.12088012695312,-7790.85400390625,9.997005462646484,0.0,92.20782964356323,0.0,7819.953520791918,-7912.209840283697,-7912.161350435481,0.0,4.192071451459612,3.1206427437918527,0.0,0.0,0.17655999958515167,0.0,0.0,0.0,0.14670564234256744,0.0,0.14670564234256744,0.0,1156.0,0.2630608081817627,0.14670564234256744
-73.20783233642578,-7799.95361328125,9.996706008911133,0.0,92.2958711512666,0.0,7820.62484306097,-7912.968483239103,-7912.920714212237,0.0,4.186071477617537,3.1146427699497767,0.0,0.0,0.17167800664901733,0.0,0.0,0.0,0.14678215980529785,0.0,0.14678215980529785,0.0,1157.0,0.26309844851493835,0.14678215980529785
-73.29586791992188,-7800.625,9.996406555175781,0.0,92.38475680833241,0.0,7821.29622977972,-7913.729950941413,-7913.680986588052,0.0,4.199142810276577,3.127714375087193,0.0,0.0,0.17986400425434113,0.0,0.0,0.0,0.1465650051832199,0.0,0.1465650051832199,0.0,1158.0,0.2631940245628357,0.1465650051832199
-73.38475799560547,-7801.29638671875,9.99610710144043,0.0,92.65517684859057,0.0,7821.96761649847,-7914.675692718015,-7914.622793347061,0.0,4.204642922537667,3.1332143511090957,0.0,0.0,0.20588499307632446,0.0,0.0,0.0,0.1467774659395218,0.0,0.1467774659395218,0.0,1159.0,0.2637590169906616,0.1467774659395218
-73.6551742553711,-7801.9677734375,9.995807647705078,0.0,92.7453415720627,0.0,7822.63900321722,-7915.4851631874135,-7915.384344789283,0.0,4.2158571788242885,3.144428471156529,0.11209999769926071,0.0,0.19209900498390198,0.0,0.0,0.0,0.1439623087644577,0.0,0.1439623087644577,0.0,1160.0,0.2644925117492676,0.1439623087644577
-73.7453384399414,-7802.63916015625,9.995508193969727,0.0,92.83349002271136,0.0,7823.31038993597,-7916.005447594541,-7916.143879958681,0.0,4.287857137407576,3.216428702218192,0.34724798798561096,0.0,0.0,0.0044918060302734375,1.5381372570991516,0.14312297105789185,0.0,0.0,0.14312297105789185,0.0,1161.0,0.26445966958999634,0.14312297105789185
-73.83348846435547,-7803.310546875,9.999700546264648,0.0,92.73752790573337,0.0,7837.161449710268,-7929.538955978172,-7929.8989776160015,0.0,4.436571339198521,3.36514276776995,0.3549250066280365,0.0,0.0,0.0002994537353515625,4.0002401024103165,0.14183543622493744,0.0,0.0,0.14183543622493744,0.0,1162.0,0.26451846957206726,0.14183543622493744
-73.7375259399414,-7817.16162109375,9.999700546264648,0.0,92.69596482573762,0.0,7837.83285087347,-7930.000051472323,-7930.528815699208,0.0,4.624857166835239,3.5534285954066687,0.35721999406814575,0.0,0.0,0.0002994537353515625,5.875157609581947,0.14182256162166595,0.0,0.0,0.14182256162166595,0.0,1163.0,0.26404130458831787,0.14182256162166595
-73.69596862792969,-7817.8330078125,9.999700546264648,0.0,92.74392983129313,0.0,7838.50423759222,-7930.028509067132,-7931.248167423513,0.0,4.7820713996887205,3.7106428963797433,0.34515801072120667,0.0,0.0,0.0002994537353515625,6.775879219174385,0.13856332004070282,0.0,0.0,0.13856332004070282,0.0,1164.0,0.2659957706928253,0.13856332004070282
-73.74392700195312,-7818.50439453125,9.999700546264648,0.0,92.63883391987511,0.0,7839.17562431097,-7930.544275354045,-7931.814458230845,0.0,4.909500067574637,3.838071496146066,0.35785800218582153,0.0,0.0,0.0002994537353515625,7.05657097697258,0.13777115941047668,0.0,0.0,0.13777115941047668,0.0,1165.0,0.26559051871299744,0.13777115941047668
-73.63883209228516,-7819.17578125,9.999700546264648,0.0,92.52950169310957,0.0,7839.84701102972,-7931.178547696493,-7932.37651272283,0.0,4.998571477617536,3.9271429061889647,0.3717289865016937,0.0,0.0,0.0002994537353515625,6.655360728502274,0.137510746717453,0.0,0.0,0.137510746717453,0.0,1166.0,0.2654113173484802,0.137510746717453
-73.52950286865234,-7819.84716796875,9.999700546264648,0.0,92.41887039472894,0.0,7849.115566080018,-7940.727410261576,-7941.534436474747,0.0,5.033999933515276,3.9625713620867047,0.354746013879776,0.0,0.0,0.0002994537353515625,4.483478605747223,0.13757604360580444,0.0,0.0,0.13757604360580444,0.0,1167.0,0.26570403575897217,0.13757604360580444
-73.41886901855469,-7829.11572265625,9.999700546264648,0.0,92.3079908624598,0.0,7849.78695243597,-7941.627013943887,-7942.09494329843,0.0,5.045142800467355,3.9737142290387837,0.37944701313972473,0.0,0.0,0.0002994537353515625,2.5996073186397552,0.1375960409641266,0.0,0.0,0.1375960409641266,0.0,1168.0,0.2655680179595947,0.1375960409641266
-73.30799102783203,-7829.787109375,9.999700546264648,0.0,92.19736985347679,0.0,7858.237662371928,-7950.156444671221,-7950.435032225405,0.0,5.0333571570260185,3.961928585597447,0.3569149971008301,0.0,0.0,0.0002994537353515625,1.547708511352539,0.13757705688476562,0.0,0.0,0.13757705688476562,0.0,1169.0,0.26592281460762024,0.13757705688476562
-73.19737243652344,-7838.23779296875,9.999700546264648,0.0,92.08553056566086,0.0,7858.90902274847,-7951.0156324514,-7950.994553314131,0.0,4.978000041416713,3.9065714699881418,0.44537198543548584,0.0,0.0,0.0,0.0,0.07047796249389648,0.07026378810405731,0.0,0.1407417505979538,0.0,1170.0,0.2637457847595215,0.1407417505979538
-73.08553314208984,-7838.9091796875,9.999401092529297,0.0,91.97627369669996,0.0,7868.744882230942,-7960.941095421573,-7960.721155927641,0.0,4.911714226858956,3.8402856554303852,0.0,0.0,0.5932930111885071,0.0,0.0,0.0,0.13983860611915588,0.0,0.13983860611915588,0.0,1171.0,0.26421383023262024,0.13983860611915588
-72.97627258300781,-7848.7451171875,9.999101638793945,0.0,91.86670123683113,0.0,7869.41634696722,-7961.38832190129,-7961.283048204052,0.0,4.863571384974888,3.792142813546317,0.0,0.0,0.5601789951324463,0.0,0.0,0.0,0.1416456252336502,0.0,0.1416456252336502,0.0,1172.0,0.263085275888443,0.1416456252336502
-72.86669921875,-7849.41650390625,9.998802185058594,0.0,91.75781382307568,0.0,7870.08773368597,-7961.93994335073,-7961.845547509046,0.0,4.803428595406668,3.732000023978097,0.0,0.0,0.4875490069389343,0.0,0.0,0.0,0.1417565792798996,0.0,0.1417565792798996,0.0,1173.0,0.2632777690887451,0.1417565792798996
-72.7578125,-7850.087890625,9.998502731323242,0.0,91.64987892772261,0.0,7890.75332923643,-7982.491528956403,-7982.403208164153,0.0,4.765428556714739,3.6939999171665736,0.0,0.0,0.44724398851394653,0.0,0.0,0.0,0.14156126976013184,0.0,0.14156126976013184,0.0,1174.0,0.26422178745269775,0.14156126976013184
-72.6498794555664,-7870.75341796875,9.99820327758789,0.0,91.54534818204829,0.0,7891.42464774847,-7983.051915069673,-7982.969995930519,0.0,4.7357143129621235,3.664285741533552,0.0,0.0,0.4041120111942291,0.0,0.0,0.0,0.14201556146144867,0.0,0.14201556146144867,0.0,1175.0,0.26408854126930237,0.14201556146144867
-72.54534912109375,-7871.4248046875,9.997903823852539,0.0,91.62270754748553,0.0,7892.09603446722,-7983.787208878227,-7983.718742014706,0.0,4.7041428565979,3.632714353288923,0.0,0.0,0.31360501050949097,0.0,0.0,0.0,0.14284072816371918,0.0,0.14284072816371918,0.0,1176.0,0.26451531052589417,0.14284072816371918
-72.62271118164062,-7872.09619140625,9.997604370117188,0.0,91.51936717890084,0.0,7892.76742118597,-7984.3444926675975,-7984.286788364871,0.0,4.668500028337751,3.5970714569091795,0.0,0.0,0.24229499697685242,0.0,0.0,0.0,0.1424003392457962,0.0,0.1424003392457962,0.0,1177.0,0.26451680064201355,0.1424003392457962
-72.51936340332031,-7872.767578125,9.997304916381836,0.0,91.41326883426696,0.0,7893.43880790472,-7984.905457526246,-7984.852076738987,0.0,4.633071436200823,3.5616428647722516,0.0,0.0,0.20841699838638306,0.0,0.0,0.0,0.1474549025297165,0.0,0.1474549025297165,0.0,1178.0,0.26305776834487915,0.1474549025297165
-72.41326904296875,-7873.43896484375,9.997005462646484,0.0,91.30806456862545,0.0,7894.11019462347,-7985.4689154785,-7985.418259192095,0.0,4.599000058855329,3.5275714874267576,0.0,0.0,0.19043999910354614,0.0,0.0,0.0,0.14726856350898743,0.0,0.14726856350898743,0.0,1179.0,0.2631359398365021,0.14726856350898743
-72.30806732177734,-7874.1103515625,9.996706008911133,0.0,91.20606393732389,0.0,7894.78158134222,-7986.036188575247,-7985.987645279544,0.0,4.552071380615234,3.480642809186663,0.0,0.0,0.17655999958515167,0.0,0.0,0.0,0.14706195890903473,0.0,0.14706195890903473,0.0,1180.0,0.2632802426815033,0.14706195890903473
-72.20606231689453,-7874.78173828125,9.996406555175781,0.0,91.28751932085144,0.0,7895.45296806097,-7986.788354626716,-7986.740487381821,0.0,4.510357121058872,3.4389285496303015,0.0,0.0,0.17167800664901733,0.0,0.0,0.0,0.1474369466304779,0.0,0.1474369466304779,0.0,1181.0,0.26372987031936646,0.1474369466304779
-72.28752136230469,-7875.453125,9.99610710144043,0.0,91.36786974507201,0.0,7896.12435477972,-7987.541285178402,-7987.492224524793,0.0,4.4766428266252785,3.4052142551967077,0.0,0.0,0.17986400425434113,0.0,0.0,0.0,0.14720700681209564,0.0,0.14720700681209564,0.0,1182.0,0.2639313340187073,0.14720700681209564
-72.36786651611328,-7876.12451171875,9.995807647705078,0.0,91.44994938320008,0.0,7904.374500828042,-7995.8773489496425,-7995.824450211242,0.0,4.456785692487444,3.3853571210588727,0.0,0.0,0.20588499307632446,0.0,0.0,0.0,0.14677324891090393,0.0,0.14677324891090393,0.0,1183.0,0.2644144594669342,0.14677324891090393
-72.449951171875,-7884.37451171875,9.995508193969727,0.0,91.7163253635709,0.0,7937.1012407904855,-8028.935434090464,-8028.817566154056,0.0,4.450000027247837,3.378571319580078,0.056049998849630356,0.0,0.24814900755882263,0.0,0.0,0.0,0.14474409818649292,0.0,0.14474409818649292,0.0,1184.0,0.2670709490776062,0.14474409818649292
-72.71632385253906,-7917.10107421875,9.995208740234375,0.0,91.79849108573106,0.0,7990.452085181543,-8082.190487050439,-8082.2505762672745,0.0,4.488714299883161,3.4172855922154017,0.34724798798561096,0.0,0.0,0.004791259765625,0.6676579117774963,0.1440529227256775,0.0,0.0,0.1440529227256775,0.0,1185.0,0.2686825096607208,0.1440529227256775
-72.79849243164062,-7970.4521484375,9.999700546264648,0.0,91.78589206608564,0.0,7991.12337821722,-8082.6881584361545,-8082.909270283306,0.0,4.593428557259696,3.5219999858311244,0.3549250066280365,0.0,0.0,0.0002994537353515625,2.456798106431961,0.1443774402141571,0.0,0.0,0.1443774402141571,0.0,1186.0,0.26771047711372375,0.1443774402141571
-72.785888671875,-7971.12353515625,9.999700546264648,0.0,91.75952539036268,0.0,7991.79476493597,-8083.153026120757,-8083.554290326333,0.0,4.777785723549979,3.7063570840018136,0.35721999406814575,0.0,0.0,0.0002994537353515625,4.458490818738937,0.1439395248889923,0.0,0.0,0.1439395248889923,0.0,1187.0,0.26734644174575806,0.1439395248889923
-72.75952911376953,-7971.794921875,9.999700546264648,0.0,91.65001766610158,0.0,8007.241511098612,-8097.870868320164,-8098.891528764714,0.0,4.940928540910993,3.8694999694824217,0.4952250123023987,0.0,0.0,0.0002994537353515625,5.670335352420807,0.13929027318954468,0.0,0.0,0.13929027318954468,0.0,1188.0,0.2697262465953827,0.13929027318954468
-72.65001678466797,-7987.24169921875,9.999700546264648,0.0,91.53895157389765,0.0,8027.10791377422,-8117.691677982193,-8118.646865348118,0.0,5.0517142977033345,3.980285726274763,0.8491910099983215,0.0,0.0,0.0002994537353515625,5.306596055626869,0.1376631110906601,0.0,0.0,0.1376631110906601,0.0,1189.0,0.27020010352134705,0.1376631110906601
-72.53894805908203,-8007.10791015625,9.999700546264648,0.0,91.4249421860691,0.0,8040.574792813526,-8131.370307925745,-8131.999734999596,0.0,5.1017857415335515,4.03035717010498,0.3717289865016937,0.0,0.0,0.0002994537353515625,3.496816799044609,0.1401546746492386,0.0,0.0,0.1401546746492386,0.0,1190.0,0.27018025517463684,0.1401546746492386
-72.42494201660156,-8020.57470703125,9.999700546264648,0.0,91.31023734993065,0.0,8041.24593681097,-8132.185033865941,-8132.556174160901,0.0,5.123714256286621,4.05228568485805,0.354746013879776,0.0,0.0,0.0002994537353515625,2.0618903636932373,0.14046406745910645,0.0,0.0,0.14046406745910645,0.0,1191.0,0.2699224054813385,0.14046406745910645
-72.31023406982422,-8021.24609375,9.999700546264648,0.0,91.19566986527714,0.0,8041.91732352972,-8132.926022882173,-8133.112993394998,0.0,5.122428567068917,4.050999995640346,0.3672589957714081,0.0,0.0,0.0002994537353515625,1.0387249886989594,0.14031651616096497,0.0,0.0,0.14031651616096497,0.0,1192.0,0.269932359457016,0.14031651616096497
-72.19567108154297,-8021.91748046875,9.999700546264648,0.0,91.08188088711186,0.0,8051.5586798275335,-8142.592094186311,-8142.640560714645,0.0,5.0907142639160154,4.019285692487444,0.3569149971008301,0.0,0.0,0.0002994537353515625,0.2692584693431854,0.14017704129219055,0.0,0.0,0.14017704129219055,0.0,1193.0,0.270393967628479,0.14017704129219055
-72.08187866210938,-8031.55859375,9.999700546264648,0.0,90.96675782330456,0.0,8052.22982352972,-8143.280817064788,-8143.196581353025,0.0,5.044714328220913,3.973285756792341,0.3077999949455261,0.0,0.13757199048995972,0.0,0.0,0.0,0.14321370422840118,0.0,0.14321370422840118,0.0,1194.0,0.26823508739471436,0.14321370422840118
-71.96675872802734,-8032.22998046875,9.999401092529297,0.0,90.85580895567435,0.0,8076.441641329593,-8167.670927976619,-8167.297450285268,0.0,4.970071465628488,3.8986428941999165,0.0,0.0,1.1051559448242188,0.0,0.0,0.0,0.13976964354515076,0.0,0.13976964354515076,0.0,1195.0,0.2690911889076233,0.13976964354515076
-71.8558120727539,-8056.44140625,9.999101638793945,0.0,90.74350185980434,0.0,8108.8763413936595,-8199.761203510687,-8199.619843253464,0.0,4.925642912728446,3.8542143412998744,0.0,0.0,0.799530029296875,0.0,0.0,0.0,0.1428716480731964,0.0,0.1428716480731964,0.0,1196.0,0.2693040072917938,0.1428716480731964
-71.74349975585938,-8088.87646484375,9.998802185058594,0.0,90.63302978100937,0.0,8123.8221247349975,-8214.610225835104,-8214.455154516007,0.0,4.8401428767613,3.7687143053327286,0.0,0.0,0.8909479975700378,0.0,0.0,0.0,0.1428607553243637,0.0,0.1428607553243637,0.0,1197.0,0.2695198357105255,0.1428607553243637
-71.63302612304688,-8103.822265625,9.998502731323242,0.0,90.52312219146505,0.0,8143.393868517041,-8234.067177049768,-8233.916990708505,0.0,4.810142871311733,3.7387142998831613,0.0,0.0,0.8582749962806702,0.0,0.0,0.0,0.14296723902225494,0.0,0.14296723902225494,0.0,1198.0,0.2701786458492279,0.14296723902225494
-71.52312469482422,-8123.39404296875,9.99820327758789,0.0,90.41260726544805,0.0,8144.06527274847,-8234.560291792186,-8234.477880013917,0.0,4.7610714231218605,3.6896428516932898,0.0,0.0,0.4041120111942291,0.0,0.0,0.0,0.14529982209205627,0.0,0.14529982209205627,0.0,1199.0,0.2702837288379669,0.14529982209205627
-71.41260528564453,-8124.0654296875,9.997903823852539,0.0,90.30334790389563,0.0,8144.73665946722,-8235.108872799738,-8235.040007371115,0.0,4.696857125418527,3.625428553989955,0.0,0.0,0.31360501050949097,0.0,0.0,0.0,0.14549782872200012,0.0,0.14549782872200012,0.0,1200.0,0.27051806449890137,0.14549782872200012
-71.3033447265625,-8124.73681640625,9.997604370117188,0.0,90.19538336924688,0.0,8157.0129572530295,-8247.266512114424,-8247.208340622277,0.0,4.636928503853934,3.5654999324253627,0.0,0.0,0.24229499697685242,0.0,0.0,0.0,0.14551493525505066,0.0,0.14551493525505066,0.0,1201.0,0.27118808031082153,0.14551493525505066
-71.19538116455078,-8137.01318359375,9.997304916381836,0.0,90.09555883191616,0.0,8157.68441337347,-8247.844188357536,-8247.779972205386,0.0,4.316214370727539,3.2447857992989677,0.0,0.0,0.2779420018196106,0.0,0.0,0.0,0.15016566216945648,0.0,0.15016566216945648,0.0,1202.0,0.270302951335907,0.15016566216945648
-71.0955581665039,-8137.6845703125,9.997005462646484,0.0,90.08750228924791,0.0,8158.35580009222,-8248.494373610094,-8248.443302381469,0.0,4.286428669520786,3.2150000980922155,0.0,0.0,0.18981799483299255,0.0,0.0,0.0,0.15065684914588928,0.0,0.15065684914588928,0.0,1203.0,0.2705402970314026,0.15065684914588928
-71.0875015258789,-8138.35595703125,9.996706008911133,0.0,89.987801592349,0.0,8159.02718681097,-8249.063904101407,-8249.01498840332,0.0,4.266500009809222,3.195071302141462,0.0,0.0,0.17595599591732025,0.0,0.0,0.0,0.1501486450433731,0.0,0.1501486450433731,0.0,1204.0,0.2705307900905609,0.1501486450433731
-70.98780059814453,-8139.02734375,9.996406555175781,0.0,89.89090384567804,0.0,8159.69857352972,-8249.637628140972,-8249.589477375399,0.0,4.238571384974888,3.167142813546317,0.0,0.0,0.17109200358390808,0.0,0.0,0.0,0.14991308748722076,0.0,0.14991308748722076,0.0,1205.0,0.27062827348709106,0.14991308748722076
-70.89090728759766,-8139.69873046875,9.99610710144043,0.0,89.79481304659885,0.0,8160.36996024847,-8250.214134568441,-8250.16477329507,0.0,4.211428587777274,3.1400001525878904,0.0,0.0,0.17946599423885345,0.0,0.0,0.0,0.14960914850234985,0.0,0.14960914850234985,0.0,1206.0,0.27072232961654663,0.14960914850234985
-70.79481506347656,-8140.3701171875,9.995807647705078,0.0,89.69854318973755,0.0,8177.4279457841285,-8267.179763999384,-8267.126488973867,0.0,4.194214357648577,3.1227857862200055,0.0,0.0,0.20624800026416779,0.0,0.0,0.0,0.14891882240772247,0.0,0.14891882240772247,0.0,1207.0,0.27148017287254333,0.14891882240772247
-70.69853973388672,-8157.427734375,9.995508193969727,0.0,89.78916929686474,0.0,8183.705823130827,-8273.77472771491,-8273.494992427692,0.0,4.189499936785017,3.118071365356445,0.0,0.0,0.32209300994873047,0.0,0.0,0.0,0.14413245022296906,0.0,0.14413245022296906,0.0,1208.0,0.27490177750587463,0.14413245022296906
-70.78916931152344,-8163.7060546875,9.995208740234375,0.0,89.69717827423841,0.0,8184.37728446722,-8274.208219449913,-8274.074462741459,0.0,4.204857090541294,3.1334285191127234,0.26980000734329224,0.0,0.07958799600601196,0.0,0.0,0.0,0.1433398425579071,0.0,0.1433398425579071,0.0,1209.0,0.27466779947280884,0.1433398425579071
-70.69718170166016,-8164.37744140625,9.994909286499023,0.0,89.60367033932599,0.0,8192.573904974804,-8282.044423957102,-8282.17757531413,0.0,4.25678574698312,3.185357175554548,0.3586449921131134,0.0,0.0,0.0050907135009765625,0.7397297024726868,0.1429346203804016,0.0,0.0,0.1429346203804016,0.0,1210.0,0.274897038936615,0.1429346203804016
-70.60366821289062,-8172.57373046875,9.999700546264648,0.0,89.56880381425415,0.0,8201.9427365924,-8291.282115076141,-8291.511540406655,0.0,4.329857090541294,3.2584285191127234,0.36244499683380127,0.0,0.0,0.0002994537353515625,1.2745850682258606,0.14297038316726685,0.0,0.0,0.14297038316726685,0.0,1211.0,0.2750924527645111,0.14297038316726685
-70.56880187988281,-8181.94287109375,9.999700546264648,0.0,89.55933040035444,0.0,8202.61410087347,-8292.011681327607,-8292.173431273824,0.0,4.419785717555454,3.3483572823660714,0.3503029942512512,0.0,0.0,0.0002994537353515625,1.7972214818000793,0.14642614126205444,0.0,0.0,0.14642614126205444,0.0,1212.0,0.2727842628955841,0.14642614126205444
-70.55933380126953,-8182.6142578125,9.999700546264648,0.0,89.63995868785227,0.0,8212.935624192656,-8302.45643870001,-8302.575582880509,0.0,4.48485723223005,3.4134286608014786,0.36287298798561096,0.0,0.0,0.0002994537353515625,1.3238241225481033,0.14650337398052216,0.0,0.0,0.14650337398052216,0.0,1213.0,0.27323079109191895,0.14650337398052216
-70.63996124267578,-8192.935546875,9.999700546264648,0.0,89.53857388936056,0.0,8213.60677665472,-8303.0750184986,-8303.14535054408,0.0,4.511785725184849,3.440357153756278,0.37663400173187256,0.0,0.0,0.0002994537353515625,0.7814671099185944,0.14594945311546326,0.0,0.0,0.14594945311546326,0.0,1214.0,0.27289798855781555,0.14594945311546326
-70.53857421875,-8193.6064453125,9.999700546264648,0.0,89.43514077715099,0.0,8214.27767509222,-8303.680446519138,-8303.71281586937,0.0,4.514428492954799,3.4429999215262277,0.35962700843811035,0.0,0.0,0.0002994537353515625,0.35965941846370697,0.14586414396762848,0.0,0.0,0.14586414396762848,0.0,1215.0,0.2729087173938751,0.14586414396762848
-70.43514251708984,-8194.27734375,9.999700546264648,0.0,89.42388935195665,0.0,8230.173216017538,-8319.584155950337,-8319.597105369494,0.0,4.504857145036969,3.4334285736083983,0.375014990568161,0.0,0.0,0.0002994537353515625,0.14388242363929749,0.14580309391021729,0.0,0.0,0.14580309391021729,0.0,1216.0,0.27367186546325684,0.14580309391021729
-70.42388916015625,-8210.1728515625,9.999700546264648,0.0,89.32358170650174,0.0,8230.84408134222,-8320.171900062945,-8320.167663048722,0.0,4.471642848423549,3.4002142769949777,0.3767020106315613,0.0,0.0,0.0,0.0,0.1315479874610901,0.014123380184173584,0.0,0.14567136764526367,0.0,1217.0,0.27350232005119324,0.14567136764526367
-70.3235855102539,-8210.84375,9.999401092529297,0.0,89.22642720951247,0.0,8231.51497977972,-8321.086374344364,-8320.741406989233,0.0,4.401142883300781,3.32971431187221,0.05224999785423279,0.0,0.43324601650238037,0.0,0.0,0.0,0.14169955253601074,0.0,0.14169955253601074,0.0,1218.0,0.2757887840270996,0.14169955253601074
-70.22642517089844,-8211.5146484375,9.999101638793945,0.0,89.31347262114768,0.0,8232.18587821722,-8321.975075888171,-8321.499350838369,0.0,4.346428544180734,3.2750001089913505,0.0,0.0,0.6515340209007263,0.0,0.0,0.0,0.14134103059768677,0.0,0.14134103059768677,0.0,1219.0,0.2761024236679077,0.14134103059768677
-70.31346893310547,-8212.185546875,9.998802185058594,0.0,89.21676376673854,0.0,8240.804808489806,-8330.134822077045,-8330.021572256544,0.0,4.306928580147879,3.235500008719308,0.0,0.0,0.6093360185623169,0.0,0.0,0.0,0.14566275477409363,0.0,0.14566275477409363,0.0,1220.0,0.2730404734611511,0.14566275477409363
-70.21676635742188,-8220.8046875,9.998502731323242,0.0,89.30388881533922,0.0,8241.47591727972,-8330.875977724585,-8330.779806095059,0.0,4.2730715070452,3.2016429356166296,0.0,0.0,0.49435898661613464,0.0,0.0,0.0,0.1467851847410202,0.0,0.1467851847410202,0.0,1221.0,0.2733577489852905,0.1467851847410202
-70.30388641357422,-8221.4755859375,9.99820327758789,0.0,89.20934738098481,0.0,8242.14681571722,-8331.460918930154,-8331.356163098206,0.0,4.251857158115932,3.1804285866873605,0.0,0.0,0.5526210069656372,0.0,0.0,0.0,0.14575117826461792,0.0,0.14575117826461792,0.0,1222.0,0.2732394337654114,0.14575117826461792
-70.2093505859375,-8222.146484375,9.997903823852539,0.0,89.29652838553301,0.0,8268.200708678845,-8357.658994440146,-8357.497237064379,0.0,4.253714370727539,3.1822857992989677,0.0,0.0,0.9341850280761719,0.0,0.0,0.0,0.14419743418693542,0.0,0.14419743418693542,0.0,1223.0,0.2742573022842407,0.14419743418693542
-70.2965316772461,-8248.201171875,9.997604370117188,0.0,89.38228645142304,0.0,8268.87240165472,-8358.323139665426,-8358.254688106143,0.0,4.268071528843471,3.1966429574148996,0.0,0.0,0.3088169991970062,0.0,0.0,0.0,0.14752671122550964,0.0,0.14752671122550964,0.0,1224.0,0.2744748294353485,0.14752671122550964
-70.38228607177734,-8248.8720703125,9.997304916381836,0.0,89.4659454705756,0.0,8322.17262495136,-8411.69690316626,-8411.638570421936,0.0,4.2783570425851005,3.206928471156529,0.0,0.0,0.24162499606609344,0.0,0.0,0.0,0.14725995063781738,0.0,0.14725995063781738,0.0,1225.0,0.2767345607280731,0.14725995063781738
-70.4659423828125,-8302.1728515625,9.997005462646484,0.0,89.54720335503373,0.0,8329.14522230771,-8418.746548371399,-8418.692425662744,0.0,4.309714262826102,3.2382858276367186,0.0,0.0,0.20776399970054626,0.0,0.0,0.0,0.15305404365062714,0.0,0.15305404365062714,0.0,1226.0,0.2749638855457306,0.15305404365062714
-70.54720306396484,-8309.1455078125,9.996706008911133,0.0,89.44661384622093,0.0,8329.81673759222,-8419.314695105753,-8419.263351438442,0.0,4.329214314052036,3.2577857426234655,0.0,0.0,0.18981799483299255,0.0,0.0,0.0,0.1524731069803238,0.0,0.1524731069803238,0.0,1227.0,0.27468329668045044,0.1524731069803238
-70.44661712646484,-8309.81640625,9.996406555175781,0.0,89.34390772261297,0.0,8330.48763602972,-8419.88077733914,-8419.831543752332,0.0,4.340785653250558,3.2693570818219864,0.0,0.0,0.17595599591732025,0.0,0.0,0.0,0.15226790308952332,0.0,0.15226790308952332,0.0,1228.0,0.27467823028564453,0.15226790308952332
-70.34391021728516,-8310.4873046875,9.99610710144043,0.0,89.24210453635772,0.0,8331.15853446722,-8420.449107423177,-8420.400639003577,0.0,4.351714215959822,3.28028564453125,0.0,0.0,0.17109200358390808,0.0,0.0,0.0,0.15203078091144562,0.0,0.15203078091144562,0.0,1229.0,0.2746776342391968,0.15203078091144562
-70.24210357666016,-8311.158203125,9.995807647705078,0.0,89.1402284084951,0.0,8331.82943290472,-8421.019340441779,-8420.969661313215,0.0,4.363571384974888,3.292142813546317,0.0,0.0,0.17946599423885345,0.0,0.0,0.0,0.15172818303108215,0.0,0.15172818303108215,0.0,1230.0,0.2746735215187073,0.15172818303108215
-70.14022827148438,-8311.8291015625,9.995508193969727,0.0,89.03866253908016,0.0,8381.742745165222,-8470.834985169015,-8470.781407704302,0.0,4.3717857905796595,3.300357219151088,0.0,0.0,0.20624800026416779,0.0,0.0,0.0,0.1509350836277008,0.0,0.1509350836277008,0.0,1231.0,0.27684852480888367,0.1509350836277008
-70.03866577148438,-8361.7431640625,9.995208740234375,0.0,89.66770813841846,0.0,8384.048186243264,-8473.988721585665,-8473.715894381683,0.0,4.365999984741211,3.2945714133126396,0.0,0.0,0.3058069944381714,0.0,0.0,0.0,0.14890499413013458,0.0,0.14890499413013458,0.0,1232.0,0.28023457527160645,0.14890499413013458
-70.66770935058594,-8364.0478515625,9.994909286499023,0.0,89.75175710203855,0.0,8394.89346760725,-8484.909325649876,-8484.645224709288,0.0,4.366571371895926,3.295142800467355,0.056049998849630356,0.0,0.29333800077438354,0.0,0.0,0.0,0.146830216050148,0.0,0.146830216050148,0.0,1233.0,0.2803484797477722,0.146830216050148
-70.75175476074219,-8374.8935546875,9.994609832763672,0.0,89.74512185684473,0.0,8405.837208489887,-8495.625464149667,-8495.582330346731,0.0,4.391428484235491,3.3199999128069195,0.3586449921131134,0.0,0.0,0.0,0.0,0.07455500960350037,0.07188966870307922,0.0,0.1464446783065796,0.0,1234.0,0.280584454536438,0.1464446783065796
-70.74512481689453,-8385.8369140625,9.99431037902832,0.0,90.00879356901127,0.0,8414.593183343584,-8504.54650217388,-8504.601976912596,0.0,4.427142769949777,3.355714198521205,0.36244499683380127,0.0,0.0,0.0056896209716796875,0.3081929683685303,0.147322416305542,0.0,0.0,0.147322416305542,0.0,1235.0,0.2811354696750641,0.147322416305542
-71.00879669189453,-8394.5927734375,9.999700546264648,0.0,89.90648525480722,0.0,8415.26400321722,-8505.13288054857,-8505.170488472028,0.0,4.45200001852853,3.3805713108607702,0.3948349952697754,0.0,0.0,0.0002994537353515625,0.4178657829761505,0.14934977889060974,0.0,0.0,0.14934977889060974,0.0,1236.0,0.27863678336143494,0.14934977889060974
-70.90648651123047,-8395.263671875,9.999700546264648,0.0,89.80533553671083,0.0,8424.976712054318,-8514.731568703035,-8514.782047591028,0.0,4.47785712650844,3.406428418840681,0.4165570139884949,0.0,0.0,0.0002994537353515625,0.5608764886856079,0.1489669680595398,0.0,0.0,0.1489669680595398,0.0,1237.0,0.27897369861602783,0.1489669680595398
-70.80533599853516,-8404.9765625,9.999700546264648,0.0,89.70118423305132,0.0,8425.64779227972,-8515.345113974574,-8515.348976512772,0.0,4.494642884390695,3.423214176722935,0.37663400173187256,0.0,0.0,0.0002994537353515625,0.04291708767414093,0.14919941127300262,0.0,0.0,0.14919941127300262,0.0,1238.0,0.278824120759964,0.14919941127300262
-70.70118713378906,-8405.6474609375,9.999700546264648,0.0,89.5974181302762,0.0,8426.31869071722,-8515.947599802013,-8515.916108847496,0.0,4.525357055664062,3.453928484235491,0.35962700843811035,0.0,0.0,0.0,0.0,0.04412299394607544,0.10496984422206879,0.0,0.14909283816814423,0.0,1239.0,0.27876824140548706,0.14909283816814423
-70.59741973876953,-8406.318359375,9.999401092529297,0.0,89.67461304036544,0.0,8426.98958915472,-8516.747232303023,-8516.664202195087,0.0,4.559357179914202,3.4879286084856305,0.3077999949455261,0.0,0.12759599089622498,0.0,0.0,0.0,0.14917102456092834,0.0,0.14917102456092834,0.0,1240.0,0.2788740396499634,0.14917102456092834
-70.67461395263672,-8406.9892578125,9.999101638793945,0.0,89.75232522036335,0.0,8443.453105510449,-8533.289445218437,-8533.205430730812,0.0,4.586357062203543,3.514928490774972,0.2859500050544739,0.0,0.13106098771095276,0.0,0.0,0.0,0.1489872932434082,0.0,0.1489872932434082,0.0,1241.0,0.2795586884021759,0.1489872932434082
-70.75232696533203,-8423.453125,9.998802185058594,0.0,90.01440469224259,0.0,8445.071920242292,-8535.463079498651,-8535.086324934535,0.0,4.6007142203194755,3.529285648890904,0.003800000064074993,0.0,0.4816960096359253,0.0,0.0,0.0,0.14622823894023895,0.0,0.14622823894023895,0.0,1242.0,0.28192025423049927,0.14622823894023895
-71.014404296875,-8425.072265625,9.998502731323242,0.0,89.91330558028221,0.0,8454.317151935207,-8544.707832258013,-8544.230457515489,0.0,4.605142811366489,3.5337142399379187,0.0,0.0,0.6515340209007263,0.0,0.0,0.0,0.14409051835536957,0.0,0.14409051835536957,0.0,1243.0,0.28187456727027893,0.14409051835536957
-70.9133071899414,-8434.3173828125,9.99820327758789,0.0,89.80870875211357,0.0,8456.385633492111,-8546.30812518061,-8546.194342244225,0.0,4.60285712650844,3.5314285550798687,0.0,0.0,0.6093360185623169,0.0,0.0,0.0,0.14921686053276062,0.0,0.14921686053276062,0.0,1244.0,0.2785111963748932,0.14921686053276062
-70.80870819091797,-8436.3857421875,9.997903823852539,0.0,89.7028343988023,0.0,8464.706651923834,-8554.506064787405,-8554.409486322636,0.0,4.606857109069824,3.535428537641253,0.0,0.0,0.49435898661613464,0.0,0.0,0.0,0.14949741959571838,0.0,0.14949741959571838,0.0,1245.0,0.27887552976608276,0.14949741959571838
-70.70283508300781,-8444.70703125,9.997604370117188,0.0,89.59750569450999,0.0,8465.37826102972,-8555.059813557062,-8554.97576672423,0.0,4.616071374075753,3.5446428026471817,0.0,0.0,0.41045600175857544,0.0,0.0,0.0,0.14985619485378265,0.0,0.14985619485378265,0.0,1246.0,0.27883514761924744,0.14985619485378265
-70.59750366210938,-8445.3779296875,9.997304916381836,0.0,89.49283188590226,0.0,8466.04915946722,-8555.617816725493,-8555.541991353122,0.0,4.629214368547712,3.5577857971191404,0.0,0.0,0.3555949926376343,0.0,0.0,0.0,0.14990746974945068,0.0,0.14990746974945068,0.0,1247.0,0.27886781096458435,0.14990746974945068
-70.49282836914062,-8446.048828125,9.997005462646484,0.0,89.38836966288831,0.0,8466.72005790472,-8556.177237402977,-8556.10842756761,0.0,4.619499969482422,3.5480713980538505,0.0,0.0,0.3088169991970062,0.0,0.0,0.0,0.14991521835327148,0.0,0.14991521835327148,0.0,1248.0,0.2789453864097595,0.14991521835327148
-70.38836669921875,-8446.7197265625,9.996706008911133,0.0,89.28280096391254,0.0,8483.203634478588,-8572.54516214076,-8572.4864354425,0.0,4.62564285823277,3.554214286804199,0.0,0.0,0.24162499606609344,0.0,0.0,0.0,0.14988631010055542,0.0,0.14988631010055542,0.0,1249.0,0.2796327769756317,0.14988631010055542
-70.28279876708984,-8463.2041015625,9.996406555175781,0.0,89.35593413241827,0.0,8483.87533134222,-8573.285733716646,-8573.231265474638,0.0,4.637500027247837,3.5660714558192663,0.0,0.0,0.20776399970054626,0.0,0.0,0.0,0.15535759925842285,0.0,0.15535759925842285,0.0,1250.0,0.278236985206604,0.15535759925842285
-70.3559341430664,-8463.875,9.99610710144043,0.0,89.79154239746349,0.0,8484.54622977972,-8574.389723161461,-8574.337772177183,0.0,4.6497142791748045,3.5782857077462333,0.0,0.0,0.18981799483299255,0.0,0.0,0.0,0.15652188658714294,0.0,0.15652188658714294,0.0,1251.0,0.278940349817276,0.15652188658714294
-70.79154205322266,-8464.5458984375,9.995807647705078,0.0,90.0455703420482,0.0,8485.21712821722,-8575.31248847648,-8575.262698559269,0.0,4.6572143145969935,3.585785675048828,0.0,0.0,0.17595599591732025,0.0,0.0,0.0,0.1559767723083496,0.0,0.1559767723083496,0.0,1252.0,0.2788521349430084,0.1559767723083496
-71.04557037353516,-8465.216796875,9.995508193969727,0.0,90.66236054162714,0.0,8485.88802665472,-8576.599607170945,-8576.550387196348,0.0,4.659928539821079,3.5884999683925085,0.0,0.0,0.17109200358390808,0.0,0.0,0.0,0.15704114735126495,0.0,0.15704114735126495,0.0,1253.0,0.2798447608947754,0.15704114735126495
-71.66236114501953,-8465.8876953125,9.995208740234375,0.0,90.9158553337871,0.0,8486.55892509222,-8577.52508492057,-8577.474780426008,0.0,4.682428577968052,3.611000006539481,0.0,0.0,0.17946599423885345,0.0,0.0,0.0,0.15589728951454163,0.0,0.15589728951454163,0.0,1254.0,0.27944639325141907,0.15589728951454163
-71.91585540771484,-8466.55859375,9.994909286499023,0.0,91.16873486616751,0.0,8487.22982352972,-8578.45284584359,-8578.398558395887,0.0,4.715642874581473,3.6442143031529017,0.0,0.0,0.20624800026416779,0.0,0.0,0.0,0.15566830337047577,0.0,0.15566830337047577,0.0,1255.0,0.2795841693878174,0.15566830337047577
-72.16873168945312,-8467.2294921875,9.994609832763672,0.0,91.78813771237353,0.0,8498.023135017924,-8590.149861103704,-8589.811272730298,0.0,4.740857137952532,3.6694286346435545,0.0,0.0,0.41363200545310974,0.0,0.0,0.0,0.15068192780017853,0.0,0.15068192780017853,0.0,1256.0,0.28380319476127625,0.15068192780017853
-72.78813934326172,-8478.0234375,9.99431037902832,0.0,91.68173787500591,0.0,8512.098742949853,-8604.063326544825,-8603.780480824858,0.0,4.746857111794608,3.6754286084856305,0.026600001379847527,0.0,0.3227880001068115,0.0,0.0,0.0,0.14862151443958282,0.0,0.14862151443958282,0.0,1257.0,0.2836354076862335,0.14862151443958282
-72.6817398071289,-8492.0986328125,9.994010925292969,0.0,91.7570526776253,0.0,8542.305872101291,-8634.295176211743,-8634.062924778917,0.0,4.750071402958461,3.678642763410296,0.22134999930858612,0.0,0.23846600949764252,0.0,0.0,0.0,0.14861969649791718,0.0,0.14861969649791718,0.0,1258.0,0.28495168685913086,0.14861969649791718
-72.75704956054688,-8522.3056640625,9.993711471557617,0.0,91.65138693117787,0.0,8559.853010449086,-8651.819229507948,-8651.504397380264,0.0,4.764214256831577,3.6927857535226005,0.37619999051094055,0.0,0.37767401337623596,0.0,0.0,0.0,0.14704617857933044,0.0,0.14704617857933044,0.0,1259.0,0.28502100706100464,0.14704617857933044
-72.6513900756836,-8539.8525390625,9.993412017822266,0.0,91.81183536950266,0.0,8572.912906525955,-8664.71148097525,-8664.724741895458,0.0,4.773999977111816,3.702571405683245,0.3503029942512512,0.0,0.0,0.006587982177734375,0.14734354615211487,0.15316542983055115,0.0,0.0,0.15316542983055115,0.0,1260.0,0.28363075852394104,0.15316542983055115
-72.81183624267578,-8552.9130859375,9.999700546264648,0.0,91.79085846712219,0.0,8574.001398740324,-8665.747875576479,-8665.792257207446,0.0,4.774785736628941,3.7033570970807754,0.36287298798561096,0.0,0.0,0.0002994537353515625,0.4931291937828064,0.15259844064712524,0.0,0.0,0.15259844064712524,0.0,1261.0,0.2833966016769409,0.15259844064712524
-72.79085540771484,-8554.0009765625,9.999700546264648,0.0,91.86260470221339,0.0,8574.67220634222,-8666.50595633779,-8666.534811044434,0.0,4.755999987465994,3.6845713479178293,0.37663400173187256,0.0,0.0,0.0002994537353515625,0.32060782611370087,0.15270866453647614,0.0,0.0,0.15270866453647614,0.0,1262.0,0.2836322784423828,0.15270866453647614
-72.86260223388672,-8554.671875,9.999700546264648,0.0,91.9341105737858,0.0,8575.34310477972,-8667.26965422715,-8667.277215353506,0.0,4.702285712105887,3.630857140677316,0.35962700843811035,0.0,0.0,0.0002994537353515625,0.08401250839233398,0.1526610255241394,0.0,0.0,0.1526610255241394,0.0,1263.0,0.28388312458992004,0.1526610255241394
-72.93411254882812,-8555.3427734375,9.999700546264648,0.0,92.00737266546824,0.0,8576.01400321722,-8668.016205755423,-8668.021375882689,0.0,4.632357134137835,3.5609285627092633,0.375014990568161,0.0,0.0,0.0002994537353515625,0.05744585394859314,0.15243971347808838,0.0,0.0,0.15243971347808838,0.0,1264.0,0.2841576933860779,0.15243971347808838
-73.00736999511719,-8556.013671875,9.999700546264648,0.0,91.90123512106898,0.0,8576.68490165472,-8668.572069891943,-8668.58613677579,0.0,4.595928546360561,3.5244999749319894,0.3767020106315613,0.0,0.0,0.0002994537353515625,0.1562986969947815,0.1516498327255249,0.0,0.0,0.1516498327255249,0.0,1265.0,0.28413015604019165,0.1516498327255249
-72.90123748779297,-8556.6845703125,9.999700546264648,0.0,91.97910130079187,0.0,8595.281835755377,-8687.612068002692,-8687.26093705617,0.0,4.559357179914202,3.4879286084856305,0.04844999685883522,0.0,0.43704602122306824,0.0,0.0,0.0,0.14817219972610474,0.0,0.14817219972610474,0.0,1266.0,0.28726744651794434,0.14817219972610474
-72.9791030883789,-8575.2822265625,9.999401092529297,0.0,92.24092853557015,0.0,8599.458541655895,-8692.179344448905,-8691.699470191465,0.0,4.526928574698312,3.4555001395089286,0.0,0.0,0.6515340209007263,0.0,0.0,0.0,0.14825637638568878,0.0,0.14825637638568878,0.0,1267.0,0.2875770628452301,0.14825637638568878
-73.24092864990234,-8579.458984375,9.999101638793945,0.0,92.13675151102659,0.0,8600.13021415472,-8692.38119119793,-8692.266965665747,0.0,4.494285801478794,3.4228572300502234,0.0,0.0,0.6093360185623169,0.0,0.0,0.0,0.15216749906539917,0.0,0.15216749906539917,0.0,1268.0,0.283988893032074,0.15216749906539917
-73.13674926757812,-8580.1298828125,9.998802185058594,0.0,92.03460504416309,0.0,8611.233557691716,-8703.365175524066,-8703.26816273588,0.0,4.4431428364345,3.371714128766741,0.0,0.0,0.49435898661613464,0.0,0.0,0.0,0.1523929089307785,0.0,0.1523929089307785,0.0,1269.0,0.2846098244190216,0.1523929089307785
-73.03460693359375,-8591.2333984375,9.998502731323242,0.0,92.11329076954436,0.0,8622.157413824727,-8714.35527289326,-8714.270704594272,0.0,4.370714269365584,3.2992855616978236,0.0,0.0,0.41045600175857544,0.0,0.0,0.0,0.1533326357603073,0.0,0.1533326357603073,0.0,1270.0,0.28536027669906616,0.1533326357603073
-73.11328887939453,-8602.1572265625,9.99820327758789,0.0,92.01098618166853,0.0,8622.82845634222,-8714.915737640484,-8714.83944252389,0.0,4.301214299883162,3.2297855922154017,0.0,0.0,0.3555949926376343,0.0,0.0,0.0,0.1530390977859497,0.0,0.1530390977859497,0.0,1271.0,0.2853088676929474,0.1530390977859497
-73.010986328125,-8602.828125,9.997903823852539,0.0,91.91076563684202,0.0,8631.024550274788,-8723.004586154897,-8722.935315911629,0.0,4.255571447099959,3.1841427394321986,0.0,0.0,0.3088169991970062,0.0,0.0,0.0,0.1529846042394638,0.0,0.1529846042394638,0.0,1272.0,0.2857709228992462,0.1529846042394638
-72.9107666015625,-8611.0244140625,9.997604370117188,0.0,91.81202173351657,0.0,8631.69564384222,-8723.566898471676,-8723.507665575737,0.0,4.227000045776367,3.155571474347796,0.0,0.0,0.24162499606609344,0.0,0.0,0.0,0.1532609611749649,0.0,0.1532609611749649,0.0,1273.0,0.28581181168556213,0.1532609611749649
-72.81201934814453,-8611.6953125,9.997304916381836,0.0,91.71105234986939,0.0,8632.36654227972,-8724.132427897906,-8724.077594629589,0.0,4.199642808096749,3.128214372907366,0.0,0.0,0.20776399970054626,0.0,0.0,0.0,0.1577911078929901,0.0,0.1577911078929901,0.0,1274.0,0.28449568152427673,0.1577911078929901
-72.71105194091797,-8612.3662109375,9.997005462646484,0.0,91.61173938142201,0.0,8633.03744071722,-8724.70129475132,-8724.649180098642,0.0,4.176214299883162,3.1047855922154017,0.0,0.0,0.18981799483299255,0.0,0.0,0.0,0.15761300921440125,0.0,0.15761300921440125,0.0,1275.0,0.28458043932914734,0.15761300921440125
-72.61174011230469,-8613.037109375,9.996706008911133,0.0,91.69440863602377,0.0,8633.70833915472,-8725.452855773254,-8725.402747790744,0.0,4.155142865862166,3.0837142944335936,0.0,0.0,0.17595599591732025,0.0,0.0,0.0,0.15809720754623413,0.0,0.15809720754623413,0.0,1276.0,0.2849244475364685,0.15809720754623413
-72.69441223144531,-8613.7080078125,9.996406555175781,0.0,91.7774854141401,0.0,8634.37923759222,-8726.206076899189,-8726.156723006361,0.0,4.142357090541294,3.0709285191127234,0.0,0.0,0.17109200358390808,0.0,0.0,0.0,0.15793393552303314,0.0,0.15793393552303314,0.0,1277.0,0.28508415818214417,0.15793393552303314
-72.7774887084961,-8614.37890625,9.99610710144043,0.0,91.86081135539509,0.0,8635.05013602972,-8726.961523667927,-8726.910947385115,0.0,4.137714331490653,3.0662857600620814,0.0,0.0,0.17946599423885345,0.0,0.0,0.0,0.15770921111106873,0.0,0.15770921111106873,0.0,1278.0,0.2852252125740051,0.15770921111106873
-72.86080932617188,-8615.0498046875,9.995807647705078,0.0,91.76331887879155,0.0,8635.72103446722,-8727.538799365917,-8727.484353346012,0.0,4.122357177734375,3.0509286063058036,0.0,0.0,0.20624800026416779,0.0,0.0,0.0,0.1567254513502121,0.0,0.1567254513502121,0.0,1279.0,0.2851278781890869,0.1567254513502121
-72.76332092285156,-8615.720703125,9.995508193969727,0.0,92.39576071587244,0.0,8636.39193290472,-8729.063328561082,-8728.787693620592,0.0,4.08549998147147,3.014071546282087,0.0,0.0,0.3058069944381714,0.0,0.0,0.0,0.1535845547914505,0.0,0.1535845547914505,0.0,1280.0,0.2893478274345398,0.1535845547914505
-73.39575958251953,-8616.3916015625,9.995208740234375,0.0,92.30416279937558,0.0,8637.06283134222,-8729.315795686603,-8729.366994141596,0.0,4.022857066563198,2.951428495134626,0.3493880033493042,0.0,0.0,0.004791259765625,0.28443583846092224,0.15083488821983337,0.0,0.0,0.15083488821983337,0.0,1281.0,0.2889776825904846,0.15083488821983337
-73.30416107177734,-8617.0625,9.999700546264648,0.0,92.57470818160479,0.0,8637.73372977972,-8729.715804500256,-8730.308437961325,0.0,4.003285762241909,2.931857190813337,0.3586449921131134,0.0,0.0,0.0002994537353515625,3.2924078553915024,0.1514974981546402,0.0,0.0,0.1514974981546402,0.0,1282.0,0.28958380222320557,0.1514974981546402
-73.57470703125,-8617.7333984375,9.999700546264648,0.0,92.66290258101469,0.0,8676.143985533376,-8767.791313760808,-8768.80688811439,0.0,4.016714314052036,2.9452857426234655,0.36244499683380127,0.0,0.0,0.0002994537353515625,5.642079293727875,0.1502261757850647,0.0,0.0,0.1502261757850647,0.0,1283.0,0.29117125272750854,0.1502261757850647
-73.66290283203125,-8656.1435546875,9.999700546264648,0.0,92.65729318145503,0.0,8676.81478446722,-8768.835700266636,-8769.472077648676,0.0,4.048285702296665,2.976856994628906,0.3503029942512512,0.0,0.0,0.0002994537353515625,7.0708592385053635,0.1538378745317459,0.0,0.0,0.1538378745317459,0.0,1284.0,0.28848832845687866,0.1538378745317459
-73.65729522705078,-8656.814453125,9.999700546264648,0.0,92.92441918297338,0.0,8677.48568290472,-8769.718823199306,-8770.410102087693,0.0,4.094857161385672,3.023428453717913,0.36287298798561096,0.0,0.0,0.0002994537353515625,7.680875927209854,0.15445122122764587,0.0,0.0,0.15445122122764587,0.0,1285.0,0.2888750731945038,0.15445122122764587
-73.9244155883789,-8657.4853515625,9.999700546264648,0.0,93.1917188130673,0.0,8678.15658134222,-8770.661411716177,-8771.348300155287,0.0,4.1336428233555385,3.062214388166155,0.37663400173187256,0.0,0.0,0.0002994537353515625,7.632093161344528,0.15432336926460266,0.0,0.0,0.15432336926460266,0.0,1286.0,0.2890236973762512,0.15432336926460266
-74.19171905517578,-8658.15625,9.999700546264648,0.0,93.27621621375307,0.0,8678.82747977972,-8771.481949152163,-8772.103695993474,0.0,4.148571504865374,3.0771429334368023,0.3647019863128662,0.0,0.0,0.0002994537353515625,6.908297687768936,0.1538008153438568,0.0,0.0,0.1538008153438568,0.0,1287.0,0.2889162302017212,0.1538008153438568
-74.27621459960938,-8658.8271484375,9.999700546264648,0.0,93.36120785953675,0.0,8679.49837821722,-8772.370179468262,-8772.859586076756,0.0,4.12749993460519,3.0560713631766183,0.375014990568161,0.0,0.0,0.0002994537353515625,5.437850773334503,0.15378493070602417,0.0,0.0,0.15378493070602417,0.0,1288.0,0.2890833914279938,0.15378493070602417
-74.3612060546875,-8659.498046875,9.999700546264648,0.0,93.448201541773,0.0,8680.16927665472,-8773.326421699361,-8773.617478196493,0.0,4.081357084001814,3.009928512573242,0.3767020106315613,0.0,0.0,0.0002994537353515625,3.233960822224617,0.1538875550031662,0.0,0.0,0.1538875550031662,0.0,1289.0,0.28928250074386597,0.1538875550031662
-74.44820404052734,-8660.1689453125,9.999700546264648,0.0,93.90161197377742,0.0,8680.84017509222,-8774.910829049048,-8774.741787065997,0.0,4.019499996730259,2.9480712890625,0.35530000925064087,0.0,0.1301960051059723,0.0,0.0,0.0,0.1515406221151352,0.0,0.1515406221151352,0.0,1290.0,0.29197052121162415,0.1515406221151352
-74.901611328125,-8660.83984375,9.999401092529297,0.0,93.99382878865929,0.0,8702.944590724699,-8797.418962239897,-8796.938419513359,0.0,3.9717142377580914,2.9002856663295202,0.0,0.0,0.6515340209007263,0.0,0.0,0.0,0.1493704915046692,0.0,0.1493704915046692,0.0,1291.0,0.292682945728302,0.1493704915046692
-74.99382781982422,-8682.9443359375,9.999101638793945,0.0,93.90016984339123,0.0,8703.61556571722,-8797.630271417684,-8797.515735560612,0.0,3.9372142519269673,2.8657858167375836,0.0,0.0,0.6093360185623169,0.0,0.0,0.0,0.1542363315820694,0.0,0.1542363315820694,0.0,1292.0,0.2890755534172058,0.1542363315820694
-74.9001693725586,-8683.615234375,9.998802185058594,0.0,93.80710723141019,0.0,8704.28646415472,-8798.190908017541,-8798.09357138613,0.0,3.903571483067104,2.8321429116385324,0.0,0.0,0.49435898661613464,0.0,0.0,0.0,0.15455186367034912,0.0,0.15455186367034912,0.0,1293.0,0.2892460227012634,0.15455186367034912
-74.8071060180664,-8684.2861328125,9.998502731323242,0.0,93.71487434694532,0.0,8749.919173458999,-8843.718768304654,-8843.634047805945,0.0,3.872071484157017,2.8006427764892576,0.0,0.0,0.41045600175857544,0.0,0.0,0.0,0.15434730052947998,0.0,0.15434730052947998,0.0,1294.0,0.2911801338195801,0.15434730052947998
-74.71487426757812,-8729.9189453125,9.99820327758789,0.0,93.62280123308017,0.0,8758.734129267517,-8852.433572981154,-8852.356930500597,0.0,3.841142872401646,2.769714300973075,0.0,0.0,0.3555949926376343,0.0,0.0,0.0,0.15535485744476318,0.0,0.15535485744476318,0.0,1295.0,0.2910657525062561,0.15535485744476318
-74.622802734375,-8738.734375,9.997903823852539,0.0,93.53315611351765,0.0,8759.40560477972,-8853.008416670538,-8852.938760893237,0.0,3.817214230128697,2.7457857949393136,0.0,0.0,0.3088169991970062,0.0,0.0,0.0,0.15555483102798462,0.0,0.15555483102798462,0.0,1296.0,0.2910752296447754,0.15555483102798462
-74.53315734863281,-8739.4052734375,9.997604370117188,0.0,93.44285705477836,0.0,8760.07650321722,-8853.578952568316,-8853.519360272,0.0,3.800285693577358,2.728857258387974,0.0,0.0,0.24162499606609344,0.0,0.0,0.0,0.15565696358680725,0.0,0.15565696358680725,0.0,1297.0,0.29119279980659485,0.15565696358680725
-74.44285583496094,-8740.076171875,9.997304916381836,0.0,93.34922682193218,0.0,8760.74740165472,-8854.151828657767,-8854.096628476653,0.0,3.7887857437133787,2.7173570360456196,0.0,0.0,0.20776399970054626,0.0,0.0,0.0,0.16023719310760498,0.0,0.16023719310760498,0.0,1298.0,0.28993332386016846,0.16023719310760498
-74.34922790527344,-8740.7470703125,9.997005462646484,0.0,93.25691462147952,0.0,8761.41830009222,-8854.72769695196,-8854.6752147137,0.0,3.779428563799177,2.7080001286097937,0.0,0.0,0.18981799483299255,0.0,0.0,0.0,0.16006357967853546,0.0,0.16006357967853546,0.0,1299.0,0.2899879813194275,0.16006357967853546
-74.25691223144531,-8741.41796875,9.996706008911133,0.0,93.16418819500821,0.0,8762.08919852972,-8855.303759559745,-8855.25338672473,0.0,3.7597857339041574,2.6883571624755858,0.0,0.0,0.17595599591732025,0.0,0.0,0.0,0.15986289083957672,0.0,0.15986289083957672,0.0,1300.0,0.2900652587413788,0.15986289083957672
-74.1641845703125,-8742.0888671875,9.996406555175781,0.0,93.07108568579739,0.0,8762.76009696722,-8855.88078941558,-8855.831182653017,0.0,3.739357212611607,2.667928641183036,0.0,0.0,0.17109200358390808,0.0,0.0,0.0,0.15961973369121552,0.0,0.15961973369121552,0.0,1301.0,0.2901441156864166,0.15961973369121552
-74.07108306884766,-8742.759765625,9.99610710144043,0.0,92.97977040911664,0.0,8763.43099540472,-8856.461583920152,-8856.410765813836,0.0,3.7137142726353236,2.6422857012067524,0.0,0.0,0.17946599423885345,0.0,0.0,0.0,0.1593213677406311,0.0,0.1593213677406311,0.0,1302.0,0.2902379035949707,0.1593213677406311
-73.97976684570312,-8743.4306640625,9.995807647705078,0.0,92.8902383080326,0.0,8764.10189384222,-8857.046914592944,-8856.992132150253,0.0,3.6887857709612164,2.6173571995326452,0.0,0.0,0.20624800026416779,0.0,0.0,0.0,0.1589682698249817,0.0,0.1589682698249817,0.0,1303.0,0.2903195321559906,0.1589682698249817
-73.8902359008789,-8744.1015625,9.995508193969727,0.0,92.8054861609773,0.0,8772.342250796431,-8865.468331954442,-8865.14773695741,0.0,3.6692143304007394,2.59778562273298,0.0,0.0,0.3813929855823517,0.0,0.0,0.0,0.15293198823928833,0.0,0.15293198823928833,0.0,1304.0,0.2938709855079651,0.15293198823928833
-73.80548858642578,-8752.341796875,9.995208740234375,0.0,92.90096800420244,0.0,8773.01302665472,-8865.790264218485,-8865.913994658922,0.0,3.679142897469657,2.6077141898018974,0.3493880033493042,0.0,0.0,0.004791259765625,0.6873912811279297,0.15352940559387207,0.0,0.0,0.15352940559387207,0.0,1305.0,0.2940235435962677,0.15352940559387207
-73.90097045898438,-8753.0126953125,9.999700546264648,0.0,92.9950667161639,0.0,8784.444390022869,-8876.787575553313,-8877.439456739034,0.0,3.7752856663295202,2.7038570949009486,0.3586449921131134,0.0,0.0,0.0002994537353515625,3.6215618550777435,0.15294328331947327,0.0,0.0,0.15294328331947327,0.0,1306.0,0.2944187521934509,0.15294328331947327
-73.99506378173828,-8764.4443359375,9.999700546264648,0.0,93.44886725658036,0.0,8816.110963240359,-8908.591764645564,-8909.559830496939,0.0,3.8973570687430246,2.825928497314453,0.36244499683380127,0.0,0.0,0.0002994537353515625,5.3781431913375854,0.1538621187210083,0.0,0.0,0.1538621187210083,0.0,1307.0,0.295917809009552,0.1538621187210083
-74.44886779785156,-8796.111328125,9.999700546264648,0.0,93.53647536712543,0.0,8816.78255790472,-8909.704100781562,-8910.319033271846,0.0,3.9867856979370115,2.9153569902692524,0.3503029942512512,0.0,0.0,0.0002994537353515625,6.8325826823711395,0.15651443600654602,0.0,0.0,0.15651443600654602,0.0,1308.0,0.29303571581840515,0.15651443600654602
-74.5364761352539,-8796.7822265625,9.999700546264648,0.0,93.62199206138915,0.0,8817.45345634222,-8910.528242083914,-8911.07544840361,0.0,4.035857146126883,2.9644287109375,0.36287298798561096,0.0,0.0,0.0002994537353515625,6.080069735646248,0.15640763938426971,0.0,0.0,0.15640763938426971,0.0,1309.0,0.29303908348083496,0.15640763938426971
-74.62199401855469,-8797.453125,9.999700546264648,0.0,93.7056922388159,0.0,8818.12435477972,-8911.416772628374,-8911.830047018537,0.0,4.071428516932896,2.999999945504325,0.37663400173187256,0.0,0.0,0.0002994537353515625,4.591937303543091,0.15637898445129395,0.0,0.0,0.15637898445129395,0.0,1310.0,0.2930655777454376,0.15637898445129395
-74.7056884765625,-8798.1240234375,9.999700546264648,0.0,93.60747810426804,0.0,8826.776635493603,-8920.091776705249,-8920.384113597871,0.0,4.091928563799177,3.0204998561314174,0.35962700843811035,0.0,0.0,0.0002994537353515625,3.2481874376535416,0.15578590333461761,0.0,0.0,0.15578590333461761,0.0,1311.0,0.2932226359844208,0.15578590333461761
-74.60747528076172,-8806.7763671875,9.999700546264648,0.0,93.50841542985113,0.0,8838.851138834449,-8932.258842147832,-8932.3595542643,0.0,4.083785683768136,3.0123571123395645,0.375014990568161,0.0,0.0,0.0002994537353515625,1.1190234273672104,0.15581203997135162,0.0,0.0,0.15581203997135162,0.0,1312.0,0.29349789023399353,0.15581203997135162
-74.50841522216797,-8818.8515625,9.999700546264648,0.0,93.4113182055114,0.0,8839.52279227972,-8932.9876130649,-8932.934110485232,0.0,4.038571439470564,2.967142868041992,0.3543500006198883,0.0,0.022352010011672974,0.0,0.0,0.0,0.15598991513252258,0.0,0.15598991513252258,0.0,1313.0,0.2934105098247528,0.15598991513252258
-74.41131591796875,-8819.5224609375,9.999401092529297,0.0,93.31545125912798,0.0,8840.19369071722,-8933.885945383494,-8933.509141976348,0.0,4.001428549630301,2.92999997820173,0.009499999694526196,0.0,0.4759960174560547,0.0,0.0,0.0,0.15200963616371155,0.0,0.15200963616371155,0.0,1314.0,0.29562509059906006,0.15200963616371155
-74.3154525756836,-8820.193359375,9.999101638793945,0.0,93.2226295722821,0.0,8840.86458915472,-8934.56876510043,-8934.087218727002,0.0,3.9830714089529855,2.911642837524414,0.0,0.0,0.6515340209007263,0.0,0.0,0.0,0.15104323625564575,0.0,0.15104323625564575,0.0,1315.0,0.2955825924873352,0.15104323625564575
-74.2226333618164,-8820.8642578125,9.998802185058594,0.0,93.30871624942394,0.0,8850.206760077366,-8943.630354731025,-8943.515476326791,0.0,3.943714359828404,2.8722857883998327,0.0,0.0,0.6093360185623169,0.0,0.0,0.0,0.15651997923851013,0.0,0.15651997923851013,0.0,1316.0,0.29297393560409546,0.15651997923851013
-74.3087158203125,-8830.20703125,9.998502731323242,0.0,93.21497959759664,0.0,8850.87826102972,-8944.1908665171,-8944.093240627317,0.0,3.882714353288923,2.8112857818603514,0.0,0.0,0.49435898661613464,0.0,0.0,0.0,0.15648025274276733,0.0,0.15648025274276733,0.0,1317.0,0.29295477271080017,0.15648025274276733
-74.21498107910156,-8830.8779296875,9.99820327758789,0.0,93.3048459494694,0.0,8851.54915946722,-8944.939165140555,-8944.85400541669,0.0,3.8293570927211213,2.75792852129255,0.0,0.0,0.41045600175857544,0.0,0.0,0.0,0.1572754681110382,0.0,0.1572754681110382,0.0,1318.0,0.29338401556015015,0.1572754681110382
-74.30484771728516,-8831.548828125,9.997903823852539,0.0,93.39466927032906,0.0,8859.745291693554,-8953.21689766937,-8953.139960963883,0.0,3.7887142181396483,2.717285646711077,0.0,0.0,0.3555949926376343,0.0,0.0,0.0,0.15731635689735413,0.0,0.15731635689735413,0.0,1319.0,0.29392847418785095,0.15731635689735413
-74.39466857910156,-8839.7451171875,9.997604370117188,0.0,93.39408717125346,0.0,8860.41634696722,-8953.880343585703,-8953.810434138473,0.0,3.7483571733747207,2.6769286019461496,0.0,0.0,0.3088169991970062,0.0,0.0,0.0,0.1572459638118744,0.0,0.1572459638118744,0.0,1320.0,0.2939685583114624,0.1572459638118744
-74.39408874511719,-8840.416015625,9.997304916381836,0.0,93.57646484245393,0.0,8861.08724540472,-8954.723656510158,-8954.663710247174,0.0,3.7429285866873605,2.671500015258789,0.0,0.0,0.24162499606609344,0.0,0.0,0.0,0.15801674127578735,0.0,0.15801674127578735,0.0,1321.0,0.2943524718284607,0.15801674127578735
-74.57646179199219,-8841.0869140625,9.997005462646484,0.0,93.6621263664519,0.0,8882.79872355556,-8976.60566884319,-8976.46084992201,0.0,3.999428558349609,2.927999986921038,0.0,0.0,0.8062009811401367,0.0,0.0,0.0,0.15925845503807068,0.0,0.15925845503807068,0.0,1322.0,0.2930396795272827,0.15925845503807068
-74.66212463378906,-8862.798828125,9.996706008911133,0.0,94.11070808538817,0.0,8896.058511785162,-8990.293578484812,-8990.169219870551,0.0,3.9777142116001674,2.906285640171596,0.0,0.0,0.667838990688324,0.0,0.0,0.0,0.16121840476989746,0.0,0.16121840476989746,0.0,1323.0,0.29426607489585876,0.16121840476989746
-75.11071014404297,-8876.05859375,9.996406555175781,0.0,94.37685013291679,0.0,8896.72982352972,-8991.162146711591,-8991.106673662636,0.0,3.9543570927211213,2.88292852129255,0.0,0.0,0.20653900504112244,0.0,0.0,0.0,0.16328130662441254,0.0,0.16328130662441254,0.0,1324.0,0.2943763732910156,0.16328130662441254
-75.3768539428711,-8876.7294921875,9.99610710144043,0.0,94.64344098543239,0.0,8897.40072196722,-8992.098749261035,-8992.044162952652,0.0,3.9379999433244977,2.8665713718959265,0.0,0.0,0.20070600509643555,0.0,0.0,0.0,0.163202702999115,0.0,0.163202702999115,0.0,1325.0,0.2946469187736511,0.163202702999115
-75.64344024658203,-8877.400390625,9.995807647705078,0.0,95.27260096772795,0.0,8898.07162040472,-8993.40041291817,-8993.344221372448,0.0,3.954428618294852,2.8829999106270927,0.0,0.0,0.21040700376033783,0.0,0.0,0.0,0.16420328617095947,0.0,0.16420328617095947,0.0,1326.0,0.29558658599853516,0.16420328617095947
-76.27259826660156,-8878.0712890625,9.995508193969727,0.0,95.72016968738534,0.0,8898.74251884222,-8994.52304991139,-8994.462688529606,0.0,3.962642887660435,2.891214316231864,0.0,0.0,0.23887500166893005,0.0,0.0,0.0,0.16353419423103333,0.0,0.16353419423103333,0.0,1327.0,0.29560887813568115,0.16353419423103333
-76.72016906738281,-8878.7421875,9.995208740234375,0.0,96.17151279939276,0.0,8940.27138464389,-9036.743727473755,-9036.442897443281,0.0,3.949285725184849,2.877857153756278,0.0,0.0,0.3436639904975891,0.0,0.0,0.0,0.15771937370300293,0.0,0.15771937370300293,0.0,1328.0,0.3005693852901459,0.15771937370300293
-77.17151641845703,-8920.271484375,9.994909286499023,0.0,96.62272468029248,0.0,8995.96384251914,-9092.940623604622,-9092.586567199432,0.0,3.9536429268973214,2.88221435546875,0.0009500000160187483,0.0,0.4323199987411499,0.0,0.0,0.0,0.15777398645877838,0.0,0.15777398645877838,0.0,1329.0,0.30250367522239685,0.15777398645877838
-77.62272644042969,-8975.9638671875,9.994609832763672,0.0,97.43575848859753,0.0,8996.63509696722,-9094.368237577994,-9094.070855455819,0.0,3.9831427982875276,2.9117142268589564,0.0693499967455864,0.0,0.33524900674819946,0.0,0.0,0.0,0.16038784384727478,0.0,0.16038784384727478,0.0,1330.0,0.302577406167984,0.16038784384727478
-78.43576049804688,-8976.634765625,9.99431037902832,0.0,97.52112963345908,0.0,9030.299547944851,-9127.84982691509,-9127.82067757831,0.0,4.031928552900042,2.9605001177106582,0.40960100293159485,0.0,0.0,0.0,0.0,0.10909900069236755,0.048582226037979126,0.0,0.15768122673034668,0.0,1331.0,0.303400456905365,0.15768122673034668
-78.52113342285156,-9010.2998046875,9.994010925292969,0.0,97.93434689510065,0.0,9041.33643346867,-9139.134382203203,-9139.270780363771,0.0,4.106642804827009,3.0352142333984373,0.397381991147995,0.0,0.0,0.00598907470703125,1.5155349969863892,0.1625438928604126,0.0,0.0,0.1625438928604126,0.0,1332.0,0.3016490638256073,0.1625438928604126
-78.9343490600586,-9021.3369140625,9.999700546264648,0.0,97.92322704382471,0.0,9042.00814384222,-9139.792329900467,-9139.931370886045,0.0,4.179357201712472,3.1079286302839004,0.46741700172424316,0.0,0.0,0.0002994537353515625,1.5448997169733047,0.16098378598690033,0.0,0.0,0.16098378598690033,0.0,1333.0,0.30109459161758423,0.16098378598690033
-78.92322540283203,-9022.0078125,9.999700546264648,0.0,98.00150719732092,0.0,9042.67904227972,-9140.656987956083,-9140.680549477041,0.0,4.249785777500698,3.178357206072126,0.42574799060821533,0.0,0.0,0.0002994537353515625,0.26179465651512146,0.1614578664302826,0.0,0.0,0.1614578664302826,0.0,1334.0,0.30106860399246216,0.1614578664302826
-79.00151062011719,-9022.6787109375,9.999700546264648,0.0,97.89719267886397,0.0,9060.304054296243,-9158.198352120331,-9158.201246975106,0.0,4.309714262826102,3.2382858276367186,0.44831201434135437,0.0,0.0,0.0002994537353515625,0.0321650505065918,0.16047349572181702,0.0,0.0,0.16047349572181702,0.0,1335.0,0.3014635145664215,0.16047349572181702
-78.8971939086914,-9040.3037109375,9.999700546264648,0.0,98.15466139671892,0.0,9060.97494071722,-9159.094938687585,-9159.129602113939,0.0,4.343000085013253,3.2715715135846817,0.42346900701522827,0.0,0.0,0.0002994537353515625,0.38514915108680725,0.16198232769966125,0.0,0.0,0.16198232769966125,0.0,1336.0,0.30166932940483093,0.16198232769966125
-79.1546630859375,-9040.974609375,9.999700546264648,0.0,98.05059079314398,0.0,9061.64583915472,-9159.66140087202,-9159.696429947864,0.0,4.295571408952986,3.224142837524414,0.42931801080703735,0.0,0.0,0.0002994537353515625,0.3892119228839874,0.16062059998512268,0.0,0.0,0.16062059998512268,0.0,1337.0,0.3015388250350952,0.16062059998512268
-79.05059051513672,-9041.6455078125,9.999700546264648,0.0,98.13409280035198,0.0,9062.31673759222,-9160.869729087044,-9160.450830392572,0.0,4.141142926897322,3.06971435546875,0.003800000064074993,0.0,0.5408750176429749,0.0,0.0,0.0,0.15728944540023804,0.0,0.15728944540023804,0.0,1338.0,0.3042123019695282,0.15728944540023804
-79.13409423828125,-9042.31640625,9.999401092529297,0.0,98.85626597160748,0.0,9062.98763602972,-9162.369695759395,-9161.843902001328,0.0,4.0077143532889234,2.9362857818603514,0.0,0.0,0.7178270220756531,0.0,0.0,0.0,0.15849587321281433,0.0,0.15849587321281433,0.0,1339.0,0.3053995370864868,0.15849587321281433
-79.85626220703125,-9042.9873046875,9.999101638793945,0.0,99.12316619422454,0.0,9063.65853446722,-9162.906757942006,-9162.781700661444,0.0,3.9502143314906526,2.8787857600620814,0.0,0.0,0.6715520024299622,0.0,0.0,0.0,0.1621631681919098,0.0,0.1621631681919098,0.0,1340.0,0.30212315917015076,0.1621631681919098
-80.1231689453125,-9043.658203125,9.998802185058594,0.0,99.38956719684508,0.0,9116.306570340152,-9215.802082041326,-9215.696137536997,0.0,3.9282856804983957,2.8568572453090124,0.0,0.0,0.5440409779548645,0.0,0.0,0.0,0.1622556895017624,0.0,0.1622556895017624,0.0,1341.0,0.30449551343917847,0.1622556895017624
-80.38956451416016,-9096.306640625,9.998502731323242,0.0,99.65705417366522,0.0,9128.476592285822,-9228.22605045915,-9228.133646459488,0.0,3.8896429334368023,2.818214362008231,0.0,0.0,0.4523420035839081,0.0,0.0,0.0,0.1636846363544464,0.0,0.1636846363544464,0.0,1342.0,0.30469074845314026,0.1636846363544464
-80.65705108642578,-9108.4765625,9.99820327758789,0.0,99.92532755958653,0.0,9129.14779227972,-9229.157342620585,-9229.073119839306,0.0,3.84750006539481,2.776071493966239,0.0,0.0,0.39737099409103394,0.0,0.0,0.0,0.16411419212818146,0.0,0.16411419212818146,0.0,1343.0,0.30490532517433167,0.16411419212818146
-80.92533111572266,-9109.1474609375,9.997903823852539,0.0,100.19482539401734,0.0,9138.405733491056,-9238.68563268884,-9238.600558885073,0.0,3.8021429061889647,2.7307141985212056,0.0,0.0,0.403221994638443,0.0,0.0,0.0,0.16393667459487915,0.0,0.16393667459487915,0.0,1344.0,0.30557796359062195,0.16393667459487915
-81.19482421875,-9118.4052734375,9.997604370117188,0.0,100.28470389861455,0.0,9149.21891933119,-9249.62559286075,-9249.503623229804,0.0,3.7532142366681778,2.6817858014787945,0.0,0.0,0.6509119868278503,0.0,0.0,0.0,0.1622188538312912,0.0,0.1622188538312912,0.0,1345.0,0.3057812452316284,0.1622188538312912
-81.28470611572266,-9129.21875,9.997304916381836,0.0,100.73479289544555,0.0,9149.88997977972,-9250.68651049291,-9250.624772675166,0.0,3.708999988010951,2.637571552821568,0.0,0.0,0.24138900637626648,0.0,0.0,0.0,0.17019642889499664,0.0,0.17019642889499664,0.0,1346.0,0.3058141767978668,0.17019642889499664
-81.73479461669922,-9129.8896484375,9.997005462646484,0.0,101.18579940842174,0.0,9150.56087821722,-9251.805428821412,-9251.746677625642,0.0,3.6717857088361465,2.6003572736467633,0.0,0.0,0.22142000496387482,0.0,0.0,0.0,0.17025461792945862,0.0,0.17025461792945862,0.0,1347.0,0.30624106526374817,0.17025461792945862
-82.18579864501953,-9130.560546875,9.996706008911133,0.0,101.63760556506212,0.0,9151.23177665472,-9252.925906415316,-9252.869382219782,0.0,3.6396427971976144,2.568214362008231,0.0,0.0,0.20653900504112244,0.0,0.0,0.0,0.17028895020484924,0.0,0.17028895020484924,0.0,1348.0,0.30665323138237,0.17028895020484924
-82.63760375976562,-9131.2314453125,9.996406555175781,0.0,102.09005337136124,0.0,9160.960710046276,-9263.106386817824,-9263.050763417637,0.0,3.6181428909301756,2.5467141832624165,0.0,0.0,0.20070600509643555,0.0,0.0,0.0,0.17011664807796478,0.0,0.17011664807796478,0.0,1349.0,0.30737945437431335,0.17011664807796478
-83.09004974365234,-9140.9609375,9.99610710144043,0.0,102.72415773983862,0.0,9161.63216727972,-9264.413511832503,-9264.356325019558,0.0,3.607785715375628,2.5363570077078683,0.0,0.0,0.21040700376033783,0.0,0.0,0.0,0.17083840072155,0.0,0.17083840072155,0.0,1350.0,0.30800625681877136,0.17083840072155
-83.72415924072266,-9141.6318359375,9.995807647705078,0.0,103.17730599433193,0.0,9206.212979969023,-9309.45153184383,-9309.390285963354,0.0,3.6053571156093054,2.5339286804199217,0.0,0.0,0.23887500166893005,0.0,0.0,0.0,0.16943085193634033,0.0,0.16943085193634033,0.0,1351.0,0.30971992015838623,0.16943085193634033
-84.17730712890625,-9186.212890625,9.995508193969727,0.0,103.27008534277734,0.0,9206.88412040472,-9310.45880367382,-9310.154205747498,0.0,3.594642857142857,2.523214285714286,0.0,0.0,0.3436639904975891,0.0,0.0,0.0,0.16399919986724854,0.0,0.16399919986724854,0.0,1352.0,0.31192412972450256,0.16399919986724854
-84.27008819580078,-9186.8837890625,9.995208740234375,0.0,103.72627950729638,0.0,9207.55501884222,-9311.362406332753,-9311.281298349517,0.0,3.582071386064802,2.5106429508754187,0.3930639922618866,0.0,0.0,0.0,0.0,0.029686003923416138,0.13517996668815613,0.0,0.16486597061157227,0.0,1353.0,0.31258100271224976,0.16486597061157227
-84.72628021240234,-9187.5546875,9.994909286499023,0.0,104.18177848979455,0.0,9218.925453970178,-9322.5981933808,-9323.107232459972,0.0,3.6232856478009903,2.551857212611607,0.40459901094436646,0.0,0.0,0.0050907135009765625,2.8279946595430374,0.16426579654216766,0.0,0.0,0.16426579654216766,0.0,1354.0,0.3132856786251068,0.16426579654216766
-85.18177795410156,-9198.92578125,9.999700546264648,0.0,104.636441346341,0.0,9253.891349091096,-9357.584733362748,-9358.527790437438,0.0,3.6643571308680944,2.5929286956787108,0.40960100293159485,0.0,0.0,0.0002994537353515625,5.239205554127693,0.1639435738325119,0.0,0.0,0.1639435738325119,0.0,1355.0,0.3148497939109802,0.1639435738325119
-85.63644409179688,-9233.8916015625,9.999700546264648,0.0,105.08813871568597,0.0,9254.56283134222,-9359.053667254128,-9359.650970057906,0.0,3.7031427928379603,2.631714357648577,0.397381991147995,0.0,0.0,0.0002994537353515625,6.636697292327881,0.1675710678100586,0.0,0.0,0.1675710678100586,0.0,1356.0,0.3129388093948364,0.1675710678100586
-86.08814239501953,-9234.5625,9.999700546264648,0.0,105.72047669281874,0.0,9255.23372977972,-9360.306430398654,-9360.95420647254,0.0,3.742714282444545,2.671285574776786,0.4110499918460846,0.0,0.0,0.0002994537353515625,7.197511360049248,0.16783888638019562,0.0,0.0,0.16783888638019562,0.0,1357.0,0.31369107961654663,0.16783888638019562
-86.72047424316406,-9235.2333984375,9.999700546264648,0.0,106.35201395913182,0.0,9268.643495439948,-9374.369569794017,-9374.99550939908,0.0,3.7758571897234234,2.704428482055664,0.42574799060821533,0.0,0.0,0.0002994537353515625,6.954883947968483,0.16776858270168304,0.0,0.0,0.16776858270168304,0.0,1358.0,0.3145825266838074,0.16776858270168304
-87.35201263427734,-9248.6435546875,9.999700546264648,0.0,107.34589717341585,0.0,9269.31478446722,-9376.111035431883,-9376.660681640637,0.0,3.7937857219151088,2.722357014247349,0.4085429906845093,0.0,0.0,0.0002994537353515625,6.10717961192131,0.16912797093391418,0.0,0.0,0.16912797093391418,0.0,1359.0,0.3155464828014374,0.16912797093391418
-88.34589385986328,-9249.314453125,9.999700546264648,0.0,108.15810860923881,0.0,9269.98568290472,-9377.743482148046,-9378.14379151396,0.0,3.791000039236886,2.719571467808315,0.42346900701522827,0.0,0.0,0.0002994537353515625,4.447881489992142,0.1690499484539032,0.0,0.0,0.1690499484539032,0.0,1360.0,0.31569522619247437,0.1690499484539032
-89.15811157226562,-9249.9853515625,9.999700546264648,0.0,108.97108466447585,0.0,9282.169629664371,-9390.961978500101,-9391.140714328847,0.0,3.7537857600620814,2.6823571886335102,0.42931801080703735,0.0,0.0,0.0002994537353515625,1.9859534949064255,0.1693790704011917,0.0,0.0,0.1693790704011917,0.0,1361.0,0.31661006808280945,0.1693790704011917
-89.97108459472656,-9262.169921875,9.999700546264648,0.0,109.96949948555633,0.0,9282.84115165472,-9393.230443671997,-9392.810651140277,0.0,3.6540714808872767,2.5826429094587056,0.012350000441074371,0.0,0.5323249697685242,0.0,0.0,0.0,0.16732922196388245,0.0,0.16732922196388245,0.0,1362.0,0.31914299726486206,0.16732922196388245
-90.96949768066406,-9262.8408203125,9.999401092529297,0.0,110.24323128070597,0.0,9283.51205009222,-9394.284548028541,-9393.755281372927,0.0,3.622071484157017,2.5506427764892576,0.0,0.0,0.7178270220756531,0.0,0.0,0.0,0.16428403556346893,0.0,0.16428403556346893,0.0,1363.0,0.31853052973747253,0.16428403556346893
-91.24323272705078,-9263.51171875,9.999101638793945,0.0,110.87729984393371,0.0,9284.18294852972,-9395.18653832377,-9395.060248373655,0.0,3.619071360996791,2.54764278956822,0.0,0.0,0.6715520024299622,0.0,0.0,0.0,0.17038096487522125,0.0,0.17038096487522125,0.0,1364.0,0.3165521025657654,0.17038096487522125
-91.8772964477539,-9264.1826171875,9.998802185058594,0.0,111.69305839964595,0.0,9292.598016506814,-9404.398367992006,-9404.29107490646,0.0,3.604285730634417,2.5328570229666574,0.0,0.0,0.5440409779548645,0.0,0.0,0.0,0.1712462306022644,0.0,0.1712462306022644,0.0,1365.0,0.3177838623523712,0.1712462306022644
-92.69306182861328,-9272.59765625,9.998502731323242,0.0,112.50910526040232,0.0,9293.26888602972,-9405.871642143753,-9405.777991290122,0.0,3.577642795017787,2.506214359828404,0.0,0.0,0.4523420035839081,0.0,0.0,0.0,0.17199699580669403,0.0,0.17199699580669403,0.0,1366.0,0.3183661699295044,0.17199699580669403
-93.50910186767578,-9273.2685546875,9.99820327758789,0.0,113.14361512988877,0.0,9293.93978446722,-9407.168795426902,-9407.08339959711,0.0,3.569071442740304,2.4976427350725445,0.0,0.0,0.39737099409103394,0.0,0.0,0.0,0.17193451523780823,0.0,0.17193451523780823,0.0,1367.0,0.3186452090740204,0.17193451523780823
-94.14361572265625,-9273.939453125,9.997903823852539,0.0,113.95979751393448,0.0,9302.135897260896,-9416.173646624946,-9416.095694774831,0.0,3.5629999433244977,2.4915713718959265,0.0,0.0,0.34723401069641113,0.0,0.0,0.0,0.17244496941566467,0.0,0.17244496941566467,0.0,1368.0,0.319762259721756,0.17244496941566467
-94.95980072021484,-9282.1357421875,9.997604370117188,0.0,114.77600565310792,0.0,9302.80697196722,-9417.650385100655,-9417.582977620328,0.0,3.548642785208566,2.4772142137799946,0.0,0.0,0.27628400921821594,0.0,0.0,0.0,0.17309917509555817,0.0,0.17309917509555817,0.0,1369.0,0.3203108310699463,0.17309917509555817
-95.77600860595703,-9282.806640625,9.997304916381836,0.0,115.5895653150278,0.0,9303.47787040472,-9419.13046697249,-9419.067435719748,0.0,3.5338571548461912,2.462428447178432,0.0,0.0,0.24138900637626648,0.0,0.0,0.0,0.17881932854652405,0.0,0.17881932854652405,0.0,1370.0,0.3198907971382141,0.17881932854652405
-96.58956909179688,-9283.4775390625,9.997005462646484,0.0,116.22188800715453,0.0,9304.14876884222,-9420.430665795586,-9420.370656849374,0.0,3.5170000076293944,2.4455712999616352,0.0,0.0,0.22142000496387482,0.0,0.0,0.0,0.17863962054252625,0.0,0.17863962054252625,0.0,1371.0,0.32007932662963867,0.17863962054252625
-97.22188568115234,-9284.1484375,9.996706008911133,0.0,117.03611664424004,0.0,9304.81966727972,-9421.913634762477,-9421.85578392396,0.0,3.502571323939732,2.431142752511161,0.0,0.0,0.20653900504112244,0.0,0.0,0.0,0.17913323640823364,0.0,0.17913323640823364,0.0,1372.0,0.3209904730319977,0.17913323640823364
-98.03611755371094,-9284.8193359375,9.996406555175781,0.0,117.85061350951247,0.0,9305.49056571722,-9423.39817322237,-9423.341179226732,0.0,3.490357208251953,2.4189286368233818,0.0,0.0,0.20070600509643555,0.0,0.0,0.0,0.179253950715065,0.0,0.179253950715065,0.0,1373.0,0.32155585289001465,0.179253950715065
-98.85061645507812,-9285.490234375,9.99610710144043,0.0,118.8469415009213,0.0,9306.16146415472,-9425.066915468236,-9425.008405655642,0.0,3.480857249668666,2.409428678240095,0.0,0.0,0.21040700376033783,0.0,0.0,0.0,0.17965839803218842,0.0,0.17965839803218842,0.0,1374.0,0.32243993878364563,0.17965839803218842
-99.84693908691406,-9286.1611328125,9.995807647705078,0.0,119.66185387682641,0.0,9306.83236259222,-9426.556946277247,-9426.494216469047,0.0,3.473428671700614,2.4020001002720424,0.0,0.0,0.23887500166893005,0.0,0.0,0.0,0.1793237030506134,0.0,0.1793237030506134,0.0,1375.0,0.32272839546203613,0.1793237030506134
-100.66185760498047,-9286.83203125,9.995508193969727,0.0,120.66112059252346,0.0,9307.50326102972,-9428.47555038871,-9428.164381622244,0.0,3.4625714983258926,2.3911429268973214,0.0,0.0,0.3436639904975891,0.0,0.0,0.0,0.17495059967041016,0.0,0.17495059967041016,0.0,1376.0,0.32670459151268005,0.17495059967041016
-101.66111755371094,-9287.5029296875,9.995208740234375,0.0,121.47920871237326,0.0,9308.17415946722,-9429.851933900056,-9429.653368179594,0.0,3.4494998931884764,2.378071321759905,0.2365499883890152,0.0,0.1565140038728714,0.0,0.0,0.0,0.17442885041236877,0.0,0.17442885041236877,0.0,1377.0,0.32701575756073,0.17442885041236877
-102.47920989990234,-9288.173828125,9.994909286499023,0.0,121.93491641268352,0.0,9349.198759234903,-9470.822583778423,-9471.133675647587,0.0,3.4637142726353236,2.3922857012067524,0.40459901094436646,0.0,0.0,0.0050907135009765625,1.7282880246639252,0.17242231965065002,0.0,0.0,0.17242231965065002,0.0,1378.0,0.3283281922340393,0.17242231965065002
-102.9349136352539,-9329.19921875,9.999700546264648,0.0,122.38952029845466,0.0,9376.084138870352,-9497.65233493509,-9498.473659168807,0.0,3.487071391514369,2.415642820085798,0.40960100293159485,0.0,0.0,0.0002994537353515625,4.562912046909332,0.17238706350326538,0.0,0.0,0.17238706350326538,0.0,1379.0,0.3291803002357483,0.17238706350326538
-103.38951873779297,-9356.083984375,9.999700546264648,0.0,122.72036092320037,0.0,9388.141553547575,-9510.276162112876,-9510.861914470775,0.0,3.5222142900739395,2.4507857186453683,0.397381991147995,0.0,0.0,0.0002994537353515625,6.508359014987946,0.175259530544281,0.0,0.0,0.175259530544281,0.0,1380.0,0.327350378036499,0.175259530544281
-103.7203598022461,-9368.1416015625,9.999700546264648,0.0,123.1707601409726,0.0,9396.77795077038,-9519.333945416756,-9519.948710911352,0.0,3.5597142628261023,2.4882858276367186,0.4110499918460846,0.0,0.0,0.0002994537353515625,6.83072717487812,0.17552368342876434,0.0,0.0,0.17552368342876434,0.0,1381.0,0.32797709107398987,0.17552368342876434
-104.17076110839844,-9376.7783203125,9.999700546264648,0.0,124.07421554092076,0.0,9397.44955009222,-9521.088662909297,-9521.523765633141,0.0,3.582642909458705,2.511214338030134,0.42574799060821533,0.0,0.0,0.0002994537353515625,4.834474325180054,0.1772782802581787,0.0,0.0,0.1772782802581787,0.0,1382.0,0.3292115032672882,0.1772782802581787
-105.07421875,-9377.44921875,9.999700546264648,0.0,124.88624084733226,0.0,9398.12044852972,-9522.788803441716,-9523.006689377053,0.0,3.6095714024135046,2.538142830984933,0.4085429906845093,0.0,0.0,0.0002994537353515625,2.420954644680023,0.17790275812149048,0.0,0.0,0.17790275812149048,0.0,1383.0,0.32942819595336914,0.17790275812149048
-105.88623809814453,-9378.1201171875,9.999700546264648,0.0,125.51565951062783,0.0,9398.79134696722,-9524.229916287033,-9524.307006477848,0.0,3.639714322771345,2.5682857513427733,0.42346900701522827,0.0,0.0,0.0002994537353515625,0.8565576076507568,0.17792391777038574,0.0,0.0,0.17792391777038574,0.0,1384.0,0.3294133245944977,0.17792391777038574
-106.51566314697266,-9378.791015625,9.999700546264648,0.0,125.87224327635953,0.0,9399.46224540472,-9525.332281770055,-9525.33448868108,0.0,3.653428568158831,2.5820001329694477,0.42931801080703735,0.0,0.0,0.0002994537353515625,0.024521231651306152,0.17761129140853882,0.0,0.0,0.17761129140853882,0.0,1385.0,0.32922881841659546,0.17761129140853882
-106.87224578857422,-9379.4619140625,9.999700546264648,0.0,126.32089356866206,0.0,9400.13314384222,-9526.885439035419,-9526.454037410882,0.0,3.6577142442975723,2.586285672869001,0.0,0.0,0.5446749925613403,0.0,0.0,0.0,0.17432768642902374,0.0,0.17432768642902374,0.0,1386.0,0.3315865695476532,0.17432768642902374
-107.32089233398438,-9380.1328125,9.999401092529297,0.0,127.13271743001893,0.0,9400.80404227972,-9528.471976175737,-9527.936759709739,0.0,3.674142919267927,2.6027142116001674,0.0,0.0,0.7178270220756531,0.0,0.0,0.0,0.1742003858089447,0.0,0.1742003858089447,0.0,1387.0,0.3327488899230957,0.1742003858089447
-108.13272094726562,-9380.8037109375,9.999101638793945,0.0,127.3976328008471,0.0,9401.47494071722,-9529.000016297308,-9528.872573518067,0.0,3.672000013078962,2.6005714416503904,0.0,0.0,0.6715520024299622,0.0,0.0,0.0,0.17806649208068848,0.0,0.17806649208068848,0.0,1388.0,0.32873067259788513,0.17806649208068848
-108.39763641357422,-9381.474609375,9.998802185058594,0.0,127.66230494400962,0.0,9402.14583915472,-9529.916534824715,-9529.80814409873,0.0,3.670857102530343,2.59942866734096,0.0,0.0,0.5440409779548645,0.0,0.0,0.0,0.17856383323669434,0.0,0.17856383323669434,0.0,1389.0,0.3290470242500305,0.17856383323669434
-108.66230773925781,-9382.1455078125,9.998502731323242,0.0,127.74642039057403,0.0,9423.01375478352,-9550.886421761828,-9550.760175174095,0.0,3.6509999683925085,2.579571533203125,0.0,0.0,0.6643530130386353,0.0,0.0,0.0,0.1772908717393875,0.0,0.1772908717393875,0.0,1390.0,0.3296641409397125,0.1772908717393875
-108.74642181396484,-9403.013671875,9.99820327758789,0.0,128.01301327830097,0.0,9435.698399208282,-9563.828179297916,-9563.711412486584,0.0,3.6073571068899972,2.535928671700614,0.0,0.0,0.6002920269966125,0.0,0.0,0.0,0.17815335094928741,0.0,0.17815335094928741,0.0,1391.0,0.3305506706237793,0.17815335094928741
-109.01301574707031,-9415.6982421875,9.997903823852539,0.0,128.4621278670231,0.0,9478.975706374891,-9607.516806205449,-9607.437834241915,0.0,3.5579999651227676,2.4865713936941964,0.0,0.0,0.34723401069641113,0.0,0.0,0.0,0.179245725274086,0.0,0.179245725274086,0.0,1392.0,0.333347886800766,0.179245725274086
-109.46212768554688,-9458.9755859375,9.997604370117188,0.0,129.2758071001707,0.0,9566.53923549669,-9695.883458748747,-9695.81504259686,0.0,3.509571293422154,2.4381427219935827,0.0,0.0,0.27628400921821594,0.0,0.0,0.0,0.17982365190982819,0.0,0.17982365190982819,0.0,1393.0,0.3379872441291809,0.17982365190982819
-110.27581024169922,-9546.5390625,9.997304916381836,0.0,130.08608314875107,0.0,9575.217872064757,-9705.368380533268,-9705.303955213509,0.0,3.475642830984933,2.404214259556362,0.0,0.0,0.24138900637626648,0.0,0.0,0.0,0.18811310827732086,0.0,0.18811310827732086,0.0,1394.0,0.33599984645843506,0.18811310827732086
-111.0860824584961,-9555.2177734375,9.997005462646484,0.0,131.0787843031394,0.0,9575.88900321722,-9707.02933496831,-9706.96778752036,0.0,3.438499941144671,2.367071369716099,0.0,0.0,0.22142000496387482,0.0,0.0,0.0,0.1888962984085083,0.0,0.1888962984085083,0.0,1395.0,0.3368249237537384,0.1888962984085083
-112.07878112792969,-9555.888671875,9.996706008911133,0.0,131.70951189759052,0.0,9576.55990165472,-9708.328646019098,-9708.26941355231,0.0,3.3920001438685827,2.320571572440011,0.0,0.0,0.20653900504112244,0.0,0.0,0.0,0.1883440911769867,0.0,0.1883440911769867,0.0,1396.0,0.33692869544029236,0.1883440911769867
-112.70951080322266,-9556.5595703125,9.996406555175781,0.0,131.79686159100484,0.0,9577.23080009222,-9709.08586374138,-9709.027661683225,0.0,3.3405000959123883,2.269071524483817,0.0,0.0,0.20070600509643555,0.0,0.0,0.0,0.1873077005147934,0.0,0.1873077005147934,0.0,1397.0,0.3365626335144043,0.1873077005147934
-112.79685974121094,-9557.23046875,9.99610710144043,0.0,131.70391783577298,0.0,9577.90169852972,-9709.665186274304,-9709.605616365494,0.0,3.29764278956822,2.2262142181396483,0.0,0.0,0.21040700376033783,0.0,0.0,0.0,0.1867257058620453,0.0,0.1867257058620453,0.0,1398.0,0.3364861309528351,0.1867257058620453
-112.70391845703125,-9557.9013671875,9.995807647705078,0.0,131.6119250809969,0.0,9578.57259696722,-9710.248306416108,-9710.184522048217,0.0,3.27028568812779,2.1988571166992186,0.0,0.0,0.23887500166893005,0.0,0.0,0.0,0.18635410070419312,0.0,0.18635410070419312,0.0,1399.0,0.33656933903694153,0.18635410070419312
-112.61192321777344,-9558.572265625,9.995508193969727,0.0,132.24958756354224,0.0,9644.767719153118,-9777.332756986258,-9777.01730671666,0.0,3.254714366367885,2.1832857949393136,0.0,0.0,0.3436639904975891,0.0,0.0,0.0,0.18208643794059753,0.0,0.18208643794059753,0.0,1400.0,0.3437037169933319,0.18208643794059753
-113.24958801269531,-9624.767578125,9.995208740234375,0.0,132.34206641327154,0.0,9645.43880790472,-9777.7867874894,-9777.780874317992,0.0,3.249357169015067,2.1779285975864955,0.3930639922618866,0.0,0.0,0.0,0.0,0.17218604683876038,0.009855285286903381,0.0,0.18204133212566376,0.0,1401.0,0.3419606387615204,0.18204133212566376
-113.3420639038086,-9625.4384765625,9.994909286499023,0.0,132.7072194091064,0.0,9655.746936228712,-9787.871080768458,-9788.454155637819,0.0,3.279642868041992,2.208214296613421,0.40459901094436646,0.0,0.0,0.0050907135009765625,3.2393045723438263,0.18140575289726257,0.0,0.0,0.18140575289726257,0.0,1402.0,0.3430614471435547,0.18140575289726257
-113.70722198486328,-9635.7470703125,9.999700546264648,0.0,132.97979588059064,0.0,9656.41830009222,-9788.395460497304,-9789.39809597281,0.0,3.3430000850132533,2.271571513584682,0.40960100293159485,0.0,0.0,0.0002994537353515625,5.570196643471718,0.18065260350704193,0.0,0.0,0.18065260350704193,0.0,1403.0,0.34278175234794617,0.18065260350704193
-113.97979736328125,-9636.41796875,9.999700546264648,0.0,133.4300440008247,0.0,9670.980260028835,-9803.786916894023,-9804.41030402966,0.0,3.4200000217982702,2.3485714503696986,0.397381991147995,0.0,0.0,0.0002994537353515625,6.926523178815842,0.18364527821540833,0.0,0.0,0.18364527821540833,0.0,1404.0,0.3419252336025238,0.18364527821540833
-114.43004608154297,-9650.98046875,9.999700546264648,0.0,133.69584281311273,0.0,9706.263566216432,-9839.286490650553,-9839.959409029545,0.0,3.4981427328927177,2.426714161464146,0.4110499918460846,0.0,0.0,0.0002994537353515625,7.476870283484459,0.18298079073429108,0.0,0.0,0.18298079073429108,0.0,1405.0,0.34289881587028503,0.18298079073429108
-114.69584655761719,-9686.263671875,9.999700546264648,0.0,133.95961388515863,0.0,9760.283362872324,-9893.58533865222,-9894.242976757483,0.0,3.5737857273646765,2.502357155936105,0.42574799060821533,0.0,0.0,0.0002994537353515625,7.307089477777481,0.18321308493614197,0.0,0.0,0.18321308493614197,0.0,1406.0,0.34464359283447266,0.18321308493614197
-114.9596176147461,-9740.283203125,9.999700546264648,0.0,134.76670051820474,0.0,9760.95443290472,-9895.143848120959,-9895.721133422925,0.0,3.6299285343715124,2.558499962942941,0.4085429906845093,0.0,0.0,0.0002994537353515625,6.4142806231975555,0.1859762966632843,0.0,0.0,0.1859762966632843,0.0,1407.0,0.3452012538909912,0.1859762966632843
-115.7667007446289,-9740.9541015625,9.999700546264648,0.0,135.57282022066852,0.0,9761.62533134222,-9896.781031342009,-9897.198151562889,0.0,3.6539285659790037,2.5825001307896205,0.42346900701522827,0.0,0.0,0.0002994537353515625,4.634668752551079,0.1865125447511673,0.0,0.0,0.1865125447511673,0.0,1408.0,0.34572821855545044,0.1865125447511673
-116.57282257080078,-9741.625,9.999700546264648,0.0,136.37962657814512,0.0,9762.29622977972,-9898.487264171954,-9898.675856357866,0.0,3.6351428168160576,2.5637143816266743,0.42931801080703735,0.0,0.0,0.0002994537353515625,2.0954685658216476,0.18716402351856232,0.0,0.0,0.18716402351856232,0.0,1409.0,0.3463984727859497,0.18716402351856232
-117.37962341308594,-9742.2958984375,9.999700546264648,0.0,136.76512802064786,0.0,9775.621401652083,-9912.81204338333,-9912.38652967273,0.0,3.555857195172991,2.4844286237444195,0.01899999938905239,0.0,0.5256749987602234,0.0,0.0,0.0,0.18351449072360992,0.0,0.18351449072360992,0.0,1410.0,0.3485923707485199,0.18351449072360992
-117.76512908935547,-9755.62109375,9.999401092529297,0.0,137.39403592318945,0.0,9776.29232352972,-9914.227109316325,-9913.68635945291,0.0,3.5430714198521205,2.4716428484235493,0.0,0.0,0.7178270220756531,0.0,0.0,0.0,0.18342271447181702,0.0,0.18342271447181702,0.0,1411.0,0.3492927849292755,0.18342271447181702
-118.39403533935547,-9756.2919921875,9.999101638793945,0.0,137.65688646024384,0.0,9776.96322196722,-9914.748971212917,-9914.620108427463,0.0,3.5428571156093054,2.4714286804199217,0.0,0.0,0.6715520024299622,0.0,0.0,0.0,0.1875331997871399,0.0,0.1875331997871399,0.0,1412.0,0.34534722566604614,0.1875331997871399
-118.6568832397461,-9756.962890625,9.998802185058594,0.0,138.46415578322194,0.0,9777.63412040472,-9916.208215981338,-9916.098276187942,0.0,3.5490713936941964,2.477642822265625,0.0,0.0,0.5440409779548645,0.0,0.0,0.0,0.1888909488916397,0.0,0.1888909488916397,0.0,1413.0,0.34697720408439636,0.1888909488916397
-119.46415710449219,-9757.6337890625,9.998502731323242,0.0,139.08981841871022,0.0,9778.30501884222,-9917.491052018142,-9917.39483726093,0.0,3.55735718863351,2.4859286172049386,0.0,0.0,0.4523420035839081,0.0,0.0,0.0,0.18908968567848206,0.0,0.18908968567848206,0.0,1414.0,0.3472486734390259,0.18908968567848206
-120.0898208618164,-9758.3046875,9.99820327758789,0.0,139.71539620136133,0.0,9796.071199971495,-9935.874574634758,-9935.786596172857,0.0,3.559214265005929,2.487785829816546,0.0,0.0,0.39737099409103394,0.0,0.0,0.0,0.1891520619392395,0.0,0.1891520619392395,0.0,1415.0,0.34857815504074097,0.1891520619392395
-120.71539306640625,-9776.0712890625,9.997903823852539,0.0,140.52236930937954,0.0,9843.961714092304,-9984.564608639224,-9984.484083401683,0.0,3.5642857687813896,2.492857197352818,0.0,0.0,0.34723401069641113,0.0,0.0,0.0,0.1896008849143982,0.0,0.1896008849143982,0.0,1416.0,0.3512827157974243,0.1896008849143982
-121.52236938476562,-9823.9619140625,9.997604370117188,0.0,141.50974593315436,0.0,9844.63314384222,-9986.213070536996,-9986.142889775374,0.0,3.5755000250680107,2.504071317400251,0.0,0.0,0.27628400921821594,0.0,0.0,0.0,0.19158771634101868,0.0,0.19158771634101868,0.0,1417.0,0.3514231741428375,0.19158771634101868
-122.5097427368164,-9824.6328125,9.997304916381836,0.0,142.13034202502325,0.0,9845.30404227972,-9987.500108832955,-9987.434384304743,0.0,3.589928572518485,2.5184998648507255,0.0,0.0,0.24138900637626648,0.0,0.0,0.0,0.19677449762821198,0.0,0.19677449762821198,0.0,1418.0,0.3496663570404053,0.19677449762821198
-123.13034057617188,-9825.3037109375,9.997005462646484,0.0,142.02400586594433,0.0,9845.97494071722,-9988.061482148016,-9987.998946583164,0.0,3.606642804827009,2.5352142333984373,0.0,0.0,0.22142000496387482,0.0,0.0,0.0,0.1954837441444397,0.0,0.1954837441444397,0.0,1419.0,0.34880292415618896,0.1954837441444397
-123.02400207519531,-9825.974609375,9.996706008911133,0.0,142.64395597870313,0.0,9846.64583915472,-9989.35028989476,-9989.289795133423,0.0,3.612071391514369,2.540642820085798,0.0,0.0,0.20653900504112244,0.0,0.0,0.0,0.1967593878507614,0.0,0.1967593878507614,0.0,1420.0,0.35004082322120667,0.1967593878507614
-123.64395904541016,-9826.6455078125,9.996406555175781,0.0,142.90028636284165,0.0,9847.31673759222,-9990.27654849207,-9990.217023955061,0.0,3.625714247567313,2.5542858123779295,0.0,0.0,0.20070600509643555,0.0,0.0,0.0,0.19612422585487366,0.0,0.19612422585487366,0.0,1421.0,0.3498134911060333,0.19612422585487366
-123.90028381347656,-9827.31640625,9.99610710144043,0.0,142.9744301060037,0.0,9847.98763602972,-9991.022972397115,-9990.962066135724,0.0,3.648285675048828,2.5768571036202568,0.0,0.0,0.21040700376033783,0.0,0.0,0.0,0.19563472270965576,0.0,0.19563472270965576,0.0,1422.0,0.3496561646461487,0.19563472270965576
-123.97443389892578,-9827.9873046875,9.995807647705078,0.0,143.59280343423453,0.0,9867.580118896869,-10011.238175505765,-10011.172922331103,0.0,3.677214295523507,2.6057855878557477,0.0,0.0,0.23887500166893005,0.0,0.0,0.0,0.1961461454629898,0.0,0.1961461454629898,0.0,1423.0,0.35166117548942566,0.1961461454629898
-124.59280395507812,-9847.580078125,9.995508193969727,0.0,144.39452967901332,0.0,9873.156156409204,-10017.872110764058,-10017.550686088218,0.0,3.701214327130999,2.6297857557024273,0.0,0.0,0.3436639904975891,0.0,0.0,0.0,0.19204378128051758,0.0,0.19204378128051758,0.0,1424.0,0.35586100816726685,0.19204378128051758
-125.39453125,-9853.15625,9.995208740234375,0.0,144.83242808955964,0.0,9882.182928712558,-10027.351205951578,-10027.015356802118,0.0,3.7230000632149833,2.6515714917864117,0.024700000882148743,0.0,0.36836397647857666,0.0,0.0,0.0,0.19138458371162415,0.0,0.19138458371162415,0.0,1425.0,0.35577625036239624,0.19138458371162415
-125.83242797851562,-9862.1826171875,9.994909286499023,0.0,145.72373294318416,0.0,9882.85384696722,-10028.679109643806,-10028.577579910405,0.0,3.763214329310826,2.6917857578822546,0.40459901094436646,0.0,0.0,0.0,0.0,0.02290096879005432,0.16921621561050415,0.0,0.19211718440055847,0.0,1426.0,0.35718557238578796,0.19211718440055847
-126.7237319946289,-9862.853515625,9.994609832763672,0.0,146.24931547837036,0.0,9893.093375152106,-10039.250570535412,-10039.342690630476,0.0,3.8407142639160154,2.7692856924874443,0.40960100293159485,0.0,0.0,0.005390167236328125,0.5117782652378082,0.1913805902004242,0.0,0.0,0.1913805902004242,0.0,1427.0,0.35714444518089294,0.1913805902004242
-127.24931335449219,-9873.09375,9.999700546264648,0.0,146.61861477147372,0.0,9893.76497977972,-10040.250815681951,-10040.383594551195,0.0,3.943714359828404,2.8722857883998327,0.397381991147995,0.0,0.0,0.0002994537353515625,1.475320652127266,0.19419805705547333,0.0,0.0,0.19419805705547333,0.0,1428.0,0.35445553064346313,0.19419805705547333
-127.61861419677734,-9873.7646484375,9.999700546264648,0.0,147.1661502184742,0.0,9894.43587821722,-10041.348796725342,-10041.602028435695,0.0,4.045857102530343,2.97442866734096,0.4110499918460846,0.0,0.0,0.0002994537353515625,2.8136854469776154,0.1940149962902069,0.0,0.0,0.1940149962902069,0.0,1429.0,0.3550702631473541,0.1940149962902069
-128.16615295410156,-9874.435546875,9.999700546264648,0.0,147.40919866152967,0.0,9905.130941617845,-10052.176905860486,-10052.540140279374,0.0,4.142857088361468,3.071428516932896,0.42574799060821533,0.0,0.0,0.0002994537353515625,4.035937666893005,0.1930152177810669,0.0,0.0,0.1930152177810669,0.0,1430.0,0.35487160086631775,0.1930152177810669
-128.40919494628906,-9885.130859375,9.999700546264648,0.0,147.8320508887492,0.0,9905.80208915472,-10053.340859341772,-10053.63414004347,0.0,4.200928497314453,3.1294999258858818,0.47104600071907043,0.0,0.0,0.0002994537353515625,3.258674204349518,0.19348043203353882,0.0,0.0,0.19348043203353882,0.0,1431.0,0.3553619384765625,0.19348043203353882
-128.83204650878906,-9885.8017578125,9.999700546264648,0.0,148.07323408719293,0.0,9906.47298759222,-10054.430722099567,-10054.546221679413,0.0,4.188857160295759,3.1174285888671873,0.42346900701522827,0.0,0.0,0.0002994537353515625,1.2833285629749298,0.19385287165641785,0.0,0.0,0.19385287165641785,0.0,1432.0,0.35528329014778137,0.19385287165641785
-129.07322692871094,-9886.47265625,9.999700546264648,0.0,148.5891868953535,0.0,9914.669081524788,-10063.367568540189,-10063.25826842014,0.0,4.123571477617537,3.0521427699497767,0.2593500018119812,0.0,0.16996800899505615,0.0,0.0,0.0,0.1943657100200653,0.0,0.1943657100200653,0.0,1433.0,0.35670205950737,0.1943657100200653
-129.5891876220703,-9894.6689453125,9.999401092529297,0.0,149.01767494425647,0.0,9915.34017509222,-10064.799244901647,-10064.357850036477,0.0,4.0592857905796595,2.987857219151088,0.0,0.0,0.5446749925613403,0.0,0.0,0.0,0.19098308682441711,0.0,0.19098308682441711,0.0,1434.0,0.3593238890171051,0.19098308682441711
-130.01766967773438,-9895.33984375,9.999101638793945,0.0,149.71940934846506,0.0,9929.069945183886,-10079.334264251775,-10078.789354532351,0.0,4.034500067574637,2.963071496146066,0.0,0.0,0.7178270220756531,0.0,0.0,0.0,0.1903558075428009,0.0,0.1903558075428009,0.0,1435.0,0.3609125018119812,0.1903558075428009
-130.7194061279297,-9909.0703125,9.998802185058594,0.0,149.96453687590966,0.0,9929.74154227972,-10079.83604262583,-10079.70607915563,0.0,4.032071467808315,2.9606428963797433,0.0,0.0,0.6715520024299622,0.0,0.0,0.0,0.19487109780311584,0.0,0.19487109780311584,0.0,1436.0,0.3560144901275635,0.19487109780311584
-130.96453857421875,-9909.7412109375,9.998502731323242,0.0,150.57272098531217,0.0,9930.41244071722,-10081.096172233809,-10080.985161702532,0.0,4.025857189723423,2.954428482055664,0.0,0.0,0.5440409779548645,0.0,0.0,0.0,0.1960292011499405,0.0,0.1960292011499405,0.0,1437.0,0.35713517665863037,0.1960292011499405
-131.57272338867188,-9910.412109375,9.99820327758789,0.0,151.00034749240388,0.0,9941.513310591212,-10092.67256662249,-10092.513658083615,0.0,4.036642837524414,2.9652142660958427,0.0,0.0,0.8650609850883484,0.0,0.0,0.0,0.19432923197746277,0.0,0.19432923197746277,0.0,1438.0,0.3572145104408264,0.19432923197746277
-132.00035095214844,-9921.513671875,9.997903823852539,0.0,151.6095077980444,0.0,9976.512705038695,-10128.324134132687,-10128.122212836739,0.0,4.049071393694197,2.977642822265625,0.0,0.0,1.1528409719467163,0.0,0.0,0.0,0.19330094754695892,0.0,0.19330094754695892,0.0,1439.0,0.3588925302028656,0.19330094754695892
-132.60951232910156,-9956.5126953125,9.997604370117188,0.0,152.39752347884317,0.0,9987.574485955982,-10140.088758469816,-10139.972009434825,0.0,4.0615714754377095,2.99014276776995,0.0,0.0,0.5816550254821777,0.0,0.0,0.0,0.19667184352874756,0.0,0.19667184352874756,0.0,1440.0,0.3602687120437622,0.19667184352874756
