Temp_FH,Vol_HW,Soc_B,T_FH_plus,T_FH_minus,V_HW_plus,V_HW_minus,rewards,comfort,rewART,COP_FH,COP_HW,PV_DE,B_DE,GR_DE,PV_B,PV_GR,PV_HP,GR_HP,GR_B,B_HP,B_GR,HP_FH,HP_HW,index,B,HP,B_tar,FH_tar,HW_tar
21.5,100.0,5.0,0.0,0.0,0.0,0.0,-0.01,-0.0,-0.01,3.608500017438616,2.5370714460100445,0.0,0.24138900637626648,0.0,0.0,0.0,0.0,0.0,0.0,3.0,0.0,3.0,0.0,2.0,-4.599999904632568,3.0,0.05923086404800415,0.9649156332015991,2.086162567138672e-7
22.747333526611328,99.32877349853516,1.6924095153808594,0.0,0.0,0.0,0.0,-0.41266349948442094,-0.0,-0.01,3.5983571461268835,2.526928438459124,0.0,0.22142000496387482,0.0,0.0,0.0,0.0,1.3422116116133722,0.0,1.4370914622696844,0.0,2.7793030738830566,0.0,3.0,-1.6923587322235107,2.7793030738830566,0.11514624953269958,0.9741991758346558,2.086162567138672e-6
23.870981216430664,98.65754699707031,5.0906757678603753e-5,0.0,0.0,0.0,0.0,-0.2718048531534212,-0.0,0.0,3.587928581237793,2.5164998735700337,0.0,0.0,0.20653900504112244,0.0,0.0,0.0,0.6994771361351013,0.0,0.0,0.0,0.6994771361351013,0.0,4.0,0.0,0.6994771361351013,0.11518383026123047,0.9741913080215454,2.086162567138672e-6
23.870941162109375,97.98632049560547,5.0905229727504775e-5,0.0,0.0,0.0,0.0,-0.37134305522215527,-0.0,0.0,3.5884999683925085,2.517071533203125,0.0,0.0,0.20070600509643555,0.0,0.0,0.0,1.0371041297912598,0.0,0.0,0.0,1.0371041297912598,0.0,5.0,0.0,1.0371041297912598,0.11521157622337341,0.9741855263710022,2.086162567138672e-6
23.870912551879883,97.31509399414062,5.0903701776405796e-5,0.0,0.0,0.0,0.0,-0.11781637540723366,-0.0,0.0,3.596142850603376,2.5247142791748045,0.0,0.0,0.21046000719070435,0.0,0.0,0.0,0.18226122856140137,0.0,0.0,0.0,0.0,0.18226122856140137,6.0,0.0,-0.18226122856140137,0.5653543472290039,0.8428672552108765,0.006714373826980591
23.312637329101562,105.46876525878906,5.090217382530682e-5,0.0,0.0,0.0,0.0,-0.32689395951803313,-0.0,0.0,3.6053571156093054,2.5339286804199217,0.0,0.0,0.2391349971294403,0.0,0.0,0.0,0.8505114912986755,0.0,0.0,0.0,0.8505114912986755,0.0,7.0,0.0,0.8505114912986755,0.5653543472290039,0.8428672552108765,0.006714373826980591
23.21432113647461,104.79753875732422,5.0900649512186646e-5,0.0,0.0,0.0,0.0,-0.46387191171931796,-0.0,0.0,3.6110713958740233,2.539642824445452,0.0,0.0,0.34427300095558167,0.0,0.0,0.0,1.201966643333435,0.0,0.0,0.0,1.201966643333435,0.0,8.0,0.0,1.201966643333435,0.8452928066253662,0.050496965646743774,0.006514221429824829
22.761749267578125,79.58244323730469,5.0899125199066475e-5,0.0,0.0,0.0,0.0,-0.6836198152348769,-0.0,0.0,3.6317142214093887,2.5602857862200055,0.17384999990463257,0.0,0.2199850082397461,0.0,0.0,0.0,2.0587476186611444,0.0,0.0,0.0,0.0,2.0587476186611444,9.0,0.0,-2.3696703910827637,0.5863268971443176,0.3825187683105469,0.03401684761047363
22.203474044799805,179.99807739257812,5.0897600885946304e-5,0.0,0.0,0.0,0.0,-0.5355902946229885,-0.0,-0.01,3.687928553989955,2.616499982561384,0.4058389961719513,0.0,0.0,0.0,0.0,0.3437109887599945,1.751967579126358,0.0,0.0,0.0,0.0,2.0956785678863525,10.0,0.3831609785556793,-2.0956785678863525,0.9457287192344666,0.0035615861415863037,0.9985712766647339
22.009761810302734,179.7694854736328,5.089607657282613e-5,0.0,0.0,0.0,0.0,-0.13786479545154387,-0.0,-0.01,3.712499972752162,2.641071537562779,0.4112839996814728,0.0,0.0,0.0,0.0,0.7771660089492798,0.42621596790217864,0.0,0.0,0.0,0.0,1.2033819768514584,11.0,0.8397160768508911,-1.2033820152282715,0.9994087219238281,0.0030600130558013916,1.0
21.725130081176758,179.99807739257812,5.089455225970596e-5,0.0,0.0,0.0,0.0,-0.01,-0.0,-0.01,3.726785741533552,2.6553570338657924,0.399042010307312,0.0,0.0,1.3109234636981268,0.0,0.013180995360016823,0.0,0.0,0.0,0.0,0.0,0.013180995360016823,12.0,1.4429579973220825,-0.013180995360016823,0.9999998807907104,0.001963496208190918,1.0
21.258718490600586,179.99807739257812,1.3109350204467773,0.0,0.0,0.0,0.0,-0.01,-0.0,-0.01,3.7375,2.6660714285714286,0.4126780033111572,0.0,0.0,1.8962450908719821,0.0,0.013128024016301741,0.0,0.0,0.0,0.0,0.0,0.013128024016301741,13.0,2.072321891784668,-3.0836427211761475,1.0,0.012614548206329346,1.0
20.791824340820312,179.99807739257812,3.2070839405059814,0.0,0.0,0.0,0.0,-0.01,-0.0,-0.01,3.7402142933436804,2.668785585675921,0.42735400795936584,0.0,0.0,1.9532079287041526,0.0,0.15977658331394196,0.0,0.0,0.0,0.0,0.0,0.15977658331394196,14.0,2.2886459827423096,-0.15977658331394196,1.0,0.9999887943267822,0.9998911619186401
20.598125457763672,179.9806671142578,5.160137176513672,0.0,0.0,0.0,0.0,-0.26268755963196555,-0.0,-0.01,3.733000019618443,2.661571448189872,0.4101420044898987,0.0,0.0,0.0,0.0,2.157708168029785,0.8422918319702148,0.0,0.0,0.0,3.0,0.0,15.0,2.292858123779297,3.0,1.0,0.9999998807907104,0.9536223411560059
22.26604461669922,179.30943298339844,5.159982681274414,0.0,0.0,0.0,0.0,-0.44024472515760693,-0.0,-0.01,3.712071364266532,2.6406429290771483,0.42344900965690613,0.0,0.0,0.0,0.0,1.5658509731292725,1.4341490268707275,0.0,0.0,0.0,3.0,0.0,16.0,1.670551061630249,3.0,1.0,1.0,0.8355870842933655
23.923555374145508,178.63819885253906,5.159828186035156,0.0,0.0,0.0,0.0,-0.01,-0.0,-0.01,3.6742856979370115,2.6028572627476283,0.42343100905418396,0.0,0.0,0.31247263682078597,0.0,0.16211935877799988,0.0,0.0,0.0,0.0,0.16211935877799988,0.0,17.0,0.5285689830780029,0.16211935877799988,1.0,1.0,0.052878767251968384
23.999984741210938,177.9669647216797,5.472136974334717,0.0,0.0,0.0,0.0,-0.01,-0.0,-0.01,3.6092143195016044,2.537785611833845,0.034199997782707214,0.49795401096343994,0.0,0.0,0.0,0.0,0.0,0.0,0.02386772423168775,0.0,0.02386772423168775,0.0,18.0,-4.599999904632568,0.02386772446334362,1.0,1.0,0.00280800461769104
23.999984741210938,177.2957305908203,4.939517498016357,0.0,0.0,0.0,0.0,-0.01,-0.0,-0.01,3.5738571166992186,2.5024285452706474,0.0,0.7052639722824097,0.0,0.0,0.0,0.0,0.0,0.0,0.759494802453971,0.0,0.759494802453971,0.0,19.0,-4.599999904632568,3.0394480228424072,1.0,0.9999990463256836,0.0013451874256134033
23.999984741210938,166.08114624023438,3.4447624683380127,0.0,0.0,0.0,0.0,-0.01,-0.0,-0.01,3.561142866952079,2.4897141592843193,0.0,0.6709100008010864,0.0,0.0,0.0,0.0,0.0,0.0,0.0,0.0,0.0,0.0,20.0,-3.4446592330932617,0.0,0.9762564301490784,8.046627044677734e-7,0.0006416440010070801
23.595125198364258,165.409912109375,2.760077714920044,0.0,0.0,0.0,0.0,-0.01,-0.0,-0.01,3.5514286041259764,2.480000032697405,0.0,0.5575230121612549,0.0,0.0,0.0,0.0,0.0,0.0,1.2948260107539784,0.0,1.2948260107539784,0.0,21.0,-2.7599949836730957,2.7766120433807373,0.9762568473815918,8.046627044677734e-7,0.0006416440010070801
23.999984741210938,152.1603546142578,0.8698996305465698,0.0,0.0,0.0,0.0,-0.21034373263581316,-0.0,-0.01,3.540857124328613,2.46942868913923,0.0,0.4691759943962097,0.0,0.0,0.0,0.0,0.667812415582896,0.0,0.3833000186180584,0.0,1.0511124342009543,0.0,22.0,-0.8698735237121582,2.1302599906921387,0.5507771372795105,0.0005643963813781738,0.06772813200950623
23.999984741210938,131.7209014892578,2.616402525745798e-5,0.0,0.0,0.0,0.0,-0.2630114808881867,-0.0,0.0,3.5229999814714703,2.451571546282087,0.0,0.0,0.4084100127220154,0.0,0.0,0.0,0.4682948887348175,0.0,0.0,0.0,0.4682948887348175,0.0,23.0,0.0,0.4682948887348175,0.11516237258911133,0.9741958379745483,2.086162567138672e-6
23.87096405029297,131.04966735839844,2.616324127302505e-5,0.0,0.0,0.0,0.0,-0.49805007223321723,-0.0,0.0,3.509571293422154,2.4381427219935827,0.0,0.0,0.3546009957790375,0.0,0.0,0.0,1.3055658456959167,0.0,0.0,0.0,1.3055658456959167,0.0,24.0,0.0,1.6563042402267456,0.7809348106384277,0.0004321932792663574,0.004491895437240601
23.999984741210938,98.16339874267578,2.6162457288592122e-5,0.0,0.0,0.0,0.0,-0.19445329690814395,-0.0,0.0,3.490357208251953,2.4189286368233818,0.0,0.0,0.27628400921821594,0.0,0.0,0.0,0.3718936213859989,0.0,0.0,0.0,0.3718936213859989,0.0,25.0,0.0,1.3481062650680542,1.0,0.001960933208465576,1.9609928131103516e-5
23.999984741210938,82.5401382446289,2.6161673304159194e-5,0.0,0.0,0.0,0.0,-0.07241670479046114,-0.0,0.0,3.464785657610212,2.3933570861816404,0.0,0.0,0.24138900637626648,0.0,0.0,0.0,0.0,0.0,0.0,0.0,0.0,0.0,26.0,0.0,0.0,1.0,0.2928106188774109,0.0
23.623493194580078,81.86891174316406,2.6160889319726266e-5,0.0,0.0,0.0,0.0,-0.5339408833361015,-0.0,0.0,3.446714346749442,2.3752857753208705,0.0,0.0,0.22142000496387482,0.0,0.0,0.0,1.5583828687667847,0.0,0.0,0.0,1.5583828687667847,0.0,27.0,0.0,1.5583828687667847,0.11521172523498535,0.9741854667663574,2.086162567138672e-6
23.870912551879883,81.19768524169922,2.6160105335293338e-5,0.0,0.0,0.0,0.0,-0.24886697625585263,-0.0,0.0,3.417928641183036,2.3465000697544642,0.0,0.0,0.20653900504112244,0.0,0.0,0.0,0.6230175495147705,0.0,0.0,0.0,0.6230175495147705,0.0,28.0,0.0,0.6230175495147705,0.9999619126319885,0.9991270303726196,0.3690735697746277
23.995620727539062,80.52645874023438,2.615932135086041e-5,0.0,0.0,0.0,0.0,-0.06021180392153269,-0.0,0.0,3.404642868041992,2.333214296613421,0.0,0.0,0.20070600509643555,0.0,0.0,0.0,0.0,0.0,0.0,0.0,0.0,0.0,29.0,0.0,0.0,0.5351290702819824,0.43345195055007935,0.013823658227920532
23.800914764404297,79.85523223876953,2.615853736642748e-5,0.0,0.0,0.0,0.0,-0.739538301518864,-0.0,0.0,3.4029287065778457,2.3315001351492746,0.0,0.0,0.21046000719070435,0.0,0.0,0.0,2.2546675665834734,0.0,0.0,0.0,0.0,2.2546675665834734,30.0,0.0,-4.293269634246826,0.615524411201477,0.41024017333984375,0.01160380244255066
23.242639541625977,179.99806213378906,2.6157753381994553e-5,0.0,0.0,0.0,0.0,-0.38302893074468436,-0.0,0.0,3.404928697858538,2.3335001264299664,0.0,0.0,0.2391349971294403,0.0,0.0,0.0,1.0376280546188354,0.0,0.0,0.0,1.0376280546188354,0.0,31.0,0.0,1.0376280546188354,0.5653543472290039,0.8428672552108765,0.006714373826980591
23.21432113647461,179.3268280029297,2.6156969397561625e-5,0.0,0.0,0.0,0.0,-0.5374168341325447,-0.0,0.0,3.4093570164271765,2.337928444998605,0.0,0.0,0.34427300095558167,0.0,0.0,0.0,1.4471163749694824,0.0,0.0,0.0,1.4471163749694824,0.0,32.0,0.0,1.4471163749694824,0.5653543472290039,0.8428672552108765,0.006714373826980591
23.21432113647461,178.6555938720703,2.6156185413128696e-5,0.0,0.0,0.0,0.0,-0.01,-0.0,-0.01,3.4374285561697824,2.3659999847412108,0.39383500814437866,0.0,0.0,0.5127219315106352,0.0,0.044379330078452815,0.0,0.0,0.0,0.0,0.0,0.044379330078452815,33.0,0.6181649565696716,-0.044379331171512604,0.9999701976776123,0.01999533176422119,1.0
22.83782958984375,179.99807739257812,0.512732744216919,0.0,0.0,0.0,0.0,-0.01,-0.0,-0.01,3.550142914908273,2.4787142072405133,0.4058389961719513,0.0,0.0,2.393542928807588,0.0,0.01412032451480627,0.0,0.0,0.0,0.0,0.0,0.01412032451480627,34.0,2.607161045074463,-0.01412032451480627,0.9999720454216003,0.00687563419342041,1.0
22.46133804321289,179.99807739257812,2.906188488006592,0.0,0.0,0.0,0.0,-0.01,-0.0,-0.01,3.6194999694824217,2.5480713980538505,0.4112839996814728,0.0,0.0,3.0162434509334446,0.0,0.5807165503501892,0.0,0.0,0.0,0.0,0.0,0.5807165503501892,35.0,3.872715950012207,-0.5807165503501892,0.9962992668151855,0.4949009120464325,0.9999985694885254
22.266632080078125,179.9978485107422,5.92225456237793,0.0,0.0,0.0,0.0,0.09015056794694386,-0.0,-0.01,3.675857080732073,2.60442864554269,0.544202983379364,0.0,0.0,4.07774543762207,1.1127839998632476,0.2335483878850937,0.0,0.0,0.0,0.0,0.0,0.2335483878850937,36.0,4.077773571014404,-0.2335483878850937,0.9999997615814209,0.8089871406555176,0.9999977350234985
21.829833984375,179.99771118164062,9.999700546264648,0.0,0.0,0.0,0.0,0.5243902099951747,-0.0,0.0,3.7092142922537668,2.637785720825195,0.4423390030860901,0.0,0.0,0.0,5.8265574257820845,0.02295372076332569,0.0,0.0,0.0,0.0,0.0,0.02295372076332569,37.0,0.00032945373095571995,-0.02295372076332569,1.0,0.9993858933448792,0.9783589839935303
21.454004287719727,176.5355224609375,9.999401092529297,0.0,0.0,0.0,0.0,0.46863575256452755,-0.0,0.0,3.7312143325805662,2.659785624912807,0.42735400795936584,0.0,0.0,0.0,5.207063503563404,0.11403243988752365,0.0,0.0,0.0,0.0,0.0,0.11403243988752365,38.0,0.0006289074663072824,-0.11403243988752365,1.0,0.9999984502792358,0.9841524362564087
21.260305404663086,177.46246337890625,9.999101638793945,0.0,0.0,0.0,0.0,0.21403870853095816,-0.0,0.0,3.749999945504325,2.6785713740757533,0.4101420044898987,0.0,0.0,0.0,2.3782076835632324,3.0,0.0,0.0,0.0,0.0,3.0,0.0,39.0,0.000928361201658845,3.0,1.0,0.9999998807907104,0.9583340287208557
22.934885025024414,176.79122924804688,9.998802185058594,0.0,0.0,0.0,0.0,0.09969385462553093,-0.0,0.0,3.7524999346051895,2.6810713631766183,0.42344900965690613,0.0,0.0,0.0,1.1077094078063965,2.2346415519714355,0.0,0.0,0.0,0.0,2.2346415519714355,0.0,40.0,0.0012278149370104074,2.2346415519714355,1.0,1.0,0.32971295714378357
23.999984741210938,176.1199951171875,9.998502731323242,0.0,0.0,0.0,0.0,0.08085348222585005,-0.0,0.0,3.721285765511649,2.6498570578438896,0.42343100905418396,0.0,0.0,0.0,0.8983719533354776,0.019596915873811942,0.0,0.0,0.0,0.0,0.019596915873811942,0.0,41.0,0.00152726867236197,2.6242291927337646,1.0,1.0,0.08492222428321838
23.999984741210938,166.94618225097656,9.99820327758789,0.0,0.0,0.0,0.0,-0.01,-0.0,-0.01,3.638785716465541,2.56735714503697,0.09120000153779984,0.4409540295600891,0.0,0.0,0.0,0.0,0.0,0.0,0.7456363938368248,0.0,0.7456363938368248,0.0,42.0,-4.599999904632568,0.7456364035606384,1.0,1.0,0.0028078854084014893
23.999984741210938,166.2749481201172,8.78713321685791,0.0,0.0,0.0,0.0,-0.01,-0.0,-0.01,3.60014283316476,2.5287142617361886,0.0,0.7052639722824097,0.0,0.0,0.0,0.0,0.0,0.0,1.1448168754577637,0.0,1.1448168754577637,0.0,43.0,-4.599999904632568,1.1448168754577637,1.0,1.0,0.0020191073417663574
23.999984741210938,165.6037139892578,6.8990888595581055,0.0,0.0,0.0,0.0,-0.01,-0.0,-0.01,3.582071386064802,2.5106429508754187,0.0,1.0569510459899902,0.0,0.0,0.0,0.0,0.0,0.0,1.0386995599577136,0.0,1.0386995599577136,0.0,44.0,-4.599999904632568,2.5721771717071533,0.7626160979270935,4.76837158203125e-7,0.00014412403106689453
23.999984741210938,143.869140625,4.76052713394165,0.0,0.0,0.0,0.0,-0.01,-0.0,-0.01,3.5696428298950194,2.498214394705636,0.0,0.5575230121612549,0.0,0.0,0.0,0.0,0.0,0.0,0.36176856881480723,0.0,0.36176856881480723,0.0,45.0,-4.599999904632568,2.3234004974365234,0.9719125032424927,6.258487701416016e-7,0.0005507171154022217
23.999984741210938,131.40203857421875,3.822359800338745,0.0,0.0,0.0,0.0,-0.01,-0.0,-0.01,3.553857203892299,2.4824286324637277,0.0,0.4691759943962097,0.0,0.0,0.0,0.0,0.0,0.0,0.0,0.0,0.0,0.0,46.0,-3.8222451210021973,0.0,0.9713728427886963,9.834766387939453e-7,0.0003403127193450928
23.805278778076172,130.73080444335938,3.34350848197937,0.0,0.0,0.0,0.0,-0.01,-0.0,-0.01,3.534785761151995,2.4633570534842355,0.0,0.4084100127220154,0.0,0.0,0.0,0.0,0.0,0.0,1.4201365306550238,0.0,1.4201365306550238,0.0,47.0,-3.3434083461761475,1.9708423614501953,0.9973652362823486,0.00018215179443359375,0.04130101203918457
23.999984741210938,119.7132568359375,1.4776004552841187,0.0,0.0,0.0,0.0,-0.01,-0.0,-0.01,3.5165713991437637,2.4451429639543805,0.0,0.3546009957790375,0.0,0.0,0.0,0.0,0.0,0.0,0.7137466629243912,0.0,0.7137466629243912,0.0,48.0,-1.4775561094284058,1.7870349884033203,0.9973509311676025,0.00018295645713806152,0.040524423122406006
23.999984741210938,110.28131103515625,0.38743817806243896,0.0,0.0,0.0,0.0,-0.22421911535765812,-0.0,-0.01,3.5008571624755858,2.4294285910470146,0.0,0.27628400921821594,0.0,0.0,0.0,0.0,0.7140636894845187,0.0,0.10339398644931919,0.0,0.8174576759338379,0.0,49.0,-0.38742655515670776,0.8174576759338379,0.11514720320701599,0.9741989970207214,2.086162567138672e-6
23.87097930908203,109.6100845336914,1.1659061783575453e-5,0.0,0.0,0.0,0.0,-0.2878557110967517,-0.0,0.0,3.4950713566371374,2.423642785208566,0.0,0.0,0.24138900637626648,0.0,0.0,0.0,0.7181299924850464,0.0,0.0,0.0,0.7181299924850464,0.0,50.0,0.0,0.7181299924850464,0.11515027284622192,0.9741983413696289,2.086162567138672e-6
23.870975494384766,108.93885803222656,1.1658712537609972e-5,0.0,0.0,0.0,0.0,-0.4909812272978309,-0.0,0.0,3.4862141745431083,2.4147856031145367,0.0,0.0,0.22142000496387482,0.0,0.0,0.0,1.4151840209960938,0.0,0.0,0.0,1.4151840209960938,0.0,51.0,0.0,1.4151840209960938,0.11516597867012024,0.9741950631141663,2.086162567138672e-6
23.870960235595703,108.26763153076172,1.1658363291644491e-5,0.0,0.0,0.0,0.0,-0.382702380724842,-0.0,0.0,3.4810714176722937,2.409642846243722,0.0,0.0,0.20653900504112244,0.0,0.0,0.0,1.0691355466842651,0.0,0.0,0.0,1.0691355466842651,0.0,52.0,0.0,1.0691355466842651,0.11517900228500366,0.9741922616958618,2.086162567138672e-6
23.87094497680664,107.59640502929688,1.165801404567901e-5,0.0,0.0,0.0,0.0,-0.4860166504389696,-0.0,0.0,3.475642830984933,2.404214259556362,0.0,0.0,0.20070600509643555,0.0,0.0,0.0,1.4193494319915771,0.0,0.0,0.0,1.4193494319915771,0.0,53.0,0.0,1.4193494319915771,0.1152631938457489,0.9741747379302979,2.086162567138672e-6
23.87085723876953,106.92517852783203,1.165766479971353e-5,0.0,0.0,0.0,0.0,-0.11980019091765826,-0.0,0.0,3.468285642351423,2.3968570709228514,0.0,0.0,0.21046000719070435,0.0,0.0,0.0,0.18887394666671753,0.0,0.0,0.0,0.0,0.18887394666671753,54.0,0.0,-0.18887394666671753,0.5653543472290039,0.8428672552108765,0.006714373826980591
23.31258201599121,114.93589782714844,1.1657315553748049e-5,0.0,0.0,0.0,0.0,-0.4432905522302999,-0.0,0.0,3.45471431187221,2.3832857404436383,0.0,0.0,0.2391349971294403,0.0,0.0,0.0,1.2385001182556152,0.0,0.0,0.0,1.2385001182556152,0.0,55.0,0.0,1.2385001182556152,0.5653543472290039,0.8428672552108765,0.006714373826980591
23.21432113647461,114.2646713256836,1.1656966307782568e-5,0.0,0.0,0.0,0.0,-0.6546374551311107,-0.0,0.0,3.4454999106270927,2.374071339198521,0.0,0.0,0.34427300095558167,0.0,0.0,0.0,1.8378517627716064,0.0,0.0,0.0,1.8378517627716064,0.0,56.0,0.0,1.8378517627716064,0.6155233383178711,0.41025131940841675,0.01160365343093872
23.605894088745117,105.53191375732422,1.1656617061817087e-5,0.0,0.0,0.0,0.0,-0.4652734580989874,-0.0,-0.01,3.4707142421177455,2.3992856706891743,0.39383500814437866,0.0,0.0,0.0,0.0,0.11536496877670288,1.5175781333601543,0.0,0.0,0.0,0.0,1.6329431021368572,57.0,0.14216500520706177,-3.834820032119751,0.6155244708061218,0.4102397561073303,0.01160380244255066
23.047618865966797,179.9980926513672,1.1656267815851606e-5,0.0,0.0,0.0,0.0,-0.01,-0.0,-0.01,3.5489286150251114,2.47750004359654,0.4058389961719513,0.0,0.0,1.1821830486438802,0.0,0.31635176085586825,0.0,0.0,0.0,0.0,0.0,0.31635176085586825,58.0,1.6241610050201416,-0.3163517713546753,0.9999840259552002,0.015078514814376831,1.0
22.67108154296875,179.99807739257812,1.1821593046188354,0.0,0.0,0.0,0.0,-0.01,-0.0,-0.01,3.58742858341762,2.5159998757498605,0.4112839996814728,0.0,0.0,2.5488963586984097,0.0,0.2187513077013331,0.0,0.0,0.0,0.0,0.0,0.2187513077013331,59.0,2.989716053009033,-0.21875131130218506,1.0,0.01382434368133545,1.0
22.295551300048828,179.99807739257812,3.7309439182281494,0.0,0.0,0.0,0.0,-0.01,-0.0,-0.01,3.6272857666015623,2.555857195172991,0.399042010307312,0.0,0.0,4.4073438187916665,0.0,0.163368359208107,0.0,0.0,0.0,0.0,0.0,0.163368359208107,60.0,4.599999904632568,-0.163368359208107,1.0,0.9972540140151978,0.9999972581863403
21.859926223754883,179.9976348876953,8.138043403625488,0.0,0.0,0.0,0.0,0.1062589710726079,-0.0,-0.01,3.683499962942941,2.6120713915143696,0.4126780033111572,0.0,0.0,1.8619565963745117,1.2917662425908394,3.0,0.0,0.0,0.0,0.0,3.0,0.0,61.0,1.8619866371154785,3.0,1.0,0.9980396032333374,0.9972560405731201
23.11201286315918,179.32640075683594,9.999700546264648,0.0,0.0,0.0,0.0,0.4468577310925885,-0.0,0.0,3.739714295523507,2.6682855878557477,0.42735400795936584,0.0,0.0,0.0,4.965085506439209,2.254110336303711,0.0,0.0,0.0,0.0,2.254110336303711,0.0,62.0,0.00032945373095571995,2.254110336303711,1.0,0.9999992847442627,0.9420515298843384
23.999980926513672,178.65516662597656,9.999401092529297,0.0,0.0,0.0,0.0,0.5789307414545888,-0.0,0.0,3.7727142878941127,2.7012857164655415,0.4101420044898987,0.0,0.0,0.0,6.432563282725666,0.18254473042741007,0.0,0.0,0.0,0.0,0.18254473042741007,0.0,63.0,0.0006289074663072824,0.5845491886138916,1.0,1.0,0.6834022402763367
23.999984741210938,159.62515258789062,9.999101638793945,0.0,0.0,0.0,0.0,0.4703569547246438,-0.0,0.0,3.776071493966239,2.7046429225376674,0.42344900965690613,0.0,0.0,0.0,5.2261879704892635,0.02281305566430092,0.0,0.0,0.0,0.0,0.02281305566430092,0.0,64.0,0.000928361201658845,0.02281305566430092,1.0,1.0,0.29399237036705017
23.999984741210938,158.95391845703125,9.998802185058594,0.0,0.0,0.0,0.0,0.24665597871688716,-0.0,0.0,3.7349286215645927,2.663500050136021,0.42343100905418396,0.0,0.0,0.0,2.740621767938137,0.021297253668308258,0.0,0.0,0.0,0.0,0.021297253668308258,0.0,65.0,0.0012278149370104074,0.021297253668308258,1.0,1.0,0.16389498114585876
23.999984741210938,158.28268432617188,9.998502731323242,0.0,0.0,0.0,0.0,-0.01,-0.0,-0.01,3.6094286237444195,2.5380000523158484,0.36195001006126404,0.1702040135860443,0.0,0.0,0.0,0.0,0.0,0.0,0.7516996000229733,0.0,0.7516996000229733,0.0,66.0,-4.599999904632568,0.7516996264457703,1.0,1.0,0.0028078854084014893
23.999984741210938,157.6114501953125,9.057513236999512,0.0,0.0,0.0,0.0,-0.01,-0.0,-0.01,3.568071447099958,2.4966427394321986,0.0,0.7052639722824097,0.0,0.0,0.0,0.0,0.0,0.0,0.9280739132127778,0.0,0.9280739132127778,0.0,67.0,-4.599999904632568,0.9280739426612854,1.0,0.9999998807907104,0.0016492903232574463
23.999984741210938,156.94021606445312,7.390620231628418,0.0,0.0,0.0,0.0,-0.01,-0.0,-0.01,3.5732143402099608,2.5017857687813896,0.0,0.6709100008010864,0.0,0.0,0.0,0.0,0.0,0.0,1.040365774214855,0.0,1.040365774214855,0.0,68.0,-4.599999904632568,2.668433666229248,1.0,0.9992494583129883,0.0008199214935302734
23.999984741210938,148.15867614746094,5.644251346588135,0.0,0.0,0.0,0.0,-0.01,-0.0,-0.01,3.570857129778181,2.499428558349609,0.0,0.5575230121612549,0.0,0.0,0.0,0.0,0.0,0.0,1.3807069868997899,0.0,1.3807069868997899,0.0,69.0,-4.599999904632568,2.395665168762207,0.499877393245697,1.6391277313232422e-6,0.00010833144187927246
23.999984741210938,134.8492889404297,3.666355848312378,0.0,0.0,0.0,0.0,-0.01,-0.0,-0.01,3.557499967302595,2.4860713958740233,0.0,0.4691759943962097,0.0,0.0,0.0,0.0,0.0,0.0,1.0461950766883217,0.0,1.0461950766883217,0.0,70.0,-3.666245937347412,2.2170512676239014,0.9692877531051636,1.0728836059570312e-6,0.00027379393577575684
23.999984741210938,125.74614715576172,2.119995355606079,0.0,0.0,0.0,0.0,-0.01,-0.0,-0.01,3.5498570850917273,2.4784286499023436,0.0,0.4084100127220154,0.0,0.0,0.0,0.0,0.0,0.0,0.36566023673429177,0.0,0.36566023673429177,0.0,71.0,-2.119931697845459,2.0498287677764893,0.9960483312606812,5.960464477539063e-8,0.001010209321975708
23.999984741210938,117.59070587158203,1.3300879001617432,0.0,0.0,0.0,0.0,-0.01,-0.0,-0.01,3.543142809186663,2.4717142377580914,0.0,0.3546009957790375,0.0,0.0,0.0,0.0,0.0,0.0,0.46566492319107056,0.0,0.46566492319107056,0.0,72.0,-1.3300479650497437,0.46566492319107056,0.11514624953269958,0.9741991758346558,2.086162567138672e-6
23.870981216430664,116.91947937011719,0.49306708574295044,0.0,0.0,0.0,0.0,-0.2641535716752558,-0.0,-0.01,3.5308571679251535,2.459428460257394,0.0,0.27628400921821594,0.0,0.0,0.0,0.0,0.8471785385870021,0.0,0.20690719291934556,0.0,1.0540857315063477,0.0,73.0,-0.49305230379104614,1.0540857315063477,0.11514762043952942,0.9741989374160767,2.086162567138672e-6
23.87097930908203,116.24825286865234,1.4847814782115165e-5,0.0,0.0,0.0,0.0,-0.28763138900722574,-0.0,0.0,3.4987143925258093,2.4272858210972377,0.0,0.0,0.24138900637626648,0.0,0.0,0.0,0.7173822522163391,0.0,0.0,0.0,0.7173822522163391,0.0,74.0,0.0,0.7173822522163391,0.1151520311832428,0.9741979837417603,2.086162567138672e-6
23.870975494384766,115.5770263671875,1.4847370039205998e-5,0.0,0.0,0.0,0.0,-0.28336595677796783,-0.0,0.0,3.4707142421177455,2.3992856706891743,0.0,0.0,0.22142000496387482,0.0,0.0,0.0,0.7231331467628479,0.0,0.0,0.0,0.7231331467628479,0.0,75.0,0.0,0.7231331467628479,0.11517307162284851,0.9741935729980469,2.086162567138672e-6
23.870952606201172,114.90579986572266,1.4846925296296831e-5,0.0,0.0,0.0,0.0,-0.3847489062845266,-0.0,0.0,3.4590715135846817,2.3876429421561105,0.0,0.0,0.20653900504112244,0.0,0.0,0.0,1.0759572982788086,0.0,0.0,0.0,1.0759572982788086,0.0,76.0,0.0,1.0759572982788086,0.11517757177352905,0.9741926193237305,2.086162567138672e-6
23.870948791503906,114.23457336425781,1.4846480553387664e-5,0.0,0.0,0.0,0.0,-0.2778157821423122,-0.0,0.0,3.4494998931884764,2.378071321759905,0.0,0.0,0.20070600509643555,0.0,0.0,0.0,0.725346565246582,0.0,0.0,0.0,0.725346565246582,0.0,77.0,0.0,0.725346565246582,0.11630499362945557,0.973956823348999,2.1457672119140625e-6
23.869770050048828,113.56334686279297,1.4846035810478497e-5,0.0,0.0,0.0,0.0,-0.11957542179327874,-0.0,0.0,3.443571308680943,2.372142737252372,0.0,0.0,0.21046000719070435,0.0,0.0,0.0,0.18812471628189087,0.0,0.0,0.0,0.0,0.18812471628189087,78.0,0.0,-0.18812471628189087,0.5653543472290039,0.8428672552108765,0.006714373826980591
23.311494827270508,121.4504623413086,1.484559106756933e-5,0.0,0.0,0.0,0.0,-0.6775845945908454,-0.0,0.0,3.451571546282087,2.3801429748535154,0.0,0.0,0.2391349971294403,0.0,0.0,0.0,2.0194802284240723,0.0,0.0,0.0,2.0194802284240723,0.0,79.0,0.0,2.0194802284240723,0.5653543472290039,0.8428672552108765,0.006714373826980591
23.798776626586914,113.25432586669922,1.4845146324660163e-5,0.0,0.0,0.0,0.0,-0.6430357205087223,-0.0,0.0,3.4532857077462333,2.3818571363176617,0.0,0.0,0.34427300095558167,0.0,0.0,0.0,1.7991793155670166,0.0,0.0,0.0,1.7991793155670166,0.0,80.0,0.0,1.7991793155670166,0.6155247092247009,0.41023731231689453,0.011603832244873047
23.80889320373535,104.03983306884766,1.4844701581750996e-5,0.0,0.0,0.0,0.0,-0.01,-0.0,-0.01,3.478142820085798,2.4067142486572264,0.39383500814437866,0.0,0.0,0.28622367104654245,0.0,0.0,0.0,0.0,0.0,0.0,0.0,0.0,81.0,0.3281649947166443,0.0,0.6155245304107666,0.41023996472358704,0.01160380244255066
23.25061798095703,103.36860656738281,0.2862299382686615,0.0,0.0,0.0,0.0,-0.01,-0.0,-0.01,3.5750000272478375,2.503571319580078,0.4058389961719513,0.0,0.0,0.7320814895061858,0.0,1.4349391460418701,0.0,0.0,0.0,0.0,1.4349391460418701,0.0,82.0,2.3181610107421875,1.4349391460418701,0.6154975891113281,0.4105094075202942,0.011600345373153687
23.643613815307617,90.75055694580078,1.0182808637619019,0.0,0.0,0.0,0.0,-0.01,-0.0,-0.01,3.6807856695992607,2.6093572344098774,0.4112839996814728,0.0,0.0,2.0572197885361447,0.0,1.1479623317718506,0.0,0.0,0.0,0.0,0.0,1.1479623317718506,83.0,3.439716100692749,-1.1479623317718506,0.6866531372070312,0.5037522315979004,0.587952196598053
23.085338592529297,114.0704345703125,3.075408458709717,0.0,0.0,0.0,0.0,0.030429496742486954,-0.0,-0.01,3.798214312962123,2.726785605294364,0.399042010307312,0.0,0.0,1.8511018753051758,0.4492165947715492,1.1578618288040161,0.0,0.0,0.0,0.0,1.1578618288040161,0.0,84.0,1.8511018753051758,1.1578618288040161,0.49264800548553467,0.9202007055282593,0.03843069076538086
23.18673324584961,86.69654846191406,4.92636251449585,0.0,0.0,0.0,0.0,0.37209877189785234,-0.0,-0.01,3.9153571265084404,2.843928691319057,0.4126780033111572,0.0,0.0,0.0,4.245541572570801,1.0284805297851562,0.0,0.0,0.0,0.0,1.0284805297851562,0.0,85.0,-4.599999904632568,1.0284805297851562,0.22071263194084167,0.9669281840324402,1.7404556274414062e-5
23.777841567993164,76.0950698852539,4.926214694976807,0.0,0.0,0.0,0.0,0.039686035605520024,-0.0,-0.01,3.9899285997663227,2.918500028337751,0.42735400795936584,0.0,0.0,4.599999904632568,0.5520670184092102,0.6964517831802368,0.0,0.0,0.0,0.0,0.6964517831802368,0.0,86.0,4.599999904632568,0.6964517831802368,0.9999998807907104,0.9999940991401672,0.0021060407161712646
23.999954223632812,75.42384338378906,9.52592945098877,0.0,0.0,0.0,0.0,0.2733774014713905,-0.0,-0.01,4.002214241027832,2.9307858058384486,0.4101420044898987,0.0,0.0,0.47407054901123047,3.1486375438953265,0.021574851125478745,0.0,0.0,0.0,0.0,0.021574851125478745,0.0,87.0,0.4741005599498749,0.021574851125478745,1.0,1.0,0.0004628896713256836
23.999984741210938,74.75261688232422,9.999700546264648,0.0,0.0,0.0,0.0,0.12718035247541498,-0.0,0.0,3.9815000261579243,2.9100714547293527,0.42344900965690613,0.0,0.0,0.0,1.4131149152003253,0.021635999373344223,0.0,0.0,0.0,0.0,0.021635999373344223,0.0,88.0,0.00032945373095571995,0.021635999903082848,1.0,0.9999999403953552,0.0017476677894592285
23.999984741210938,74.08139038085938,9.999401092529297,0.0,0.0,0.0,0.0,0.04156921221617538,-0.0,0.0,3.924214308602469,2.85278560093471,0.42343100905418396,0.0,0.0,0.0,0.4618800990283489,0.021938879042863846,0.0,0.0,0.0,0.0,0.021938879042863846,0.0,89.0,0.0006289074663072824,0.021938879042863846,1.0,0.9999984502792358,0.002255380153656006
23.999977111816406,73.41016387939453,9.999101638793945,0.0,0.0,0.0,0.0,-0.01,-0.0,-0.01,3.819571440560477,2.7481427328927177,0.07124999910593033,0.4609040319919586,0.0,0.0,0.0,0.0,0.0,0.0,0.651669979095459,0.0,0.651669979095459,0.0,90.0,-4.599999904632568,0.651669979095459,0.9998385906219482,0.9993733167648315,0.002614259719848633
23.996850967407227,72.73893737792969,8.863555908203125,0.0,0.0,0.0,0.0,-0.01,-0.0,-0.01,3.7734999792916435,2.7020715441022602,0.0,0.7052639722824097,0.0,0.0,0.0,0.0,0.0,0.0,0.8028412461280823,0.0,0.8028412461280823,0.0,91.0,-4.599999904632568,0.8028412461280823,0.01747027039527893,0.718932569026947,0.01564168930053711
23.893003463745117,64.10424041748047,7.324453353881836,0.0,0.0,0.0,0.0,-0.01,-0.0,-0.01,3.7483571733747207,2.6769286019461496,0.0,0.6709100008010864,0.0,0.0,0.0,0.0,0.0,0.0,0.13547185063362122,0.0,0.13547185063362122,0.0,92.0,-4.599999904632568,0.13547185063362122,0.7029743194580078,0.22420141100883484,0.12943518161773682
23.5921688079834,47.66258239746094,6.501420021057129,0.0,0.0,0.0,0.0,-0.01,-0.0,-0.01,3.72478575025286,2.6533570425851005,0.0,0.5575230121612549,0.0,0.0,0.0,0.0,0.0,0.0,2.7279911041259766,0.0,0.0,2.7279911041259766,93.0,-4.599999904632568,-2.7279911041259766,0.9897528886795044,0.07685056328773499,0.7420716285705566
23.216697692871094,138.7295379638672,3.1487603187561035,0.0,0.0,0.0,0.0,-0.01,-0.0,-0.01,3.701571410042899,2.6301429748535154,0.0,0.4691759943962097,0.0,0.0,0.0,0.0,0.0,0.0,0.6358073353767395,0.0,0.0,0.6358073353767395,94.0,-3.1486659049987793,-0.6358073353767395,0.07046085596084595,0.6610829830169678,1.2755393981933594e-5
22.658422470092773,170.1289825439453,2.0211658477783203,0.0,0.0,0.0,0.0,-0.01,-0.0,-0.01,3.7003571101597377,2.6289285387311665,0.0,0.4084100127220154,0.0,0.0,0.0,0.0,0.0,0.0,0.3903557360172272,0.0,0.0,0.3903557360172272,95.0,-2.0211052894592285,-0.3903557360172272,4.470348358154297e-7,0.0107383131980896,1.0
22.281930923461914,179.99807739257812,1.2060625553131104,0.0,0.0,0.0,0.0,-0.2794557363149559,-0.0,-0.01,3.6978571210588727,2.6264285496303015,0.0,0.3546009957790375,0.0,0.0,0.0,0.0,0.8981857520258245,0.0,0.8273046988332453,0.0,1.7254904508590698,0.0,96.0,-1.2060264348983765,1.7254904508590698,0.006588369607925415,0.0007044970989227295,0.13347044587135315
23.0443172454834,128.2656707763672,3.6358702345751226e-5,0.0,0.0,0.0,0.0,-0.7354144716427502,-0.0,0.0,3.6876428604125975,2.6162141527448384,0.0,0.0,0.27628400921821594,0.0,0.0,0.0,2.1750974655151367,0.0,0.0,0.0,2.1750974655151367,0.0,97.0,0.0,2.1750974655151367,0.11515334248542786,0.9741977453231812,2.086162567138672e-6
23.870973587036133,127.59444427490234,3.63576109521091e-5,0.0,0.0,0.0,0.0,-0.4764470557946776,-0.0,0.0,3.6634285245622906,2.5920000893729074,0.0,0.0,0.24138900637626648,0.0,0.0,0.0,1.346767783164978,0.0,0.0,0.0,1.346767783164978,0.0,98.0,0.0,1.346767783164978,0.11514604091644287,0.9741992354393005,2.086162567138672e-6
23.870981216430664,126.9232177734375,3.635651955846697e-5,0.0,0.0,0.0,0.0,-0.1731038803102125,-0.0,0.0,3.649285670689174,2.5778570992606027,0.0,0.0,0.22142000496387482,0.0,0.0,0.0,0.35559290647506714,0.0,0.0,0.0,0.35559290647506714,0.0,99.0,0.0,0.35559290647506714,0.11520078778266907,0.9741877913475037,2.086162567138672e-6
23.87092399597168,126.25199127197266,3.6355428164824843e-5,0.0,0.0,0.0,0.0,-0.061961703974473537,-0.0,0.0,3.6642143521990094,2.59278564453125,0.0,0.0,0.20653900504112244,0.0,0.0,0.0,0.0,0.0,0.0,0.0,0.0,0.0,100.0,0.0,0.0,0.5653543472290039,0.8428672552108765,0.006714373826980591
23.858003616333008,125.58076477050781,3.6354336771182716e-5,0.0,0.0,0.0,0.0,-0.36868652378267086,-0.0,0.0,3.7036429268973214,2.63221435546875,0.0,0.0,0.20070600509643555,0.0,0.0,0.0,1.0282490253448486,0.0,0.0,0.0,1.0282490253448486,0.0,101.0,0.0,1.0282490253448486,0.11515897512435913,0.9741965532302856,2.086162567138672e-6
23.870967864990234,124.90953826904297,3.635324537754059e-5,0.0,0.0,0.0,0.0,-0.3619590068641898,-0.0,0.0,3.7356427873883926,2.6642142159598214,0.0,0.0,0.21046000719070435,0.0,0.0,0.0,0.9960699677467346,0.0,0.0,0.0,0.9960699677467346,0.0,102.0,0.0,0.9960699677467346,0.1152849793434143,0.9741702079772949,2.086162567138672e-6
23.87083625793457,124.23831176757812,3.635215398389846e-5,0.0,0.0,0.0,0.0,-0.22149456725496286,-0.0,0.0,3.7397856848580497,2.6683572496686665,0.0,0.0,0.2391349971294403,0.0,0.0,0.0,0.4991801977157593,0.0,0.0,0.0,0.0,0.4991801977157593,103.0,0.0,-0.4991801977157593,0.5653543472290039,0.8428672552108765,0.006714373826980591
23.49434471130371,149.11199951171875,3.635106259025633e-5,0.0,0.0,0.0,0.0,-0.5474627801761134,-0.0,0.0,3.708428600856236,2.6369998931884764,0.0,0.0,0.34427300095558167,0.0,0.0,0.0,1.4806028604507446,0.0,0.0,0.0,1.4806028604507446,0.0,104.0,0.0,1.4806028604507446,0.5653543472290039,0.8428672552108765,0.006714373826980591
23.21432113647461,148.44076538085938,3.6349971196614206e-5,0.0,0.0,0.0,0.0,-0.30959878900046256,-0.0,0.0,3.6504999705723353,2.579071535382952,0.049400001764297485,0.0,0.3444350063800812,0.0,0.0,0.0,0.6875609159469604,0.0,0.0,0.0,0.6875609159469604,0.0,105.0,0.0,0.6875609159469604,0.5653543472290039,0.8428672552108765,0.006714373826980591
23.21432113647461,147.76953125,3.634887980297208e-5,0.0,0.0,0.0,0.0,-0.20938979325253904,-0.0,0.0,3.605857113429478,2.534428678240095,0.38475000858306885,0.0,0.021088987588882446,0.0,0.0,0.0,0.676876962184906,0.0,0.0,0.0,0.0,0.676876962184906,106.0,0.0,-0.676876962184906,0.9999391436576843,0.0004035830497741699,1.0
23.019615173339844,179.99807739257812,3.634778840932995e-5,0.0,0.0,0.0,0.0,-0.01,-0.0,-0.01,3.5843570709228514,2.51292849949428,0.4567109942436218,0.0,0.0,0.1982770053551355,0.0,0.19881555000539006,0.0,0.0,0.0,0.0,0.0,0.19881555000539006,107.0,0.4462890028953552,-0.19881555438041687,0.9999754428863525,0.005237966775894165,1.0
22.643123626708984,179.99807739257812,0.19830740988254547,0.0,0.0,0.0,0.0,-0.01,-0.0,-0.01,3.586928585597447,2.5154998779296873,0.399042010307312,0.0,0.0,1.0029752295838064,0.0,0.01391383446753025,0.0,0.0,0.0,0.0,0.0,0.01391383446753025,108.0,1.1129579544067383,-0.01391383446753025,0.9999964237213135,0.0053282082080841064,1.0
22.084848403930664,179.99807739257812,1.2012466192245483,0.0,0.0,0.0,0.0,-0.01,-0.0,-0.01,3.596142850603376,2.5247142791748045,0.4126780033111572,0.0,0.0,1.3285457691937783,0.0,0.013863053745195017,0.0,0.0,0.0,0.0,0.0,0.013863053745195017,109.0,1.4633220434188843,-4.094357013702393,1.0,0.027243971824645996,1.0
21.34478759765625,179.99807739257812,2.5297164916992188,0.0,0.0,0.0,0.0,-0.5491462421077975,-0.0,-0.01,3.5923571722848076,2.520928464617048,0.42735400795936584,0.0,0.0,0.0,0.0,1.2028459310531616,1.7971540689468384,0.0,0.0,0.0,3.0,0.0,110.0,1.2886459827423096,3.0,1.0,0.9995739459991455,1.0
22.584857940673828,179.32684326171875,2.5296406745910645,0.0,0.0,0.0,0.0,-0.01,-0.0,-0.01,3.570571436200823,2.4991427285330636,0.4101420044898987,0.0,0.0,0.5593461147036329,0.0,0.10589664429426193,0.0,0.0,0.0,0.0,0.0,0.10589664429426193,111.0,0.733858048915863,-0.10589664429426193,1.0,0.9999998807907104,0.9997478127479553
22.20836639404297,179.95773315429688,3.0888941287994385,0.0,0.0,0.0,0.0,-0.8175847439998274,-0.0,-0.01,3.546500015258789,2.4750714438302177,0.42344900965690613,0.0,0.0,0.0,0.0,0.3080509603023529,2.691949039697647,0.0,0.0,0.0,3.0,0.0,112.0,0.34655097126960754,3.002215623855591,1.0,1.0,0.0814504623413086
23.246015548706055,175.53604125976562,3.088801622390747,0.0,0.0,0.0,0.0,-0.5873960685730201,-0.0,-0.01,3.5285714830671036,2.4571429116385324,0.42343100905418396,0.0,0.0,0.0,0.0,0.21116897463798523,1.9246534854312087,0.0,0.0,0.0,2.135822460069194,0.0,113.0,0.24456897377967834,2.1358225345611572,1.0,1.0,0.0014355778694152832
23.999984741210938,174.86480712890625,3.0887091159820557,0.0,0.0,0.0,0.0,-0.01,-0.0,-0.01,3.5024285452706474,2.430999973842076,0.09404999762773514,0.7471539974212646,0.0,0.0,0.0,0.0,0.0,0.0,0.716628781610237,0.0,0.716628781610237,0.0,114.0,-3.0886166095733643,2.9422507286071777,0.976258397102356,8.046627044677734e-7,0.0006416141986846924
23.999984741210938,157.2734832763672,1.5950053930282593,0.0,0.0,0.0,0.0,-0.2815956535031408,-0.0,-0.01,3.4852141789027624,2.413785607474191,0.0,1.2256369590759277,0.0,0.0,0.0,0.0,0.905318809036332,0.0,0.3374212807523236,0.0,1.2427400897886556,0.0,115.0,-1.5949575901031494,2.471754550933838,0.5162497758865356,0.00046569108963012695,0.001163870096206665
23.999984741210938,134.60568237304688,4.8035049985628575e-5,0.0,0.0,0.0,0.0,-0.20127300823819638,-0.0,0.0,3.474142837524414,2.4027142660958427,0.0,0.0,0.6709100008010864,0.0,0.0,0.0,0.0,0.0,0.0,0.0,0.0,0.0,116.0,0.0,0.0,0.7492849826812744,0.009325236082077026,0.0012340247631072998
23.442222595214844,133.9344482421875,4.803360934602097e-5,0.0,0.0,0.0,0.0,-0.16725691029456868,-0.0,0.0,3.4600001198904855,2.388571548461914,0.0,0.0,0.5575230121612549,0.0,0.0,0.0,0.0,0.0,0.0,0.0,0.0,0.0,117.0,0.0,0.0,0.6335513591766357,0.12471401691436768,0.002447366714477539
22.883947372436523,133.26321411132812,4.803216870641336e-5,0.0,0.0,0.0,0.0,-0.4542469132122169,-0.0,0.0,3.436928558349609,2.365499986921038,0.0,0.0,0.4691759943962097,0.0,0.0,0.0,1.0449803228106802,0.0,0.0,0.0,0.0,1.0449803228106802,118.0,0.0,-1.6303112506866455,0.5993881225585938,0.42432549595832825,0.009171009063720703
21.96210289001465,179.9980926513672,4.803072806680575e-5,0.0,0.0,0.0,0.0,-0.12702785706783068,-0.0,0.0,3.4022142682756695,2.3307856968470984,0.0,0.0,0.4084100127220154,0.0,0.0,0.0,0.015016160678642492,0.0,0.0,0.0,0.0,0.015016160678642492,119.0,0.0,-3.8926806449890137,4.470348358154297e-7,0.01074269413948059,1.0
21.040258407592773,179.99807739257812,4.802928742719814e-5,0.0,0.0,0.0,0.0,-0.17214563110617487,-0.0,0.0,3.358785574776786,2.2873570033482142,0.0,0.0,0.3546009957790375,0.0,0.0,0.0,0.21921775177337036,0.0,0.0,0.0,0.0,0.21921775177337036,120.0,0.0,-2.5670084953308105,2.205371856689453e-6,0.00138169527053833,0.9999948740005493
20.30019760131836,179.99807739257812,4.8027846787590533e-5,0.0,0.0,0.0,0.0,-0.9828852418218137,-0.0,0.0,3.319571576799665,2.2481430053710936,0.0,0.0,0.27628400921821594,0.0,0.0,0.0,3.0,0.0,0.0,0.0,3.0,0.0,121.0,0.0,3.0,0.7575929164886475,0.9999995231628418,4.172325134277344e-7
20.872159957885742,179.32684326171875,4.8026406147982925e-5,0.0,0.0,0.0,0.0,-0.972416740553248,-0.0,0.0,3.283142852783203,2.2117142813546318,0.0,0.0,0.24138900637626648,0.0,0.0,0.0,3.0,0.0,0.0,0.0,3.0,0.0,122.0,0.0,3.0,0.7575807571411133,0.9999995231628418,4.172325134277344e-7
21.24594497680664,178.65560913085938,4.802496550837532e-5,0.0,0.0,0.0,0.0,-0.9664260398914815,-0.0,0.0,3.24985716683524,2.1784285954066687,0.0,0.0,0.22142000496387482,0.0,0.0,0.0,3.0,0.0,0.0,0.0,3.0,0.0,123.0,0.0,3.0,0.7574923634529114,0.9999995231628418,4.172325134277344e-7
21.786535263061523,177.984375,4.802352486876771e-5,0.0,0.0,0.0,0.0,-0.9619617397372604,-0.0,0.0,3.224142837524414,2.1527142660958427,0.0,0.0,0.20653900504112244,0.0,0.0,0.0,3.0,0.0,0.0,0.0,3.0,0.0,124.0,0.0,3.0,0.5653543472290039,0.8428672552108765,0.006714373826980591
22.315553665161133,177.31314086914062,4.80220842291601e-5,0.0,0.0,0.0,0.0,-0.9602118396843196,-0.0,0.0,3.209999847412109,2.138571275983538,0.0,0.0,0.20070600509643555,0.0,0.0,0.0,3.0,0.0,0.0,0.0,3.0,0.0,125.0,0.0,3.0,0.5653543472290039,0.8428672552108765,0.006714373826980591
22.83820915222168,176.64190673828125,4.802064358955249e-5,0.0,0.0,0.0,0.0,-0.8707558918299618,-0.0,0.0,3.214285659790039,2.1428570883614677,0.0,0.0,0.21046000719070435,0.0,0.0,0.0,2.6920595169067383,0.0,0.0,0.0,2.6920595169067383,0.0,126.0,0.0,2.6920595169067383,0.5653543472290039,0.8428672552108765,0.006714373826980591
23.21432113647461,175.97067260742188,4.8019202949944884e-5,0.0,0.0,0.0,0.0,-0.6434781240812182,-0.0,0.0,3.2247142246791296,2.153285653250558,0.0,0.0,0.2391349971294403,0.0,0.0,0.0,1.905791997909546,0.0,0.0,0.0,1.905791997909546,0.0,127.0,0.0,1.905791997909546,0.5653543472290039,0.8428672552108765,0.006714373826980591
23.21432113647461,175.2994384765625,4.8017762310337275e-5,0.0,0.0,0.0,0.0,-1.0032819401535154,-0.0,0.0,3.2389286041259764,2.167500032697405,0.0,0.0,0.34427300095558167,0.0,0.0,0.0,3.0,0.0,0.0,0.0,3.0,0.0,128.0,0.0,3.466768741607666,0.5653543472290039,0.8428672552108765,0.006714373826980591
23.931777954101562,165.1800537109375,4.801632167072967e-5,0.0,0.0,0.0,0.0,-0.10091388944442613,-0.0,-0.01,3.2657857077462333,2.1943571363176617,0.39383500814437866,0.0,0.0,0.0,0.0,0.06501498818397522,0.3030462861061096,0.0,0.0,0.0,0.0,0.36806127429008484,129.0,0.08916500210762024,-0.36806127429008484,0.9999700784683228,0.020059823989868164,1.0
23.19171714782715,179.99807739257812,4.801488103112206e-5,0.0,0.0,0.0,0.0,-0.01,-0.0,-0.01,3.3161427089146205,2.2447141374860493,0.4058389961719513,0.0,0.0,0.8615363628631814,0.0,0.015592297103211491,0.0,0.0,0.0,0.0,0.0,0.015592297103211491,130.0,0.9631609916687012,-6.372714519500732,0.9999701976776123,0.01999226212501526,1.0
22.269872665405273,179.99807739257812,0.8615585565567017,0.0,0.0,0.0,0.0,-0.06593205316591465,-0.0,-0.01,3.3570714133126396,2.285642841884068,1.2514309883117676,0.0,0.0,0.0,0.0,0.7236189842224121,0.18644016981124878,0.0,0.0,0.0,0.0,0.9100591540336609,131.0,0.8275690078735352,-0.9100591540336609,0.9945495128631592,0.016022205352783203,0.9999977350234985
21.52981185913086,179.99771118164062,0.8615327477455139,0.0,0.0,0.0,0.0,-0.01,-0.0,-0.01,3.3955715179443358,2.3241429465157646,0.47059300541877747,0.0,0.0,0.2779712246895859,0.0,1.2388629701894398,0.0,0.0,0.0,0.0,0.0,1.2388629701894398,132.0,1.6274070739746094,-1.2388629913330078,0.9999984502792358,0.006360679864883423,1.0
21.1533203125,179.9980926513672,1.139469861984253,0.0,0.0,0.0,0.0,-0.01,-0.0,-0.01,3.43499995640346,2.3635713849748883,0.5296559929847717,0.0,0.0,1.9455184372718446,0.0,0.4291710452874781,0.0,0.0,0.0,0.0,0.0,0.4291710452874781,133.0,2.5693440437316895,-0.42917105555534363,1.0,0.9830188155174255,1.0
20.59504508972168,179.99807739257812,3.0848958492279053,0.0,0.0,0.0,0.0,-0.01,-0.0,-0.01,3.4683570316859655,2.396928460257394,0.42735400795936584,0.0,0.0,1.0903559348603835,0.0,1.5275877714157104,0.0,0.0,0.0,0.0,0.0,1.5275877714157104,134.0,2.8016459941864014,-1.5275877714157104,0.9999855160713196,0.10667061805725098,0.9993674755096436
20.21855354309082,179.89688110351562,4.175126552581787,0.0,0.0,0.0,0.0,-0.01,-0.0,-0.01,3.490499986921038,2.4190714154924664,0.4101420044898987,0.0,0.0,1.1519786081407233,0.0,0.9888697862625122,0.0,0.0,0.0,0.0,0.0,0.9888697862625122,135.0,2.2998580932617188,-0.9888697862625122,0.9999203085899353,0.9051872491836548,0.9687835574150085
19.478492736816406,175.0034637451172,5.3269453048706055,0.0,0.0,0.0,0.0,-0.1322342062884252,-0.0,-0.01,3.4974285670689174,2.425999995640346,0.42344900965690613,0.0,0.0,0.0,0.0,1.270400881767273,0.40744733810424805,0.0,0.0,0.0,1.677848219871521,0.0,136.0,1.359550952911377,1.677848219871521,0.9982767105102539,0.9799959659576416,0.30437716841697693
19.436870574951172,146.76168823242188,5.326785564422607,0.0,0.0,0.0,0.0,-0.5821128720884661,-0.0,-0.01,3.4846427917480467,2.4132142203194755,0.42343100905418396,0.0,0.0,0.0,0.0,0.13801899552345276,1.9070428311824799,0.0,0.0,0.0,2.0450618267059326,0.0,137.0,0.16756901144981384,2.0450618267059326,0.999774158000946,0.9959543943405151,0.1434253454208374
19.765243530273438,137.5928497314453,5.326625823974609,0.0,0.0,0.0,0.0,-0.01,-0.0,-0.01,3.4556429181780133,2.384214346749442,0.026600001379847527,0.5055540204048157,0.0,0.0,0.0,0.0,0.0,0.0,3.0,0.0,3.0,0.0,138.0,-4.599999904632568,3.0,0.9998999834060669,0.9881815314292908,0.07971715927124023
20.671628952026367,136.92161560058594,1.749477505683899,0.0,0.0,0.0,0.0,-0.6072483163659471,-0.0,-0.01,3.4274285997663223,2.356000028337751,0.0,0.7052639722824097,0.0,0.0,0.0,0.0,1.9908276421114408,0.0,1.0091723578885592,0.0,3.0,0.0,139.0,-1.7494250535964966,3.0,0.5345971584320068,0.4850006103515625,0.030791252851486206
21.110342025756836,136.25038146972656,5.271144618745893e-5,0.0,0.0,0.0,0.0,-0.7588124457523193,-0.0,0.0,3.411000061035156,2.339571489606585,0.0,0.0,0.6709100008010864,0.0,0.0,0.0,1.8584647178649902,0.0,0.0,0.0,1.8584647178649902,0.0,140.0,0.0,1.8584647178649902,0.5733091831207275,0.46423599123954773,0.008499741554260254
21.321165084838867,135.5791473388672,5.2709867304656655e-5,0.0,0.0,0.0,0.0,-0.8711428988434022,-0.0,0.0,3.4010001046316964,2.329571533203125,0.0,0.0,0.5575230121612549,0.0,0.0,0.0,2.3462865352630615,0.0,0.0,0.0,2.3462865352630615,0.0,141.0,0.0,2.3462865352630615,0.3376571238040924,0.19263648986816406,0.006626933813095093
21.414493560791016,125.88227081298828,5.270828842185438e-5,0.0,0.0,0.0,0.0,-0.395356265519311,-0.0,0.0,3.3952142987932477,2.3237857273646765,0.0,0.0,0.4691759943962097,0.0,0.0,0.0,0.8486781716346741,0.0,0.0,0.0,0.8486781716346741,0.0,142.0,0.0,0.8486781716346741,0.5465209484100342,0.34861916303634644,0.03304371237754822
20.743080139160156,125.21104431152344,5.27067095390521e-5,0.0,0.0,0.0,0.0,-0.5191302207760096,-0.0,0.0,3.3921429225376674,2.320714351109096,0.0,0.0,0.4084100127220154,0.0,0.0,0.0,1.3220239877700806,0.0,0.0,0.0,1.3220239877700806,0.0,143.0,0.0,1.3220239877700806,0.4576289653778076,0.26242801547050476,0.03017359972000122
20.312124252319336,124.5398178100586,5.270513065624982e-5,0.0,0.0,0.0,0.0,-0.528768694550541,-0.0,0.0,3.3896429334368023,2.318214362008231,0.0,0.0,0.3546009957790375,0.0,0.0,0.0,1.4079612493515015,0.0,0.0,0.0,1.4079612493515015,0.0,144.0,0.0,1.4079612493515015,0.35181111097335815,0.18448829650878906,0.019890815019607544
19.922426223754883,123.86859130859375,5.270355177344754e-5,0.0,0.0,0.0,0.0,-0.32621965214489457,-0.0,0.0,3.3863571166992186,2.3149285452706474,0.0,0.0,0.27628400921821594,0.0,0.0,0.0,0.8111147880554199,0.0,0.0,0.0,0.8111147880554199,0.0,145.0,0.0,0.8111147880554199,0.10250416398048401,0.0431789755821228,0.00337904691696167
19.215879440307617,123.1973648071289,5.2701972890645266e-5,0.0,0.0,0.0,0.0,-0.972416740553248,-0.0,0.0,3.3838571275983536,2.3124285561697824,0.0,0.0,0.24138900637626648,0.0,0.0,0.0,3.0,0.0,0.0,0.0,3.0,0.0,146.0,0.0,3.0,0.20909038186073303,0.16165852546691895,0.02423691749572754
19.612455368041992,122.52613830566406,5.270039400784299e-5,0.0,0.0,0.0,0.0,-0.4409901779290104,-0.0,0.0,3.381714357648577,2.3102857862200055,0.0,0.0,0.22142000496387482,0.0,0.0,0.0,1.2485471963882446,0.0,0.0,0.0,1.2485471963882446,0.0,147.0,0.0,1.2485471963882446,0.027785807847976685,0.0223846435546875,0.00020843744277954102
19.111907958984375,121.85491180419922,5.269881512504071e-5,0.0,0.0,0.0,0.0,-0.729049786092828,-0.0,0.0,3.3819285256522043,2.3104999542236326,0.0,0.0,0.20653900504112244,0.0,0.0,0.0,2.2236268520355225,0.0,0.0,0.0,2.2236268520355225,0.0,148.0,0.0,2.2236268520355225,0.027849853038787842,0.022458910942077637,0.00020888447761535645
19.112279891967773,121.18368530273438,5.269723624223843e-5,0.0,0.0,0.0,0.0,-0.9602118396843196,-0.0,0.0,3.3892143249511717,2.3177857535226005,0.0,0.0,0.20070600509643555,0.0,0.0,0.0,3.0,0.0,0.0,0.0,3.0,0.0,149.0,0.0,3.0,0.5653543472290039,0.8428672552108765,0.006714373826980591
19.515588760375977,120.51245880126953,5.2695657359436154e-5,0.0,0.0,0.0,0.0,-0.963138040428877,-0.0,0.0,3.394428471156529,2.3229998997279577,0.0,0.0,0.21046000719070435,0.0,0.0,0.0,3.0,0.0,0.0,0.0,3.0,0.0,150.0,0.0,3.0,0.5653543472290039,0.8428672552108765,0.006714373826980591
19.92339324951172,119.84123229980469,5.2694078476633877e-5,0.0,0.0,0.0,0.0,-0.9717405377523303,-0.0,0.0,3.3968570709228514,2.32542849949428,0.0,0.0,0.2391349971294403,0.0,0.0,0.0,3.0,0.0,0.0,0.0,3.0,0.0,151.0,0.0,3.0,0.5653543472290039,0.8428672552108765,0.006714373826980591
20.325180053710938,119.17000579833984,5.26924995938316e-5,0.0,0.0,0.0,0.0,-1.0032819401535154,-0.0,0.0,3.4005001068115233,2.329071535382952,0.0,0.0,0.34427300095558167,0.0,0.0,0.0,3.0,0.0,0.0,0.0,3.0,0.0,152.0,0.0,3.0,0.6155210137367249,0.410273939371109,0.011603355407714844
20.72459602355957,118.498779296875,5.269092071102932e-5,0.0,0.0,0.0,0.0,-0.8556169583645234,-0.0,-0.01,3.4257141658238,2.354285594395229,0.39383500814437866,0.0,0.0,0.0,0.0,0.02606499195098877,2.8187230825424194,0.0,0.0,0.0,2.844788074493408,0.0,153.0,0.04816499352455139,2.844788074493408,0.615524172782898,0.41024208068847656,0.011603772640228271
21.05119514465332,117.82755279541016,5.268934182822704e-5,0.0,0.0,0.0,0.0,-0.04226032385271083,-0.0,-0.01,3.527285657610212,2.4558570861816404,0.5079860091209412,0.0,0.0,0.0,0.0,1.457563877105713,0.10753440856933594,0.0,0.0,0.0,0.0,1.5650982856750488,154.0,1.56101393699646,-1.5650982856750488,0.9664618968963623,0.49671682715415955,0.9999669790267944
19.931987762451172,179.9927978515625,5.2687762945424765e-5,0.0,0.0,0.0,0.0,-0.01,-0.0,-0.01,3.58242860521589,2.5109998975481305,0.4112839996814728,0.0,0.0,2.681981062635714,0.0,1.0966005325317383,0.0,0.0,0.0,0.0,0.0,1.0966005325317383,155.0,4.056715965270996,-1.0966005325317383,0.9994171857833862,0.35922539234161377,0.9999825954437256
19.10103416442871,179.9953155517578,2.6819534301757812,0.0,0.6390260879769016,0.0,0.0,-0.5963723112421628,-0.6390260879769016,-0.01,3.6024285180228097,2.5310000828334265,0.399042010307312,0.0,0.0,4.599999904632568,0.5850419172243653,0.3649887442588806,0.0,0.0,0.0,0.0,0.0,0.3649887442588806,156.0,4.599999904632568,-0.3649887442588806,0.9999974966049194,0.9850773811340332,0.9999984502792358
18.360973358154297,179.99783325195312,7.281734943389893,0.0,0.0,0.0,0.0,0.10365678684636878,-0.0,-0.01,3.6099286215645927,2.538500050136021,0.4126780033111572,0.0,0.0,2.4302711486816406,1.262853086819327,3.0,0.0,0.0,0.0,0.0,3.0,0.0,157.0,2.4302711486816406,3.0,0.9711976051330566,0.9641251564025879,0.9986718893051147
19.064109802246094,179.32659912109375,9.711714744567871,0.0,0.0,0.0,0.0,0.2771126912455607,-0.0,-0.01,3.608928625924247,2.537500054495675,0.42735400795936584,0.0,0.0,0.28788039088249207,3.190140760309949,3.0,0.0,0.0,0.0,0.0,3.0,0.0,158.0,0.28788039088249207,3.0,0.999956488609314,0.9992200136184692,0.9851614236831665
19.94806671142578,178.65536499023438,9.999295234680176,0.0,0.0,0.0,0.0,0.46701166079534157,-0.0,0.0,3.6036428179059707,2.5322142464773996,0.4101420044898987,0.0,0.0,0.0,5.189018040895462,0.45613977313041687,0.0,0.0,0.0,0.0,0.0,0.45613977313041687,159.0,0.0007347653154283762,-0.45613977313041687,1.0,0.999998927116394,0.9992915391921997
19.753360748291016,179.8847198486328,9.998995780944824,0.0,0.0,0.0,0.0,0.09108911284519096,-0.0,0.0,3.5900714874267576,2.5186429159981865,0.42344900965690613,0.0,0.0,0.0,1.012101173400879,3.0,0.0,0.0,0.0,0.0,3.0,0.0,160.0,0.0010342190507799387,3.0,1.0,0.9999990463256836,0.7369268536567688
20.992403030395508,179.21348571777344,9.998696327209473,0.0,0.0,0.0,0.0,-0.2905892487601136,-0.0,0.0,3.562071473257882,2.4906427655901227,0.42343100905418396,0.0,0.0,0.0,0.0,2.031369209289551,0.9686307907104492,0.0,0.0,0.0,3.0,0.0,161.0,0.0013336727861315012,3.0,1.0,1.0,0.3301083445549011
22.4006290435791,178.54225158691406,9.998396873474121,0.0,0.0,0.0,0.0,-0.01,-0.0,-0.01,3.495357186453683,2.423928615025112,0.33249998092651367,0.19965404272079468,0.0,0.0,0.0,0.0,0.0,0.0,3.0,0.0,3.0,0.0,162.0,-4.599999904632568,3.0,1.0,1.0,0.02981582283973694
23.142072677612305,177.8710174560547,6.733242034912109,0.0,0.0,0.0,0.0,-0.01,-0.0,-0.01,3.4354999542236326,2.3640713827950615,0.0,0.7052639722824097,0.0,0.0,0.0,0.0,0.0,0.0,3.0,0.0,3.0,0.0,163.0,-4.599999904632568,3.163236141204834,1.0,0.9998054504394531,0.02966552972793579
23.7667179107666,168.1598358154297,2.9522719383239746,0.0,0.0,0.0,0.0,-0.01,-0.0,-0.01,3.402071489606585,2.3306429181780133,0.0,0.6709100008010864,0.0,0.0,0.0,0.0,0.0,0.0,0.0,0.0,0.0,0.0,164.0,-2.952183485031128,0.0,0.9762567281723022,8.046627044677734e-7,0.0006416440010070801
23.026657104492188,167.4886016845703,2.26760196685791,0.0,0.0,0.0,0.0,-0.3097853106730055,-0.0,-0.01,3.381714357648577,2.3102857862200055,0.0,0.5575230121612549,0.0,0.0,0.0,0.0,0.9992843292020268,0.0,1.664660153601318,0.0,2.6639444828033447,0.0,165.0,-2.267534017562866,2.6639444828033447,0.06440335512161255,0.0024228692054748535,2.5987625122070312e-5
23.637901306152344,138.03269958496094,6.816632958361879e-5,0.0,0.0,0.0,0.0,-0.7940134031302809,-0.0,0.0,3.3742857796805246,2.302857208251953,0.0,0.0,0.4691759943962097,0.0,0.0,0.0,2.177535244200538,0.0,0.0,0.0,2.177535244200538,0.0,166.0,0.0,2.383476734161377,0.6865477561950684,0.2836926579475403,0.012961596250534058
23.999984741210938,127.33623504638672,6.81642850395292e-5,0.0,0.0,0.0,0.0,-0.45250657806819916,-0.0,0.0,3.3769999367850168,2.305571365356445,0.0,0.0,0.4084100127220154,0.0,0.0,0.0,1.0999451875686646,0.0,0.0,0.0,1.0999451875686646,0.0,167.0,0.0,1.0999451875686646,0.17812252044677734,0.9997803568840027,8.940696716308594e-8
23.998886108398438,126.66500854492188,6.816224049543962e-5,0.0,0.0,0.0,0.0,-0.5421607501173309,-0.0,0.0,3.381785746983119,2.310357175554548,0.0,0.0,0.3546009957790375,0.0,0.0,0.0,1.452601432800293,0.0,0.0,0.0,1.452601432800293,0.0,168.0,0.0,1.452601432800293,0.15240800380706787,0.9991399049758911,2.086162567138672e-7
23.995683670043945,125.99378204345703,6.816019595135003e-5,0.0,0.0,0.0,0.0,-0.6311092240059057,-0.0,0.0,3.37792854309082,2.306499971662249,0.0,0.0,0.27628400921821594,0.0,0.0,0.0,1.8274133205413818,0.0,0.0,0.0,1.8274133205413818,0.0,169.0,0.0,1.8274133205413818,0.9999954700469971,0.9999568462371826,3.2514333724975586e-5
23.99976921081543,125.32255554199219,6.815815140726045e-5,0.0,0.0,0.0,0.0,-0.6221704670655903,-0.0,0.0,3.3696427481515068,2.298214176722935,0.0,0.0,0.25010401010513306,0.0,0.0,0.0,1.8237974643707275,0.0,0.0,0.0,1.8237974643707275,0.0,170.0,0.0,1.8237974643707275,0.9999758005142212,0.9999542236328125,4.0531158447265625e-6
23.999755859375,124.65132904052734,6.815610686317086e-5,0.0,0.0,0.0,0.0,-0.6162624946738271,-0.0,0.0,3.3530714307512555,2.2816428593226843,0.0,0.0,0.22142000496387482,0.0,0.0,0.0,1.8327882289886475,0.0,0.0,0.0,1.8327882289886475,0.0,171.0,0.0,1.8327882289886475,0.9999966025352478,0.9999493956565857,7.316470146179199e-5
23.999731063842773,123.9801025390625,6.815406231908128e-5,0.0,0.0,0.0,0.0,-0.7251582225226638,-0.0,0.0,3.328214318411691,2.2567857469831196,0.0,0.0,0.20653900504112244,0.0,0.0,0.0,2.2106549739837646,0.0,0.0,0.0,2.2106549739837646,0.0,172.0,0.0,2.2106549739837646,0.9999966621398926,0.9999493956565857,7.316470146179199e-5
23.999731063842773,123.30887603759766,6.815201777499169e-5,0.0,0.0,0.0,0.0,-0.6187815821618274,-0.0,0.0,3.3016427721296036,2.2302142007010324,0.0,0.0,0.20070600509643555,0.0,0.0,0.0,1.8618991868157562,0.0,0.0,0.0,1.8618991868157562,0.0,173.0,0.0,2.223379135131836,0.9999986290931702,0.9995220899581909,0.00012117624282836914
23.999984741210938,115.11370086669922,6.81499732309021e-5,0.0,0.0,0.0,0.0,-0.6254514883141304,-0.0,0.0,3.2778570447649273,2.206428473336356,0.0,0.0,0.21046000719070435,0.0,0.0,0.0,1.8743782043457031,0.0,0.0,0.0,1.8743782043457031,0.0,174.0,0.0,1.8743782043457031,0.9999966025352478,0.9999493360519409,7.319450378417969e-5
23.999731063842773,114.44247436523438,6.814792868681252e-5,0.0,0.0,0.0,0.0,-0.5443137281256336,-0.0,0.0,3.2636429377964564,2.1922143663678852,0.0,0.0,0.2391349971294403,0.0,0.0,0.0,1.5752440245257269,0.0,0.0,0.0,0.0,1.5752440245257269,175.0,0.0,-4.138828754425049,0.6155135035514832,0.4103504717350006,0.01160237193107605
23.0778865814209,179.99807739257812,6.814588414272293e-5,0.0,0.0,0.0,0.0,-0.8643579558276304,-0.0,0.0,3.258714348929269,2.1872857775006977,0.0,0.0,0.34427300095558167,0.0,0.0,0.0,2.5369200706481934,0.0,0.0,0.0,2.5369200706481934,0.0,176.0,0.0,2.5369200706481934,0.5653543472290039,0.8428672552108765,0.006714373826980591
23.21432113647461,179.32684326171875,6.814383959863335e-5,0.0,0.0,0.0,0.0,-0.01,-0.0,-0.01,3.2865000588553293,2.2150714874267576,0.4304429888725281,0.0,0.0,0.17986045770227577,0.0,0.44337597489356995,0.0,0.0,0.0,0.0,0.0,0.44337597489356995,177.0,0.6825570464134216,-0.44337597489356995,0.9999701976776123,0.01999354362487793,1.0
22.65604591369629,179.99807739257812,0.17992320656776428,0.0,0.0,0.0,0.0,-0.01,-0.0,-0.01,3.368499973842076,2.2970714024135046,0.40821000933647156,0.0,0.0,0.27223427348690166,0.0,3.0,0.0,0.0,0.0,0.0,3.0,0.0,178.0,3.471790075302124,3.0,0.9724819660186768,0.9956731796264648,0.9996931552886963
23.25002670288086,179.32684326171875,0.45214393734931946,0.0,0.0,0.0,0.0,-0.01,-0.0,-0.01,3.4654287065778457,2.3940001351492746,0.4112839996814728,0.0,0.0,2.041845838232348,0.0,3.0,0.0,0.0,0.0,0.0,3.0,0.0,179.0,4.599999904632568,3.0,0.9999973773956299,0.9991728067398071,0.9999772310256958
23.978002548217773,178.65560913085938,2.49391508102417,0.0,0.0,0.0,0.0,-0.01,-0.0,-0.01,3.5608571733747207,2.4894286019461496,0.399042010307312,0.0,0.0,3.3547919187213324,0.0,1.085400938987732,0.0,0.0,0.0,0.0,1.085400938987732,0.0,180.0,4.599999904632568,1.085400938987732,0.9999998807907104,0.9999998807907104,0.06486427783966064
23.999984741210938,177.984375,5.848531723022461,0.0,0.0,0.0,0.0,-0.01,-0.0,-0.01,3.6169999803815567,2.5455714089529855,0.4126780033111572,0.0,0.0,1.9468300482452343,0.0,1.1974607147123666,0.0,0.0,0.0,0.0,1.1974607147123666,0.0,181.0,3.373322010040283,2.9858477115631104,1.0,1.0,0.013727754354476929
23.999984741210938,167.96047973632812,7.795127868652344,0.0,0.0,0.0,0.0,-0.01,-0.0,-0.01,3.6608571461268835,2.589428438459124,0.42735400795936584,0.0,0.0,1.179985616523112,0.0,0.6846789717674255,0.0,0.0,0.0,0.0,0.6846789717674255,0.0,182.0,2.010645866394043,0.6846789717674255,1.0,1.0,0.1039600670337677
23.999984741210938,167.28924560546875,8.974843978881836,0.0,0.0,0.0,0.0,0.01728937257790239,-0.0,-0.01,3.7099999836512976,2.638571548461914,0.4101420044898987,0.0,0.0,1.025156021118164,0.30321522676820045,1.0041150808240271,0.0,0.0,0.0,0.0,1.0041150808240271,0.0,183.0,1.0251860618591309,1.004115104675293,1.0,1.0,0.05586707592010498
23.999984741210938,166.61801147460938,9.999700546264648,0.0,0.0,0.0,0.0,-0.015287364585620043,-0.0,0.0,3.7288571221487863,2.657428686959403,0.42344900965690613,0.0,0.0,0.0,0.0,1.5962507724761963,0.05095787992718259,0.0,0.0,0.0,1.6472086524033789,0.0,184.0,0.00032945373095571995,1.6472086906433105,1.0,0.9999999403953552,0.031689226627349854
23.999984741210938,165.94677734375,9.999401092529297,0.0,0.0,0.0,0.0,-0.42980550659873645,-0.0,0.0,3.71707147870745,2.6456429072788783,0.42343100905418396,0.0,0.0,0.0,0.0,0.2206689417362213,1.4326849650660025,0.0,0.0,0.0,1.6533539068022238,0.0,185.0,0.0006289074663072824,1.6533539295196533,1.0,1.0,0.015196412801742554
23.999984741210938,165.27554321289062,9.999101638793945,0.0,0.0,0.0,0.0,-0.01,-0.0,-0.01,3.681857190813337,2.6104286193847654,0.0750500038266182,0.45710402727127075,0.0,0.0,0.0,0.0,0.0,0.0,1.6691670351903265,0.0,1.6691670351903265,0.0,186.0,-4.599999904632568,1.6691670417785645,1.0,1.0,0.011843681335449219
23.999984741210938,164.60430908203125,7.829202651977539,0.0,0.0,0.0,0.0,-0.01,-0.0,-0.01,3.6514285768781387,2.5799998692103796,0.0,0.7052639722824097,0.0,0.0,0.0,0.0,0.0,0.0,1.3511797425128602,0.0,1.3511797425128602,0.0,187.0,-4.599999904632568,2.6793410778045654,1.0,0.9999998807907104,0.0016331374645233154
23.999984741210938,152.83108520507812,5.730618953704834,0.0,0.0,0.0,0.0,-0.01,-0.0,-0.01,3.6337857382638115,2.56235716683524,0.0,0.6709100008010864,0.0,0.0,0.0,0.0,0.0,0.0,2.0247570948997065,0.0,2.0247570948997065,0.0,188.0,-4.599999904632568,2.455173969268799,0.37580981850624084,0.01627972722053528,0.006852775812149048
23.999984741210938,141.74388122558594,2.979848861694336,0.0,0.0,0.0,0.0,-0.01,-0.0,-0.01,3.6232856478009903,2.551857212611607,0.0,0.5575230121612549,0.0,0.0,0.0,0.0,0.0,0.0,1.6961496411175672,0.0,1.6961496411175672,0.0,189.0,-2.979759454727173,2.263943672180176,0.3845455050468445,0.33456143736839294,0.0005223453044891357
23.999984741210938,130.87791442871094,0.6801625490188599,0.0,0.0,0.0,0.0,-0.4601279295017513,-0.0,-0.01,3.6197856630597793,2.548357227870396,0.0,0.4691759943962097,0.0,0.0,0.0,0.0,1.500426372050917,0.0,0.19736328270704462,0.0,1.6977896547579616,0.0,190.0,-0.6801421642303467,2.0874862670898438,0.57057785987854,0.39742374420166016,0.00414729118347168
23.999984741210938,122.68206787109375,2.0442150344024412e-5,0.0,0.0,0.0,0.0,-0.47777703876643657,-0.0,0.0,3.6247857775006973,2.553357206072126,0.0,0.0,0.4084100127220154,0.0,0.0,0.0,1.1841800532155964,0.0,0.0,0.0,0.0,1.1841800532155964,191.0,0.0,-1.961300253868103,0.4205530881881714,0.6023523211479187,0.0007356107234954834
23.078140258789062,179.99807739257812,2.0441537344595417e-5,0.0,0.0,0.0,0.0,-0.789270244609126,-0.0,0.0,3.631071444920131,2.559642737252372,0.0,0.0,0.3546009957790375,0.0,0.0,0.0,2.2762997150421143,0.0,0.0,0.0,2.2762997150421143,0.0,192.0,0.0,2.2762997150421143,0.5653543472290039,0.8428672552108765,0.006714373826980591
23.21432113647461,179.32684326171875,2.0440924345166422e-5,0.0,0.0,0.0,0.0,-0.5904493655939635,-0.0,0.0,3.632428523472377,2.560999952043806,0.0,0.0,0.27628400921821594,0.0,0.0,0.0,1.691880464553833,0.0,0.0,0.0,1.691880464553833,0.0,193.0,0.0,1.691880464553833,0.5653543472290039,0.8428672552108765,0.006714373826980591
23.21432113647461,178.65560913085938,2.0440311345737427e-5,0.0,0.0,0.0,0.0,-0.5808306239378691,-0.0,0.0,3.626357160295759,2.5549285888671873,0.0,0.0,0.24138900637626648,0.0,0.0,0.0,1.6947129964828491,0.0,0.0,0.0,1.6947129964828491,0.0,194.0,0.0,1.6947129964828491,0.5653543472290039,0.8428672552108765,0.006714373826980591
23.21432113647461,177.984375,2.0439698346308433e-5,0.0,0.0,0.0,0.0,-0.5723783705583552,-0.0,0.0,3.6439999989100866,2.572571563720703,0.0,0.0,0.22142000496387482,0.0,0.0,0.0,1.6865078210830688,0.0,0.0,0.0,1.6865078210830688,0.0,195.0,0.0,1.6865078210830688,0.5653543472290039,0.8428672552108765,0.006714373826980591
23.21432113647461,177.31314086914062,2.0439085346879438e-5,0.0,0.0,0.0,0.0,-0.46334267609686286,-0.0,0.0,3.6875714710780554,2.616142763410296,0.0,0.0,0.20653900504112244,0.0,0.0,0.0,1.337936520576477,0.0,0.0,0.0,1.337936520576477,0.0,196.0,0.0,1.337936520576477,0.5653543472290039,0.8428672552108765,0.006714373826980591
23.21432113647461,176.64190673828125,2.0438472347450443e-5,0.0,0.0,0.0,0.0,-0.5562561256192566,-0.0,0.0,3.716785648890904,2.6453570774623327,0.0,0.0,0.20070600509643555,0.0,0.0,0.0,1.6534810066223145,0.0,0.0,0.0,1.6534810066223145,0.0,197.0,0.0,1.6534810066223145,0.5653543472290039,0.8428672552108765,0.006714373826980591
23.21432113647461,175.97067260742188,2.0437859348021448e-5,0.0,0.0,0.0,0.0,-0.4597099457069209,-0.0,0.0,3.7562857491629464,2.684857177734375,0.0,0.0,0.2189050018787384,0.0,0.0,0.0,1.313461422920227,0.0,0.0,0.0,1.313461422920227,0.0,198.0,0.0,1.313461422920227,0.5653543472290039,0.8428672552108765,0.006714373826980591
23.21432113647461,175.2994384765625,2.0437246348592453e-5,0.0,0.0,0.0,0.0,-0.9080302748294766,-0.0,0.0,3.771428598676409,2.6999998910086496,0.0,0.0,0.2391349971294403,0.0,0.0,0.0,2.787632465362549,0.0,0.0,0.0,2.787632465362549,0.0,199.0,0.0,2.787632465362549,0.5653543472290039,0.8428672552108765,0.006714373826980591
23.86948013305664,165.41758728027344,2.0436633349163458e-5,0.0,0.0,0.0,0.0,-0.1727386438941414,-0.0,0.0,3.7658570970807754,2.6944285256522043,0.0,0.0,0.4254949986934662,0.0,0.0,0.0,0.15030045807361603,0.0,0.0,0.0,0.15030045807361603,0.0,200.0,0.0,0.15030045807361603,0.5653543472290039,0.8428672552108765,0.006714373826980591
23.21432113647461,164.74635314941406,2.0436020349734463e-5,0.0,0.0,0.0,0.0,-0.28856137049262354,-0.0,0.0,3.7384286063058036,2.667000034877232,0.0,0.0,0.47356098890304565,0.0,0.0,0.0,0.48831020785103885,0.0,0.0,0.0,0.0,0.48831020785103885,201.0,0.0,-5.369007587432861,0.9999701976776123,0.019991695880889893,1.0
22.11069107055664,179.99807739257812,2.0435407350305468e-5,0.0,0.0,0.0,0.0,-0.3419120149577459,-0.0,0.0,3.7112142835344586,2.6397857121058874,0.10164999961853027,0.0,0.41613197326660156,0.0,0.0,0.0,0.723574697971344,0.0,0.0,0.0,0.0,0.723574697971344,202.0,0.0,-0.723574697971344,0.999963104724884,0.007971465587615967,1.0
21.370630264282227,179.99807739257812,2.0434794350876473e-5,0.0,0.0,0.0,0.0,-0.6046429459112057,-0.0,-0.01,3.7001428059169226,2.628714370727539,0.4112839996814728,0.0,0.0,0.0,0.0,0.12356600165367126,1.982143074274063,0.0,0.0,0.0,0.0,2.1057090759277344,203.0,0.15171602368354797,-2.1057090759277344,0.9583972692489624,0.006826967000961304,0.9999991655349731
20.812355041503906,179.99794006347656,2.0434181351447478e-5,0.0,0.0,0.0,0.0,-0.01,-0.0,-0.01,3.7157142639160154,2.6442856924874443,0.44989800453186035,0.0,0.0,0.5076550355271849,0.0,0.5729866551645952,0.0,0.0,0.0,0.0,0.0,0.5729866551645952,204.0,1.1721019744873047,-0.5729866623878479,0.9999999403953552,0.00684124231338501,1.0
20.435863494873047,179.99807739257812,0.5076602697372437,0.0,0.0,0.0,0.0,-0.01,-0.0,-0.01,3.754071453639439,2.6826427459716795,0.4126780033111572,0.0,0.0,2.308562505770702,0.0,0.1661960631608963,0.0,0.0,0.0,0.0,0.0,0.1661960631608963,205.0,2.6763219833374023,-0.1661960631608963,0.9999998807907104,0.6911437511444092,0.9999993443489075
19.513504028320312,179.9979705810547,2.81613826751709,0.0,0.0,0.0,0.0,-0.05495625674550752,-0.0,-0.01,3.7865000588553293,2.7150714874267576,0.42735400795936584,0.0,0.0,0.0,0.0,2.8501458168029785,0.14985418319702148,0.0,0.0,0.0,3.0,0.0,206.0,3.022645950317383,3.0,1.0,0.9999916553497314,0.9999203681945801
20.386991500854492,179.3267364501953,2.816053867340088,0.0,0.0,0.0,0.0,-0.2569876149093153,-0.0,-0.01,3.8076428822108674,2.7362141745431083,0.4101420044898987,0.0,0.0,0.0,0.0,2.1767079830169678,0.8232920169830322,0.0,0.0,0.0,3.0,0.0,207.0,2.3128581047058105,3.0,1.0,0.9999982118606567,0.92705899477005
21.360370635986328,178.65550231933594,2.815969467163086,0.0,0.0,0.0,0.0,-0.5385697551000013,-0.0,-0.01,3.8144999367850168,2.743071365356445,0.42344900965690613,0.0,0.0,0.0,0.0,1.2381008863449097,1.7618991136550903,0.0,0.0,0.0,3.0,0.0,208.0,1.32555091381073,3.0,1.0,0.9999995231628418,0.05352756381034851
22.336835861206055,177.98426818847656,2.815885066986084,0.0,0.0,0.0,0.0,-0.7078988954583354,-0.0,-0.01,3.804499980381557,2.7330714089529855,0.42343100905418396,0.0,0.0,0.0,0.0,0.3916689455509186,2.3263295590877533,0.0,0.0,0.0,2.717998504638672,0.0,209.0,0.43456897139549255,2.717998504638672,1.0,1.0,0.011449873447418213
23.329654693603516,164.29348754882812,2.815800666809082,0.0,0.0,0.0,0.0,-0.018411049928252446,-0.0,-0.01,3.765571403503418,2.6941429683140345,0.08170000463724136,0.4504540264606476,0.0,0.0,0.0,0.0,0.028036831980091215,0.0,2.308947721954709,0.0,2.3369845539348004,0.0,210.0,-2.81571626663208,2.336984634399414,1.0,1.0,3.7610530853271484e-5
23.999984741210938,163.62225341796875,8.464926213491708e-5,0.0,0.0,0.0,0.0,-0.3116521936057668,-0.0,0.0,3.736142785208566,2.6647142137799946,0.0,0.0,0.7052639722824097,0.0,0.0,0.0,0.33357663179032954,0.0,0.0,0.0,0.0,0.33357663179032954,211.0,0.0,-2.0795438289642334,0.4385182559490204,0.5826495289802551,0.0009498000144958496
23.07865333557129,179.99807739257812,8.464672282570973e-5,0.0,0.0,0.0,0.0,-0.20524257649960373,-0.0,0.0,3.7165714808872767,2.6451429094587056,0.0,0.0,0.6709100008010864,0.0,0.0,0.0,0.013231893678902953,0.0,0.0,0.0,0.0,0.013231893678902953,212.0,0.0,-1.2201563119888306,0.5611984133720398,0.4589639902114868,0.005309075117111206
21.97502326965332,179.99807739257812,8.464418351650238e-5,0.0,0.0,0.0,0.0,-1.0644071525099719,-0.0,0.0,3.69007146017892,2.618642752511161,0.0,0.0,0.5575230121612549,0.0,0.0,0.0,2.9905006885528564,0.0,0.0,0.0,2.9905006885528564,0.0,213.0,0.0,2.9905006885528564,0.4068322777748108,0.21151494979858398,0.007470458745956421
22.708452224731445,171.37725830078125,8.464164420729503e-5,0.0,0.0,0.0,0.0,-0.1969487942845695,-0.0,0.0,3.6579999378749304,2.5865715026855467,0.0,0.0,0.4691759943962097,0.0,0.0,0.0,0.1873199604655498,0.0,0.0,0.0,0.0,0.1873199604655498,214.0,0.0,-0.18731996417045593,4.76837158203125e-7,0.011058032512664795,1.0
22.150177001953125,179.99807739257812,8.463910489808768e-5,0.0,0.0,0.0,0.0,-0.1727210217802133,-0.0,0.0,3.6256428582327707,2.554214150565011,0.0,0.0,0.4084100127220154,0.0,0.0,0.0,0.16732670366764069,0.0,0.0,0.0,0.0,0.16732670366764069,215.0,0.0,-0.16732670366764069,4.470348358154297e-7,0.010738283395767212,1.0
21.773685455322266,179.99807739257812,8.463656558888033e-5,0.0,0.0,0.0,0.0,-0.11054122028189095,-0.0,0.0,3.5949285507202147,2.5235001155308314,0.0,0.0,0.3546009957790375,0.0,0.0,0.0,0.013869723852221471,0.0,0.0,0.0,0.0,0.013869723852221471,216.0,0.0,-4.008845806121826,4.470348358154297e-7,0.010739356279373169,1.0
21.215410232543945,179.99807739257812,8.463402627967298e-5,0.0,0.0,0.0,0.0,-0.14340248551026324,-0.0,0.0,3.561928558349609,2.490499986921038,0.0,0.0,0.27628400921821594,0.0,0.0,0.0,0.2017242568216529,0.0,0.0,0.0,0.0,0.2017242568216529,217.0,0.0,-3.00106143951416,4.470348358154297e-7,0.010742872953414917,1.0
20.657135009765625,179.99807739257812,8.463148697046563e-5,0.0,0.0,0.0,0.0,-0.972416740553248,-0.0,0.0,3.5254999705723353,2.454071535382952,0.0,0.0,0.24138900637626648,0.0,0.0,0.0,3.0,0.0,0.0,0.0,3.0,0.0,218.0,0.0,3.0,0.5653543472290039,0.8428672552108765,0.006714373826980591
21.503549575805664,179.32684326171875,8.462894766125828e-5,0.0,0.0,0.0,0.0,-0.9664260398914815,-0.0,0.0,3.4825714111328123,2.411142839704241,0.0,0.0,0.22142000496387482,0.0,0.0,0.0,3.0,0.0,0.0,0.0,3.0,0.0,219.0,0.0,3.0,0.5653543472290039,0.8428672552108765,0.006714373826980591
22.148860931396484,178.65560913085938,8.462640835205093e-5,0.0,0.0,0.0,0.0,-0.9619617397372604,-0.0,0.0,3.426857212611607,2.355428641183036,0.0,0.0,0.20653900504112244,0.0,0.0,0.0,3.0,0.0,0.0,0.0,3.0,0.0,220.0,0.0,3.0,0.5653543472290039,0.8428672552108765,0.006714373826980591
22.950885772705078,177.984375,8.462386904284358e-5,0.0,0.0,0.0,0.0,-0.9602118396843196,-0.0,0.0,3.374428558349609,2.302999986921038,0.0,0.0,0.20070600509643555,0.0,0.0,0.0,3.0,0.0,0.0,0.0,3.0,0.0,221.0,0.0,3.267848491668701,0.5653543472290039,0.8428672552108765,0.006714373826980591
23.729318618774414,165.40318298339844,8.462132973363623e-5,0.0,0.0,0.0,0.0,-0.19850841953390486,-0.0,0.0,3.3251429421561105,2.253714370727539,0.0,0.0,0.21046000719070435,0.0,0.0,0.0,0.45123469829559326,0.0,0.0,0.0,0.45123469829559326,0.0,222.0,0.0,0.45123469829559326,0.5653543472290039,0.8428672552108765,0.006714373826980591
23.21432113647461,164.73194885253906,8.461879042442888e-5,0.0,0.0,0.0,0.0,-0.5226041196824749,-0.0,0.0,3.2828572954450332,2.211428724016462,0.0,0.0,0.2391349971294403,0.0,0.0,0.0,1.5028786659240723,0.0,0.0,0.0,1.5028786659240723,0.0,223.0,0.0,1.5028786659240723,0.5653543472290039,0.8428672552108765,0.006714373826980591
23.21432113647461,164.0607147216797,8.461625111522153e-5,0.0,0.0,0.0,0.0,-1.0032819401535154,-0.0,0.0,3.2464285714285714,2.175,0.0,0.0,0.34427300095558167,0.0,0.0,0.0,3.0,0.0,0.0,0.0,3.0,0.0,224.0,0.0,3.2314791679382324,0.5653543472290039,0.8428672552108765,0.006714373826980591
23.571584701538086,155.86427307128906,8.461371180601418e-5,0.0,0.0,0.0,0.0,-0.01,-0.0,-0.01,3.2537857600620814,2.1823571886335102,0.39383500814437866,0.0,0.0,1.0379220234700028,0.0,0.7843109369277954,0.0,0.0,0.0,0.0,0.7843109369277954,0.0,225.0,1.961164951324463,0.7843109369277954,0.5653543472290039,0.8428672552108765,0.006714373826980591
23.21432113647461,155.1930389404297,1.037975549697876,0.0,0.0,0.0,0.0,-0.01,-0.0,-0.01,3.3213571275983536,2.2499285561697824,0.4058389961719513,0.0,0.0,4.028718047003757,0.0,0.5904239998678499,0.0,0.0,0.0,0.0,0.0,0.5904239998678499,226.0,4.599999904632568,-1.577165961265564,0.999620258808136,0.5739592909812927,0.999998152256012
22.65553092956543,179.99807739257812,5.06654167175293,0.0,0.0,0.0,0.0,0.14326386223208964,-0.0,-0.01,3.371714401245117,2.300285829816546,0.4213930070400238,0.0,0.0,4.490441799163818,1.7029316672419217,0.4043422341346741,0.0,0.0,0.0,0.0,0.0,0.4043422341346741,227.0,4.490441799163818,-0.4043422341346741,0.9556953310966492,0.9992915391921997,0.998620331287384
21.82457733154297,179.77732849121094,9.556696891784668,0.0,0.0,0.0,0.0,0.6724938914174915,-0.0,-0.01,3.4127142224993023,2.341285651070731,0.4557420015335083,0.0,0.0,0.0,7.583264857530594,0.2848934829235077,0.0,0.0,0.0,0.0,0.0,0.2848934829235077,228.0,-4.599999904632568,-0.2848934829235077,0.6551225185394287,0.9632592797279358,0.9926756024360657
20.90324592590332,178.826171875,9.556410789489746,0.0,0.0,0.0,0.0,0.7231561835134935,-0.0,-0.01,3.446428516932896,2.374999945504325,0.4292140007019043,0.0,0.0,0.0,8.146179169416428,0.2539062798023224,0.0,0.0,0.0,0.0,0.0,0.2539062798023224,229.0,-4.599999904632568,-0.2539062798023224,0.7382043600082397,0.987906277179718,0.9954633712768555
19.980886459350586,179.272216796875,9.556124687194824,0.0,0.0,0.0,0.0,0.6681624072930933,-0.0,-0.01,3.468642861502511,2.39721429007394,0.42735400795936584,0.0,0.0,0.42021986842155457,7.535137259973229,0.1416129618883133,0.0,0.0,0.0,0.0,0.0,0.1416129618883133,230.0,0.42021986842155457,-0.1416129618883133,0.9976314306259155,0.9980748891830444,0.996081531047821
19.059555053710938,179.37112426757812,9.976045608520508,0.0,0.0,0.0,0.0,0.36825512651794223,-0.0,-0.01,3.485857227870396,2.414428656441825,0.4101420044898987,0.0,0.0,0.018937546759843826,4.202834405076971,3.0,0.0,0.0,0.0,0.0,3.0,0.0,231.0,0.018937546759843826,3.0,0.999495267868042,0.9994175434112549,0.9846208095550537
19.524560928344727,178.69989013671875,9.994683265686035,0.0,0.215499324060886,0.0,0.0,0.28360425659666477,-0.215499324060886,0.0,3.500214385986328,2.4287858145577568,0.42344900965690613,0.0,0.0,0.0,5.545594899915159,0.012155801989138126,0.0,0.0,0.0,0.0,0.0,0.012155801989138126,232.0,0.005346734542399645,-0.012155801989138126,1.0,0.9999895095825195,0.9309849143028259
18.784500122070312,168.95565795898438,9.994383811950684,0.0,0.05767503203390589,0.0,0.0,0.052489470043554046,-0.05767503203390589,0.0,3.4950713566371374,2.423642785208566,0.42343100905418396,0.0,0.0,0.0,1.2240499258041382,1.712669014930725,0.0,0.0,0.0,0.0,1.712669014930725,0.0,233.0,0.005642373580485582,1.712669014930725,0.9999996423721313,0.9999691843986511,0.3822202980518341
18.942325592041016,160.75921630859375,9.994084358215332,0.0,0.0,0.0,0.0,-0.01,-0.0,-0.01,3.457642909458705,2.386214338030134,0.43129998445510864,0.10085403919219971,0.0,0.0,0.0,0.0,0.0,0.0,3.0,0.0,3.0,0.0,234.0,-4.599999904632568,3.0,0.7715219259262085,0.9833835363388062,0.17467814683914185
19.75820541381836,160.08798217773438,6.829742908477783,0.0,0.0,0.0,0.0,-0.01,-0.0,-0.01,3.4449999128069195,2.3735713413783484,0.0,0.7052639722824097,0.0,0.0,0.0,0.0,0.0,0.0,3.0,0.0,3.0,0.0,235.0,-4.599999904632568,3.0,0.9475204944610596,0.8696161508560181,0.10179322957992554
20.568395614624023,159.416748046875,3.048769950866699,0.0,0.0,0.0,0.0,-0.01,-0.0,-0.01,3.4464999062674386,2.375071334838867,0.0,0.6709100008010864,0.0,0.0,0.0,0.0,0.0,0.0,0.4665857513370715,0.0,0.0,0.4665857513370715,236.0,-3.0486786365509033,-1.6753408908843994,0.7716670036315918,0.028805136680603027,0.019187986850738525
20.010120391845703,179.99807739257812,1.8880034685134888,0.0,0.0,0.0,0.0,-0.43356968723245876,-0.0,-0.01,3.431142752511161,2.3597141810825892,0.0,0.5575230121612549,0.0,0.0,0.0,0.0,1.4118989013377075,0.0,1.2926647163685914,0.0,2.704563617706299,0.0,237.0,-1.8879468441009521,2.704563617706299,0.016754448413848877,0.012525737285614014,0.015208125114440918
21.025590896606445,144.8252716064453,5.684178904630244e-5,0.0,0.0,0.0,0.0,-0.8614071771068232,-0.0,0.0,3.3908570970807754,2.3194285256522043,0.0,0.0,0.4691759943962097,0.0,0.0,0.0,2.4021811485290527,0.0,0.0,0.0,2.4021811485290527,0.0,238.0,0.0,2.4021811485290527,0.25622937083244324,0.12075945734977722,0.002190142869949341
21.689132690429688,127.2022705078125,5.684008647222072e-5,0.0,0.0,0.0,0.0,-1.0225230444480182,-0.0,0.0,3.358142798287528,2.2867142268589564,0.0,0.0,0.4084100127220154,0.0,0.0,0.0,3.0,0.0,0.0,0.0,3.0,0.0,239.0,0.0,3.0,0.716027557849884,0.9994757771492004,3.409385681152344e-5
22.64202117919922,126.53104400634766,5.6838383898139e-5,0.0,0.0,0.0,0.0,-1.0063803387236714,-0.0,0.0,3.3162857600620814,2.2448571886335102,0.0,0.0,0.3546009957790375,0.0,0.0,0.0,3.0,0.0,0.0,0.0,3.0,0.0,240.0,0.0,3.0,0.757610559463501,0.9999995231628418,4.172325134277344e-7
23.394289016723633,125.85981750488281,5.683668132405728e-5,0.0,0.0,0.0,0.0,-0.9038605661734156,-0.0,0.0,3.2784284319196426,2.2069998604910714,0.0,0.0,0.27628400921821594,0.0,0.0,0.0,2.736584424972534,0.0,0.0,0.0,2.736584424972534,0.0,241.0,0.0,2.736584424972534,0.7575951814651489,0.9999995231628418,4.172325134277344e-7
23.999982833862305,125.18859100341797,5.683497874997556e-5,0.0,0.0,0.0,0.0,-0.5274697029105582,-0.0,0.0,3.2526427132742746,2.181214141845703,0.0,0.0,0.24138900637626648,0.0,0.0,0.0,1.516843266793054,0.0,0.0,0.0,1.516843266793054,0.0,242.0,0.0,1.516843318939209,0.9999568462371826,0.9999998807907104,3.5762786865234375e-7
23.999984741210938,124.51736450195312,5.683327617589384e-5,0.0,0.0,0.0,0.0,-0.5233486964642475,-0.0,0.0,3.2382144383021765,2.166785866873605,0.0,0.0,0.22142000496387482,0.0,0.0,0.0,1.5230755805969238,0.0,0.0,0.0,1.5230755805969238,0.0,243.0,0.0,1.5230755805969238,0.9999966025352478,0.9999493360519409,7.319450378417969e-5
23.999731063842773,123.84613800048828,5.6831573601812124e-5,0.0,0.0,0.0,0.0,-0.5187388059989129,-0.0,0.0,3.240357208251953,2.1689286368233818,0.0,0.0,0.20653900504112244,0.0,0.0,0.0,1.5225902795791626,0.0,0.0,0.0,1.5225902795791626,0.0,244.0,0.0,1.5225902795791626,0.9999966025352478,0.9999493360519409,7.319450378417969e-5
23.999731063842773,123.17491149902344,5.6829871027730405e-5,0.0,0.0,0.0,0.0,-0.6297920000470469,-0.0,0.0,3.2369286128452845,2.1655000414167134,0.0,0.0,0.20070600509643555,0.0,0.0,0.0,1.8986005783081055,0.0,0.0,0.0,1.8986005783081055,0.0,245.0,0.0,1.8986005783081055,0.9999966025352478,0.9999493956565857,7.316470146179199e-5
23.999731063842773,122.5036849975586,5.6828168453648686e-5,0.0,0.0,0.0,0.0,-0.6351797177465635,-0.0,0.0,3.2230000632149833,2.1515714917864117,0.0,0.0,0.21046000719070435,0.0,0.0,0.0,1.9068056344985962,0.0,0.0,0.0,1.9068056344985962,0.0,246.0,0.0,1.9068056344985962,0.9999966025352478,0.9999493360519409,7.319450378417969e-5
23.999731063842773,121.83245849609375,5.682646587956697e-5,0.0,0.0,0.0,0.0,-0.15684347477926686,-0.0,0.0,3.2063570840018136,2.134928512573242,0.0,0.0,0.2391349971294403,0.0,0.0,0.0,0.2836765646934509,0.0,0.0,0.0,0.2836765646934509,0.0,247.0,0.0,0.2836765646934509,0.5653543472290039,0.8428672552108765,0.006714373826980591
23.21432113647461,121.1612319946289,5.682476330548525e-5,0.0,0.0,0.0,0.0,-0.4516832739783627,-0.0,0.0,3.204785701206752,2.133357129778181,0.0,0.0,0.34427300095558167,0.0,0.0,0.0,1.1613378524780273,0.0,0.0,0.0,1.1613378524780273,0.0,248.0,0.0,1.1613378524780273,0.5653543472290039,0.8428672552108765,0.006714373826980591
23.21432113647461,120.49000549316406,5.682306073140353e-5,0.0,0.0,0.0,0.0,-0.16098766688456778,-0.0,-0.01,3.255857140677316,2.1844285692487446,0.39383500814437866,0.0,0.0,0.0,0.0,1.0435149669647217,0.5032922029495239,0.0,0.0,0.0,1.5468071699142456,0.0,249.0,1.1191649436950684,1.5468071699142456,0.30227500200271606,0.10953974723815918,0.003481537103652954
23.593257904052734,85.35546112060547,5.682135815732181e-5,0.0,0.0,0.0,0.0,-0.10550173662113081,-0.0,-0.01,3.3577141898018974,2.286285618373326,0.4058389961719513,0.0,0.0,0.0,0.0,2.6816608905792236,0.31833910942077637,0.0,0.0,0.0,0.0,3.0,250.0,2.844161033630371,-3.0,0.7505613565444946,0.007753908634185791,0.9909546375274658
23.034950256347656,110.73833465576172,5.681965558324009e-5,0.0,0.0,0.0,0.0,-0.01,-0.0,-0.01,3.4764286586216517,2.4050000871930806,0.4112839996814728,0.0,0.0,1.7949322382271475,0.0,2.3608527183532715,0.0,0.0,0.0,0.0,0.0,2.3608527183532715,251.0,4.43471622467041,-2.3608527183532715,0.9984140396118164,0.1941601037979126,0.9999908208847046
22.567567825317383,179.99661254882812,1.7949352264404297,0.0,0.0,0.0,0.0,-0.01,-0.0,-0.01,3.627857153756278,2.5564285823277064,1.0242329835891724,0.0,0.0,2.987969876865364,0.0,0.4488186538219452,0.0,0.0,0.0,0.0,0.0,0.4488186538219452,252.0,3.735767364501953,-0.4488186538219452,0.9999998807907104,0.6714056134223938,0.9999998807907104
22.100698471069336,179.99806213378906,4.782761573791504,0.0,0.0,0.0,0.0,-0.01,-0.0,-0.01,3.755714225769043,2.6842857905796595,0.4126780033111572,0.0,0.0,1.293817488102377,0.0,3.0,0.0,0.0,0.0,0.0,3.0,0.0,253.0,4.569321632385254,3.0,1.0,0.999993085861206,0.9981767535209656
23.141088485717773,179.3268280029297,6.076396942138672,0.0,0.0,0.0,0.0,-0.01,-0.0,-0.01,3.811357171194894,2.7399285997663227,0.42735400795936584,0.0,0.0,0.8563662125496739,0.0,2.001002924575002,0.0,0.0,0.0,0.0,2.001002924575002,0.0,254.0,3.0486459732055664,2.0010030269622803,1.0,1.0,0.7058740854263306
23.999984741210938,178.6555938720703,6.932555198669434,0.0,0.0,0.0,0.0,-0.01,-0.0,-0.01,3.824428503853934,2.7529999324253627,0.4101420044898987,0.0,0.0,0.8182342553493639,0.0,0.9731751939826531,0.0,0.0,0.0,0.0,0.9731751939826531,0.0,255.0,1.9248580932617188,1.9848746061325073,1.0,1.0,0.2594262361526489
23.999984741210938,166.30172729492188,7.750556945800781,0.0,0.0,0.0,0.0,-0.01,-0.0,-0.01,3.8100714819771904,2.738642774309431,0.42344900965690613,0.0,0.0,0.11807642642808598,0.0,0.6587648323520994,0.0,0.0,0.0,0.0,0.6587648323520994,0.0,256.0,0.8425509929656982,0.6587648391723633,1.0,1.0,0.011319071054458618
23.999984741210938,165.6304931640625,7.868397235870361,0.0,0.0,0.0,0.0,-0.30719319630436837,-0.0,-0.01,3.770428603036063,2.6989998953683036,0.41990000009536743,0.0,0.0035310089588165283,0.0,0.0,0.0,0.9871129393577576,0.0,0.0,0.0,0.9871129393577576,0.0,257.0,0.018568992614746094,0.9871129393577576,1.0,1.0,0.0036337971687316895
23.999984741210938,164.95925903320312,7.868161201477051,0.0,0.0,0.0,0.0,-0.01,-0.0,-0.01,3.728285734994071,2.6568570273263115,0.013300000689923763,0.518854022026062,0.0,0.0,0.0,0.0,0.0,0.0,0.3481604346802052,0.0,0.3481604346802052,0.0,258.0,-4.599999904632568,2.661454439163208,1.0,1.0,0.0028078854084014893
23.999984741210938,156.0569305419922,6.983242988586426,0.0,0.0,0.0,0.0,-0.01,-0.0,-0.01,3.7198571613856726,2.648428453717913,0.0,0.7052639722824097,0.0,0.0,0.0,0.0,0.0,0.0,1.9778972864151,0.0,1.9778972864151,0.0,259.0,-4.599999904632568,1.9778972864151,1.0,0.9999989867210388,0.03691861033439636
23.99997901916504,155.3856964111328,4.245196342468262,0.0,0.0,0.0,0.0,-0.01,-0.0,-0.01,3.7243571417672294,2.652928706577846,0.0,0.6709100008010864,0.0,0.0,0.0,0.0,0.0,0.0,0.0,0.0,0.0,0.0,260.0,-4.2450690269470215,0.0,0.9896087646484375,1.2218952178955078e-6,0.0006295144557952881
23.62348747253418,154.71446228027344,3.5604875087738037,0.0,0.0,0.0,0.0,-0.01,-0.0,-0.01,3.698357118879046,2.626928547450474,0.0,0.5575230121612549,0.0,0.0,0.0,0.0,0.0,0.0,1.6850238920126734,0.0,1.6850238920126734,0.0,261.0,-3.560380697250366,2.3629977703094482,0.11497962474822998,0.0001080632209777832,0.00011175870895385742
23.999984741210938,139.0619354248047,1.2721362113952637,0.0,0.0,0.0,0.0,-0.01,-0.0,-0.01,3.667785726274763,2.5963570186070033,0.0,0.4691759943962097,0.0,0.0,0.0,0.0,0.0,0.0,0.0,0.0,0.0,0.0,262.0,-1.2720980644226074,0.0,0.22730442881584167,1.755356788635254e-5,0.002191215753555298
23.623493194580078,138.3907012939453,0.7933614253997803,0.0,0.0,0.0,0.0,-0.1563635899703241,-0.0,-0.01,3.6439999989100866,2.572571563720703,0.0,0.4084100127220154,0.0,0.0,0.0,0.0,0.48787861384785935,0.0,0.36906076136288846,0.0,0.0,0.8569393752107478,263.0,-0.7933376431465149,-0.9890948534011841,0.00032269954681396484,0.7049187421798706,0.29746192693710327
23.065217971801758,179.9980926513672,2.3915546989883296e-5,0.0,0.0,0.0,0.0,-0.12080950844524319,-0.0,0.0,3.632357134137835,2.5609285627092633,0.0,0.0,0.3546009957790375,0.0,0.0,0.0,0.04809734970331192,0.0,0.0,0.0,0.0,0.04809734970331192,264.0,0.0,-0.04809734970331192,0.0009591281414031982,0.0005299150943756104,0.777186393737793
22.506942749023438,144.347900390625,2.39148303080583e-5,0.0,0.0,0.0,0.0,-0.5188407120641347,-0.0,0.0,3.6307857513427733,2.559357179914202,0.0,0.0,0.27628400921821594,0.0,0.0,0.0,1.453184962272644,0.0,0.0,0.0,1.453184962272644,0.0,265.0,0.0,1.453184962272644,0.500426709651947,0.0007581412792205811,0.002458244562149048
22.740097045898438,91.71857452392578,2.3914113626233302e-5,0.0,0.0,0.0,0.0,-0.9727752401540757,-0.0,0.0,3.044142804827009,1.9727142333984373,0.0,0.0,0.2425840049982071,0.0,0.0,0.0,3.0,0.0,0.0,0.0,3.0,0.0,266.0,0.0,3.0,0.9999990463256836,0.9999988079071045,2.9802322387695312e-8
23.551685333251953,91.04734802246094,2.3913396944408305e-5,0.0,0.0,0.0,0.0,-0.6700732735821902,-0.0,0.0,3.0372142246791296,1.965785653250558,0.0,0.0,0.22254300117492676,0.0,0.0,0.0,2.0110344886779785,0.0,0.0,0.0,2.0110344886779785,0.0,267.0,0.0,2.0110344886779785,1.0,0.999998927116394,2.9802322387695312e-8
23.99997901916504,90.3761215209961,2.3912680262583308e-5,0.0,0.0,0.0,0.0,-0.428611541434587,-0.0,0.0,3.046642793927874,1.9752142224993023,0.0,0.0,0.20762799680233002,0.0,0.0,0.0,1.2210770845413208,0.0,0.0,0.0,1.2210770845413208,0.0,268.0,0.0,1.2210770845413208,0.9999966025352478,0.9999493956565857,7.316470146179199e-5
23.999731063842773,89.70489501953125,2.391196358075831e-5,0.0,0.0,0.0,0.0,-0.665442779280454,-0.0,0.0,3.043214198521205,1.971785627092634,0.0,0.0,0.20176100730895996,0.0,0.0,0.0,2.0163815021514893,0.0,0.0,0.0,2.0163815021514893,0.0,269.0,0.0,2.0163815021514893,0.9999912977218628,0.9997715950012207,0.00013321638107299805
23.998842239379883,89.0336685180664,2.3911246898933314e-5,0.0,0.0,0.0,0.0,-0.5440192796396914,-0.0,0.0,3.049357223510742,1.9779286520821708,0.0,0.0,0.21150100231170654,0.0,0.0,0.0,1.6018965244293213,0.0,0.0,0.0,1.6018965244293213,0.0,270.0,0.0,1.6018965244293213,0.9991804361343384,0.8375856876373291,0.0004762411117553711
23.809709548950195,80.83854675292969,2.3910530217108317e-5,0.0,0.0,0.0,0.0,-0.859234702856819,-0.0,0.0,3.0551427568708145,1.9837141854422433,0.0,0.0,0.2400050014257431,0.0,0.0,0.0,2.6241105609539264,0.0,0.0,0.0,0.0,2.6241105609539264,271.0,0.0,-3.8678388595581055,0.9794712066650391,0.3867148458957672,0.00029456615447998047
22.706079483032227,179.99807739257812,2.390981353528332e-5,0.0,0.0,0.0,0.0,-1.0034808438412668,-0.0,0.0,3.0671427045549664,1.9957141331263952,0.0,0.0,0.3449360132217407,0.0,0.0,0.0,3.0,0.0,0.0,0.0,3.0,0.0,272.0,0.0,3.980613946914673,0.5653543472290039,0.8428672552108765,0.006714373826980591
23.345718383789062,173.42556762695312,2.3909096853458323e-5,0.0,0.0,0.0,0.0,-0.14686727511355357,-0.0,0.0,3.106642804827009,2.0352142333984373,0.25270000100135803,0.0,0.176923006772995,0.0,0.0,0.0,0.31263455748558044,0.0,0.0,0.0,0.0,0.31263455748558044,273.0,0.0,-0.31263455748558044,0.9999701976776123,0.01999756693840027,1.0
22.787443161010742,179.99807739257812,2.3908380171633326e-5,0.0,0.0,0.0,0.0,-0.17195218014527058,-0.0,-0.01,3.1550714765276227,2.0836429050990515,0.6458380222320557,0.0,0.0,0.0,0.0,0.1768619418144226,0.539840579032898,0.0,0.0,0.0,0.0,0.7167025208473206,274.0,0.22016197443008423,-0.7167025208473206,0.9999842047691345,0.016514986753463745,1.0
22.319889068603516,179.99807739257812,2.390766348980833e-5,0.0,0.0,0.0,0.0,-0.01,-0.0,-0.01,3.2325714111328123,2.161142839704241,0.7683550119400024,0.0,0.0,0.15947912049739443,0.0,1.195961356163025,0.0,0.0,0.0,0.0,0.0,1.195961356163025,275.0,1.4706450700759888,-1.195961356163025,0.9999102354049683,0.008131802082061768,1.0
21.94403839111328,179.99807739257812,0.15949824452400208,0.0,0.0,0.0,0.0,-0.01,-0.0,-0.01,3.34514285496303,2.2737142835344586,0.39886701107025146,0.0,0.0,3.629909622036474,0.0,0.015393424757421231,0.0,0.0,0.0,0.0,0.0,0.015393424757421231,276.0,3.9361329078674316,-0.015393424779176712,1.0,0.043595731258392334,1.0
21.659250259399414,179.99807739257812,3.7892942428588867,0.0,0.0,0.0,0.0,-0.01,-0.0,-0.01,3.4364285605294365,2.364999989100865,0.4125719964504242,0.0,0.0,3.277882563491403,0.0,3.0,0.0,0.0,0.0,0.0,3.0,0.0,277.0,4.599999904632568,3.0,1.0,0.7952014207839966,0.9999998211860657
22.92055892944336,179.32684326171875,7.066965103149414,0.0,0.0,0.0,0.0,0.07053245667440429,-0.0,-0.01,3.4927858080182754,2.4213572365897043,0.4273020029067993,0.0,0.0,2.933034896850586,0.8948050030473338,3.0,0.0,0.0,0.0,0.0,3.0,0.0,278.0,2.9330649375915527,3.0,1.0,0.9999879002571106,0.9942679405212402
23.934036254882812,178.65560913085938,9.999700546264648,0.0,0.0,0.0,0.0,0.43340037392777986,-0.0,0.0,3.530999946594238,2.459571511404855,0.41009700298309326,0.0,0.0,0.0,4.8155593276023865,0.8353434205055237,0.0,0.0,0.0,0.0,0.8353434205055237,0.0,279.0,0.00032945373095571995,0.8353434205055237,1.0,1.0,0.3716807961463928
23.999984741210938,177.984375,9.999401092529297,0.0,0.0,0.0,0.0,0.26122092534867203,-0.0,0.0,3.559571484157017,2.4881427764892576,0.42232099175453186,0.0,0.0,0.0,2.9024544954299927,0.7051244974136353,0.0,0.0,0.0,0.0,0.7051244974136353,0.0,280.0,0.0006289074663072824,0.7051244974136353,1.0,1.0,0.13167881965637207
23.999984741210938,177.31314086914062,9.999101638793945,0.0,0.0,0.0,0.0,0.10041841805435278,-0.0,0.0,3.5599285670689174,2.488499995640346,0.417385995388031,0.0,0.0,0.0,1.1157601119312712,0.7050537823405794,0.0,0.0,0.0,0.0,0.7050537823405794,0.0,281.0,0.000928361201658845,0.7050538063049316,1.0,1.0,0.017992109060287476
23.999984741210938,176.64190673828125,9.998802185058594,0.0,0.0,0.0,0.0,-0.09796569438639047,-0.0,0.0,3.5241428920200892,2.452714320591518,0.5168240070343018,0.0,0.0,0.0,0.0,0.04177600145339966,0.32655230164527893,0.0,0.0,0.0,0.3683283030986786,0.0,282.0,0.0012278149370104074,0.3683283030986786,1.0,1.0,0.0028078854084014893
23.999984741210938,175.97067260742188,9.998502731323242,0.0,0.0,0.0,0.0,-0.01,-0.0,-0.01,3.447214344569615,2.3757857731410437,0.0,0.6819890141487122,0.0,0.0,0.0,0.0,0.0,0.0,1.0796656601797447,0.0,1.0796656601797447,0.0,283.0,-4.599999904632568,1.0796656608581543,1.0,1.0,0.0021758079528808594
23.999984741210938,175.2994384765625,8.200650215148926,0.0,0.0,0.0,0.0,-0.01,-0.0,-0.01,3.4057142530168805,2.3342856815883093,0.0,0.6540570259094238,0.0,0.0,0.0,0.0,0.0,0.0,1.0928218501637146,0.0,1.0928218501637146,0.0,284.0,-4.599999904632568,3.282294273376465,1.0,0.9999798536300659,0.001042187213897705
23.999984741210938,167.10301208496094,6.417928218841553,0.0,0.0,0.0,0.0,-0.01,-0.0,-0.01,3.373857171194894,2.3024285997663227,0.0,0.5621299743652344,0.0,0.0,0.0,0.0,0.0,0.0,0.0,0.0,0.0,0.0,285.0,-4.599999904632568,0.0,0.999999463558197,0.0003102421760559082,0.0005495846271514893
23.623493194580078,166.43177795410156,5.844151020050049,0.0,0.0,0.0,0.0,-0.01,-0.0,-0.01,3.3535714285714286,2.282142857142857,0.0,0.49087101221084595,0.0,0.0,0.0,0.0,0.0,0.0,1.4968770507552498,0.0,1.4968770507552498,0.0,286.0,-4.599999904632568,3.1481709480285645,0.975141167640686,9.834766387939453e-7,0.0006625354290008545
23.999984741210938,157.8898468017578,3.8157222270965576,0.0,0.0,0.0,0.0,-0.01,-0.0,-0.01,3.3505000523158484,2.2790714808872767,0.0,0.4296489953994751,0.0,0.0,0.0,0.0,0.0,0.0,0.5211735719137669,0.0,0.0,0.5211735719137669,287.0,-3.815607786178589,-0.5211735963821411,1.2516975402832031e-6,0.0004647672176361084,1.0
23.441709518432617,179.99807739257812,2.845409870147705,0.0,0.0,0.0,0.0,-0.01,-0.0,-0.01,3.341500091552734,2.270071520124163,0.0,0.3728249967098236,0.0,0.0,0.0,0.0,0.0,0.0,0.23035980761051178,0.0,0.0,0.23035980761051178,288.0,-2.8453245162963867,-0.23035980761051178,4.470348358154297e-7,0.010739773511886597,1.0
23.24700355529785,179.99807739257812,2.2298483848571777,0.0,0.0,0.0,0.0,-0.01,-0.0,-0.01,3.298500006539481,2.2270714351109095,0.0,0.2775129973888397,0.0,0.0,0.0,0.0,0.0,0.0,0.01571581817792862,0.0,0.0,0.01571581817792862,289.0,-2.2297816276550293,-0.015715818852186203,4.470348358154297e-7,0.010744601488113403,1.0
22.68872833251953,179.99807739257812,1.9305773973464966,0.0,0.0,0.0,0.0,-0.01,-0.0,-0.01,3.258714348929269,2.1872857775006977,0.0,0.2425840049982071,0.0,0.0,0.0,0.0,0.0,0.0,0.016001680865883827,0.0,0.0,0.016001680865883827,290.0,-1.930519461631775,-0.016001680865883827,4.470348358154297e-7,0.010744184255599976,1.0
22.312236785888672,179.99807739257812,1.666664481163025,0.0,0.0,0.0,0.0,-0.4867783089671941,-0.0,-0.01,3.2312858581542967,2.1598572867257255,0.0,0.22254300117492676,0.0,0.0,0.0,0.0,1.58926096673909,0.0,1.41073903326091,0.0,3.0,0.0,291.0,-1.6666145324707031,3.4977943897247314,0.5653543472290039,0.8428672552108765,0.006714373826980591
23.38982391357422,165.95706176757812,5.019124364480376e-5,0.0,0.0,0.0,0.0,-0.1876095980449355,-0.0,0.0,3.207571520124163,2.1361429486955914,0.0,0.0,0.20762799680233002,0.0,0.0,0.0,0.41773730516433716,0.0,0.0,0.0,0.41773730516433716,0.0,292.0,0.0,0.41773730516433716,0.5653543472290039,0.8428672552108765,0.006714373826980591
23.21432113647461,165.28582763671875,5.0189737521577626e-5,0.0,0.0,0.0,0.0,-0.18318342102302765,-0.0,0.0,3.174857221330915,2.1034286499023436,0.0,0.0,0.20176100730895996,0.0,0.0,0.0,0.40885037183761597,0.0,0.0,0.0,0.40885037183761597,0.0,293.0,0.0,0.40885037183761597,0.5653543472290039,0.8428672552108765,0.006714373826980591
23.21432113647461,164.61459350585938,5.018823139835149e-5,0.0,0.0,0.0,0.0,-0.420387856975708,-0.0,0.0,3.1281429835728236,2.0567144121442524,0.0,0.0,0.21150100231170654,0.0,0.0,0.0,1.1897917985916138,0.0,0.0,0.0,1.1897917985916138,0.0,294.0,0.0,1.1897917985916138,0.5653543472290039,0.8428672552108765,0.006714373826980591
23.21432113647461,163.943359375,5.0186725275125355e-5,0.0,0.0,0.0,0.0,-0.19863088473204282,-0.0,0.0,3.075214331490653,2.0037857600620814,0.0,0.0,0.2400050014257431,0.0,0.0,0.0,0.42209792137145996,0.0,0.0,0.0,0.42209792137145996,0.0,295.0,0.0,0.42209792137145996,0.5653543472290039,0.8428672552108765,0.006714373826980591
23.21432113647461,163.27212524414062,5.018521915189922e-5,0.0,0.0,0.0,0.0,-0.9841008458177569,-0.0,0.0,3.018428475516183,1.9469999040876118,0.06460000574588776,0.0,0.28033602237701416,0.0,0.0,0.0,3.0,0.0,0.0,0.0,3.0,0.0,296.0,0.0,3.5887765884399414,0.5653543472290039,0.8428672552108765,0.006714373826980591
23.83255386352539,155.07568359375,5.018371302867308e-5,0.0,0.0,0.0,0.0,-0.01,-0.0,-0.01,3.0297142573765345,1.9582856859479634,0.39451301097869873,0.0,0.0,2.0069782170855888,0.0,0.0,0.0,0.0,0.0,0.0,0.0,0.0,297.0,2.1764869689941406,0.0,0.9024664759635925,0.001069784164428711,0.001027524471282959
23.728710174560547,154.40444946289062,2.0069682598114014,0.0,0.0,0.0,0.0,0.12544898731817858,-0.0,-0.01,3.0860001155308314,2.0145715441022602,0.4468280076980591,0.0,0.0,0.0,1.5049886283740097,1.3304334106579727,0.0,0.0,0.0,0.0,1.3304334106579727,0.0,298.0,-2.0069081783294678,2.052337408065796,0.059381186962127686,0.018482983112335205,0.07490435242652893
23.999984741210938,111.27572631835938,2.0069081783294678,0.0,0.0,0.0,0.0,0.12578895893051625,-0.0,-0.01,3.1110713958740233,2.039642824445452,0.41108399629592896,0.0,0.0,0.890631377696991,1.5087660904331113,0.2550424039363861,0.0,0.0,0.0,0.0,0.2550424039363861,0.0,299.0,0.890631377696991,0.2550424039363861,0.28975096344947815,0.12582138180732727,0.1259477138519287
23.865697860717773,50.12602233886719,2.8974525928497314,0.0,0.0,0.0,0.0,-0.01,-0.0,-0.01,3.1169285910470146,2.045500019618443,0.39886701107025146,0.0,0.0,3.1958791225285736,0.0,0.1637818068265915,0.0,0.0,0.0,0.0,0.1637818068265915,0.0,300.0,3.6261329650878906,0.1637818068265915,0.8731505870819092,0.9254752397537231,0.10698211193084717
23.627361297607422,49.45479202270508,6.093149185180664,0.0,0.0,0.0,0.0,-0.01,-0.0,-0.01,3.128071321759905,2.0566427503313336,0.4125719964504242,0.0,0.0,3.105656188374269,0.0,1.4543414115905762,0.0,0.0,0.0,0.0,1.4543414115905762,0.0,301.0,3.7574381828308105,1.4543414115905762,0.985055685043335,0.9930133819580078,0.13527876138687134
23.965051651000977,48.78356170654297,9.198529243469238,0.0,0.0,0.0,0.0,0.48466804786828543,-0.0,-0.01,3.1485001155308314,2.0770715441022602,0.4273020029067993,0.0,0.0,0.7748350501060486,5.496311206173371,0.4819888770580292,0.0,0.0,0.0,0.0,0.4819888770580292,0.0,302.0,0.7748350501060486,0.4819888770580292,0.9973334074020386,0.999995768070221,0.20384114980697632
23.999963760375977,48.11233139038086,9.973065376281738,0.0,0.0,0.0,0.0,0.6468579127625922,-0.0,0.0,3.1568570273263115,2.08542845589774,0.41009700298309326,0.0,0.0,0.0,7.187309570610523,0.08999317139387131,0.0,0.0,0.0,0.0,0.0,0.08999317139387131,303.0,0.009564835578203201,-0.08999317139387131,0.9982600212097168,0.9999991655349731,0.19401398301124573
23.899139404296875,51.04031753540039,9.972765922546387,0.0,0.0,0.0,0.0,0.5549880429244948,-0.0,-0.01,3.13721433367048,2.0657857622419087,0.42232099175453186,0.0,0.0,0.025156456977128983,6.277644422480911,0.12006466835737228,0.0,0.0,0.0,0.0,0.12006466835737228,0.0,304.0,0.025156456977128983,0.12006466835737228,0.9997892379760742,0.9999991655349731,0.1292555332183838
23.671531677246094,45.435646057128906,9.9976224899292,0.0,0.0,0.0,0.0,0.3149184002414052,-0.0,-0.01,3.082214300973075,2.0107857295445033,0.417385995388031,0.0,0.0,0.0,3.6102041602134705,0.4887099862098694,0.0,0.0,0.0,0.0,0.0,0.4887099862098694,305.0,-4.599999904632568,-0.4887099862098694,0.9863979816436768,0.9999732971191406,0.19259554147720337
23.296024322509766,50.8133659362793,9.997323036193848,0.0,0.0,0.0,0.0,-0.01,-0.0,-0.01,2.9904285975864955,1.9190000261579243,0.5168240070343018,0.0,0.0,0.0,0.0,0.8977259397506714,0.0,0.0,1.7073825597763062,0.0,2.6051084995269775,0.0,306.0,-4.599999904632568,2.6051084995269775,0.9408050775527954,0.9995425343513489,0.07450035214424133
23.997697830200195,50.14213562011719,8.25484848022461,0.0,0.0,0.0,0.0,-0.01,-0.0,-0.01,2.875999941144671,1.8045713697160992,0.0,0.6819890141487122,0.0,0.0,0.0,0.0,0.0,0.0,0.0,0.0,0.0,0.0,307.0,-4.599999904632568,0.0,0.4121805727481842,0.3783188462257385,0.04660499095916748
23.622167587280273,49.47090530395508,7.558714866638184,0.0,0.0,0.0,0.0,-0.01,-0.0,-0.01,2.78692866734096,1.7155000959123887,0.0,0.6540570259094238,0.0,0.0,0.0,0.0,0.0,0.0,2.110825300216675,0.0,0.0,2.110825300216675,308.0,-4.599999904632568,-2.110825300216675,0.16383349895477295,0.4948258399963379,0.4774186611175537
23.06440544128418,96.38507080078125,4.737264156341553,0.0,0.0,0.0,0.0,-0.01,-0.0,-0.01,2.7163573128836496,1.644928741455078,0.0,0.5621299743652344,0.0,0.0,0.0,0.0,0.0,0.0,1.7192612886428833,0.0,1.7192612886428833,0.0,309.0,-4.599999904632568,1.7192612886428833,0.6684389710426331,0.03367885947227478,0.004878222942352295
23.024864196777344,75.01516723632812,2.4092416763305664,0.0,0.0,0.0,0.0,-0.34896555547607583,-0.0,-0.01,2.658071463448661,1.5866428920200892,0.0,0.49087101221084595,0.0,0.0,0.0,0.0,1.129885140022651,0.0,1.870114859977349,0.0,0.0,3.0,310.0,-2.4091694355010986,-4.931777477264404,0.8759430646896362,0.26369333267211914,0.005745381116867065
22.28480339050293,165.62982177734375,7.246371387736872e-5,0.0,0.0,0.0,0.0,-1.0288947395044445,-0.0,0.0,2.6112858363560267,1.5398572649274556,0.0,0.0,0.4296489953994751,0.0,0.0,0.0,3.0,0.0,0.0,0.0,3.0,0.0,311.0,0.0,3.0,0.6304951906204224,0.9999993443489075,5.960464477539063e-8
22.538036346435547,164.95858764648438,7.246153836604208e-5,0.0,0.0,0.0,0.0,-1.0118475392201542,-0.0,0.0,2.573357118879046,1.5019285474504747,0.0,0.0,0.3728249967098236,0.0,0.0,0.0,3.0,0.0,0.0,0.0,3.0,0.0,312.0,0.0,4.6824798583984375,0.9246383905410767,0.9999996423721313,0.0
22.774202346801758,154.8721160888672,7.245936285471544e-5,0.0,0.0,0.0,0.0,-0.9832539382876515,-0.0,0.0,2.536785616193499,1.4653570447649278,0.0,0.0,0.2775129973888397,0.0,0.0,0.0,3.0,0.0,0.0,0.0,3.0,0.0,313.0,0.0,3.0,0.9965910315513611,0.9999999403953552,5.960464477539063e-8
23.175695419311523,154.2008819580078,7.24571873433888e-5,0.0,0.0,0.0,0.0,-0.9727752401540757,-0.0,0.0,2.495999962942941,1.4245713915143696,0.0,0.0,0.2425840049982071,0.0,0.0,0.0,3.0,0.0,0.0,0.0,3.0,0.0,314.0,0.0,3.0,0.9665429592132568,0.9999998807907104,5.960464477539063e-8
23.740619659423828,153.52964782714844,7.245501183206216e-5,0.0,0.0,0.0,0.0,-0.9667629387681842,-0.0,0.0,2.45307126726423,1.3816426958356587,0.0,0.0,0.22254300117492676,0.0,0.0,0.0,3.0,0.0,0.0,0.0,3.0,0.0,315.0,0.0,3.0,0.9999895095825195,0.9999997615814209,1.043081283569336e-6
23.922657012939453,152.85841369628906,7.245283632073551e-5,0.0,0.0,0.0,0.0,-0.5897133182371972,-0.0,0.0,2.4102142333984373,1.3387856619698661,0.0,0.0,0.20762799680233002,0.0,0.0,0.0,1.7580829858779907,0.0,0.0,0.0,1.7580829858779907,0.0,316.0,0.0,1.7580829858779907,0.9999644160270691,0.9999998807907104,3.8743019104003906e-7
23.999984741210938,152.1871795654297,7.245066080940887e-5,0.0,0.0,0.0,0.0,-0.5571532709262073,-0.0,0.0,2.3700716291155133,1.2986430576869417,0.0,0.0,0.20176100730895996,0.0,0.0,0.0,1.655416488647461,0.0,0.0,0.0,1.655416488647461,0.0,317.0,0.0,1.655416488647461,0.9999966025352478,0.9999493956565857,7.316470146179199e-5
23.999731063842773,151.5159454345703,7.244848529808223e-5,0.0,0.0,0.0,0.0,-0.6193376787240368,-0.0,0.0,2.3331429072788783,1.2617143358503071,0.0,0.0,0.21150100231170654,0.0,0.0,0.0,1.852957844734192,0.0,0.0,0.0,1.852957844734192,0.0,318.0,0.0,1.852957844734192,0.9999966025352478,0.9999493956565857,7.316470146179199e-5
23.999731063842773,150.84471130371094,7.244630978675559e-5,0.0,0.0,0.0,0.0,-0.7162927390651985,-0.0,0.0,2.2972855704171318,1.2258569989885606,0.0,0.0,0.2400050014257431,0.0,0.0,0.0,2.147637367248535,0.0,0.0,0.0,2.147637367248535,0.0,319.0,0.0,2.147637367248535,0.9999966025352478,0.9999493360519409,7.319450378417969e-5
23.999731063842773,150.17347717285156,7.244413427542895e-5,0.0,0.0,0.0,0.0,-0.847579155269429,-0.0,0.0,2.2675712585449217,1.1961426871163505,0.22990000247955322,0.0,0.1150360107421875,0.0,0.0,0.0,2.7102277278900146,0.0,0.0,0.0,2.7102277278900146,0.0,320.0,0.0,2.7102277278900146,0.9999966025352478,0.9999493360519409,7.319450378417969e-5
23.999731063842773,149.5022430419922,7.244195876410231e-5,0.0,0.0,0.0,0.0,-0.01,-0.0,-0.01,2.320714351109096,1.249285779680525,0.39451301097869873,0.0,0.0,2.0169882594709634,0.0,1.3007855415344238,0.0,0.0,0.0,0.0,0.0,1.3007855415344238,321.0,3.5564870834350586,-1.3007855415344238,0.9795048236846924,0.5387458205223083,0.9999886751174927
23.623239517211914,179.9962615966797,2.017000198364258,0.0,0.0,0.0,0.0,-0.01,-0.0,-0.01,2.420428630283901,1.3490000588553297,0.40608200430870056,0.0,0.0,4.00822686367087,0.0,2.075990676879883,0.0,0.0,0.0,0.0,2.075990676879883,0.0,322.0,4.599999904632568,2.075990676879883,0.936601996421814,0.999993622303009,0.8612015247344971
23.99995231628418,178.85415649414062,6.025046348571777,0.0,0.0,0.0,0.0,0.6163593372789462,-0.0,-0.01,2.5118571145193918,1.4404285430908201,0.41108399629592896,0.0,0.0,0.0,6.959547638893127,1.2211679220199585,0.0,0.0,0.0,0.0,0.0,1.2211679220199585,323.0,-4.599999904632568,-1.2211679220199585,0.23198089003562927,0.9998250603675842,0.9999910593032837
23.987545013427734,179.99664306640625,6.024865627288818,0.0,0.0,0.0,0.0,0.44782742944484283,-0.0,-0.01,2.608285849434989,1.5368572780064174,0.39886701107025146,0.0,0.0,3.7720699310302734,5.086971033999888,0.16511143743991852,0.0,0.0,0.0,0.0,0.0,0.16511143743991852,324.0,3.7720699310302734,-0.16511143743991852,0.9796905517578125,0.9922090768814087,0.9999945759773254
23.97661018371582,179.99720764160156,9.796642303466797,0.0,0.0,0.0,0.0,0.771859344391767,-0.0,-0.01,2.7046429225376674,1.6332143511090962,0.4125719964504242,0.0,0.0,0.0,8.687325358390808,0.40010273456573486,0.0,0.0,0.0,0.0,0.0,0.40010273456573486,325.0,-4.599999904632568,-0.40010273456573486,0.10190534591674805,0.999965488910675,0.9963619709014893
23.965675354003906,179.41598510742188,9.796348571777344,0.0,0.0,0.0,0.0,0.7972875274052206,-0.0,-0.01,2.8037144252232142,1.732285853794643,0.4273020029067993,0.0,0.0,0.0,8.969860702753067,0.10283693671226501,0.0,0.0,0.0,0.0,0.10283693671226501,0.0,326.0,-4.599999904632568,0.10283693671226501,0.9565107822418213,0.9998008012771606,0.7481167912483215
23.99898910522461,178.7447509765625,9.79605484008789,0.0,0.0,0.0,0.0,0.7595618343424265,-0.0,-0.01,2.8894284929547993,1.8179999215262277,0.41009700298309326,0.0,0.0,0.20394515991210938,8.550686368701673,0.025209587067365646,0.0,0.0,0.0,0.0,0.025209587067365646,0.0,327.0,0.2039751559495926,0.025209587067365646,1.0,0.9999998807907104,0.6990769505500793
23.999984741210938,178.07351684570312,9.999700546264648,0.0,0.0,0.0,0.0,0.606186740464144,-0.0,0.0,2.9427857535226005,1.871357182094029,0.42232099175453186,0.0,0.0,0.0,6.735407692097256,0.4365712584032319,0.0,0.0,0.0,0.0,0.4365712584032319,0.0,328.0,0.00032945373095571995,0.43657127022743225,1.0,1.0,0.3627817928791046
23.999984741210938,177.40228271484375,9.999401092529297,0.0,0.0,0.0,0.0,0.42972031101003644,-0.0,0.0,2.9454999106270927,1.874071339198521,0.417385995388031,0.0,0.0,0.0,4.774669742877072,0.022494220440799257,0.0,0.0,0.0,0.0,0.022494220440799257,0.0,329.0,0.0006289074663072824,0.022494221106171608,1.0,1.0,0.17702320218086243
23.999984741210938,176.73104858398438,9.999101638793945,0.0,0.0,0.0,0.0,0.1356877702462385,-0.0,0.0,2.8884998866489955,1.8170713152204243,0.5168240070343018,0.0,0.0,0.0,1.5076417718082666,0.02753426693379879,0.0,0.0,0.0,0.0,0.02753426693379879,0.0,330.0,0.000928361201658845,0.02753426693379879,1.0,1.0,0.0024671554565429688
23.999984741210938,176.059814453125,9.998802185058594,0.0,0.0,0.0,0.0,-0.01,-0.0,-0.01,2.763928495134626,1.6924999237060545,0.0,0.6819890141487122,0.0,0.0,0.0,0.0,0.0,0.0,0.4672467737439748,0.0,0.4672467737439748,0.0,331.0,-4.599999904632568,4.514969348907471,1.0,0.9204115867614746,0.0004207193851470947
23.999984741210938,166.61566162109375,8.825847625732422,0.0,0.0,0.0,0.0,-0.01,-0.0,-0.01,2.690857151576451,1.6194285801478792,0.0,0.6540570259094238,0.0,0.0,0.0,0.0,0.0,0.0,0.0,0.0,0.0,0.0,332.0,-4.599999904632568,0.0,0.9762610793113708,8.046627044677734e-7,0.000641554594039917
23.989044189453125,165.94442749023438,8.158198356628418,0.0,0.0,0.0,0.0,-0.01,-0.0,-0.01,2.636714335850307,1.565285764421736,0.0,0.5621299743652344,0.0,0.0,0.0,0.0,0.0,0.0,0.057825657199502584,0.0,0.057825657199502584,0.0,333.0,-4.599999904632568,4.283977508544922,0.9238216876983643,3.2782554626464844e-7,0.00026279687881469727
23.999984741210938,148.64102172851562,7.525364875793457,0.0,0.0,0.0,0.0,-0.01,-0.0,-0.01,2.5868570600237164,1.5154284885951448,0.0,0.49087101221084595,0.0,0.0,0.0,0.0,0.0,0.0,0.0,0.0,0.0,0.0,334.0,-4.599999904632568,0.0,0.9762595295906067,8.046627044677734e-7,0.0006415843963623047
23.987064361572266,147.96978759765625,7.024265289306641,0.0,0.0,0.0,0.0,-0.01,-0.0,-0.01,2.5475714002336773,1.4761428288051057,0.0,0.4296489953994751,0.0,0.0,0.0,0.0,0.0,0.0,0.0,0.0,0.0,0.0,335.0,-4.599999904632568,0.0,0.9999867677688599,0.014850735664367676,5.453824996948242e-5
23.974143981933594,147.29855346679688,6.585650444030762,0.0,0.0,0.0,0.0,-0.01,-0.0,-0.01,2.5372142246791296,1.465785653250558,0.0,0.3728249967098236,0.0,0.0,0.0,0.0,0.0,0.0,0.1018500873419748,0.0,0.1018500873419748,0.0,336.0,-4.599999904632568,4.077620029449463,0.9977352619171143,0.023685812950134277,0.00018203258514404297
23.999984741210938,134.65248107910156,6.101105213165283,0.0,0.0,0.0,0.0,-0.01,-0.0,-0.01,2.5651427132742746,1.493714141845703,0.0,0.2775129973888397,0.0,0.0,0.0,0.0,0.0,0.0,0.9733445048332214,0.0,0.9733445048332214,0.0,337.0,-4.599999904632568,0.9733445048332214,0.9999985694885254,0.9996046423912048,0.00011563301086425781
23.998008728027344,133.9812469482422,4.824575424194336,0.0,0.0,0.0,0.0,-0.01,-0.0,-0.01,2.598642839704241,1.52721426827567,0.0,0.7857840061187744,0.0,0.0,0.0,0.0,0.0,0.0,0.03821885286056895,0.0,0.03821885286056895,0.0,338.0,-4.599999904632568,2.3350601196289062,0.9945621490478516,0.00035458803176879883,0.0004964470863342285
23.999984741210938,88.46887969970703,3.9836368560791016,0.0,0.0,0.0,0.0,-0.01,-0.0,-0.01,2.6224285670689174,1.5509999956403462,0.0,0.22254300117492676,0.0,0.0,0.0,0.0,0.0,0.0,0.26208677887916565,0.0,0.26208677887916565,0.0,339.0,-3.9835174083709717,0.26208677887916565,0.9999971389770508,0.9453208446502686,2.440810203552246e-5
23.72658920288086,87.79765319824219,3.4890120029449463,0.0,0.0,0.0,0.0,-0.01,-0.0,-0.01,2.6371429443359373,1.5657143729073661,0.0,0.20762799680233002,0.0,0.0,0.0,0.0,0.0,0.0,2.0305535793304443,0.0,2.0305535793304443,0.0,340.0,-3.4889073371887207,2.0305535793304443,0.9999990463256836,0.9943114519119263,0.00023600459098815918
23.971542358398438,87.12642669677734,1.205117106437683,0.0,0.0,0.0,0.0,-0.1571139772923327,-0.0,-0.01,2.6498570578438896,1.5784284864153184,0.0,0.20176100730895996,0.0,0.0,0.0,0.0,0.4903799048218289,0.0,0.9792182692733249,0.0,1.4695981740951538,0.0,341.0,-1.2050809860229492,1.4695981740951538,0.9999986886978149,0.9994831085205078,0.00012353062629699707
23.997400283813477,86.4552001953125,3.623433440225199e-5,0.0,0.0,0.0,0.0,-0.2677335368686329,-0.0,0.0,2.643071528843471,1.5716429574149,0.0,0.0,0.21150100231170654,0.0,0.0,0.0,0.6809440851211548,0.0,0.0,0.0,0.6809440851211548,0.0,342.0,0.0,0.6809440851211548,0.9982314109802246,0.9781783819198608,0.001264125108718872
23.89087677001953,85.78397369384766,3.623324664658867e-5,0.0,0.0,0.0,0.0,-0.0720015032888055,-0.0,0.0,2.617857197352818,1.5464286259242463,0.0,0.0,0.2400050014257431,0.0,0.0,0.0,0.0,0.0,0.0,0.0,0.0,0.0,343.0,0.0,0.0,0.6155245900154114,0.41023871302604675,0.01160380244255066
23.514385223388672,85.11274719238281,3.623215889092535e-5,0.0,0.0,0.0,0.0,-0.5873570824606045,-0.0,0.0,2.609142793927874,1.5377142224993028,0.08170000463724136,0.0,0.26323601603507996,0.0,0.0,0.0,1.6946208477020264,0.0,0.0,0.0,1.6946208477020264,0.0,344.0,0.0,1.6946208477020264,0.8410030603408813,0.34236735105514526,0.010312944650650024
23.619304656982422,71.62298583984375,3.623107113526203e-5,0.0,0.0,0.0,0.0,-0.04232213983226373,-0.0,-0.01,2.6588572910853796,1.587428719656808,0.39451301097869873,0.0,0.0,0.0,0.0,0.5963369607925415,0.10774046182632446,0.0,0.0,0.0,0.704077422618866,0.0,345.0,0.6484869718551636,0.704077422618866,0.8331567645072937,0.06221303343772888,0.06646454334259033
23.251943588256836,52.0671272277832,3.622998337959871e-5,0.0,0.0,0.0,0.0,-0.01,-0.0,-0.01,2.7870000566755024,1.7155714852469313,0.40608200430870056,0.0,0.0,1.150262272095432,0.0,0.5814310908317566,0.0,0.0,0.0,0.0,0.5814310908317566,0.0,346.0,1.8689180612564087,0.5814310908317566,0.7494694590568542,0.04857376217842102,0.021797776222229004
22.573165893554688,42.61552047729492,1.150264024734497,0.0,0.0,0.0,0.0,-0.01,-0.0,-0.01,2.9401427132742746,1.868714141845703,0.41108399629592896,0.0,0.0,1.9439764234285235,0.0,1.3311666250228882,0.0,0.0,0.0,0.0,1.3311666250228882,0.0,347.0,3.510915994644165,1.3311666250228882,0.9721867442131042,0.7203957438468933,0.5095775127410889
22.60196304321289,41.94429016113281,3.0941476821899414,0.0,0.0,0.0,0.0,-0.01,-0.0,-0.01,3.113642774309431,2.042214202880859,0.39886701107025146,0.0,0.0,2.611375239652034,0.0,2.813164234161377,0.0,0.0,0.0,0.0,0.0,2.813164234161377,348.0,4.599999904632568,-2.813164234161377,0.9819061160087585,0.9095467329025269,0.8215885162353516
22.58904266357422,151.45223999023438,5.705351829528809,0.0,0.0,0.0,0.0,0.056759775404638176,-0.0,-0.01,3.2817142486572264,2.210285677228655,0.4125719964504242,0.0,0.0,4.2943339347839355,0.7417752233227581,2.3771793842315674,0.0,0.0,0.0,0.0,2.3771793842315674,0.0,349.0,4.2943339347839355,2.3771793842315674,0.9999656081199646,0.9129070043563843,0.9999565482139587
23.56451988220215,150.781005859375,9.999385833740234,0.0,0.0,0.0,0.0,0.4704825119560944,-0.0,0.0,3.3971429007393974,2.325714329310826,0.4273020029067993,0.0,0.0,0.0,5.227583050727844,1.9498652219772339,0.0,0.0,0.0,0.0,1.9498652219772339,0.0,350.0,0.0006441662553697824,1.9498652219772339,1.0,0.9999710321426392,0.2526232898235321
23.999839782714844,150.10977172851562,9.999086380004883,0.0,0.0,0.0,0.0,0.33985729775510487,-0.0,0.0,3.457571520124163,2.3861429486955914,0.41009700298309326,0.0,0.0,0.0,3.776191897174168,1.0767109920775408,0.0,0.0,0.0,0.0,1.0767109920775408,0.0,351.0,0.000943619990721345,2.3673207759857178,1.0,0.9999998211860657,0.08145219087600708
23.999984741210938,141.3624267578125,9.998786926269531,0.0,0.0,0.0,0.0,0.30316672946347484,-0.0,0.0,3.5022143772670202,2.4307858058384486,0.42232099175453186,0.0,0.0,0.0,3.3685189485549927,1.062710165977478,0.0,0.0,0.0,0.0,1.062710165977478,0.0,352.0,0.0012430737260729074,1.062710165977478,1.0,1.0,0.039348304271698
23.999984741210938,140.69119262695312,9.99848747253418,0.0,0.0,0.0,0.0,0.15775616932428688,-0.0,0.0,3.52957147870745,2.4581429072788783,0.417385995388031,0.0,0.0,0.0,1.752846186521708,0.7111177989214073,0.0,0.0,0.0,0.0,0.7111177989214073,0.0,353.0,0.00154252746142447,0.7111178040504456,1.0,1.0,0.007961153984069824
23.999984741210938,140.01995849609375,9.998188018798828,0.0,0.0,0.0,0.0,-0.225213237905395,-0.0,0.0,3.5288571766444616,2.457428468976702,0.5168240070343018,0.0,0.0,0.0,0.0,0.30397599935531616,0.7507107631874177,0.0,0.0,0.0,1.0546867625427339,0.0,354.0,0.0018419811967760324,2.385554552078247,1.0,1.0,0.00507846474647522
23.999984741210938,133.2383575439453,9.997888565063477,0.0,0.0,0.0,0.0,-0.01,-0.0,-0.01,3.4959285736083983,2.424500002179827,0.0,0.6819890141487122,0.0,0.0,0.0,0.0,0.0,0.0,0.35925331711769104,0.0,0.0,0.35925331711769104,355.0,-4.599999904632568,-0.35925331711769104,0.004869788885116577,0.20712274312973022,0.30750662088394165
23.441709518432617,69.19914245605469,8.935128211975098,0.0,0.0,0.0,0.0,-0.01,-0.0,-0.01,3.4834286281040736,2.4120000566755024,0.0,0.6540570259094238,0.0,0.0,0.0,0.0,0.0,0.0,2.4097842983503486,0.0,0.0,2.4097842983503486,356.0,-4.599999904632568,-2.644420623779297,0.03882622718811035,0.5003404021263123,0.02169644832611084
22.883434295654297,179.99807739257812,5.8085856437683105,0.0,0.0,0.0,0.0,-0.01,-0.0,-0.01,3.415142822265625,2.3437142508370536,0.0,0.5621299743652344,0.0,0.0,0.0,0.0,0.0,0.0,1.380865454673767,0.0,1.380865454673767,0.0,357.0,-4.599999904632568,1.380865454673767,0.5653543472290039,0.8428672552108765,0.006714373826980591
23.21432113647461,179.32684326171875,3.825822591781616,0.0,0.0,0.0,0.0,-0.01,-0.0,-0.01,3.318357140677316,2.2469285692487446,0.0,0.49087101221084595,0.0,0.0,0.0,0.0,0.0,0.0,0.031153850257396698,0.0,0.0,0.031153850257396698,358.0,-3.8257079124450684,-0.031153850257396698,4.470348358154297e-7,0.010744631290435791,1.0
22.65604591369629,179.99807739257812,3.2930455207824707,0.0,0.0,0.0,0.0,-0.01,-0.0,-0.01,3.239571380615234,2.168142809186663,0.0,0.4296489953994751,0.0,0.0,0.0,0.0,0.0,0.0,0.016142962500452995,0.0,0.0,0.016142962500452995,359.0,-3.2929468154907227,-0.016142962500452995,4.470348358154297e-7,0.010739058256149292,1.0
22.27955436706543,179.99807739257812,2.8380706310272217,0.0,0.0,0.0,0.0,-0.01,-0.0,-0.01,3.1919285365513392,2.120499965122768,0.0,0.3728249967098236,0.0,0.0,0.0,0.0,0.0,0.0,0.2229744304289515,0.0,0.0,0.2229744304289515,360.0,-2.8379855155944824,-0.22297443449497223,4.470348358154297e-7,0.010738730430603027,1.0
21.90306282043457,179.99807739257812,2.2300450801849365,0.0,0.0,0.0,0.0,-0.01,-0.0,-0.01,3.1191427503313336,2.0477141789027624,0.0,0.2775129973888397,0.0,0.0,0.0,0.0,0.0,0.0,0.017092350870370865,0.0,0.0,0.017092350870370865,361.0,-2.229978322982788,-0.017092350870370865,4.470348358154297e-7,0.010744959115982056,1.0
21.52657127380371,179.99807739257812,1.929369568824768,0.0,0.0,0.0,0.0,-0.01,-0.0,-0.01,3.0295000893729074,1.9580715179443358,0.0,0.2425840049982071,0.0,0.0,0.0,0.0,0.0,0.0,0.017874857696825248,0.0,0.0,0.017874857696825248,362.0,-1.929311752319336,-4.208765506744385,4.76837158203125e-7,0.011148542165756226,1.0
20.96829605102539,179.99807739257812,1.6635453701019287,0.0,0.0,0.0,0.0,-0.4876952926259099,-0.0,-0.01,2.9594287327357702,1.8880001613071986,0.0,0.22254300117492676,0.0,0.0,0.0,0.0,1.5923175788133506,0.0,1.4076824211866494,0.0,3.0,0.0,363.0,-1.6634955406188965,3.0,0.5653543472290039,0.8428672552108765,0.006714373826980591
21.923547744750977,179.32684326171875,5.007203799323179e-5,0.0,0.0,0.0,0.0,-0.964590939465797,-0.0,0.0,2.9108572823660714,1.8394287109374998,0.0,0.0,0.21530300378799438,0.0,0.0,0.0,3.0,0.0,0.0,0.0,3.0,0.0,364.0,0.0,3.0,0.7575976252555847,0.9999995231628418,4.172325134277344e-7
22.49337387084961,178.65560913085938,5.007053550798446e-5,0.0,0.0,0.0,0.0,-0.9605283403606535,-0.0,0.0,2.8690713609967915,1.7976427895682203,0.0,0.0,0.20176100730895996,0.0,0.0,0.0,3.0,0.0,0.0,0.0,3.0,0.0,365.0,0.0,3.0,0.5653543472290039,0.8428672552108765,0.006714373826980591
23.044395446777344,177.984375,5.006903302273713e-5,0.0,0.0,0.0,0.0,-0.5773540249408882,-0.0,0.0,2.8339998517717633,1.7625712803431917,0.0,0.0,0.21150100231170654,0.0,0.0,0.0,1.7130123376846313,0.0,0.0,0.0,1.7130123376846313,0.0,366.0,0.0,1.7130123376846313,0.5653543472290039,0.8428672552108765,0.006714373826980591
23.21432113647461,177.31314086914062,5.00675305374898e-5,0.0,0.0,0.0,0.0,-0.4694316886636285,-0.0,0.0,2.8094285692487446,1.7379999978201734,0.0,0.0,0.2400050014257431,0.0,0.0,0.0,1.3247672319412231,0.0,0.0,0.0,1.3247672319412231,0.0,367.0,0.0,1.3247672319412231,0.5653543472290039,0.8428672552108765,0.006714373826980591
23.21432113647461,176.64190673828125,5.006602805224247e-5,0.0,0.0,0.0,0.0,-0.8252718702066675,-0.0,0.0,2.8146429879324777,1.743214416503906,0.20804999768733978,0.0,0.13688601553440094,0.0,0.0,0.0,2.6140201091766357,0.0,0.0,0.0,2.6140201091766357,0.0,368.0,0.0,2.6140201091766357,0.5653543472290039,0.8428672552108765,0.006714373826980591
23.21432113647461,175.97067260742188,5.0064525566995144e-5,0.0,0.0,0.0,0.0,-0.01,-0.0,-0.01,2.94471435546875,1.8732857840401786,0.39451301097869873,0.0,0.0,2.3573407239771003,0.0,0.13078709147315265,0.0,0.0,0.0,0.0,0.0,0.13078709147315265,369.0,2.6904869079589844,-1.767190933227539,0.9795061349868774,0.5387389659881592,0.9999886751174927
22.474260330200195,179.99807739257812,2.3573200702667236,0.0,0.0,0.0,0.0,-0.01,-0.0,-0.01,3.0689999171665736,1.9975713457380024,0.40608200430870056,0.0,0.0,2.29086556124912,0.0,3.0,0.0,0.0,0.0,0.0,3.0,0.0,370.0,4.599999904632568,3.0,0.9742493629455566,0.9999293088912964,0.9914281368255615
23.115249633789062,179.32684326171875,4.648046493530273,0.0,0.0,0.0,0.0,0.22022790579557294,-0.0,-0.01,3.1639286586216517,2.0925000871930806,0.41108399629592896,0.0,0.0,4.599999904632568,2.558087638874489,0.18490032851696014,0.0,0.0,0.0,0.0,0.0,0.18490032851696014,371.0,4.599999904632568,-0.18490032851696014,0.9738115668296814,0.9924008846282959,0.9998066425323486
22.556974411010742,179.96713256835938,9.247769355773926,0.0,0.0,0.0,0.0,0.7541018055224327,-0.0,-0.01,3.2394286019461496,2.168000030517578,0.39886701107025146,0.0,0.0,0.0,8.49001938663423,0.011663848534226418,0.0,0.0,0.0,0.0,0.0,0.011663848534226418,372.0,-4.599999904632568,-0.011663848534226418,0.8068808317184448,0.7986370325088501,0.9853866100311279
22.362268447875977,177.65994262695312,9.247491836547852,0.0,0.0,0.0,0.0,0.4520967868264198,-0.0,-0.01,3.2999286106654577,2.228500039236886,0.4125719964504242,0.0,0.0,0.6933674216270447,5.134408334469654,2.518751621246338,0.0,0.0,0.0,0.0,2.518751621246338,0.0,373.0,0.6933674216270447,2.518751621246338,0.9940829277038574,0.8465094566345215,0.9897556900978088
23.232532501220703,176.98870849609375,9.940561294555664,0.0,0.0,0.0,0.0,0.37211188614609314,-0.0,-0.01,3.335285677228655,2.2638571058000836,0.4823800027370453,0.0,0.0,0.05943870544433594,4.245687286428563,1.2086312770843506,0.0,0.0,0.0,0.0,1.2086312770843506,0.0,374.0,0.05946870520710945,1.2086312770843506,1.0,0.9999963045120239,0.6019997000694275
23.460710525512695,168.79226684570312,9.999700546264648,0.0,0.0,0.0,0.0,0.0496367064823074,-0.0,0.0,3.345285633632115,2.2738570622035437,0.4424610137939453,0.0,0.0,0.0,0.5515189170837402,2.5495200157165527,0.0,0.0,0.0,0.0,2.5495200157165527,0.0,375.0,0.00032945373095571995,2.5495200157165527,1.0,0.9999991655349731,0.06697458028793335
23.999980926513672,168.12103271484375,9.999401092529297,0.0,0.0,0.0,0.0,0.15520296300201247,-0.0,0.0,3.333214296613421,2.261785725184849,0.42232099175453186,0.0,0.0,0.0,1.7244772296398878,0.025851668789982796,0.0,0.0,0.0,0.0,0.025851668789982796,0.0,376.0,0.0006289074663072824,0.025851668789982796,1.0,1.0,0.024894237518310547
23.999984741210938,167.44979858398438,9.999101638793945,0.0,0.0,0.0,0.0,-0.04291920305699111,-0.0,0.0,3.2851428440638952,2.2137142726353236,0.417385995388031,0.0,0.0,0.0,0.0,0.620963990688324,0.14306400450511758,0.0,0.0,0.0,0.7640279951934416,0.0,377.0,0.000928361201658845,0.764028012752533,1.0,1.0,0.005689829587936401
23.999984741210938,166.778564453125,9.998802185058594,0.0,0.0,0.0,0.0,-0.01,-0.0,-0.01,3.225642830984933,2.154214259556362,0.21564999222755432,0.30117401480674744,0.0,0.0,0.0,0.0,0.0,0.0,1.9052433803737487,0.0,1.9052433803737487,0.0,378.0,-4.599999904632568,1.9052433967590332,1.0,1.0,0.021775037050247192
23.999984741210938,166.10733032226562,7.747123718261719,0.0,0.0,0.0,0.0,-0.01,-0.0,-0.01,3.1764286041259764,2.105000032697405,0.0,0.6819890141487122,0.0,0.0,0.0,0.0,0.0,0.0,1.1717055268537786,0.0,1.1717055268537786,0.0,379.0,-4.599999904632568,3.406130313873291,1.0,0.9986203908920288,0.0007919967174530029
23.999984741210938,157.62918090820312,5.8554229736328125,0.0,0.0,0.0,0.0,-0.01,-0.0,-0.01,3.1525000980922155,2.081071526663644,0.0,0.6540570259094238,0.0,0.0,0.0,0.0,0.0,0.0,1.5650233690067228,0.0,1.5650233690067228,0.0,380.0,-4.599999904632568,2.683274507522583,0.10131910443305969,6.318092346191406e-6,8.016824722290039e-6
23.999984741210938,127.09092712402344,3.5909476280212402,0.0,0.0,0.0,0.0,-0.01,-0.0,-0.01,3.143214307512556,2.071785736083984,0.0,0.5621299743652344,0.0,0.0,0.0,0.0,0.0,0.0,1.4976035356521606,0.0,1.4976035356521606,0.0,381.0,-3.5908398628234863,1.4976035356521606,0.9535032510757446,0.0009274482727050781,0.004353374242782593
23.966018676757812,80.19844818115234,1.4891341924667358,0.0,0.0,0.0,0.0,-0.10224631766261366,-0.0,-0.01,3.1411429268973214,2.06971435546875,0.0,0.49087101221084595,0.0,0.0,0.0,0.0,0.3074877133235816,0.0,0.9684366116657372,0.0,1.2759243249893188,0.0,382.0,-1.4890894889831543,1.2759243249893188,0.9929673671722412,0.12500005960464478,0.0042053163051605225
23.827136993408203,71.316162109375,4.480798452277668e-5,0.0,0.0,0.0,0.0,-0.9544186084617815,-0.0,0.0,3.143571526663644,2.0721429552350727,0.0,0.0,0.4296489953994751,0.0,0.0,0.0,2.751746239722508,0.0,0.0,0.0,0.0,2.751746239722508,383.0,0.0,-3.564469575881958,0.7990567088127136,0.4085496962070465,0.017047017812728882
22.723506927490234,179.99807739257812,4.480664210859686e-5,0.0,0.0,0.0,0.0,-0.11690656195059575,-0.0,0.0,3.146928460257394,2.0754998888288227,0.0,0.0,0.3728249967098236,0.0,0.0,0.0,0.01686352764066482,0.0,0.0,0.0,0.0,0.01686352764066482,384.0,0.0,-2.94622540473938,1.0132789611816406e-6,0.31854555010795593,1.0
21.98344612121582,179.99807739257812,4.4805299694417045e-5,0.0,0.0,0.0,0.0,-0.9832539382876515,-0.0,0.0,3.144785690307617,2.073357118879046,0.0,0.0,0.2775129973888397,0.0,0.0,0.0,3.0,0.0,0.0,0.0,3.0,0.0,385.0,0.0,3.0,0.7575772404670715,0.9999995231628418,4.172325134277344e-7
22.476755142211914,179.32684326171875,4.480395728023723e-5,0.0,0.0,0.0,0.0,-0.8989791556787141,-0.0,0.0,3.1368571145193918,2.06542854309082,0.0,0.0,0.2425840049982071,0.0,0.0,0.0,2.7540130615234375,0.0,0.0,0.0,2.7540130615234375,0.0,386.0,0.0,2.7540130615234375,0.5653543472290039,0.8428672552108765,0.006714373826980591
23.21432113647461,178.65560913085938,4.480261486605741e-5,0.0,0.0,0.0,0.0,-0.07502797842136921,-0.0,0.0,3.1267857687813896,2.055357197352818,0.0,0.0,0.22254300117492676,0.0,0.0,0.0,0.02755025029182434,0.0,0.0,0.0,0.02755025029182434,0.0,387.0,0.0,0.02755025029182434,0.5653543472290039,0.8428672552108765,0.006714373826980591
23.21432113647461,177.984375,4.4801272451877594e-5,0.0,0.0,0.0,0.0,-0.5748121273372564,-0.0,0.0,3.1162858145577568,2.044857243129185,0.0,0.0,0.20762799680233002,0.0,0.0,0.0,1.7084123515185883,0.0,0.0,0.0,1.7084123515185883,0.0,388.0,0.0,3.7922213077545166,0.5653543472290039,0.8428672552108765,0.006714373826980591
23.999984741210938,169.78912353515625,4.479993003769778e-5,0.0,0.0,0.0,0.0,-0.06052830459786662,-0.0,0.0,3.101856994628906,2.030428423200335,0.0,0.0,0.20176100730895996,0.0,0.0,0.0,0.0,0.0,0.0,0.0,0.0,0.0,389.0,0.0,0.0,0.5653543472290039,0.8428672552108765,0.006714373826980591
23.987064361572266,169.11788940429688,4.479858762351796e-5,0.0,0.0,0.0,0.0,-0.1533498617973431,-0.0,0.0,3.081428473336356,2.0099999019077845,0.0,0.0,0.21150100231170654,0.0,0.0,0.0,0.29966518336751785,0.0,0.0,0.0,0.0,0.29966518336751785,390.0,0.0,-0.46400001645088196,0.5653543472290039,0.8428672552108765,0.006714373826980591
23.428789138793945,179.99807739257812,4.4797245209338143e-5,0.0,0.0,0.0,0.0,-0.07728645982498097,-0.0,0.0,3.0582141331263952,1.9867855616978236,0.0,0.0,0.2400050014257431,0.0,0.0,0.0,0.017616521087233928,0.0,0.0,0.0,0.0,0.017616521087233928,391.0,0.0,-0.043079037219285965,0.5653543472290039,0.8428672552108765,0.006714373826980591
23.23408317565918,179.99807739257812,4.479590279515833e-5,0.0,0.0,0.0,0.0,-0.8145069893005275,-0.0,0.0,3.036571448189872,1.9651428767613002,0.009499999694526196,0.0,0.33543601632118225,0.0,0.0,0.0,2.379587173461914,0.0,0.0,0.0,2.379587173461914,0.0,392.0,0.0,2.379587173461914,0.5653543472290039,0.8428672552108765,0.006714373826980591
23.21432113647461,179.32684326171875,4.479456038097851e-5,0.0,0.0,0.0,0.0,-0.01,-0.0,-0.01,3.0345714569091795,1.9631428854806083,0.39451301097869873,0.0,0.0,0.09513803806795647,0.0,0.03565735212291703,0.0,0.0,0.0,0.0,0.0,0.03565735212291703,393.0,0.16048699617385864,-0.035657353699207306,0.9999701976776123,0.02000218629837036,1.0
22.92820930480957,179.99807739257812,0.095179982483387,0.0,0.0,0.0,0.0,-0.01,-0.0,-0.01,3.042142813546317,1.9707142421177455,0.40608200430870056,0.0,0.0,1.0630626424866911,0.0,0.017760185112302256,0.0,0.0,0.0,0.0,0.0,0.017760185112302256,394.0,1.1819180250167847,-0.01776018552482128,0.9999701976776123,0.019992560148239136,1.0
22.461307525634766,179.99807739257812,1.158207893371582,0.0,0.0,0.0,0.0,-0.01,-0.0,-0.01,3.05264276776995,1.9812141963413783,0.41108399629592896,0.0,0.0,0.4158198056088622,0.0,1.866410255432129,0.0,0.0,0.0,0.0,0.0,1.866410255432129,395.0,2.4329161643981934,-1.866410255432129,0.9711952209472656,0.009043335914611816,0.9998986721038818
22.2078914642334,179.98187255859375,1.573980450630188,0.0,0.0,0.0,0.0,-0.01,-0.0,-0.01,3.0716429574148996,2.000214385986328,0.39886701107025146,0.0,0.0,2.681650213935427,0.0,1.0732550621032715,0.0,0.0,0.0,0.0,0.0,1.0732550621032715,396.0,4.031132698059082,-1.0732550621032715,0.9607348442077637,0.9998652935028076,0.9337326884269714
21.37642478942871,169.39532470703125,4.255503177642822,0.0,0.0,0.0,0.0,-0.01,-0.0,-0.01,3.0925714765276227,2.0211429050990515,0.4125719964504242,0.0,0.0,2.1876814218965137,0.0,3.0,0.0,0.0,0.0,0.0,3.0,0.0,397.0,4.599999904632568,3.0,0.9880404472351074,0.9996175765991211,0.9742547273635864
21.93764305114746,168.72409057617188,6.442991256713867,0.0,0.0,0.0,0.0,-0.01,-0.0,-0.01,3.09442868913923,2.0230001177106587,0.4730199873447418,0.0,0.0,3.431571598083565,0.0,1.561976432800293,0.0,0.0,0.0,0.0,0.0,1.561976432800293,398.0,3.4701342582702637,-1.561976432800293,0.9913095235824585,0.999896764755249,0.9820051193237305
21.197582244873047,177.11891174316406,9.874266624450684,0.0,0.0,0.0,0.0,0.23502578254574588,-0.0,-0.01,3.079142924717494,2.007714353288923,0.41009700298309326,0.0,0.0,0.12540002167224884,2.7225084785871934,1.057185173034668,0.0,0.0,0.0,0.0,0.0,1.057185173034668,399.0,0.12540002167224884,-1.057185173034668,0.999963641166687,0.9999865293502808,0.9250592589378357
20.639307022094727,168.00755310058594,9.999366760253906,0.0,0.0,0.0,0.0,-0.1685613937601005,-0.0,0.0,3.0606430053710936,1.9892144339425224,0.42232099175453186,0.0,0.0,0.0,0.0,2.438128709793091,0.5618712902069092,0.0,0.0,0.0,3.0,0.0,400.0,0.0006584713701158762,3.0,0.9999995231628418,0.9999445080757141,0.2593400180339813
21.094751358032227,167.33631896972656,9.999067306518555,0.0,0.0,0.0,0.0,-0.535015818874669,-0.0,0.0,3.041785866873605,1.9703572954450337,0.417385995388031,0.0,0.0,0.0,0.0,1.216614007949829,1.783385992050171,0.0,0.0,0.0,3.0,0.0,401.0,0.00096269347704947,3.0,1.0,0.999991774559021,0.15772002935409546
21.723495483398438,166.6650848388672,9.998767852783203,0.0,0.0,0.0,0.0,-0.8823372416630271,-0.0,0.0,3.010928508213588,1.9394999367850168,0.5168240070343018,0.0,0.0,0.0,0.0,0.058875977993011475,2.9411240220069885,0.0,0.0,0.0,3.0,0.0,402.0,0.0012535641435533762,3.5592803955078125,0.9999991655349731,0.9999693632125854,0.024423956871032715
22.520137786865234,156.29591369628906,9.998468399047852,0.0,0.0,0.0,0.0,-0.01,-0.0,-0.01,2.9518571036202568,1.8804285321916852,0.0,0.6819890141487122,0.0,0.0,0.0,0.0,0.0,0.0,1.8588043451309204,0.0,1.8588043451309204,0.0,403.0,-4.599999904632568,1.8588043451309204,0.9999998807907104,0.7569833993911743,0.001247793436050415
22.784900665283203,155.6246795654297,7.405600070953369,0.0,0.0,0.0,0.0,-0.01,-0.0,-0.01,2.8957856859479634,1.8243571145193918,0.0,0.6858599781990051,0.0,0.0,0.0,0.0,0.0,0.0,0.0,0.0,0.0,0.0,404.0,-4.599999904632568,0.0,0.9999994039535522,0.0002951323986053467,0.00054970383644104
22.408409118652344,154.9534454345703,6.705542087554932,0.0,0.0,0.0,0.0,-0.01,-0.0,-0.01,2.8483572823660714,1.7769287109374998,0.0,0.5621299743652344,0.0,0.0,0.0,0.0,0.0,0.0,3.0,0.0,3.0,0.0,405.0,-4.599999904632568,3.70070743560791,0.9762611389160156,8.046627044677734e-7,0.000641554594039917
23.131895065307617,146.21316528320312,3.0706236362457275,0.0,0.0,0.0,0.0,-0.01,-0.0,-0.01,2.802285548618862,1.7308569771902906,0.0,0.49087101221084595,0.0,0.0,0.0,0.0,0.0,0.0,0.0,0.0,0.0,0.0,406.0,-3.0705316066741943,0.0,0.9786964654922485,5.728006362915039e-5,4.521012306213379e-5
22.755403518676758,145.54193115234375,2.569657802581787,0.0,0.0,0.0,0.0,-0.01,-0.0,-0.01,2.749428558349609,1.677999986921038,0.0,0.4296489953994751,0.0,0.0,0.0,0.0,0.0,0.0,0.0,0.0,0.0,0.0,407.0,-2.5695807933807373,0.0,0.8436530232429504,0.01318061351776123,0.00011661648750305176
22.3789119720459,144.87069702148438,2.131176471710205,0.0,0.0,0.0,0.0,-0.39530047093640663,-0.0,-0.01,2.693642970493862,1.6222143990652906,0.0,0.3728249967098236,0.0,0.0,0.0,0.0,1.2843348520864737,0.0,1.7156651479135263,0.0,3.0,0.0,408.0,-2.131112575531006,3.0,0.9672290086746216,0.9999998807907104,2.9802322387695312e-8
23.03277587890625,144.199462890625,6.41187943983823e-5,0.0,0.0,0.0,0.0,-0.9832539382876515,-0.0,0.0,2.642428479875837,1.5709999084472654,0.0,0.0,0.2775129973888397,0.0,0.0,0.0,3.0,0.0,0.0,0.0,3.0,0.0,409.0,0.0,3.0,0.999909520149231,0.9999999403953552,2.384185791015625e-7
23.300024032592773,143.52822875976562,6.411687354557216e-5,0.0,0.0,0.0,0.0,-0.9727752401540757,-0.0,0.0,2.598285620553153,1.5268570491245814,0.0,0.0,0.2425840049982071,0.0,0.0,0.0,3.0,0.0,0.0,0.0,3.0,0.0,410.0,0.0,3.0,0.9995278120040894,0.9999999403953552,5.960464477539063e-8
23.72919273376465,142.85699462890625,6.411495269276202e-5,0.0,0.0,0.0,0.0,-0.7143456742900867,-0.0,0.0,2.5604999542236326,1.4890713827950615,0.0,0.0,0.22254300117492676,0.0,0.0,0.0,2.15860915184021,0.0,0.0,0.0,2.15860915184021,0.0,411.0,0.0,2.15860915184021,0.999284029006958,0.9999999403953552,1.1920928955078125e-7
23.999984741210938,142.18576049804688,6.411303183995187e-5,0.0,0.0,0.0,0.0,-0.6483271692525205,-0.0,0.0,2.5254998343331474,1.4540712629045762,0.0,0.0,0.20762799680233002,0.0,0.0,0.0,1.9534624814987183,0.0,0.0,0.0,1.9534624814987183,0.0,412.0,0.0,1.9534624814987183,0.9999973773956299,0.9999920129776001,1.2636184692382812e-5
23.99994468688965,141.5145263671875,6.411111098714173e-5,0.0,0.0,0.0,0.0,-0.5083984696228683,-0.0,0.0,2.492071369716099,1.4206427982875276,0.0,0.0,0.20176100730895996,0.0,0.0,0.0,1.4929004907608032,0.0,0.0,0.0,1.4929004907608032,0.0,413.0,0.0,1.4929004907608032,0.9999966025352478,0.9999493956565857,7.319450378417969e-5
23.999731063842773,140.84329223632812,6.410919013433158e-5,0.0,0.0,0.0,0.0,-0.6639920617736195,-0.0,0.0,2.4646428789411274,1.3932143075125563,0.0,0.0,0.21150100231170654,0.0,0.0,0.0,2.0018057823181152,0.0,0.0,0.0,2.0018057823181152,0.0,414.0,0.0,2.0018057823181152,0.9999966025352478,0.9999493956565857,7.316470146179199e-5
23.999731063842773,140.17205810546875,6.410726928152144e-5,0.0,0.0,0.0,0.0,-0.4067986366867471,-0.0,0.0,2.4427857535226005,1.3713571820940293,0.0,0.0,0.2400050014257431,0.0,0.0,0.0,1.115990400314331,0.0,0.0,0.0,0.0,1.115990400314331,415.0,0.0,-1.115990400314331,0.5653543472290039,0.8428672552108765,0.006714373826980591
23.623239517211914,168.8512420654297,6.41053484287113e-5,0.0,0.0,0.0,0.0,-0.8135814034518422,-0.0,0.0,2.4332855224609373,1.3618569510323661,0.19474999606609344,0.0,0.15018601715564728,0.0,0.0,0.0,2.561751886587763,0.0,0.0,0.0,2.561751886587763,0.0,416.0,0.0,5.063258171081543,0.5653543472290039,0.8428672552108765,0.006714373826980591
23.999984741210938,153.31295776367188,6.410342757590115e-5,0.0,0.0,0.0,0.0,-0.01,-0.0,-0.01,2.5146429334368023,1.4432143620082307,0.39451301097869873,0.0,0.0,1.229220096805331,0.0,0.9883805516869459,0.0,0.0,0.0,0.0,0.0,0.9883805516869459,417.0,2.3814868927001953,-4.633574485778809,0.9794962406158447,0.538791298866272,0.9999886751174927
23.441709518432617,179.99807739257812,1.2292473316192627,0.0,0.0,0.0,0.0,-0.01,-0.0,-0.01,2.643071528843471,1.5716429574149,0.40608200430870056,0.0,0.0,3.196114101626222,0.0,2.356527090072632,0.0,0.0,0.0,0.0,2.356527090072632,0.0,418.0,4.599999904632568,2.356527090072632,0.9584760665893555,0.9999005794525146,0.9919060468673706
23.999488830566406,179.32684326171875,4.425228595733643,0.0,0.0,0.0,0.0,0.21533054982007574,-0.0,-0.01,2.783142852783203,1.7117142813546318,0.41108399629592896,0.0,0.0,4.599999904632568,2.503672576804596,0.7656153440475464,0.0,0.0,0.0,0.0,0.0,0.7656153440475464,419.0,4.599999904632568,-0.7656153440475464,0.9644116163253784,0.9980006217956543,0.9996927976608276
23.62344741821289,179.9489288330078,9.024957656860352,0.0,0.0,0.0,0.0,0.807249643749681,-0.0,-0.01,2.896428462437221,1.8249998910086496,0.39886701107025146,0.0,0.0,0.0,9.080550875561318,0.020582470996298806,0.0,0.0,0.0,0.0,0.0,0.020582470996298806,420.0,-4.599999904632568,-0.18988315761089325,0.7869306206703186,0.833285927772522,0.9701035022735596
23.248912811279297,179.99807739257812,9.024686813354492,0.0,0.0,0.0,0.0,0.7041411144845543,-0.0,-0.01,2.9710714612688336,1.8996428898402624,0.4125719964504242,0.0,0.0,0.0,7.934900641441345,1.1525274515151978,0.0,0.0,0.0,0.0,1.1525274515151978,0.0,421.0,-4.599999904632568,1.1525274515151978,0.7869290113449097,0.8408578634262085,0.9801574349403381
23.204273223876953,179.32684326171875,9.024415969848633,0.0,0.0,0.0,0.0,0.4529619734388771,-0.0,-0.01,3.0275000980922155,1.956071526663644,0.4273020029067993,0.0,0.0,0.9755749106407166,5.144021518288526,2.9331915378570557,0.0,0.0,0.0,0.0,2.9331915378570557,0.0,422.0,0.9755749106407166,2.9331915378570557,0.9999960660934448,0.9956096410751343,0.9939312934875488
23.9780330657959,178.65560913085938,9.999691009521484,0.0,0.0,0.0,0.0,0.7431259049877085,-0.0,0.0,3.0666429792131695,1.9952144077845984,0.41009700298309326,0.0,0.0,0.0,8.25695384365968,0.470999113493641,0.0,0.0,0.0,0.0,0.470999113493641,0.0,423.0,0.00033899047411978245,0.4709991216659546,1.0,0.9999998211860657,0.7208969593048096
23.999984741210938,177.984375,9.999391555786133,0.0,0.0,0.0,0.0,0.5725365573429663,-0.0,0.0,3.086071504865374,2.0146429334368023,0.42232099175453186,0.0,0.0,0.0,6.3615167982427945,0.8133126847894316,0.0,0.0,0.0,0.0,0.8133126847894316,0.0,424.0,0.000638444209471345,0.8133127093315125,1.0,1.0,0.2598170042037964
23.999984741210938,177.31314086914062,9.999092102050781,0.0,0.0,0.0,0.0,0.4005420499080516,-0.0,0.0,3.070857129778181,1.9994285583496092,0.417385995388031,0.0,0.0,0.0,4.450466867509237,0.4226968325945226,0.0,0.0,0.0,0.0,0.4226968325945226,0.0,425.0,0.0009378979448229074,3.2047245502471924,1.0,1.0,0.1639585793018341
23.999984741210938,169.11669921875,9.99879264831543,0.0,0.0,0.0,0.0,0.043431633676931765,-0.0,0.0,3.0089999062674386,1.937571334838867,0.5168240070343018,0.0,0.0,0.0,0.4825736691699538,1.2369023154034104,0.0,0.0,0.0,0.0,1.2369023154034104,0.0,426.0,0.00123735168017447,3.5806097984313965,1.0,1.0,0.015696942806243896
23.999984741210938,155.5605010986328,9.998493194580078,0.0,0.0,0.0,0.0,-0.01,-0.0,-0.01,2.8849999019077845,1.8135713304792134,0.01615000143647194,0.6658390164375305,0.0,0.0,0.0,0.0,0.0,0.0,0.8699969450309001,0.0,0.8699969450309001,0.0,427.0,-4.599999904632568,3.524853467941284,0.9999650716781616,0.37887537479400635,0.00010412931442260742
23.999984741210938,142.61148071289062,8.431060791015625,0.0,0.0,0.0,0.0,-0.01,-0.0,-0.01,2.788285609654018,1.7168570382254469,0.0,0.6540570259094238,0.0,0.0,0.0,0.0,0.0,0.0,0.0,0.0,0.0,0.0,428.0,-4.599999904632568,0.0,0.9999995231628418,0.0008789002895355225,0.00027048587799072266
23.259923934936523,141.94024658203125,7.763422966003418,0.0,0.0,0.0,0.0,-0.01,-0.0,-0.01,2.7111428941999165,1.6397143227713453,0.0,0.5621299743652344,0.0,0.0,0.0,0.0,0.0,0.0,3.0,0.0,3.0,0.0,429.0,-4.599999904632568,3.5293641090393066,0.9741401672363281,0.0016980171203613281,0.00016301870346069336
23.739877700805664,131.01007080078125,4.128472805023193,0.0,0.0,0.0,0.0,-0.01,-0.0,-0.01,2.6425712585449217,1.5711426871163505,0.0,1.0771600008010864,0.0,0.0,0.0,0.0,0.0,0.0,2.064612408337859,0.0,2.064612408337859,0.0,430.0,-4.1283488273620605,2.9104859828948975,0.6343882083892822,3.960728645324707e-5,2.384185791015625e-7
23.999984741210938,107.69502258300781,0.9225549697875977,0.0,0.0,0.0,0.0,-0.4311523283533188,-0.0,-0.01,2.584571511404855,1.5131429399762837,0.0,0.8678960204124451,0.0,0.0,0.0,0.0,1.4038410387274316,0.0,0.03618061851346965,0.0,1.4400216572409013,0.0,431.0,-0.9225273132324219,2.3209240436553955,0.9442217350006104,0.2368151843547821,0.00015234947204589844
23.999984741210938,87.37346649169922,2.780433169391472e-5,0.0,0.0,0.0,0.0,-0.7292815596999999,-0.0,0.0,2.533142852783203,1.4617142813546318,0.0,0.0,0.9616810083389282,0.0,0.0,0.0,1.4692574273975898,0.0,0.0,0.0,1.4692574273975898,0.0,432.0,0.0,1.504752516746521,0.9427558183670044,0.05298429727554321,0.004658788442611694
23.999984741210938,62.92584228515625,2.7803498596767895e-5,0.0,0.0,0.0,0.0,-0.08325390252486464,-0.0,0.0,2.4896427699497767,1.4182141985212056,0.0,0.0,0.2775129973888397,0.0,0.0,0.0,0.0,0.0,0.0,0.0,0.0,0.0,433.0,0.0,0.0,1.0,0.5027668476104736,8.940696716308594e-8
23.987064361572266,62.25461196899414,2.780266549962107e-5,0.0,0.0,0.0,0.0,-0.13629665767338484,-0.0,0.0,2.4603573390415736,1.3889287676130024,0.0,0.0,0.2425840049982071,0.0,0.0,0.0,0.21173816919326782,0.0,0.0,0.0,0.21173816919326782,0.0,434.0,0.0,0.21173816919326782,1.0,0.901389479637146,6.854534149169922e-7
23.50693130493164,61.58338165283203,2.7801832402474247e-5,0.0,0.0,0.0,0.0,-0.5384590601308759,-0.0,0.0,2.4416429792131695,1.370214407784598,0.0,0.0,0.22254300117492676,0.0,0.0,0.0,1.5723204612731934,0.0,0.0,0.0,1.5723204612731934,0.0,435.0,0.0,1.5723204612731934,1.0,0.941262423992157,4.76837158203125e-7
23.706296920776367,60.91215133666992,2.7800999305327423e-5,0.0,0.0,0.0,0.0,-0.3307824519587532,-0.0,0.0,2.4389285496303015,1.3674999782017299,0.0,0.0,0.20762799680233002,0.0,0.0,0.0,0.8949801325798035,0.0,0.0,0.0,0.8949801325798035,0.0,436.0,0.0,0.8949801325798035,0.9999901056289673,0.9314481019973755,0.0006039440631866455
23.657224655151367,60.24092102050781,2.78001662081806e-5,0.0,0.0,0.0,0.0,-0.5662154899523841,-0.0,0.0,2.4538570949009486,1.3824285234723774,0.0,0.0,0.20176100730895996,0.0,0.0,0.0,1.6856238842010498,0.0,0.0,0.0,1.6856238842010498,0.0,437.0,0.0,1.6856238842010498,0.9995244741439819,0.9438810348510742,0.001069873571395874
23.719390869140625,59.5696907043457,2.7799333111033775e-5,0.0,0.0,0.0,0.0,-0.26125560844960205,-0.0,0.0,2.46707147870745,1.3956429072788783,0.0,0.0,0.21150100231170654,0.0,0.0,0.0,0.6593509912490845,0.0,0.0,0.0,0.0,0.6593509912490845,438.0,0.0,-0.6593509912490845,0.9734195470809937,0.8197831511497498,0.003941237926483154
23.342899322509766,76.5464096069336,2.779850001388695e-5,0.0,0.0,0.0,0.0,-0.4781233694403708,-0.0,0.0,2.469785635811942,1.3983570643833705,0.0,0.0,0.2400050014257431,0.0,0.0,0.0,1.3537395000457764,0.0,0.0,0.0,1.3537395000457764,0.0,439.0,0.0,1.3537395000457764,0.9734928607940674,0.8572311401367188,0.0036317110061645508
23.28614044189453,75.87518310546875,2.7797666916740127e-5,0.0,0.0,0.0,0.0,-0.060445808785987154,-0.0,0.0,2.4683573041643414,1.3969287327357698,0.14344999194145203,0.0,0.2014860212802887,0.0,0.0,0.0,0.0,0.0,0.0,0.0,0.0,0.0,440.0,0.0,0.0,0.6155253648757935,0.41023093461990356,0.01160392165184021
22.909648895263672,75.2039566040039,2.7796833819593303e-5,0.0,0.0,0.0,0.0,-0.01,-0.0,-0.01,2.5340714590890068,1.4626428876604356,0.39451301097869873,0.0,0.0,1.2668332251107586,0.0,0.0,0.0,0.0,0.0,0.0,0.0,0.0,441.0,1.3814870119094849,0.0,0.6155248284339905,0.41023558378219604,0.011603832244873047
22.805320739746094,74.53273010253906,1.2668230533599854,0.0,0.0,0.0,0.0,-0.01,-0.0,-0.01,2.680214146205357,1.6087855747767854,0.40608200430870056,0.0,0.0,1.5172043809541265,0.0,3.0,0.0,0.0,0.0,0.0,0.0,3.0,442.0,4.599999904632568,-3.0,0.9984285831451416,0.9944325685501099,0.9997639656066895
22.33793830871582,157.4779052734375,2.7839438915252686,0.0,0.0,0.0,0.0,0.08271216922436207,-0.0,-0.01,2.820571572440011,1.74914300101144,0.41108399629592896,0.0,0.0,4.599999904632568,1.0301351317362366,1.1770533323287964,0.0,0.0,0.0,0.0,0.0,1.1770533323287964,443.0,4.599999904632568,-1.1770533323287964,0.9859175682067871,0.9745714664459229,0.9999650716781616
22.053302764892578,179.99249267578125,7.383722305297852,0.0,0.0,0.0,0.0,0.35399087158700615,-0.0,-0.01,2.946428516932896,1.874999945504325,0.39886701107025146,0.0,0.0,1.6311516761779785,4.044342696217916,3.0,0.0,0.0,0.0,0.0,3.0,0.0,444.0,1.6311516761779785,3.0,0.9014844298362732,0.8864407539367676,0.9984216690063477
22.88214683532715,179.32125854492188,9.014603614807129,0.0,0.0,0.0,0.0,0.6214900065652504,-0.0,-0.01,3.049357223510742,1.9779286520821708,0.4125719964504242,0.0,0.0,0.0,7.016555070877075,2.0708730220794678,0.0,0.0,0.0,0.0,2.0708730220794678,0.0,445.0,-4.599999904632568,2.0708730220794678,0.7992913722991943,0.8362455368041992,0.9889329671859741
23.18121337890625,178.6500244140625,9.014333724975586,0.0,0.0,0.0,0.0,0.6943836432398028,-0.0,-0.01,3.1344285147530693,2.0629999433244977,0.4273020029067993,0.0,0.0,0.9856662750244141,7.826484302893597,0.24043144285678864,0.0,0.0,0.0,0.0,0.0,0.24043144285678864,446.0,0.9856962561607361,-0.24043144285678864,1.0,0.9993610978126526,0.9997997283935547
22.895591735839844,179.96603393554688,9.999700546264648,0.0,0.0,0.0,0.0,0.5366296431723921,-0.0,0.0,3.199285725184849,2.127857153756278,0.41009700298309326,0.0,0.0,0.0,5.962551116943359,2.5155515670776367,0.0,0.0,0.0,0.0,2.5155515670776367,0.0,447.0,0.00032945373095571995,2.5155515670776367,1.0,0.9999994039535522,0.9657865762710571
23.999980926513672,179.2947998046875,9.999401092529297,0.0,0.0,0.0,0.0,0.5771255749649504,-0.0,0.0,3.2421427590506418,2.17071418762207,0.42232099175453186,0.0,0.0,0.0,6.4125058788792595,0.40037320666151216,0.0,0.0,0.0,0.0,0.40037320666151216,0.0,448.0,0.0006289074663072824,1.4791626930236816,1.0,1.0,0.49451878666877747
23.999984741210938,160.69854736328125,9.999101638793945,0.0,0.0,0.0,0.0,0.29683613970452427,-0.0,0.0,3.252571323939732,2.181142752511161,0.417385995388031,0.0,0.0,0.0,3.298179067934542,0.02648480955264028,0.0,0.0,0.0,0.0,0.02648480955264028,0.0,449.0,0.000928361201658845,0.026484809815883636,1.0,1.0,0.09817561507225037
23.999984741210938,160.02731323242188,9.998802185058594,0.0,0.0,0.0,0.0,-0.1697806187383577,-0.0,0.0,3.2284286499023436,2.1570000784737724,0.5168240070343018,0.0,0.0,0.0,0.0,0.021825969219207764,0.5659353733062744,0.0,0.0,0.0,0.5877613425254822,0.0,450.0,0.0012278149370104074,0.5877613425254822,1.0,1.0,0.002393186092376709
23.999984741210938,159.3560791015625,9.998502731323242,0.0,0.0,0.0,0.0,-0.01,-0.0,-0.01,3.175,2.1035714285714286,0.0,0.6819890141487122,0.0,0.0,0.0,0.0,0.0,0.0,0.7885124176505982,0.0,0.7885124176505982,0.0,451.0,-4.599999904632568,3.2043919563293457,1.0,0.9984279274940491,0.00023353099822998047
23.999984741210938,149.30792236328125,8.497735977172852,0.0,0.0,0.0,0.0,-0.01,-0.0,-0.01,3.1444998604910714,2.0730712890625,0.0,0.6540570259094238,0.0,0.0,0.0,0.0,0.0,0.0,0.0,0.0,0.0,0.0,452.0,-4.599999904632568,0.0,1.0,0.20487567782402039,0.0005807280540466309
23.442197799682617,148.63668823242188,7.830096244812012,0.0,0.0,0.0,0.0,-0.01,-0.0,-0.01,3.134714344569615,2.0632857731410437,0.0,0.5621299743652344,0.0,0.0,0.0,0.0,0.0,0.0,0.0,0.0,0.0,0.0,453.0,-4.599999904632568,0.0,0.9999972581863403,0.00011399388313293457,0.0005552470684051514
22.975814819335938,147.9654541015625,7.256276607513428,0.0,0.0,0.0,0.0,-0.01,-0.0,-0.01,3.1080714089529855,2.036642837524414,0.0,0.49087101221084595,0.0,0.0,0.0,0.0,0.0,0.0,2.9760007858276367,0.0,2.9760007858276367,0.0,454.0,-4.599999904632568,2.9760007858276367,0.8664346933364868,6.854534149169922e-7,0.00011932849884033203
23.804983139038086,136.25596618652344,3.718540906906128,0.0,0.0,0.0,0.0,-0.01,-0.0,-0.01,3.0865715026855467,2.0151429312569755,0.0,0.4296489953994751,0.0,0.0,0.0,0.0,0.0,0.0,1.2321987750489356,0.0,1.2321987750489356,0.0,455.0,-3.7184293270111084,1.3653477430343628,0.9976745843887329,0.0004214942455291748,0.006441891193389893
23.999984741210938,73.79456329345703,2.022717237472534,0.0,0.0,0.0,0.0,-0.01,-0.0,-0.01,3.0756429399762832,2.004214368547712,0.0,0.3728249967098236,0.0,0.0,0.0,0.0,0.0,0.0,0.0,0.0,0.0,0.0,456.0,-2.0226566791534424,0.0,1.0,0.008843719959259033,4.172325134277344e-7
23.987064361572266,73.12333679199219,1.6422343254089355,0.0,0.0,0.0,0.0,-0.01,-0.0,-0.01,3.0674285343715124,1.9959999629429408,0.0,0.2775129973888397,0.0,0.0,0.0,0.0,0.0,0.0,0.0,0.0,0.0,0.0,457.0,-1.642185091972351,0.0,1.0,0.004945248365402222,2.9802322387695312e-8
23.7923583984375,72.45211029052734,1.359017014503479,0.0,0.0,0.0,0.0,-0.01,-0.0,-0.01,3.835785675048828,2.7643571036202568,0.0,0.21376900374889374,0.0,0.0,0.0,0.0,0.0,0.0,0.3682193458080292,0.0,0.3682193458080292,0.0,458.0,-1.3589762449264526,0.3682193458080292,0.9841917157173157,0.00010079145431518555,0.1942140758037567
23.44594383239746,70.59341430664062,0.7651284337043762,0.0,0.0,0.0,0.0,-0.08290590359669797,-0.0,-0.01,3.828928620474679,2.7574999128069195,0.0,0.1956239938735962,0.0,0.0,0.0,0.0,0.2430196689989259,0.0,0.5541793418500731,0.0,0.0,0.797199010848999,459.0,-0.7651054859161377,-0.797199010848999,1.0,0.00017216801643371582,0.5359100103378296
23.0694522857666,105.74369049072266,2.3003289243206382e-5,0.0,0.0,0.0,0.0,-0.054591301762711986,-0.0,0.0,3.812071473257882,2.7406427655901227,0.0,0.0,0.1819709986448288,0.0,0.0,0.0,0.0,0.0,0.0,0.0,0.0,0.0,460.0,0.0,0.0,0.01684659719467163,1.2129545211791992e-5,2.9802322387695312e-8
22.692960739135742,105.07246398925781,2.3002599846222438e-5,0.0,0.0,0.0,0.0,-0.05307960423150071,-0.0,0.0,3.809214265005929,2.737785829816546,0.0,0.0,0.17693200707435608,0.0,0.0,0.0,0.0,0.0,0.0,0.0,0.0,0.0,461.0,0.0,0.0,0.0015512406826019287,0.0003992915153503418,0.0
22.316469192504883,104.40123748779297,2.3001910449238494e-5,0.0,0.0,0.0,0.0,-0.4687256999304168,-0.0,0.0,3.8132142475673128,2.7417858123779295,0.0,0.0,0.18479299545288086,0.0,0.0,0.0,1.3776259422302246,0.0,0.0,0.0,0.0,1.3776259422302246,462.0,0.0,-1.3776259422302246,0.0026445984840393066,0.04005134105682373,0.97606360912323
21.758193969726562,176.16827392578125,2.300122105225455e-5,0.0,0.0,0.0,0.0,-0.06332550449472674,-0.0,0.0,3.821428516932896,2.749999945504325,0.0,0.0,0.2110850065946579,0.0,0.0,0.0,0.0,0.0,0.0,0.0,0.0,0.0,463.0,0.0,0.0,0.0,0.0017697811126708984,0.0009683966636657715
21.381702423095703,175.49703979492188,2.3000531655270606e-5,0.0,0.0,0.0,0.0,-0.5895474101919884,-0.0,0.0,3.844571467808315,2.7731428963797433,0.09689999371767044,0.0,0.21234402060508728,0.0,0.0,0.0,1.7528139352798462,0.0,0.0,0.0,1.7528139352798462,0.0,464.0,0.0,1.7528139352798462,0.0017634034156799316,0.0032594799995422363,4.693865776062012e-5
21.6524658203125,113.22603607177734,2.2999842258286662e-5,0.0,0.0,0.0,0.0,-0.667024817745876,-0.0,0.0,3.89957150050572,2.8281429290771483,0.351065993309021,0.0,0.0,0.0,0.0,0.7765840291976929,2.223415970802307,0.0,0.0,0.0,3.0,0.0,465.0,0.00010981816740240902,3.0,1.0281801223754883e-5,0.8748148083686829,0.6153520941734314
23.21302032470703,112.5548095703125,2.299915286130272e-5,0.0,0.0,0.0,0.0,0.22654117238848678,-0.0,0.0,4.0087857382638115,2.93735716683524,0.35998600721359253,0.0,0.0,0.0,2.5171239376068115,2.0942399501800537,0.0,0.0,0.0,0.0,2.0942399501800537,0.0,466.0,0.0,2.0942399501800537,0.0,0.9952882528305054,0.8884910345077515
23.976425170898438,111.88358306884766,2.2998463464318775e-5,0.0,0.0,0.0,0.0,0.5552663034412281,-0.0,0.0,4.108357102530343,3.03692866734096,0.3635280132293701,0.0,0.0,0.0,6.169625103473663,0.5851966738700867,0.0,0.0,0.0,0.0,0.5851966738700867,0.0,467.0,0.0,0.5851966738700867,0.0,0.998304009437561,0.3422301411628723
23.991504669189453,111.21235656738281,2.299777406733483e-5,0.0,0.0,0.0,0.0,0.6392144403385427,-0.0,0.0,4.137000029427664,3.065571321759905,0.3520059883594513,0.0,0.0,0.0,7.102382105981625,0.5208621796018712,0.0,0.0,0.0,0.0,0.5208621796018712,0.0,468.0,0.0,0.6706405878067017,0.0,0.9993982315063477,0.26948583126068115
23.999984741210938,102.54378509521484,2.2997084670350887e-5,0.0,0.0,0.0,0.0,0.7080729199842948,-0.0,0.0,4.14992858341762,3.0785001482282364,0.36357200145721436,0.0,0.0,0.0,7.867476263463537,0.3104021163582398,0.0,0.0,0.0,0.0,0.3104021163582398,0.0,469.0,0.0,0.8011165261268616,0.0,0.9999889135360718,0.16953396797180176
23.999984741210938,94.42100524902344,2.2996395273366943e-5,0.0,0.0,0.0,0.0,0.7045629083660346,-0.0,0.0,4.156357165745327,3.084928458077567,0.37676000595092773,0.0,0.0,0.0,7.828476137471209,0.015113168406476684,0.0,0.0,0.0,0.0,0.015113168406476684,0.0,470.0,0.0,1.1398415565490723,0.0,0.9999998807907104,0.02167704701423645
23.999984741210938,90.90254974365234,2.2995705876383e-5,0.0,0.0,0.0,0.0,0.6556580125815052,-0.0,0.0,4.148214285714285,3.0767857142857142,0.3611670136451721,0.0,0.0,0.0,7.285088449716568,0.3080945909023285,0.0,0.0,0.0,0.0,0.3080945909023285,0.0,471.0,0.0,0.3080945909023285,0.0,0.999998927116394,0.47864097356796265
23.99997901916504,90.2313232421875,2.2995016479399055e-5,0.0,0.0,0.0,0.0,0.49628755877713593,-0.0,0.0,4.128999928065708,3.0575713566371374,0.37240099906921387,0.0,0.0,0.0,5.514305770397186,0.9551928639411926,0.0,0.0,0.0,0.0,0.0,0.9551928639411926,472.0,0.0,-0.9551928639411926,0.0,0.999993622303009,0.7848293781280518
23.8062744140625,145.57077026367188,2.299432708241511e-5,0.0,0.0,0.0,0.0,0.3539823489642554,-0.0,0.0,4.075714329310825,3.0042857578822546,0.3644320070743561,0.0,0.0,0.0,3.933136898136306,0.6329312743185278,0.0,0.0,0.0,0.0,0.6329312743185278,0.0,473.0,0.0,2.030247211456299,0.0,1.0,0.00046443939208984375
23.999984741210938,137.04747009277344,2.2993637685431167e-5,0.0,0.0,0.0,0.0,0.14394978385764562,-0.0,0.0,3.9646428789411274,2.893214307512556,0.4492720067501068,0.0,0.0,0.0,1.5994419157505035,0.47828611731529236,0.0,0.0,0.0,0.0,0.47828611731529236,0.0,474.0,0.0,0.47828611731529236,0.0,1.0,0.0
23.999984741210938,136.37623596191406,2.2992948288447224e-5,0.0,0.0,0.0,0.0,-0.3345374329337002,-0.0,0.0,3.783642850603376,2.7122142791748045,0.3543500006198883,0.0,0.2393690049648285,0.0,0.0,0.0,0.8757557271697631,0.0,0.0,0.0,0.8757557271697631,0.0,475.0,0.0,1.7829996347427368,0.9872928857803345,4.9114227294921875e-5,0.014092206954956055
23.999984741210938,114.99524688720703,2.299225889146328e-5,0.0,0.0,0.0,0.0,-0.17011530479253523,-0.0,0.0,3.6373571123395645,2.5659285409109933,0.0,0.0,0.5670509934425354,0.0,0.0,0.0,0.0,0.0,0.0,0.0,0.0,0.0,476.0,0.0,0.0,0.9975219964981079,0.00017252564430236816,0.05041325092315674
23.624156951904297,114.32402038574219,2.2991569494479336e-5,0.0,0.0,0.0,0.0,-0.1494483023662685,-0.0,0.0,3.563071468898228,2.4916427612304686,0.0,0.0,0.4981609880924225,0.0,0.0,0.0,0.0,0.0,0.0,0.0,0.0,0.0,477.0,0.0,0.0,0.9778413772583008,9.274482727050781e-5,0.23997190594673157
23.248180389404297,113.65279388427734,2.2990880097495392e-5,0.0,0.0,0.0,0.0,-0.6354266866217717,-0.0,0.0,3.5094999040876114,2.43807133265904,0.0,0.0,0.45346799492836,0.0,0.0,0.0,1.6646208763122559,0.0,0.0,0.0,1.6646208763122559,0.0,478.0,0.0,1.6646208763122559,0.9906841516494751,0.00013619661331176758,0.0033031702041625977
23.747987747192383,98.35980224609375,2.2990190700511448e-5,0.0,0.0,0.0,0.0,-0.12181530780853045,-0.0,0.0,3.485285840715681,2.413857269287109,0.0,0.0,0.40605100989341736,0.0,0.0,0.0,0.0,0.0,0.0,0.0,0.0,0.0,479.0,0.0,0.0,0.9014002084732056,7.203221321105957e-5,0.0010176897048950195
23.00792694091797,97.6885757446289,2.2989501303527504e-5,0.0,0.0,0.0,0.0,-0.5466672369506842,-0.0,0.0,3.478500039236886,2.407071467808315,0.0,0.0,0.3171739876270294,0.0,0.0,0.0,1.5050500631332397,0.0,0.0,0.0,1.5050500631332397,0.0,480.0,0.0,1.5050500631332397,0.8944257497787476,8.931756019592285e-5,0.00011324882507324219
23.053163528442383,89.4935302734375,2.298881190654356e-5,0.0,0.0,0.0,0.0,-0.07418730255712269,-0.0,0.0,3.476928656441825,2.4055000850132533,0.0,0.0,0.24729099869728088,0.0,0.0,0.0,0.0,0.0,0.0,0.0,0.0,0.0,481.0,0.0,0.0,0.5235227346420288,2.47955322265625e-5,0.0016113817691802979
22.31310272216797,88.82230377197266,2.2988122509559616e-5,0.0,0.0,0.0,0.0,-0.6610558610219687,-0.0,0.0,3.4783572605678015,2.40692868913923,0.0,0.0,0.21376900374889374,0.0,0.0,0.0,1.9897504454310058,0.0,0.0,0.0,0.0,1.9897504454310058,482.0,0.0,-4.931370735168457,0.46598321199417114,1.940131187438965e-5,7.56978988647461e-5
21.573041915893555,179.99807739257812,2.2987433112575673e-5,0.0,0.0,0.0,0.0,-0.06304162636580098,-0.0,0.0,3.4827855791364395,2.4113570077078683,0.0,0.0,0.1956239938735962,0.0,0.0,0.0,0.014514752328910157,0.0,0.0,0.0,0.0,0.014514752328910157,483.0,0.0,-3.8565852642059326,7.092952728271484e-6,6.496906280517578e-6,0.00013968348503112793
21.014766693115234,179.99807739257812,2.298674371559173e-5,0.0,0.0,0.0,0.0,-0.054591301762711986,-0.0,0.0,3.4957857949393136,2.424357223510742,0.0,0.0,0.1819709986448288,0.0,0.0,0.0,0.0,0.0,0.0,0.0,0.0,0.0,484.0,0.0,0.0,4.678964614868164e-6,8.192658424377441e-5,2.980232238769531e-7
20.638275146484375,179.32684326171875,2.2986054318607785e-5,0.0,0.0,0.0,0.0,-0.05307960423150071,-0.0,0.0,3.5024285452706474,2.430999973842076,0.0,0.0,0.17693200707435608,0.0,0.0,0.0,0.0,0.0,0.0,0.0,0.0,0.0,485.0,0.0,0.0,1.284480094909668e-5,0.00020515918731689453,0.0
20.625354766845703,178.65560913085938,2.298536492162384e-5,0.0,0.0,0.0,0.0,-0.05543790083876843,-0.0,0.0,3.491142763410296,2.419714191981724,0.0,0.0,0.18479299545288086,0.0,0.0,0.0,0.0,0.0,0.0,0.0,0.0,0.0,486.0,0.0,0.0,8.046627044677734e-7,0.0002835094928741455,5.960464477539063e-8
20.430648803710938,177.984375,2.2984675524639897e-5,0.0,0.0,0.0,0.0,-0.08077731660995417,-0.0,0.0,3.4780714307512555,2.4066428593226843,0.0,0.0,0.2110850065946579,0.0,0.0,0.0,0.05817270473918251,0.0,0.0,0.0,0.0,0.05817270473918251,487.0,0.0,-1.6696350574493408,0.0,0.00026428699493408203,0.9596351385116577
19.872373580932617,179.99807739257812,2.2983986127655953e-5,0.0,0.0,0.0,0.0,0.009592974948324711,-0.0,0.0,3.5182856968470984,2.4468571254185267,0.3092440068721771,0.0,0.0,0.0,0.10658860206604004,0.3954674005508423,0.0,0.0,0.0,0.0,0.0,0.3954674005508423,488.0,0.0,-0.3954674005508423,8.940696716308594e-8,0.024031996726989746,0.9998432397842407
19.313583374023438,179.97299194335938,2.298329673067201e-5,0.0,0.0,0.0,0.0,0.21321278791330459,-0.0,0.0,3.57542849949428,2.5039999280657086,0.351065993309021,0.0,0.0,0.0,2.36903078854084,0.22775332629680634,0.0,0.0,0.0,0.0,0.22775332629680634,0.0,489.0,0.0,0.22775332629680634,8.940696716308594e-8,0.024032652378082275,0.9998432397842407
19.120147705078125,179.3017578125,2.2982607333688065e-5,0.0,0.2553708591816246,0.0,0.0,0.12234555834687716,-0.2553708591816246,0.0,3.6375000272478375,2.566071319580078,0.35998600721359253,0.0,0.0,0.0,4.196848750114441,0.27201569080352783,0.0,0.0,0.0,0.0,0.0,0.27201569080352783,490.0,0.0,-0.27201569080352783,2.980232238769531e-7,0.10225081443786621,0.9999998807907104
18.74462890625,179.99806213378906,2.298191793670412e-5,0.0,0.0,0.0,0.0,0.2248295581205324,-0.0,0.0,3.683999960763114,2.6125713893345424,0.4260939955711365,0.0,0.0,0.0,2.498106002807617,3.0,0.0,0.0,0.0,0.0,3.0,0.0,491.0,4.1290753870271146e-5,3.0,3.427267074584961e-6,0.3342552185058594,0.9999998807907104
19.965993881225586,179.3268280029297,2.2981228539720178e-5,0.0,0.0,0.0,0.0,0.37294928415213124,-0.0,0.0,3.719999940054757,2.648571504865374,0.4152370095252991,0.0,0.0,0.0,4.143880605697632,2.4765822887420654,0.0,0.0,0.0,0.0,2.4765822887420654,0.0,492.0,0.0,2.4765822887420654,1.4901161193847656e-6,0.03228113055229187,0.15115118026733398
20.942459106445312,169.97850036621094,2.2980539142736234e-5,0.0,0.0,0.0,0.0,0.39866392442893195,-0.0,0.0,3.743214280264718,2.671785845075335,0.3765510022640228,0.0,0.0,0.0,4.429598808288574,3.0,0.0,0.0,0.0,0.0,3.0,0.0,493.0,0.0,3.0,0.0,1.0,2.86102294921875e-6
22.614498138427734,169.30726623535156,2.297984974575229e-5,0.0,0.0,0.0,0.0,0.3708249103404597,-0.0,0.0,3.740142904009138,2.6687141963413783,0.3960829973220825,0.0,0.0,0.0,4.120276454110504,2.490840432028411,0.0,0.0,0.0,0.0,2.490840432028411,0.0,494.0,0.0,2.490840435028076,0.0,1.0,8.940696716308594e-8
23.999984741210938,168.6360321044922,2.2979160348768346e-5,0.0,0.0,0.0,0.0,0.48378769716547276,-0.0,0.0,3.7227142333984373,2.651285661969866,0.3611670136451721,0.0,0.0,0.0,5.375418430194259,0.021364444866776466,0.0,0.0,0.0,0.0,0.021364444866776466,0.0,495.0,0.0,0.021364444866776466,0.0,1.0,0.0
23.999984741210938,167.9647979736328,2.2978470951784402e-5,0.0,0.0,0.0,0.0,0.30762853225798525,-0.0,0.0,3.6940000534057615,2.6225713457380024,0.4102570116519928,0.0,0.0,0.0,3.4180945312207505,0.3478482807451919,0.0,0.0,0.0,0.0,0.3478482807451919,0.0,496.0,0.0,2.778380870819092,0.0,1.0,0.0
23.999984741210938,159.7385711669922,2.2977781554800458e-5,0.0,0.0,0.0,0.0,0.19806570146083105,-0.0,0.0,3.653785651070731,2.5823570796421595,0.3644320070743561,0.0,0.0,0.0,2.2007298413331586,0.022638088125459383,0.0,0.0,0.0,0.0,0.022638088125459383,0.0,497.0,0.0,2.6544251441955566,0.0,1.0,0.0
23.999984741210938,151.45697021484375,2.2977092157816514e-5,0.0,0.0,0.0,0.0,0.05035196404635257,-0.0,0.0,3.6025714329310827,2.531142861502511,0.4492720067501068,0.0,0.0,0.0,0.5594662227193137,0.023911734624741523,0.0,0.0,0.0,0.0,0.023911734624741523,0.0,498.0,0.0,0.02391173504292965,0.0,1.0,0.0
23.999984741210938,150.78573608398438,2.297640276083257e-5,0.0,0.0,0.0,0.0,-0.5655452445326398,-0.0,0.0,3.551285689217704,2.47985725402832,0.097850002348423,0.0,0.4958690106868744,0.0,0.0,0.0,1.3892817295127649,0.0,0.0,0.0,1.3892817295127649,0.0,499.0,0.0,2.3397328853607178,0.997521698474884,0.00017255544662475586,0.050411105155944824
23.999984741210938,139.33848571777344,2.2975713363848627e-5,0.0,0.0,0.0,0.0,-0.17011530479253523,-0.0,0.0,3.522285679408482,2.450857107979911,0.0,0.0,0.5670509934425354,0.0,0.0,0.0,0.0,0.0,0.0,0.0,0.0,0.0,500.0,0.0,0.0,0.9950582981109619,0.00013890862464904785,0.08590644598007202
23.805278778076172,138.66725158691406,2.2975023966864683e-5,0.0,0.0,0.0,0.0,-0.3707367103169278,-0.0,0.0,3.5194999967302594,2.4480712890625,0.0,0.0,0.4981609880924225,0.0,0.0,0.0,0.7376279971914946,0.0,0.0,0.0,0.7376279971914946,0.0,501.0,0.0,0.7554656267166138,0.9209814667701721,7.027387619018555e-5,0.4668334126472473
23.999984741210938,130.15985107421875,2.297433456988074e-5,0.0,0.0,0.0,0.0,-0.13604040388426775,-0.0,0.0,3.5231428963797433,2.4517143249511717,0.0,0.0,0.45346799492836,0.0,0.0,0.0,0.0,0.0,0.0,0.0,0.0,0.0,502.0,0.0,0.0,0.024744868278503418,2.9802322387695312e-6,0.0012934207916259766
23.987064361572266,129.48861694335938,2.2973645172896795e-5,0.0,0.0,0.0,0.0,-0.35636846443419007,-0.0,0.0,3.5351428440638952,2.4637142726353236,0.0,0.0,0.7963470220565796,0.0,0.0,0.0,0.391547812188021,0.0,0.0,0.0,0.391547812188021,0.0,503.0,0.0,1.9719794988632202,0.9816009998321533,3.4242868423461914e-5,0.03636118769645691
23.999984741210938,118.99011993408203,2.297295577591285e-5,0.0,0.0,0.0,0.0,-0.20489664800660182,-0.0,0.0,3.548357091631208,2.476928656441825,0.0,0.0,0.3171739876270294,0.0,0.0,0.0,0.3658148119221067,0.0,0.0,0.0,0.3658148119221067,0.0,504.0,0.0,1.909237027168274,0.8304406404495239,4.1425228118896484e-6,0.0004940629005432129
23.999984741210938,110.77069854736328,2.2972266378928907e-5,0.0,0.0,0.0,0.0,-0.1835530840799027,-0.0,0.0,3.5606428691319056,2.489214161464146,0.0,0.0,0.24729099869728088,0.0,0.0,0.0,0.364552590589915,0.0,0.0,0.0,0.364552590589915,0.0,505.0,0.0,1.8302853107452393,0.6293327808380127,2.950429916381836e-6,1.6093254089355469e-6
23.999984741210938,107.37274169921875,2.2971576981944963e-5,0.0,0.0,0.0,0.0,-0.3766151991505976,-0.0,0.0,3.5731428146362303,2.501714379446847,0.0,0.0,0.21376900374889374,0.0,0.0,0.0,1.0416149435352888,0.0,0.0,0.0,1.0416149435352888,0.0,506.0,0.0,1.3476101160049438,0.8276126384735107,1.84476375579834e-5,0.10088315606117249
23.999984741210938,100.79484558105469,2.297088758496102e-5,0.0,0.0,0.0,0.0,-0.05868720049409859,-0.0,0.0,3.5818570818219864,2.510428510393415,0.0,0.0,0.1956239938735962,0.0,0.0,0.0,0.0,0.0,0.0,0.0,0.0,0.0,507.0,0.0,0.0,0.8108482360839844,9.059906005859375e-6,0.018938779830932617
23.441709518432617,100.12361907958984,2.2970198187977076e-5,0.0,0.0,0.0,0.0,-0.27731833516829507,-0.0,0.0,3.579357092721122,2.50792852129255,0.0,0.0,0.1819709986448288,0.0,0.0,0.0,0.742423415184021,0.0,0.0,0.0,0.0,0.742423415184021,508.0,0.0,-0.742423415184021,0.18705591559410095,2.3245811462402344e-5,0.7197667360305786
22.701648712158203,135.16075134277344,2.2969508790993132e-5,0.0,0.0,0.0,0.0,-0.05307960423150071,-0.0,0.0,3.5616428647722516,2.490214157104492,0.0,0.0,0.17693200707435608,0.0,0.0,0.0,0.0,0.0,0.0,0.0,0.0,0.0,509.0,0.0,0.0,1.424551010131836e-5,2.384185791015625e-6,0.0003210902214050293
22.143373489379883,134.48951721191406,2.2968819394009188e-5,0.0,0.0,0.0,0.0,-0.34875912027755873,-0.0,0.0,3.5342142377580914,2.4627856663295202,0.0,0.0,0.18479299545288086,0.0,0.0,0.0,0.9777373592775089,0.0,0.0,0.0,0.0,0.9777373592775089,510.0,0.0,-4.513162612915039,3.2782554626464844e-7,0.00215110182762146,0.9999693632125854
21.40331268310547,179.99807739257812,2.2968129997025244e-5,0.0,0.0,0.0,0.0,-0.06762919192663588,-0.0,0.0,3.511214338030134,2.4397857666015623,0.0,0.0,0.2110850065946579,0.0,0.0,0.0,0.014345624202986608,0.0,0.0,0.0,0.0,0.014345624202986608,511.0,0.0,-3.4970619678497314,0.0,0.0006422996520996094,0.7929807901382446
20.84503746032715,179.99807739257812,2.29674406000413e-5,0.0,0.0,0.0,0.0,0.0025119338105615858,-0.0,0.0,3.511214338030134,2.4397857666015623,0.3092440068721771,0.0,0.0,0.0,0.02791037345478927,0.014345624202986608,0.0,0.0,0.0,0.0,0.0,0.014345624202986608,512.0,0.0,-2.037658929824829,2.9802322387695312e-8,0.006358742713928223,0.9998067021369934
20.104976654052734,179.99807739257812,2.2966751203057356e-5,0.0,0.0,0.0,0.0,0.045900937865920026,-0.0,0.0,3.5278571810041153,2.456428473336356,0.351065993309021,0.0,0.0,0.0,0.5100103802004605,0.22002361352054775,0.0,0.0,0.0,0.0,0.0,0.22002361352054775,513.0,0.0,-0.80607008934021,8.940696716308594e-8,0.024032145738601685,0.9998432397842407
19.546701431274414,179.99807739257812,2.2966061806073412e-5,0.0,0.0,0.0,0.0,0.05594828811870295,-0.0,0.0,3.537928526742118,2.466500091552734,0.35998600721359253,0.0,0.0,0.0,0.6216475963592529,0.239116370677948,0.0,0.0,0.0,0.0,0.239116370677948,0.0,514.0,0.0,0.239116370677948,8.940696716308594e-8,0.02306729555130005,0.9999014139175415
19.11532211303711,179.32684326171875,2.296537240908947e-5,0.0,0.0,0.0,0.0,0.07413959436731259,-0.0,0.0,3.561214256286621,2.4897858210972377,0.40860098600387573,0.0,0.0,0.0,0.823773205280304,0.6913759112358093,0.0,0.0,0.0,0.0,0.6913759112358093,0.0,515.0,3.3260672353208065e-5,0.6913759112358093,2.6226043701171875e-6,0.02153053879737854,0.9999996423721313
19.107637405395508,171.1311492919922,2.2964683012105525e-5,0.0,0.0,0.0,0.0,0.18736839370544148,-0.0,-0.01,3.598500061035156,2.527071489606585,0.406917005777359,0.0,0.0,0.011285724118351936,2.1929819780001307,0.4998350441455841,0.0,0.0,0.0,0.0,0.4998350441455841,0.0,516.0,0.011285724118351936,0.4998350441455841,0.001127868890762329,0.0002948343753814697,0.9999059438705444
19.0014591217041,162.93470764160156,0.011308349668979645,0.0,0.0,0.0,0.0,0.14111912259412715,-0.0,-0.01,3.6415713991437637,2.5701429639543805,0.36357200145721436,0.0,0.0,0.0,1.6791012287139893,2.4764764308929443,0.0,0.0,0.0,0.0,2.4764764308929443,0.0,517.0,-0.011308010667562485,2.4764764308929443,0.0,0.9999986886978149,0.002214789390563965
20.341278076171875,142.4184112548828,0.011308010667562485,0.0,0.0,0.0,0.0,0.15867456822987858,-0.0,-0.01,3.6638571330479213,2.592428697858538,0.37676000595092773,0.0,0.0,0.0,1.874161720275879,2.4021778106689453,0.0,0.0,0.0,0.0,2.4021778106689453,0.0,518.0,-0.011307671666145325,2.4021778106689453,0.0,1.0,0.0
21.648542404174805,139.4285430908203,0.011307671666145325,0.0,0.0,0.0,0.0,0.14204856173583288,-0.0,-0.01,3.6746429170880996,2.6032142094203405,0.3611670136451721,0.0,0.0,0.0,1.6894283294677734,2.2681045532226562,0.0,0.0,0.0,0.0,2.2681045532226562,0.0,519.0,-0.011307332664728165,2.2681045532226562,0.0,1.0,0.0
22.886781692504883,133.23190307617188,0.011307332664728165,0.0,0.0,0.0,0.0,0.10624825968440406,-0.0,-0.01,3.681857190813337,2.6104286193847654,0.37240099906921387,0.0,0.0,0.0,1.2916472271758108,2.0390517398041696,0.0,0.0,0.0,0.0,2.0390517398041696,0.0,520.0,-0.011306993663311005,2.0390517711639404,0.0,1.0,0.0
23.999984741210938,132.5606689453125,0.011306993663311005,0.0,0.0,0.0,0.0,0.18293994489080673,-0.0,-0.01,3.6755713871547155,2.604142815726144,0.3644320070743561,0.0,0.0,0.0,2.1437769950813164,0.02164091454087622,0.0,0.0,0.0,0.0,0.02164091454087622,0.0,521.0,-0.011306654661893845,2.0570058822631836,0.0,1.0,0.0
23.999984741210938,122.72955322265625,0.011306654661893845,0.0,0.0,0.0,0.0,-0.01,-0.0,-0.01,3.6527142660958427,2.581285694667271,0.4492720067501068,0.0,0.0,0.4374071769909639,0.0,0.35174409555532493,0.0,0.0,0.0,0.0,0.35174409555532493,0.0,522.0,0.8637279272079468,1.8244287967681885,0.9975206851959229,0.00017267465591430664,0.050404250621795654
23.999984741210938,118.37906646728516,0.4487003684043884,0.0,0.0,0.0,0.0,-0.01,-0.0,-0.01,3.59478577205113,2.5233570643833705,0.1928499937057495,0.4008690118789673,0.0,0.0,0.0,0.0,0.0,0.0,0.0,0.0,0.0,0.0,523.0,-0.4486869275569916,0.0,0.9975217580795288,0.00017252564430236816,0.05041179060935974
23.532087326049805,117.70783996582031,0.039649177342653275,0.0,0.0,0.0,0.0,-0.44144227675886893,-0.0,-0.01,3.518928609575544,2.4474999019077845,0.0,0.038855026300987916,0.5281959671415475,0.0,0.0,0.0,0.909944898241432,0.0,0.0,0.0,0.909944898241432,0.0,524.0,-0.039647988975048065,1.7446240186691284,0.9446089267730713,7.298588752746582e-5,0.008028209209442139
23.999984741210938,103.1719970703125,1.192057197840768e-6,0.0,0.0,0.0,0.0,-0.1494483023662685,-0.0,0.0,3.489571380615234,2.418142809186663,0.0,0.0,0.4981609880924225,0.0,0.0,0.0,0.0,0.0,0.0,0.0,0.0,0.0,525.0,0.0,0.0,0.9500190615653992,1.3470649719238281e-5,0.00989338755607605
23.988054275512695,102.50077056884766,1.1920215001737233e-6,0.0,0.0,0.0,0.0,-0.13604040388426775,-0.0,0.0,3.4655000959123883,2.394071524483817,0.0,0.0,0.45346799492836,0.0,0.0,0.0,0.0,0.0,0.0,0.0,0.0,0.0,526.0,0.0,0.0,0.8622967600822449,3.844499588012695e-6,0.00016301870346069336
23.975133895874023,101.82954406738281,1.1919858025066787e-6,0.0,0.0,0.0,0.0,-0.3546460766934548,-0.0,0.0,3.4474999019077845,2.3760713304792134,0.0,0.0,0.40605100989341736,0.0,0.0,0.0,0.7761025321102043,0.0,0.0,0.0,0.7761025321102043,0.0,527.0,0.0,1.1573660373687744,0.993706464767456,0.00027877092361450195,0.0326172411441803
23.999984741210938,77.9560317993164,1.1919501048396342e-6,0.0,0.0,0.0,0.0,-0.314941473802711,-0.0,0.0,3.4259286063058036,2.354500034877232,0.0,0.0,0.3171739876270294,0.0,0.0,0.0,0.7326308833331764,0.0,0.0,0.0,0.7326308833331764,0.0,528.0,0.0,0.9684962630271912,0.9975459575653076,0.00012919306755065918,0.039345115423202515
23.999984741210938,70.02535247802734,1.1919144071725896e-6,0.0,0.0,0.0,0.0,-0.17082049333335902,-0.0,0.0,3.4128572736467633,2.341428702218192,0.0,0.0,0.24729099869728088,0.0,0.0,0.0,0.3221106231212616,0.0,0.0,0.0,0.3221106231212616,0.0,529.0,0.0,0.3221106231212616,0.9994509220123291,0.0005141794681549072,0.14137175679206848
23.60660743713379,57.08158874511719,1.191878709505545e-6,0.0,0.0,0.0,0.0,-0.24729479490895212,-0.0,0.0,3.391285705566406,2.319857134137835,0.0,0.0,0.21376900374889374,0.0,0.0,0.0,0.6105469465255737,0.0,0.0,0.0,0.0,0.6105469465255737,530.0,0.0,-0.6105469465255737,0.999992311000824,0.0009168088436126709,0.39734774827957153
23.04833221435547,83.57371520996094,1.1918430118385004e-6,0.0,0.0,0.0,0.0,-0.05868720049409859,-0.0,0.0,3.36014278956822,2.2887142181396483,0.0,0.0,0.1956239938735962,0.0,0.0,0.0,0.0,0.0,0.0,0.0,0.0,0.0,531.0,0.0,0.0,0.9768282771110535,1.800060272216797e-5,0.00033867359161376953
22.49005699157715,82.9024887084961,1.1918073141714558e-6,0.0,0.0,0.0,0.0,-0.7522593601933693,-0.0,0.0,3.3309998648507255,2.259571293422154,0.0,0.0,0.1819709986448288,0.0,0.0,0.0,2.3255601023594017,0.0,0.0,0.0,0.0,2.3255601023594017,532.0,0.0,-5.5033793449401855,0.99867844581604,4.947185516357422e-5,0.9042147397994995
21.749996185302734,179.99807739257812,1.1917716165044112e-6,0.0,0.0,0.0,0.0,-0.08928887339276206,-0.0,0.0,3.311857169015067,2.2404285975864955,0.0,0.0,0.17693200707435608,0.0,0.0,0.0,0.12069755907478111,0.0,0.0,0.0,0.0,0.12069755907478111,533.0,0.0,-4.4109063148498535,8.940696716308594e-8,9.828805923461914e-5,0.6454275250434875
21.191720962524414,179.99807739257812,1.1917359188373666e-6,0.0,0.0,0.0,0.0,-0.060152646479494164,-0.0,0.0,3.298500006539481,2.2270714351109095,0.0,0.0,0.18479299545288086,0.0,0.0,0.0,0.01571581817792862,0.0,0.0,0.0,0.0,0.01571581817792862,534.0,0.0,-2.9307236671447754,0.0,0.00032526254653930664,0.9994029998779297
20.45166015625,179.99807739257812,1.191700221170322e-6,0.0,0.0,0.0,0.0,-0.128406379449307,-0.0,0.0,3.294142804827009,2.2227142333984373,0.0,0.0,0.2110850065946579,0.0,0.0,0.0,0.21693624122832914,0.0,0.0,0.0,0.0,0.21693624122832914,535.0,0.0,-1.7565943002700806,2.9802322387695312e-8,0.005085676908493042,0.9997966289520264
19.89338493347168,179.99807739257812,1.1916645235032775e-6,0.0,0.0,0.0,0.0,-0.11831915550705396,-0.0,0.0,3.3544286455426895,2.2830000741141183,0.3092440068721771,0.0,0.0,0.0,0.0,0.275005966424942,0.39439716935157776,0.0,0.0,0.0,0.0,0.6694031357765198,536.0,3.0298451747512445e-5,-0.6694031357765198,1.4901161193847656e-7,0.014578282833099365,0.999819278717041
19.51689338684082,179.9691619873047,1.1916288258362329e-6,0.0,0.0,0.0,0.0,0.14297205992069256,-0.0,0.0,3.4412857600620814,2.3698571886335102,0.351065993309021,0.0,0.0,0.0,1.5885783173143864,0.056305672973394394,0.0,0.0,0.0,0.0,0.0,0.056305672973394394,537.0,3.000046308443416e-5,-0.056305672973394394,1.1920928955078125e-7,0.022270530462265015,0.9999361038208008
19.14040184020996,169.05503845214844,1.1915931281691883e-6,0.0,0.32749558247218147,0.0,0.0,-0.026972964136886712,-0.32749558247218147,0.0,3.515428624834333,2.4439999171665736,0.35998600721359253,0.0,0.0,0.0,3.339139938354492,0.5255239009857178,0.0,0.0,0.0,0.0,0.0,0.5255239009857178,538.0,0.0006409481284208596,-0.5255239009857178,6.121397018432617e-5,0.04216665029525757,0.9999999403953552
18.672504425048828,179.99806213378906,1.1915574305021437e-6,0.0,0.0,0.0,0.0,0.2461924748573669,-0.0,0.0,3.593785776410784,2.5223570687430246,0.3635280132293701,0.0,0.0,0.0,2.735471725463867,3.0,0.0,0.0,0.0,0.0,3.0,0.0,539.0,3.298076626379043e-5,3.0,4.172325134277344e-7,0.6674675345420837,0.9999993443489075
19.913217544555664,179.3268280029297,1.191521732835099e-6,0.0,0.0,0.0,0.0,0.41728901364715804,-0.0,0.0,3.675642912728446,2.6042142050606865,0.3520059883594513,0.0,0.0,0.0,4.636544227600098,3.0,0.0,0.0,0.0,0.0,3.0,0.0,540.0,0.0,3.0,0.0,0.9486626386642456,0.6803783774375916
21.191280364990234,178.6555938720703,1.1914860351680545e-6,0.0,0.0,0.0,0.0,0.48875199387486495,-0.0,0.0,3.7541428429739816,2.6827144077845984,0.36357200145721436,0.0,0.0,0.0,5.430577278137207,3.0,0.0,0.0,0.0,0.0,3.0,0.0,541.0,0.0,3.0,0.0,0.9835336208343506,1.004338264465332e-5
22.504154205322266,177.98435974121094,1.19145033750101e-6,0.0,0.0,0.0,0.0,0.4922762638524939,-0.0,0.0,3.822571427481515,2.7511429922921318,0.37676000595092773,0.0,0.0,0.0,5.469735830332153,2.6313040561424557,0.0,0.0,0.0,0.0,2.6313040561424557,0.0,542.0,0.0,2.826887845993042,0.0,1.0,0.00040087103843688965
23.999984741210938,169.2127685546875,1.1914146398339653e-6,0.0,0.0,0.0,0.0,0.5385903115125872,-0.0,0.0,3.868071365356445,2.796642793927874,0.41938498616218567,0.0,0.0,0.0,5.984336318991971,0.335578498818087,0.0,0.0,0.0,0.0,0.335578498818087,0.0,543.0,0.0,0.3355785012245178,0.0,1.0,5.960464477539062e-7
23.999984741210938,168.54153442382812,1.1913789421669208e-6,0.0,0.0,0.0,0.0,0.2961331729440039,-0.0,0.0,3.883428519112723,2.8119999476841517,0.37240099906921387,0.0,0.0,0.0,3.290368326771724,0.6454806245679979,0.0,0.0,0.0,0.0,0.6454806245679979,0.0,544.0,0.0,0.6454806327819824,0.0,1.0,0.0
23.999984741210938,167.87030029296875,1.1913432444998762e-6,0.0,0.0,0.0,0.0,0.044258635400218904,-0.0,0.0,3.8706428800310406,2.799214172363281,0.3644320070743561,0.0,0.0,0.0,0.4917625764762088,1.2746555229271725,0.0,0.0,0.0,0.0,1.2746555229271725,0.0,545.0,0.0,2.6018476486206055,0.0,0.9999946355819702,0.0
23.999984741210938,159.6738739013672,1.1913075468328316e-6,0.0,0.0,0.0,0.0,-0.010663408464726132,-0.0,0.0,3.834285681588309,2.7628571101597377,0.4492720067501068,0.0,0.0,0.0,0.0,0.3601279556751251,0.03554469347000122,0.0,0.0,0.0,0.0,0.39567264914512634,546.0,0.0,-0.39567264914512634,5.960464477539063e-8,0.031660646200180054,0.9998105764389038
23.259923934936523,179.9677734375,1.191271849165787e-6,0.0,0.0,0.0,0.0,-0.11706108794976605,-0.0,0.0,3.7671429225376674,2.695714351109096,0.21660000085830688,0.0,0.3771190047264099,0.0,0.0,0.0,0.013084606267511845,0.0,0.0,0.0,0.0,0.013084606267511845,547.0,0.0,-0.013084606267511845,8.940696716308594e-8,0.024036526679992676,0.999843180179596
23.24700355529785,179.97299194335938,1.1912361514987424e-6,0.0,0.0,0.0,0.0,-0.9629260386199157,-0.0,0.0,3.7112142835344586,2.6397857121058874,0.0,0.0,0.5670509934425354,0.0,0.0,0.0,2.642702341079712,0.0,0.0,0.0,2.642702341079712,0.0,548.0,0.0,2.642702341079712,0.08512529730796814,0.0015366673469543457,4.76837158203125e-6
23.79630470275879,153.78775024414062,1.1912004538316978e-6,0.0,0.0,0.0,0.0,-0.30443902331348305,-0.0,0.0,3.737642914908273,2.6662142072405133,0.0,0.0,0.4981609880924225,0.0,0.0,0.0,0.5166357159614563,0.0,0.0,0.0,0.0,0.5166357159614563,549.0,0.0,-0.5166357159614563,0.0012267827987670898,6.732344627380371e-5,0.9970961809158325
22.874460220336914,179.53346252441406,1.1911647561646532e-6,0.0,0.0,0.0,0.0,-0.197190785248308,-0.0,0.0,3.757428523472377,2.685999952043806,0.0,0.0,0.45346799492836,0.0,0.0,0.0,0.2038345964471416,0.0,0.0,0.0,0.0,0.2038345964471416,550.0,0.0,-5.238096237182617,5.8263540267944336e-5,7.292628288269043e-5,0.0991235077381134
21.95261573791504,179.99807739257812,1.1911290584976086e-6,0.0,0.0,0.0,0.0,-0.12181530780853045,-0.0,0.0,3.7431428909301756,2.6717141832624165,0.0,0.0,0.40605100989341736,0.0,0.0,0.0,0.0,0.0,0.0,0.0,0.0,0.0,551.0,0.0,0.0,3.236532211303711e-5,1.424551010131836e-5,0.0008886158466339111
21.39434051513672,179.32684326171875,1.191093360830564e-6,0.0,0.0,0.0,0.0,-0.9627597327136872,-0.0,0.0,3.7369286128452845,2.6655000414167134,0.0,0.0,0.3171739876270294,0.0,0.0,0.0,2.8920249938964844,0.0,0.0,0.0,2.8920249938964844,0.0,552.0,0.0,2.8920249938964844,0.00012814998626708984,7.659196853637695e-6,1.7285346984863281e-6
22.275373458862305,167.8356170654297,1.1910576631635195e-6,0.0,0.0,0.0,0.0,-0.8558782410970611,-0.0,0.0,3.7606428146362303,2.689214379446847,0.0,0.0,0.24729099869728088,0.0,0.0,0.0,2.6056363582611084,0.0,0.0,0.0,2.6056363582611084,0.0,553.0,0.0,2.6056363582611084,0.0005640387535095215,3.725290298461914e-6,0.0003083646297454834
23.186927795410156,154.4298095703125,1.1910219654964749e-6,0.0,0.0,0.0,0.0,-0.06413070367299323,-0.0,0.0,3.7733572006225584,2.7019284929547993,0.0,0.0,0.21376900374889374,0.0,0.0,0.0,0.0,0.0,0.0,0.0,0.0,0.0,554.0,0.0,0.0,0.0002446472644805908,7.4803829193115234e-6,5.960464477539063e-8
22.99222183227539,153.75857543945312,1.1909862678294303e-6,0.0,0.0,0.0,0.0,-0.05868720049409859,-0.0,0.0,3.7869285311017715,2.7155000959123883,0.0,0.0,0.1956239938735962,0.0,0.0,0.0,0.0,0.0,0.0,0.0,0.0,0.0,555.0,0.0,0.0,0.00010472536087036133,1.385807991027832e-5,0.0
22.797515869140625,153.08734130859375,1.1909505701623857e-6,0.0,0.0,0.0,0.0,-0.054591301762711986,-0.0,0.0,3.8041428974696565,2.7327141898018974,0.0,0.0,0.1819709986448288,0.0,0.0,0.0,0.0,0.0,0.0,0.0,0.0,0.0,556.0,0.0,0.0,3.56137752532959e-5,5.620718002319336e-5,0.0
22.60280990600586,152.41610717773438,1.1909148724953411e-6,0.0,0.0,0.0,0.0,-0.1863567515753406,-0.0,0.0,3.8464285441807338,2.7750001089913505,0.0,0.0,0.2773529887199402,0.0,0.0,0.0,0.3438361585140228,0.0,0.0,0.0,0.0,0.3438361585140228,557.0,0.0,-0.3438361585140228,1.8775463104248047e-6,9.298324584960938e-5,0.8756115436553955
22.04453468322754,160.09591674804688,1.1908791748282965e-6,0.0,0.0,0.0,0.0,-0.0716739027370572,-0.0,0.0,3.9068571635654994,2.83542845589774,0.0,0.0,0.23891299962997437,0.0,0.0,0.0,0.0,0.0,0.0,0.0,0.0,0.0,558.0,0.0,0.0,0.0,0.0002231895923614502,0.009921729564666748
21.48625946044922,159.4246826171875,1.190843477161252e-6,0.0,0.0,0.0,0.0,-0.18378215618467342,-0.0,0.0,3.9203571047101704,2.8489286695207867,0.0,0.0,0.22377300262451172,0.0,0.0,0.0,0.3888341603149114,0.0,0.0,0.0,0.0,0.3888341603149114,559.0,0.0,-2.961019277572632,0.0,0.0009950697422027588,0.998824954032898
20.746198654174805,179.99807739257812,1.1908077794942074e-6,0.0,0.0,0.0,0.0,-0.11028217515477223,-0.0,0.0,3.864571380615234,2.793142809186663,0.17100000381469727,0.0,0.13824400305747986,0.0,0.0,0.0,0.22936323285102844,0.0,0.0,0.0,0.0,0.22936323285102844,560.0,0.0,-0.22936323285102844,8.940696716308594e-8,0.024031490087509155,0.9998432397842407
20.187923431396484,179.97299194335938,1.1907720818271628e-6,0.0,0.0,0.0,0.0,0.055465031363244655,-0.0,0.0,3.8524285180228097,2.7810000828334265,0.351065993309021,0.0,0.0,0.0,0.6162780772808918,0.013055836045371636,0.0,0.0,0.0,0.0,0.0,0.013055836045371636,561.0,0.0,-0.5662345290184021,8.940696716308594e-8,0.024031341075897217,0.9998432397842407
19.447349548339844,179.99807739257812,1.1907363841601182e-6,0.0,0.0,0.0,0.0,0.1799292737189343,-0.0,0.0,3.8994999749319894,2.828071539742606,0.35998600721359253,0.0,0.0,0.0,1.999213993549347,0.23429983854293823,0.0,0.0,0.0,0.0,0.23429983854293823,0.0,562.0,0.0,0.23429983854293823,8.940696716308594e-8,0.02340582013130188,0.999883234500885
19.117013931274414,179.32684326171875,1.1907006864930736e-6,0.0,0.0,0.0,0.0,0.25813525820853256,-0.0,0.0,3.952428490774972,2.880999919346401,0.3635280132293701,0.0,0.0,0.0,2.8681693077087402,1.5639023780822754,0.0,0.0,0.0,0.0,1.5639023780822754,0.0,563.0,0.0,1.5639023780822754,0.0,0.11556139588356018,0.9996942281723022
19.577791213989258,178.65560913085938,1.190664988826029e-6,0.0,0.0,0.0,0.0,0.19112199952912967,-0.0,-0.01,4.025928579057966,2.9545001438685827,0.3520059883594513,0.0,0.0,4.599999904632568,2.234688706059891,0.48472777009010315,0.0,0.0,0.0,0.0,0.0,0.48472777009010315,564.0,4.599999904632568,-0.48472777009010315,0.6877326965332031,0.00030344724655151367,0.8600603342056274
19.29422378540039,102.6098403930664,4.599863052368164,0.0,0.0,0.0,0.0,0.3048053093272355,-0.0,-0.01,4.111714308602469,3.04028560093471,0.4535300135612488,0.0,0.0,4.599999904632568,3.497836492319542,0.1384558230638504,0.0,0.0,0.0,0.0,0.1384558230638504,0.0,565.0,4.599999904632568,0.1384558230638504,0.996612012386322,0.0007274448871612549,0.9868671894073486
19.00362205505371,48.3994255065918,9.199586868286133,0.0,0.0,0.0,0.0,0.478516348880801,-0.0,-0.01,4.199214335850307,3.1277857644217355,0.3876180052757263,0.0,0.0,0.7990564703941345,5.427959000633468,1.9390093088150024,0.0,0.0,0.0,0.0,1.9390093088150024,0.0,566.0,0.7990564703941345,1.9390093088150024,0.9998612999916077,0.20625749230384827,0.8768260478973389
20.031272888183594,47.72819519042969,9.998343467712402,0.0,0.0,0.0,0.0,0.4632591885931619,-0.0,-0.01,4.267071396963937,3.1956429617745536,0.3611670136451721,0.0,0.0,0.0,5.258435010910034,2.106748342514038,0.0,0.0,0.0,0.0,0.0,2.106748342514038,567.0,-4.599999904632568,-2.106748342514038,0.9922112226486206,0.3292132019996643,0.976081907749176
20.02133560180664,176.1711883544922,9.99804401397705,0.0,0.0,0.0,0.0,0.23847188063238983,-0.0,-0.01,4.28500006539481,3.213571493966239,0.37240099906921387,0.0,0.0,0.0,2.760798454284668,3.0,0.0,0.0,0.0,0.0,3.0,0.0,568.0,-4.599999904632568,3.0,3.775954246520996e-5,0.9266632199287415,5.960464477539062e-7
21.755876541137695,175.4999542236328,9.9977445602417,0.0,0.0,0.0,0.0,-0.01,-0.0,-0.01,4.24021429334368,3.1687858581542967,0.3644320070743561,0.0,0.0,0.0,0.0,2.742067813873291,0.0,0.0,0.257932186126709,0.0,3.0,0.0,569.0,-4.599999904632568,3.0,0.0010118484497070312,1.0,1.0
23.471738815307617,174.82872009277344,9.734256744384766,0.0,0.0,0.0,0.0,-0.01,-0.0,-0.01,4.161142839704241,3.0897142682756695,0.4492720067501068,0.0,0.0,0.0,0.0,0.6954779624938965,0.0,0.0,0.6060138371641952,0.0,1.3014917996580917,0.0,570.0,-4.599999904632568,1.3014918565750122,0.9215234518051147,1.0,1.0
23.999984741210938,174.15748596191406,9.115601539611816,0.0,0.0,0.0,0.0,-0.01,-0.0,-0.01,4.0688571384974885,2.9974285670689174,0.12825000286102295,0.48260802030563354,0.0,0.0,0.0,0.0,0.0,0.0,0.6803277730941772,0.0,0.0,0.6803277730941772,571.0,-4.599999904632568,-0.6803277730941772,0.9939664602279663,1.0,1.0
23.44219970703125,179.99807739257812,7.928694725036621,0.0,0.0,0.0,0.0,-0.01,-0.0,-0.01,3.989142772129604,2.9177142007010324,0.0,0.5670509934425354,0.0,0.0,0.0,0.0,0.0,0.0,0.14647604525089264,0.0,0.0,0.14647604525089264,572.0,-4.599999904632568,-0.14647604525089264,0.9977134466171265,1.0,1.0
23.067197799682617,179.99807739257812,7.200389862060547,0.0,0.0,0.0,0.0,-0.01,-0.0,-0.01,3.945000049046108,2.8735713413783484,0.0,0.4981609880924225,0.0,0.0,0.0,0.0,0.0,0.0,2.056447186062661,0.0,2.056447186062661,0.0,573.0,-4.599999904632568,2.0564472675323486,0.9722325801849365,1.0,1.0
23.999984741210938,179.32684326171875,4.593509197235107,0.0,0.0,0.0,0.0,-0.01,-0.0,-0.01,3.8956429072788783,2.824214335850307,0.0,0.45346799492836,0.0,0.0,0.0,0.0,0.0,0.0,0.48702386021614075,0.0,0.48702386021614075,0.0,574.0,-4.593371391296387,0.48702386021614075,7.402896881103516e-5,0.9999995231628418,1.0
23.999982833862305,178.65560913085938,3.6337146759033203,0.0,0.0,0.0,0.0,-0.01,-0.0,-0.01,3.8559286390032086,2.7845000675746374,0.0,0.40605100989341736,0.0,0.0,0.0,0.0,0.0,0.0,0.03723923861980438,0.0,0.0,0.03723923861980438,575.0,-3.633605718612671,-0.03723923861980438,8.940696716308594e-8,0.0240345299243927,0.9998432397842407
23.441707611083984,179.97299194335938,3.1812822818756104,0.0,0.0,0.0,0.0,-0.01,-0.0,-0.01,3.811928558349609,2.740499986921038,0.0,0.3171739876270294,0.0,0.0,0.0,0.0,0.0,0.0,0.01280283834785223,0.0,0.0,0.01280283834785223,576.0,-3.1811869144439697,-0.01280283834785223,6.854534149169922e-7,0.0019002258777618408,0.9998534917831421
22.70164680480957,179.97463989257812,2.8444859981536865,0.0,0.0,0.0,0.0,-0.01,-0.0,-0.01,3.7709999901907785,2.6995715550013952,0.0,0.24729099869728088,0.0,0.0,0.0,0.0,0.0,0.0,2.4632961750030518,0.0,2.4632961750030518,0.0,577.0,-2.844400644302368,2.4632961750030518,0.10485538840293884,0.000214308500289917,3.2782554626464844e-7
23.173166275024414,147.52880859375,0.078578419983387,0.0,0.0,0.0,0.0,-0.245285644281948,-0.0,-0.01,3.740142904009138,2.6687141963413783,0.0,0.07700453848507038,0.13676446526382335,0.0,0.0,0.0,0.6475209845112995,0.0,0.0,0.0,0.0,0.6475209845112995,578.0,-0.07857606559991837,-5.470423698425293,0.0001628398895263672,0.00010547041893005371,0.9987649917602539
22.069536209106445,179.99807739257812,2.3617633360117907e-6,0.0,0.0,0.0,0.0,-0.0626558043746173,-0.0,0.0,3.7172142573765345,2.6457856859479634,0.0,0.0,0.1956239938735962,0.0,0.0,0.0,0.013228679076068593,0.0,0.0,0.0,0.0,0.013228679076068593,579.0,0.0,-4.177751541137695,1.8477439880371094e-6,1.0371208190917969e-5,0.06162983179092407
21.32947540283203,179.99807739257812,2.361692622798728e-6,0.0,0.0,0.0,0.0,-0.054591301762711986,-0.0,0.0,3.696071434020996,2.624642726353237,0.0,0.0,0.1819709986448288,0.0,0.0,0.0,0.0,0.0,0.0,0.0,0.0,0.0,580.0,0.0,0.0,4.023313522338867e-6,0.0001068413257598877,6.556510925292969e-7
20.952983856201172,179.32684326171875,2.361621909585665e-6,0.0,0.0,0.0,0.0,-0.05307960423150071,-0.0,0.0,3.671285711015974,2.5998572758265905,0.0,0.0,0.17693200707435608,0.0,0.0,0.0,0.0,0.0,0.0,0.0,0.0,0.0,581.0,0.0,0.0,3.2186508178710938e-6,0.00021204352378845215,0.0
20.758277893066406,178.65560913085938,2.361551196372602e-6,0.0,0.0,0.0,0.0,-0.9254353175733598,-0.0,0.0,3.6436429159981865,2.572214344569615,0.0,0.0,0.18479299545288086,0.0,0.0,0.0,2.899991273880005,0.0,0.0,0.0,2.899991273880005,0.0,582.0,0.0,2.899991273880005,5.960464477539063e-8,0.0008484721183776855,0.0014291107654571533
21.966766357421875,163.28302001953125,2.3614804831595393e-6,0.0,0.0,0.0,0.0,-0.06332550449472674,-0.0,0.0,3.6264999389648436,2.5550713675362724,0.0,0.0,0.2110850065946579,0.0,0.0,0.0,0.0,0.0,0.0,0.0,0.0,0.0,583.0,0.0,0.0,8.940696716308594e-8,0.003483116626739502,1.4901161193847656e-7
21.77206039428711,162.61178588867188,2.3614097699464764e-6,0.0,0.0,0.0,0.0,-0.02237820714228178,-0.0,0.0,3.6448570796421595,2.5734285082135884,0.23464998602867126,0.0,0.07459402084350586,0.0,0.0,0.0,0.0,0.0,0.0,0.0,0.0,0.0,584.0,0.0,0.0,0.0,0.013795733451843262,0.013042032718658447
21.48594856262207,161.9405517578125,2.3613390567334136e-6,0.0,0.0,0.0,0.0,0.044470959263718655,-0.0,0.0,3.707928603036063,2.6364998953683036,0.351065993309021,0.0,0.0,0.0,0.4941217303276062,0.9237121939659119,0.0,0.0,0.0,0.0,0.0,0.9237121939659119,585.0,0.0,-0.9237121939659119,8.940696716308594e-8,0.024039238691329956,0.9998431205749512
20.98908233642578,179.97299194335938,2.3612683435203508e-6,0.0,0.0,0.0,0.0,0.2277012815238053,-0.0,0.0,3.818714359828404,2.7472857883998327,0.35998600721359253,0.0,0.0,0.0,2.5300140380859375,3.0,0.0,0.0,0.0,0.0,3.0,0.0,586.0,0.0,3.0,0.0,0.998942494392395,0.26309916377067566
22.392915725708008,179.3017578125,2.361197630307288e-6,0.0,0.0,0.0,0.0,0.3963971786814654,-0.0,0.0,3.893214307512556,2.821785736083984,0.4017370045185089,0.0,0.0,0.0,4.404412746429443,3.0,0.0,0.0,0.0,0.0,3.0,0.0,587.0,0.0,3.0,0.0,0.999735951423645,0.015538692474365234
23.76935577392578,178.63052368164062,2.361126917094225e-6,0.0,0.0,0.0,0.0,0.5369831804415763,-0.0,0.0,3.9389999389648436,2.8675713675362724,0.3649429976940155,0.0,0.0,0.0,5.9664793085109995,1.0757274557101921,0.0,0.0,0.0,0.0,1.0757274557101921,0.0,588.0,0.0,2.731754779815674,0.0,0.9958854913711548,5.662441253662109e-7
23.999984741210938,170.22900390625,2.3610562038811622e-6,0.0,0.0,0.0,0.0,0.6265377788094142,-0.0,0.0,3.988857214791434,2.9174286433628627,0.44078001379966736,0.0,0.0,0.0,6.961530322407424,0.01908910813456785,0.0,0.0,0.0,0.0,0.01908910813456785,0.0,589.0,0.0,0.0190891083329916,0.0,1.0,6.258487701416016e-7
23.999984741210938,169.55776977539062,2.3609854906680994e-6,0.0,0.0,0.0,0.0,0.728756059508007,-0.0,0.0,4.0356428418840675,2.964214270455497,0.37676000595092773,0.0,0.0,0.0,8.09728890657425,0.018000781536102295,0.0,0.0,0.0,0.0,0.018000781536102295,0.0,590.0,0.0,0.018000781536102295,0.0,1.0,0.0002675652503967285
23.999984741210938,168.88653564453125,2.3609147774550365e-6,0.0,0.0,0.0,0.0,0.7058015896518688,-0.0,0.0,4.061142866952078,2.9897141592843193,0.3611670136451721,0.0,0.0,0.0,7.842239261775571,0.017893909305971942,0.0,0.0,0.0,0.0,0.017893909305971942,0.0,591.0,0.0,2.4420254230499268,0.0,1.0,0.004215717315673828
23.999984741210938,160.69032287597656,2.3608440642419737e-6,0.0,0.0,0.0,0.0,0.6071297565553363,-0.0,0.0,4.061999947684152,2.99057137625558,0.37240099906921387,0.0,0.0,0.0,6.745885647833347,0.016213618218898773,0.0,0.0,0.0,0.0,0.016213618218898773,0.0,592.0,0.0,0.016213618218898773,0.0,1.0,0.0020706355571746826
23.999984741210938,160.0190887451172,2.360773351028911e-6,0.0,0.0,0.0,0.0,0.3568470522602819,-0.0,0.0,4.029999950953892,2.958571515764509,0.3644320070743561,0.0,0.0,0.0,3.9649669322291987,0.3170507755955085,0.0,0.0,0.0,0.0,0.3170507755955085,0.0,593.0,0.0,0.3170507848262787,0.0,1.0,6.973743438720703e-6
23.999984741210938,159.3478546142578,2.360702637815848e-6,0.0,0.0,0.0,0.0,0.12332537063088125,-0.0,0.0,3.964285659790039,2.8928570883614677,0.4492720067501068,0.0,0.0,0.0,1.3702817869984663,0.014896182934089978,0.0,0.0,0.0,0.0,0.014896182934089978,0.0,594.0,0.0,0.014896183274686337,0.0,1.0,2.9802322387695312e-8
23.999984741210938,158.67662048339844,2.360631924602785e-6,0.0,0.0,0.0,0.0,-0.19279111197754162,-0.0,0.0,3.8657856804983957,2.7943572453090124,0.3610000014305115,0.0,0.23271900415420532,0.0,0.0,0.0,0.40991801023483276,0.0,0.0,0.0,0.0,0.40991801023483276,595.0,0.0,-0.40991801023483276,8.940696716308594e-8,0.024043023586273193,0.9998430609703064
23.98908805847168,179.97296142578125,2.3605612113897223e-6,0.0,0.0,0.0,0.0,-0.17410535712586245,-0.0,0.0,3.740499986921038,2.6690714154924664,0.0,0.0,0.5670509934425354,0.0,0.0,0.0,0.013300173915922642,0.0,0.0,0.0,0.0,0.013300173915922642,596.0,0.0,-0.013300173915922642,8.940696716308594e-8,0.01715540885925293,0.9999028444290161
23.978195190429688,179.98252868652344,2.3604904981766595e-6,0.0,0.0,0.0,0.0,-0.16792789137892822,-0.0,0.0,3.6479285921369278,2.5764998844691687,0.0,0.0,0.4981609880924225,0.0,0.0,0.0,0.06159862759448954,0.0,0.0,0.0,0.06159862759448954,0.0,597.0,0.0,0.10235012322664261,6.258487701416016e-7,9.521842002868652e-5,0.9018841981887817
23.999984741210938,169.3568878173828,2.3604197849635966e-6,0.0,0.0,0.0,0.0,-0.14213619592923196,-0.0,0.0,3.580571392604283,2.5091429574148996,0.0,0.0,0.45346799492836,0.0,0.0,0.0,0.020319306009130695,0.0,0.0,0.0,0.020319306009130695,0.0,598.0,0.0,2.729950428009033,0.0002573728561401367,2.473592758178711e-6,0.023730367422103882
23.999984741210938,155.1610565185547,2.3603490717505338e-6,0.0,0.0,0.0,0.0,-0.12181530780853045,-0.0,0.0,3.53500006539481,2.463571493966239,0.0,0.0,0.40605100989341736,0.0,0.0,0.0,0.0,0.0,0.0,0.0,0.0,0.0,599.0,0.0,0.0,0.016385287046432495,3.159046173095703e-6,0.002268195152282715
23.80628204345703,154.4898223876953,2.360278358537471e-6,0.0,0.0,0.0,0.0,-0.18699739722400466,-0.0,0.0,3.500999941144671,2.429571369716099,0.0,0.0,0.3171739876270294,0.0,0.0,0.0,0.3061506450176239,0.0,0.0,0.0,0.3061506450176239,0.0,600.0,0.0,0.3061506450176239,0.4236091375350952,2.8192996978759766e-5,0.6785291433334351
23.409780502319336,142.82762145996094,2.360207645324408e-6,0.0,0.0,0.0,0.0,-0.07418730255712269,-0.0,0.0,3.480500030517578,2.4090714590890068,0.0,0.0,0.24729099869728088,0.0,0.0,0.0,0.0,0.0,0.0,0.0,0.0,0.0,601.0,0.0,0.0,0.004080086946487427,6.467103958129883e-6,0.0
23.39885139465332,142.15638732910156,2.3601369321113452e-6,0.0,0.0,0.0,0.0,-0.06413070367299323,-0.0,0.0,3.478785596575056,2.407357025146484,0.0,0.0,0.21376900374889374,0.0,0.0,0.0,0.0,0.0,0.0,0.0,0.0,0.0,602.0,0.0,0.0,0.004218846559524536,6.67572021484375e-6,0.0
23.388919830322266,141.4851531982422,2.3600662188982824e-6,0.0,0.0,0.0,0.0,-0.05868720049409859,-0.0,0.0,3.4715000697544642,2.400071498325893,0.0,0.0,0.1956239938735962,0.0,0.0,0.0,0.0,0.0,0.0,0.0,0.0,0.0,603.0,0.0,0.0,0.002394169569015503,1.2189149856567383e-5,0.0
23.377986907958984,140.8139190673828,2.3599955056852195e-6,0.0,0.0,0.0,0.0,-0.054591301762711986,-0.0,0.0,3.454357092721122,2.38292852129255,0.0,0.0,0.1819709986448288,0.0,0.0,0.0,0.0,0.0,0.0,0.0,0.0,0.0,604.0,0.0,0.0,0.0006245076656341553,5.21540641784668e-5,0.0
23.367050170898438,140.14268493652344,2.3599247924721567e-6,0.0,0.0,0.0,0.0,-0.05307960423150071,-0.0,0.0,3.432499967302595,2.3610713958740233,0.0,0.0,0.17693200707435608,0.0,0.0,0.0,0.0,0.0,0.0,0.0,0.0,0.0,605.0,0.0,0.0,0.00014385581016540527,0.0010192692279815674,0.0
23.356115341186523,139.47145080566406,2.359854079259094e-6,0.0,0.0,0.0,0.0,-0.05543790083876843,-0.0,0.0,3.3924998692103796,2.321071297781808,0.0,0.0,0.18479299545288086,0.0,0.0,0.0,0.0,0.0,0.0,0.0,0.0,0.0,606.0,0.0,0.0,0.00013625621795654297,0.007613539695739746,0.0
23.345182418823242,138.8002166748047,2.359783366046031e-6,0.0,0.0,0.0,0.0,-0.06332550449472674,-0.0,0.0,3.3425714765276227,2.2711429050990515,0.0,0.0,0.2110850065946579,0.0,0.0,0.0,0.0,0.0,0.0,0.0,0.0,0.0,607.0,0.0,0.0,0.00020897388458251953,0.03753077983856201,0.0
23.33524513244629,138.1289825439453,2.359712652832968e-6,0.0,0.0,0.0,0.0,0.07699103490440291,-0.0,0.0,3.321714346749442,2.2502857753208705,0.3092440068721771,0.0,0.0,0.0,0.8554558753967285,0.0,0.0,0.0,0.0,0.0,0.0,0.0,608.0,0.0027026967145502567,0.0,0.0002675056457519531,0.344837486743927,0.0
23.322324752807617,137.45774841308594,2.3596419396199053e-6,0.0,0.0,0.0,0.0,0.18030442080942033,-0.0,0.0,3.3377856663295202,2.2663570949009486,0.351065993309021,0.0,0.0,0.0,2.0033822942234805,1.3733514856837459,0.0,0.0,0.0,0.0,1.3733514856837459,0.0,609.0,0.0,2.1127512454986572,0.0,0.9982936382293701,0.05253416299819946
23.999984741210938,120.23255157470703,2.3595712264068425e-6,0.0,0.0,0.0,0.0,-0.01,-0.0,-0.01,3.368642752511161,2.2972141810825892,0.35998600721359253,0.0,0.0,2.282041994640622,0.0,3.0,0.0,0.0,0.0,0.0,0.0,3.0,610.0,4.599999904632568,-3.0,0.6846315860748291,0.0034064054489135742,0.9803104400634766
23.988086700439453,146.2441864013672,2.2819759845733643,0.0,0.0,0.0,0.0,0.49557276637825964,-0.0,-0.01,3.401285661969866,2.3298570905412945,0.3635280132293701,0.0,0.0,0.0,5.6174747355438726,0.7573469273589598,0.0,0.0,0.0,0.0,0.7573469273589598,0.0,611.0,-2.281907558441162,2.5506553649902344,0.0,0.6014953255653381,0.00010883808135986328
23.999984741210938,133.98382568359375,2.281907558441162,0.0,0.0,0.0,0.0,0.6130415639985696,-0.0,-0.01,3.4374285561697824,2.3659999847412108,0.3520059883594513,0.0,0.0,0.0,6.922683494263086,0.3756606410213382,0.0,0.0,0.0,0.0,0.3756606410213382,0.0,612.0,-2.28183913230896,1.7889841794967651,0.0,0.13619577884674072,1.5795230865478516e-5
23.999984741210938,101.17599487304688,2.28183913230896,0.0,0.0,0.0,0.0,0.6903150179239095,-0.0,-0.01,3.4733572823660714,2.4019287109375,0.36357200145721436,0.0,0.0,0.0,7.781277358531952,0.26834994554519653,0.0,0.0,0.0,0.0,0.26834994554519653,0.0,613.0,-2.281770706176758,0.26834994554519653,0.0,0.9832605123519897,0.0036763548851013184
23.91628646850586,100.50476837158203,2.281770706176758,0.0,0.0,0.0,0.0,0.7198351605602198,-0.0,-0.01,3.4987857818603514,2.42735721043178,0.37676000595092773,0.0,0.0,0.0,8.109278917312622,0.515211820602417,0.0,0.0,0.0,0.0,0.515211820602417,0.0,614.0,-2.2817022800445557,0.515211820602417,0.0,0.9989728331565857,0.20470976829528809
23.994848251342773,99.83354187011719,2.2817022800445557,0.0,0.0,0.0,0.0,0.5872159753017377,-0.0,-0.01,3.5052857535226005,2.433857182094029,0.3611670136451721,0.0,0.0,0.0,6.635732531547546,1.6642504930496216,0.0,0.0,0.0,0.0,0.0,1.6642504930496216,615.0,-2.2816338539123535,-1.6642504930496216,0.0,0.9998051524162292,0.9802851676940918
23.983957290649414,176.8437042236328,2.2816338539123535,0.0,0.0,0.0,0.0,0.639202772494141,-0.0,-0.01,3.495714405604771,2.4242858341762,0.37240099906921387,0.0,0.0,0.0,7.213363565557148,0.04938515270457117,0.0,0.0,0.0,0.0,0.04938515270457117,0.0,616.0,-2.2815654277801514,0.049385152757167816,0.0,1.0,0.6819624304771423
23.999984741210938,176.17247009277344,2.2815654277801514,0.0,0.0,0.0,0.0,0.4157323025252245,-0.0,-0.01,3.470285633632115,2.3988570622035437,0.3644320070743561,0.0,0.0,0.0,4.73035854101181,0.528259813785553,0.0,0.0,0.0,0.0,0.0,0.528259813785553,617.0,-2.281497001647949,-0.528259813785553,0.0,0.9999985098838806,0.997485339641571
23.99012565612793,179.59573364257812,2.281497001647949,0.0,0.0,0.0,0.0,0.2226131607844764,-0.0,-0.01,3.426142774309431,2.354714202880859,0.4492720067501068,0.0,0.0,0.0,2.5845904699782714,0.03938742957312037,0.0,0.0,0.0,0.0,0.03938742957312037,0.0,618.0,-2.281428575515747,0.039387430995702744,0.0,1.0,0.9998685717582703
23.999984741210938,178.92449951171875,2.281428575515747,0.0,0.0,0.0,0.0,-0.07095891439675212,-0.0,-0.01,3.350642830984933,2.279214259556362,0.5889999866485596,0.0,0.0047190189361572266,0.0,0.0,0.0,0.1984773543120514,0.0,0.0,0.0,0.1984773543120514,0.0,619.0,0.026280999183654785,3.3433330059051514,0.5653543472290039,0.8428672552108765,0.006714373826980591
23.999984741210938,167.21197509765625,2.281360149383545,0.0,0.0,0.0,0.0,-0.01,-0.0,-0.01,3.258071572440011,2.18664300101144,0.0,0.5670509934425354,0.0,0.0,0.0,0.0,0.0,0.0,0.20405620816047618,0.0,0.20405620816047618,0.0,620.0,-2.2812917232513428,1.915881633758545,0.4295264482498169,0.0009035766124725342,0.0017213523387908936
23.999984741210938,100.61681365966797,1.4944713115692139,0.0,0.0,0.0,0.0,-0.01,-0.0,-0.01,3.234500013078962,2.1630714416503904,0.0,0.4981609880924225,0.0,0.0,0.0,0.0,0.0,0.0,0.021395803074748084,0.0,0.021395803074748084,0.0,621.0,-1.4944264888763428,1.3815841674804688,0.9381910562515259,0.0003663301467895508,0.011639118194580078
23.999984741210938,79.17311096191406,0.9642823934555054,0.0,0.0,0.0,0.0,-0.01,-0.0,-0.01,3.2213572910853796,2.149928719656808,0.0,0.45346799492836,0.0,0.0,0.0,0.0,0.0,0.0,0.0,0.0,0.0,0.0,622.0,-0.9642534852027893,0.0,0.9954710602760315,0.00010514259338378906,0.009259015321731567
23.990100860595703,78.50188446044922,0.5015448927879333,0.0,0.0,0.0,0.0,-0.01,-0.0,-0.01,3.2152142660958427,2.143785694667271,0.0,0.40605100989341736,0.0,0.0,0.0,0.0,0.0,0.0,0.0,0.0,0.0,0.0,623.0,-0.50152987241745,0.0,0.9967895746231079,1.6689300537109375e-5,0.00024837255477905273
23.97919273376465,77.83065795898438,0.08720452338457108,0.0,0.0,0.0,0.0,-0.0795148397220279,-0.0,-0.01,3.2152142660958427,2.143785694667271,0.0,0.0854578644278412,0.23171612319918822,0.0,0.0,0.0,0.0,0.0,0.0,0.0,0.0,0.0,624.0,-0.08720190823078156,0.0,0.9972869753837585,2.5004148483276367e-5,0.0004673302173614502
23.785486221313477,77.15943145751953,2.622525698825484e-6,0.0,0.0,0.0,0.0,-0.21556118215436385,-0.0,0.0,3.217285646711077,2.1458570752825055,0.0,0.0,0.24729099869728088,0.0,0.0,0.0,0.4712462465984938,0.0,0.0,0.0,0.4712462465984938,0.0,625.0,0.0,0.7980008125305176,0.9999996423721313,9.402632713317871e-5,0.007999420166015625
23.999984741210938,54.11830139160156,2.6224470275337808e-6,0.0,0.0,0.0,0.0,-0.06413070367299323,-0.0,0.0,3.2197142464773996,2.148285675048828,0.0,0.0,0.21376900374889374,0.0,0.0,0.0,0.0,0.0,0.0,0.0,0.0,0.0,626.0,0.0,0.0,1.0,4.6312808990478516e-5,0.0033532381057739258
23.807275772094727,53.44707107543945,2.6223683562420774e-6,0.0,0.0,0.0,0.0,-0.05868720049409859,-0.0,0.0,3.2218570164271765,2.150428444998605,0.0,0.0,0.1956239938735962,0.0,0.0,0.0,0.0,0.0,0.0,0.0,0.0,0.0,627.0,0.0,0.0,1.0,6.73830509185791e-5,0.0691881775856018
23.613563537597656,52.775840759277344,2.622289684950374e-6,0.0,0.0,0.0,0.0,-0.054591301762711986,-0.0,0.0,3.2239286695207867,2.1525000980922155,0.0,0.0,0.1819709986448288,0.0,0.0,0.0,0.0,0.0,0.0,0.0,0.0,0.0,628.0,0.0,0.0,1.0,8.398294448852539e-5,0.05284401774406433
23.602628707885742,52.104610443115234,2.6222110136586707e-6,0.0,0.0,0.0,0.0,-0.9530796399942876,-0.0,0.0,3.2238570077078683,2.1524284362792967,0.0,0.0,0.17693200707435608,0.0,0.0,0.0,3.0,0.0,0.0,0.0,0.0,3.0,629.0,0.0,-3.0,1.0,0.00016516447067260742,0.99111407995224
23.287864685058594,175.2711639404297,2.6221323423669674e-6,0.0,0.0,0.0,0.0,-0.05543790083876843,-0.0,0.0,3.223285620553153,2.1518570491245814,0.0,0.0,0.18479299545288086,0.0,0.0,0.0,0.0,0.0,0.0,0.0,0.0,0.0,630.0,0.0,0.0,2.086162567138672e-7,0.001821666955947876,0.0
23.003280639648438,174.5999298095703,2.622053671075264e-6,0.0,0.0,0.0,0.0,-0.06332550449472674,-0.0,0.0,3.2255714416503904,2.1541428702218193,0.0,0.0,0.2110850065946579,0.0,0.0,0.0,0.0,0.0,0.0,0.0,0.0,0.0,631.0,0.0,0.0,1.1622905731201172e-6,0.002601027488708496,0.0
22.991348266601562,173.92869567871094,2.6219749997835606e-6,0.0,0.0,0.0,0.0,0.060817305212601154,-0.0,0.0,3.2907855987548826,2.2193570273263115,0.3092440068721771,0.0,0.0,0.0,0.6757477819919586,0.34120818972587585,0.0,0.0,0.0,0.0,0.0,0.34120818972587585,632.0,0.0,-0.34120818972587585,8.940696716308594e-8,0.02403929829597473,0.9998431205749512
22.25128746032715,179.9729766845703,2.6218963284918573e-6,0.0,0.0,0.0,0.0,0.0663105635889816,-0.0,0.0,3.3585714067731582,2.287142835344587,0.351065993309021,0.0,0.0,0.0,0.7367839813232422,3.0,0.0,0.0,0.0,0.0,3.0,0.0,633.0,0.0,3.0,0.0,0.9999943375587463,0.0010442733764648438
23.750715255737305,179.30174255371094,2.621817657200154e-6,0.0,0.0,0.0,0.0,0.5090052538319606,-0.0,0.0,3.4272141592843193,2.3557855878557477,0.35998600721359253,0.0,0.0,0.0,5.655613481998444,0.5080508589744568,0.0,0.0,0.0,0.0,0.5080508589744568,0.0,634.0,0.0,0.5080508589744568,0.0,0.9999962449073792,0.0007715225219726562
23.99996566772461,178.63050842285156,2.6217389859084506e-6,0.0,0.0,0.0,0.0,0.712845066962244,-0.0,0.0,3.490499986921038,2.4190714154924664,0.3635280132293701,0.0,0.0,0.0,7.920500114560127,0.024672195315361023,0.0,0.0,0.0,0.0,0.024672195315361023,0.0,635.0,0.0,0.024672195315361023,0.0,0.9999954700469971,0.0008873641490936279
23.999961853027344,177.9592742919922,2.621660314616747e-6,0.0,0.0,0.0,0.0,0.7838345625495753,-0.0,0.0,3.5425714220319473,2.471142850603376,0.3520059883594513,0.0,0.0,0.0,8.70927222506672,0.3627216027531045,0.0,0.0,0.0,0.0,0.3627216027531045,0.0,636.0,0.0,3.0655481815338135,0.0,0.9997314214706421,0.015717655420303345
23.999984741210938,167.7940216064453,2.621581643325044e-6,0.0,0.0,0.0,0.0,0.8204506150370293,-0.0,0.0,3.589642878941127,2.518214307512556,0.36357200145721436,0.0,0.0,0.0,9.116117220371962,0.0203106589615345,0.0,0.0,0.0,0.0,0.0203106589615345,0.0,637.0,0.0,0.0203106589615345,0.0,0.9999997019767761,0.0009852349758148193
23.999982833862305,167.12278747558594,2.6215029720333405e-6,0.0,0.0,0.0,0.0,0.819119914209683,-0.0,0.0,3.631000055585589,2.5595713479178293,0.37676000595092773,0.0,0.0,0.0,9.10133165679872,0.021907860413193703,0.0,0.0,0.0,0.0,0.021907860413193703,0.0,638.0,0.0,0.021907860413193703,0.0,1.0,0.011929690837860107
23.999984741210938,166.45155334472656,2.621424300741637e-6,0.0,0.0,0.0,0.0,0.7812166637590323,-0.0,0.0,3.6582142421177455,2.5867856706891743,0.3611670136451721,0.0,0.0,0.0,8.68018446303904,0.023548027500510216,0.0,0.0,0.0,0.0,0.023548027500510216,0.0,639.0,0.0,0.023548027500510216,0.0,1.0,0.07938417792320251
23.999984741210938,165.7803192138672,2.6213456294499338e-6,0.0,0.0,0.0,0.0,0.6589646773722514,-0.0,0.0,3.6696428026471817,2.5982142312186105,0.37240099906921387,0.0,0.0,0.0,7.321829166693857,0.021669063286611934,0.0,0.0,0.0,0.0,0.021669063286611934,0.0,640.0,0.0,2.247368097305298,0.0,1.0,0.11748301982879639
23.999984741210938,150.77842712402344,2.6212669581582304e-6,0.0,0.0,0.0,0.0,0.47953876175045834,-0.0,0.0,3.6640714372907364,2.592642865862165,0.3644320070743561,0.0,0.0,0.0,5.328208040446043,0.023510385304689407,0.0,0.0,0.0,0.0,0.023510385304689407,0.0,641.0,0.0,0.023510385304689407,0.0,1.0,0.0001405775547027588
23.999984741210938,150.10719299316406,2.621188286866527e-6,0.0,0.0,0.0,0.0,0.24197006821307507,-0.0,0.0,3.636571420942034,2.565142985752651,0.4492720067501068,0.0,0.0,0.0,2.688556099811366,0.021871899685094162,0.0,0.0,0.0,0.0,0.021871899685094162,0.0,642.0,0.0,0.02187190018594265,0.0,1.0,2.9802322387695312e-8
23.999984741210938,149.4359588623047,2.6211096155748237e-6,0.0,0.0,0.0,0.0,-0.01,-0.0,-0.01,3.5227142878941127,2.4512857164655415,0.5937190055847168,0.0,0.0,0.03168437065755825,0.0,0.0,0.0,0.0,0.0,0.0,0.0,0.0,643.0,0.0652809739112854,0.0,0.9975210428237915,0.00017264485359191895,0.05040621757507324
23.441709518432617,148.7647247314453,0.03168604150414467,0.0,0.0,0.0,0.0,-0.5060514945855342,-0.0,-0.01,3.395714296613421,2.324285725184849,0.0,0.031051386677576787,0.5359996067649586,0.0,0.0,0.0,1.11750530948244,0.0,0.0,0.0,1.11750530948244,0.0,644.0,-0.03168509155511856,2.5109174251556396,0.6094871759414673,0.00015488266944885254,0.001306980848312378
23.999984741210938,132.13168334960938,9.53645724166563e-7,0.0,0.0,0.0,0.0,-0.1494483023662685,-0.0,0.0,3.3694285801478796,2.298000008719308,0.0,0.0,0.4981609880924225,0.0,0.0,0.0,0.0,0.0,0.0,0.0,0.0,0.0,645.0,0.0,0.0,0.19721940159797668,8.13603401184082e-6,0.1773359477519989
23.989049911499023,131.46044921875,9.53617131926876e-7,0.0,0.0,0.0,0.0,-0.15475615865293457,-0.0,0.0,3.3607855660574777,2.289356994628906,0.0,0.0,0.472478985786438,0.0,0.0,0.0,0.0433748558918205,0.0,0.0,0.0,0.0433748558918205,0.0,646.0,0.0,1.9252650737762451,0.9315373301506042,3.153085708618164e-5,0.0005876123905181885
23.999984741210938,104.62138366699219,9.53588539687189e-7,0.0,0.0,0.0,0.0,-0.13019573503408435,-0.0,0.0,3.3532855987548826,2.2818570273263115,0.0,0.0,0.4102729856967926,0.0,0.0,0.0,0.02371278050511027,0.0,0.0,0.0,0.02371278050511027,0.0,647.0,0.0,1.7657461166381836,0.9874627590179443,7.420778274536133e-6,6.41942024230957e-5
23.999984741210938,97.2799301147461,9.535599474475021e-7,0.0,0.0,0.0,0.0,-0.12694816644205761,-0.0,0.0,3.349642835344587,2.2782142639160154,0.0,0.0,0.3994159996509552,0.0,0.0,0.0,0.023744538341014466,0.0,0.0,0.0,0.023744538341014466,0.0,648.0,0.0,1.469641923904419,0.9963020086288452,1.0132789611816406e-5,0.00011438131332397461
23.999984741210938,84.22737121582031,9.535313552078151e-7,0.0,0.0,0.0,0.0,-0.08130217333941997,-0.0,0.0,3.3543572562081474,2.282928684779576,0.0,0.0,0.24729099869728088,0.0,0.0,0.0,0.023716234998592423,0.0,0.0,0.0,0.023716234998592423,0.0,649.0,0.0,1.3343228101730347,0.9971916675567627,1.099705696105957e-5,1.6927719116210938e-5
23.999984741210938,78.42010498046875,9.535027629681281e-7,0.0,0.0,0.0,0.0,-0.06413070367299323,-0.0,0.0,3.3650713784354074,2.2936428070068358,0.0,0.0,0.21376900374889374,0.0,0.0,0.0,0.0,0.0,0.0,0.0,0.0,0.0,650.0,0.0,0.0,0.9985082149505615,9.119510650634766e-6,2.562999725341797e-6
23.987064361572266,77.7488784790039,9.534741707284411e-7,0.0,0.0,0.0,0.0,-0.05868720049409859,-0.0,0.0,3.378499930245536,2.3070713588169642,0.0,0.0,0.1956239938735962,0.0,0.0,0.0,0.0,0.0,0.0,0.0,0.0,0.0,651.0,0.0,0.0,0.9991856217384338,2.232193946838379e-5,2.5480985641479492e-5
23.7923583984375,77.07765197753906,9.534455784887541e-7,0.0,0.0,0.0,0.0,-0.054591301762711986,-0.0,0.0,3.4033570425851005,2.331928471156529,0.0,0.0,0.1819709986448288,0.0,0.0,0.0,0.0,0.0,0.0,0.0,0.0,0.0,652.0,0.0,0.0,1.0,0.00010469555854797363,2.9802322387695312e-8
23.779438018798828,76.40642547607422,9.534169862490671e-7,0.0,0.0,0.0,0.0,-0.05307960423150071,-0.0,0.0,3.4300713675362724,2.358642796107701,0.0,0.0,0.17693200707435608,0.0,0.0,0.0,0.0,0.0,0.0,0.0,0.0,0.0,653.0,0.0,0.0,1.0,0.0011123418807983398,0.00011801719665527344
23.584732055664062,75.73519897460938,9.533883940093801e-7,0.0,0.0,0.0,0.0,-0.05543790083876843,-0.0,0.0,3.4430713108607702,2.3716427394321986,0.0,0.0,0.18479299545288086,0.0,0.0,0.0,0.0,0.0,0.0,0.0,0.0,0.0,654.0,0.0,0.0,1.0,0.030673563480377197,1.0251998901367188e-5
23.57181167602539,75.06397247314453,9.533598017696931e-7,0.0,0.0,0.0,0.0,-0.9633255402575136,-0.0,0.0,3.4417857578822546,2.370357186453683,0.0,0.0,0.2110850065946579,0.0,0.0,0.0,3.0,0.0,0.0,0.0,0.0,3.0,655.0,0.0,-3.0,0.9999738931655884,0.01143065094947815,0.9798635244369507
23.55991554260254,137.11947631835938,9.533312095300062e-7,0.0,0.0,0.0,0.0,-0.035681517349939185,-0.0,0.0,3.478000041416713,2.4065714699881418,0.3092440068721771,0.0,0.0,0.0,0.0,0.8241058588027954,0.1189383864402771,0.0,0.0,0.0,0.0,0.9430442452430725,656.0,0.0,-0.9430442452430725,8.940696716308594e-8,0.024113744497299194,0.9998418092727661
23.00164031982422,179.97276306152344,9.533026172903192e-7,0.0,0.0,0.0,0.0,0.03622923627826582,-0.0,-0.01,3.5865713664463588,2.5151429312569755,0.351065993309021,0.0,0.0,0.028958458453416824,0.5136581400477381,1.8797264684542985,0.0,0.0,0.0,0.0,1.8797264684542985,0.0,657.0,0.028958458453416824,1.931575894355774,0.0028929412364959717,0.0294533371925354,7.43567943572998e-5
23.999984741210938,113.18031311035156,0.02895854413509369,0.0,0.0,0.0,0.0,-0.01,-0.0,-0.01,3.759071431841169,2.687642996651786,0.35998600721359253,0.0,0.0,2.253501387586425,0.0,2.844823122024536,0.0,0.0,0.0,0.0,0.0,2.844823122024536,658.0,4.599999904632568,-2.844823122024536,0.9991064071655273,0.0015518367290496826,0.9259770512580872
23.6862850189209,168.15440368652344,2.2823915481567383,0.0,0.0,0.0,0.0,0.16875822653438374,-0.0,-0.01,3.84514285496303,2.7737142835344586,0.3635280132293701,0.0,0.0,0.0,1.986202359199524,1.1415194272994995,0.0,0.0,0.0,0.0,1.1415194272994995,0.0,659.0,-2.282323122024536,1.1415194272994995,0.0,0.9999995231628418,1.7881393432617188e-7
23.999982833862305,167.48316955566406,2.282323122024536,0.0,0.0,0.0,0.0,0.07038989081249646,-0.0,-0.01,3.8092857905796595,2.7378572191510884,0.36076200008392334,0.0,0.0,0.0,0.8932209380409146,0.3372670046547031,0.0,0.0,0.0,0.0,0.3372670046547031,0.0,660.0,-2.282254695892334,0.3372670114040375,0.0,1.0,0.0
23.999984741210938,166.8119354248047,2.282254695892334,0.0,0.0,0.0,0.0,0.11524717963681823,-0.0,-0.01,3.763571412222726,2.6921429770333427,0.4329800009727478,0.0,0.0,0.0,1.3916352187007475,0.01933475390972625,0.0,0.0,0.0,0.0,0.01933475390972625,0.0,661.0,-2.282186269760132,2.648411512374878,0.0,1.0,0.0
23.999984741210938,156.7353057861328,2.282186269760132,0.0,0.0,0.0,0.0,0.1296329414428618,-0.0,-0.01,3.7982857022966656,2.7268572671072824,0.37676000595092773,0.0,0.0,0.0,1.5514770038425922,0.01736302301287651,0.0,0.0,0.0,0.0,0.01736302301287651,0.0,662.0,-2.2821178436279297,0.01736302301287651,0.0,1.0,2.9802322387695312e-8
23.999984741210938,156.06407165527344,2.2821178436279297,0.0,0.0,0.0,0.0,0.10809074734996679,-0.0,-0.01,3.862357085091727,2.7909286499023436,0.3611670136451721,0.0,0.0,0.0,1.312119310721755,0.020563537254929543,0.0,0.0,0.0,0.0,0.020563537254929543,0.0,663.0,-2.2820494174957275,0.020563537254929543,0.0,1.0,1.6987323760986328e-5
23.999984741210938,155.39283752441406,2.2820494174957275,0.0,0.0,0.0,0.0,0.08659718249754654,-0.0,-0.01,3.942857142857143,2.8714285714285714,0.37240099906921387,0.0,0.0,0.0,1.0733019424521406,0.3773470806038897,0.0,0.0,0.0,0.0,0.3773470806038897,0.0,664.0,-2.2819809913635254,2.2278194427490234,0.0,1.0,3.260374069213867e-5
23.999984741210938,142.6853790283203,2.2819809913635254,0.0,0.0,0.0,0.0,0.17977782939102444,-0.0,-0.01,4.015642929077148,2.944214357648577,0.3644320070743561,0.0,0.0,0.0,2.108642381209317,0.31992550514322204,0.0,0.0,0.0,0.0,0.31992550514322204,0.0,665.0,-2.2819125652313232,0.3199255168437958,0.0,1.0,0.0007044374942779541
23.999984741210938,142.01414489746094,2.2819125652313232,0.0,0.0,0.0,0.0,0.013544205932575071,-0.0,-0.01,4.059499958583286,2.9880713871547155,0.4492720067501068,0.0,0.0,0.4881722629070282,0.2616022673494423,0.3147906398834057,0.0,0.0,0.0,0.0,0.3147906398834057,0.0,666.0,0.4881722629070282,1.250849962234497,0.27700549364089966,0.0005772411823272705,0.0006283223628997803
23.999984741210938,91.77884674072266,2.7700018882751465,0.0,0.0,0.0,0.0,-0.01,-0.0,-0.01,4.058642877851214,2.9872141701834543,0.12065000087022781,0.4730690121650696,0.0,0.0,0.0,0.0,0.0,0.0,0.0,0.0,0.0,0.0,667.0,-2.769918918609619,0.0,0.9975215196609497,0.00017258524894714355,0.05040988326072693
23.624670028686523,91.10762023925781,2.2872097492218018,0.0,0.0,0.0,0.0,-0.01,-0.0,-0.01,4.049071393694197,2.977642822265625,0.0,0.5670509934425354,0.0,0.0,0.0,0.0,0.0,0.0,0.0,0.0,0.0,0.0,668.0,-2.2871410846710205,0.0,0.9975215792655945,0.00017255544662475586,0.050410330295562744
23.613235473632812,90.43639373779297,1.708535075187683,0.0,0.0,0.0,0.0,-0.01,-0.0,-0.01,3.981642804827009,2.9102142333984373,0.0,0.4981609880924225,0.0,0.0,0.0,0.0,0.0,0.0,0.0,0.0,0.0,0.0,669.0,-1.7084838151931763,0.0,0.9999139904975891,4.270672798156738e-5,0.008258521556854248
23.418529510498047,89.76516723632812,1.2001715898513794,0.0,0.0,0.0,0.0,-0.01,-0.0,-0.01,3.895928600856236,2.8244998931884764,0.0,0.45346799492836,0.0,0.0,0.0,0.0,0.0,0.0,0.0,0.0,0.0,0.0,670.0,-1.200135588645935,0.0,0.9779345989227295,0.0001131296157836914,0.0002621114253997803
22.860254287719727,89.09394073486328,0.7374270558357239,0.0,0.0,0.0,0.0,-0.4302953322290244,-0.0,-0.01,3.8515000479561943,2.7800714765276227,0.0,0.40605100989341736,0.0,0.0,0.0,0.0,1.4009843850932968,0.0,0.31660579224714525,0.0,0.0,1.717590177340442,671.0,-0.7374049425125122,-5.078955173492432,0.8768166303634644,0.0008369982242584229,0.0005814135074615479
21.93840980529785,179.99807739257812,2.2169379008118995e-5,0.0,0.0,0.0,0.0,-0.962004780252963,-0.0,0.0,3.796000017438616,2.7245714460100445,0.0,0.0,0.3171739876270294,0.0,0.0,0.0,2.8895084857940674,0.0,0.0,0.0,2.8895084857940674,0.0,672.0,0.0,2.8895084857940674,9.799003601074219e-5,7.12275505065918e-6,0.00010573863983154297
23.025421142578125,170.99705505371094,2.21687150769867e-5,0.0,0.0,0.0,0.0,-0.8314848723604218,-0.0,0.0,3.736000006539481,2.6645714351109095,0.0,0.0,0.24729099869728088,0.0,0.0,0.0,2.524325132369995,0.0,0.0,0.0,2.524325132369995,0.0,673.0,0.0,2.524325132369995,0.0010527074337005615,5.841255187988281e-6,0.07875362038612366
23.881776809692383,161.5945281982422,2.2168051145854406e-5,0.0,0.0,0.0,0.0,-0.06413070367299323,-0.0,0.0,3.685999952043806,2.614571380615234,0.0,0.0,0.21376900374889374,0.0,0.0,0.0,0.0,0.0,0.0,0.0,0.0,0.0,674.0,0.0,0.0,0.0033849477767944336,5.304813385009766e-6,0.12922263145446777
23.323501586914062,160.9232940673828,2.2167387214722112e-5,0.0,0.0,0.0,0.0,-0.05868720049409859,-0.0,0.0,3.652928570338658,2.5815001351492746,0.0,0.0,0.1956239938735962,0.0,0.0,0.0,0.0,0.0,0.0,0.0,0.0,0.0,675.0,0.0,0.0,0.0005351901054382324,4.649162292480469e-6,0.009495317935943604
22.765226364135742,160.25205993652344,2.2166723283589818e-5,0.0,0.0,0.0,0.0,-0.054591301762711986,-0.0,0.0,3.6365000316074916,2.565071323939732,0.0,0.0,0.1819709986448288,0.0,0.0,0.0,0.0,0.0,0.0,0.0,0.0,0.0,676.0,0.0,0.0,3.8057565689086914e-5,3.9696693420410156e-5,0.0
22.570520401000977,159.58082580566406,2.2166059352457523e-5,0.0,0.0,0.0,0.0,-0.05307960423150071,-0.0,0.0,3.6160713740757533,2.544642802647182,0.0,0.0,0.17693200707435608,0.0,0.0,0.0,0.0,0.0,0.0,0.0,0.0,0.0,677.0,0.0,0.0,7.748603820800781e-7,0.00016045570373535156,5.960464477539063e-8
22.194028854370117,158.9095916748047,2.216539542132523e-5,0.0,0.0,0.0,0.0,-0.05543790083876843,-0.0,0.0,3.6012142181396483,2.529785646711077,0.0,0.0,0.18479299545288086,0.0,0.0,0.0,0.0,0.0,0.0,0.0,0.0,0.0,678.0,0.0,0.0,2.9802322387695312e-8,0.00032138824462890625,5.364418029785156e-7
21.817537307739258,158.2383575439453,2.2164731490192935e-5,0.0,0.0,0.0,0.0,-0.06332550449472674,-0.0,0.0,3.5935714721679686,2.5221429007393974,0.0,0.0,0.2110850065946579,0.0,0.0,0.0,0.0,0.0,0.0,0.0,0.0,0.0,679.0,0.0,0.0,0.0,0.0009975731372833252,0.0002206861972808838
21.4410457611084,157.56712341308594,2.216406755906064e-5,0.0,0.0,0.0,0.0,0.043738724191087215,-0.0,0.0,3.6781429018293106,2.6067141941615515,0.3092440068721771,0.0,0.0,0.0,0.48598578572273254,0.4616200625896454,0.0,0.0,0.0,0.0,0.0,0.4616200625896454,680.0,0.0,-0.4616200625896454,8.940696716308594e-8,0.024034172296524048,0.9998432397842407
21.06455421447754,179.97299194335938,2.2163403627928346e-5,0.0,0.0,0.0,0.0,0.2606498980201881,-0.0,0.0,3.8044285910470146,2.733000019618443,0.351065993309021,0.0,0.0,0.0,2.896109747839962,0.4929741144647254,0.0,0.0,0.0,0.0,0.0,0.4929741144647254,681.0,0.0,-1.6576656103134155,3.2782554626464844e-7,0.0029938220977783203,0.9990177750587463
19.96092414855957,179.99807739257812,2.2162739696796052e-5,0.0,0.0,0.0,0.0,0.48014969156381787,-0.0,0.0,3.9867856979370115,2.9153569902692524,0.35998600721359253,0.0,0.0,0.0,5.334996148943901,0.23871763050556183,0.0,0.0,0.0,0.0,0.23871763050556183,0.0,682.0,0.008770017884671688,0.23871763050556183,0.0008762180805206299,1.3172626495361328e-5,0.9866528511047363
19.000051498413086,155.89735412597656,2.2162075765663758e-5,0.0,0.0,0.0,0.0,0.03390442632607748,-0.0,-0.01,4.208714294433594,3.1372857230050224,0.5459619760513306,0.0,0.0,4.599999904632568,0.4878269204096375,1.7621338367462158,0.0,0.0,0.0,0.0,1.7621338367462158,0.0,683.0,4.599999904632568,1.7621338367462158,0.9081908464431763,0.0017768442630767822,0.9999470114707947
19.008869171142578,144.4309539794922,4.599884033203125,0.0,0.0,0.0,0.0,0.19322916723857303,-0.0,-0.01,4.33042847769601,3.2589999062674386,0.3520059883594513,0.0,0.0,4.599999904632568,2.2581016787485657,1.1719146966934204,0.0,0.0,0.0,0.0,1.1719146966934204,0.0,684.0,4.599999904632568,1.1719146966934204,0.999981164932251,0.006011396646499634,0.0
19.03004264831543,143.7597198486328,9.199607849121094,0.0,0.0,0.0,0.0,0.5589542783860816,-0.0,-0.01,4.407714244297573,3.336285672869001,0.36357200145721436,0.0,0.0,0.8003921508789062,6.32171370188512,1.3586366176605225,0.0,0.0,0.0,0.0,1.3586366176605225,0.0,685.0,0.8004221320152283,1.3586366176605225,1.0,0.0012971162796020508,0.0
19.0064697265625,143.08848571777344,9.999700546264648,0.0,0.0,0.0,0.0,0.5878669955624708,-0.0,0.0,4.457642909458706,3.386214338030134,0.37676000595092773,0.0,0.0,0.0,6.53185498714447,1.3934355974197388,0.0,0.0,0.0,0.0,1.3934355974197388,0.0,686.0,0.00032945373095571995,1.3934355974197388,1.0,0.003270953893661499,0.0
19.016340255737305,142.41725158691406,9.999401092529297,0.0,0.0,0.0,0.0,0.22743373651772522,-0.0,0.0,4.454071399143764,3.3826426914760046,0.3611670136451721,0.0,0.0,0.0,2.5270413160324097,1.6280919313430786,0.0,0.0,0.0,0.0,1.6280919313430786,0.0,687.0,0.0006289074663072824,1.6280919313430786,1.0,9.41157341003418e-5,0.0
19.000455856323242,141.7460174560547,9.999101638793945,0.0,0.0,0.0,0.0,0.04592260844887143,-0.0,0.0,4.422071402413504,3.350642830984933,0.37240099906921387,0.0,0.0,0.0,0.5102511644363403,1.4011479616165161,0.0,0.0,0.0,0.0,1.4011479616165161,0.0,688.0,0.0008730480913072824,1.4011479616165161,0.9999945163726807,0.001604527235031128,0.0
19.008007049560547,141.0747833251953,9.998802185058594,0.0,0.18669895196282837,0.0,0.0,-0.12830093085982902,-0.18669895196282837,-0.01,4.436142866952078,3.3647141592843193,0.3644320070743561,0.0,0.0,0.0,0.759977951857926,0.7394900170828088,0.0,0.0,0.0,0.0,0.0,0.7394900170828088,689.0,-4.599999904632568,-0.7394900321960449,0.0001690387725830078,1.0,1.0
18.81330108642578,179.9980926513672,9.998502731323242,0.0,0.0,0.0,0.0,-0.01,-0.0,-0.01,4.39985705784389,3.328428486415318,0.4492720067501068,0.0,0.0,0.0,0.0,0.3743779957294464,0.0,0.0,2.6256220042705536,0.0,3.0,0.0,690.0,-4.599999904632568,3.0,0.00019484758377075195,1.0,1.0
20.780315399169922,179.3268585205078,7.319077014923096,0.0,0.0,0.0,0.0,-0.01,-0.0,-0.01,4.341142872401646,3.269714300973075,0.1472499966621399,0.4464690089225769,0.0,0.0,0.0,0.0,0.0,0.0,3.0,0.0,3.0,0.0,691.0,-4.599999904632568,3.0,0.9977134466171265,1.0,1.0
22.357337951660156,178.65562438964844,3.8021578788757324,0.0,0.0,0.0,0.0,-0.01,-0.0,-0.01,4.330571528843471,3.2591429574148996,0.0,0.5670509934425354,0.0,0.0,0.0,0.0,0.0,0.0,2.1666858196258545,0.0,2.1666858196258545,0.0,692.0,-3.802043914794922,2.1666858196258545,0.027532458305358887,0.1401093602180481,3.9070844650268555e-5
22.842941284179688,155.43048095703125,1.0126001834869385,0.0,0.0,0.0,0.0,-0.01,-0.0,-0.01,4.179785673958914,3.108357238769531,0.0,0.4981609880924225,0.0,0.0,0.0,0.0,0.0,0.0,0.2552105784416199,0.0,0.0,0.2552105784416199,693.0,-1.012569785118103,-0.2552105784416199,0.520077645778656,0.010821938514709473,0.8902624249458313
22.102880477905273,162.4400634765625,0.24384638667106628,0.0,0.0,0.0,0.0,-0.761859140058211,-0.0,-0.01,4.109357098170689,3.037928662981306,0.0,0.23896226424148637,0.21450573068687362,0.0,0.0,0.0,2.291691303253174,0.0,0.0,0.0,2.291691303253174,0.0,694.0,-0.2438390702009201,2.291691303253174,8.296966552734375e-5,1.58846378326416e-5,0.000762939453125
23.320781707763672,153.63723754882812,7.3460523708490655e-6,0.0,0.0,0.0,0.0,-0.12181530780853045,-0.0,0.0,4.118071365356445,3.046642793927874,0.0,0.0,0.40605100989341736,0.0,0.0,0.0,0.0,0.0,0.0,0.0,0.0,0.0,695.0,0.0,0.0,0.0002071857452392578,1.0579824447631836e-5,0.011451542377471924
22.944290161132812,152.96600341796875,7.3458322731312364e-6,0.0,0.0,0.0,0.0,-0.0951522000691174,-0.0,0.0,4.16150005885533,3.0900714874267576,0.0,0.0,0.3171739876270294,0.0,0.0,0.0,0.0,0.0,0.0,0.0,0.0,0.0,696.0,0.0,0.0,0.00023099780082702637,9.685754776000977e-6,0.00028264522552490234
22.567798614501953,152.29476928710938,7.345612175413407e-6,0.0,0.0,0.0,0.0,-0.07418730255712269,-0.0,0.0,4.1877857753208705,3.116357203892299,0.0,0.0,0.24729099869728088,0.0,0.0,0.0,0.0,0.0,0.0,0.0,0.0,0.0,697.0,0.0,0.0,6.866455078125e-5,1.2189149856567383e-5,8.553266525268555e-6
22.191307067871094,151.62353515625,7.345392077695578e-6,0.0,0.0,0.0,0.0,-0.6693300647270695,-0.0,0.0,4.1680714198521205,3.096642848423549,0.0,0.0,0.21376900374889374,0.0,0.0,0.0,2.017331123352051,0.0,0.0,0.0,2.017331123352051,0.0,698.0,0.0,2.017331123352051,0.2174219787120819,5.1468610763549805e-5,0.0
23.43964195251465,139.8021240234375,7.345171979977749e-6,0.0,0.0,0.0,0.0,-0.05868720049409859,-0.0,0.0,4.112785693577358,3.041357258387974,0.0,0.0,0.1956239938735962,0.0,0.0,0.0,0.0,0.0,0.0,0.0,0.0,0.0,699.0,0.0,0.0,9.512901306152344e-5,6.467103958129883e-6,0.004948049783706665
22.881366729736328,139.13088989257812,7.34495188225992e-6,0.0,0.0,0.0,0.0,-0.054591301762711986,-0.0,0.0,4.054499980381557,2.9830714089529855,0.0,0.0,0.1819709986448288,0.0,0.0,0.0,0.0,0.0,0.0,0.0,0.0,0.0,700.0,0.0,0.0,1.8328428268432617e-5,2.968311309814453e-5,2.9802322387695312e-8
22.50487518310547,138.45965576171875,7.344731784542091e-6,0.0,0.0,0.0,0.0,-0.07174950080114595,-0.0,0.0,3.995499965122768,2.9240713936941964,0.0,0.0,0.23916499316692352,0.0,0.0,0.0,0.0,0.0,0.0,0.0,0.0,0.0,701.0,0.0,0.0,1.7583370208740234e-6,0.0006631314754486084,2.9802322387695312e-8
22.12838363647461,137.78842163085938,7.344511686824262e-6,0.0,0.0,0.0,0.0,-0.05543790083876843,-0.0,0.0,3.908142852783203,2.8367142813546318,0.0,0.0,0.18479299545288086,0.0,0.0,0.0,0.0,0.0,0.0,0.0,0.0,0.0,702.0,0.0,0.0,0.0,0.00023600459098815918,0.0008605718612670898
21.57010841369629,137.1171875,7.344291589106433e-6,0.0,0.0,0.0,0.0,-0.6729078813555978,-0.0,0.0,3.840428570338658,2.7690001351492746,0.0,0.0,0.2110850065946579,0.0,0.0,0.0,2.0319411754608154,0.0,0.0,0.0,2.0319411754608154,0.0,703.0,0.0,2.0319411754608154,4.464387893676758e-5,0.04174834489822388,1.7881393432617188e-7
22.545930862426758,127.90204620361328,7.344071491388604e-6,0.0,0.0,0.0,0.0,-0.3188865192288759,-0.0,0.0,3.840928568158831,2.7694998604910714,0.2393999993801117,0.0,0.06984400749206543,0.0,0.0,0.0,0.9931110143661499,0.0,0.0,0.0,0.0,0.9931110143661499,704.0,0.0,-0.9931110143661499,1.4901161193847656e-6,0.22299790382385254,0.9998767971992493
21.987655639648438,179.97836303710938,7.343851393670775e-6,0.0,0.0,0.0,0.0,0.10217477081692054,-0.0,0.0,3.8952142987932477,2.8237857273646765,0.351065993309021,0.0,0.0,0.0,1.1352751410755533,0.012758835479317245,0.0,0.0,0.0,0.0,0.0,0.012758835479317245,705.0,0.0,-3.6411306858062744,8.940696716308594e-8,0.024032413959503174,0.9998432397842407
21.247594833374023,179.99807739257812,7.343631295952946e-6,0.0,0.0,0.0,0.0,0.2208954572134003,-0.0,0.0,3.9882856913975306,2.9168572562081474,0.4368399977684021,0.0,0.0,0.0,2.454393773980085,0.19721612363344052,0.0,0.0,0.0,0.0,0.0,0.19721612363344052,706.0,0.0,-2.319096326828003,8.940696716308594e-8,0.024033337831497192,0.9998432397842407
20.50753402709961,179.99807739257812,7.343411198235117e-6,0.0,0.0,0.0,0.0,0.14513602006131104,-0.0,-0.01,4.076500020708357,3.005071313040597,0.3635280132293701,0.0,0.0,1.1732409000396729,1.7237334192467626,2.272103786468506,0.0,0.0,0.0,0.0,2.272103786468506,0.0,707.0,1.1732409000396729,2.272103786468506,0.11732181906700134,2.9802322387695312e-8,7.152557373046875e-7
21.429460525512695,150.94236755371094,1.1732131242752075,0.0,0.0,0.0,0.0,0.6134044531364,-0.0,-0.01,4.1547142573765345,3.083285685947963,0.3520059883594513,0.0,0.0,0.0,6.926715595474093,0.502728240738065,0.0,0.0,0.0,0.0,0.0,0.502728240738065,708.0,-1.17317795753479,-2.2300097942352295,0.0,0.09648898243904114,3.8743019104003906e-7
20.872188568115234,179.99807739257812,1.17317795753479,0.0,0.0,0.0,0.0,0.46481549221797497,-0.0,-0.01,4.225285748073032,3.1538570404052733,0.36357200145721436,0.0,0.0,0.0,5.275727272033691,3.0,0.0,0.0,0.0,0.0,3.0,0.0,709.0,-1.1731427907943726,3.0,0.0,0.9996775388717651,2.682209014892578e-7
22.397075653076172,179.32684326171875,1.1731427907943726,0.0,0.0,0.0,0.0,0.5269827077374996,-0.0,-0.01,4.297071402413504,3.225642830984933,0.37676000595092773,0.0,0.0,0.0,5.9664740562438965,2.4243149757385254,0.0,0.0,0.0,0.0,2.4243149757385254,0.0,710.0,-1.173107624053955,2.4243149757385254,0.0,0.9995758533477783,5.900859832763672e-6
23.58268928527832,169.97044372558594,1.173107624053955,0.0,0.0,0.0,0.0,0.6858695297137489,-0.0,-0.01,4.3651427677699495,3.2937141963413783,0.3611670136451721,0.0,0.0,0.0,7.7318830490112305,0.0,0.0,0.0,0.0,0.0,0.0,0.0,711.0,-1.1730724573135376,0.0,0.0,0.03169137239456177,0.0
22.75225067138672,169.29920959472656,1.1730724573135376,0.0,0.0,0.0,0.0,0.5446865219448532,-0.0,-0.01,4.416571426391601,3.34514285496303,0.37240099906921387,0.0,0.0,0.04922731593251228,6.163183087359242,0.17723380044314413,0.0,0.0,0.0,0.0,0.0,0.17723380044314413,712.0,0.04922731593251228,-3.998006582260132,0.12222698330879211,2.771615982055664e-6,0.0
21.64862060546875,179.99807739257812,1.2222630977630615,0.0,0.0,0.0,0.0,0.12231067755307116,-0.0,-0.01,4.44085715157645,3.3694285801478796,0.3644320070743561,0.0,0.0,0.0,1.470118522644043,3.0,0.0,0.0,0.0,0.0,3.0,0.0,713.0,-1.2222265005111694,3.0,0.0,0.9999852776527405,1.683831214904785e-5
23.08873176574707,179.32684326171875,1.2222265005111694,0.0,0.0,0.0,0.0,-0.01,-0.0,-0.01,4.432642882210867,3.361214447021484,0.4492720067501068,0.0,0.0,0.0,0.0,2.2088282108306885,0.0,0.0,0.0013828270579034907,0.0,2.210211037888592,0.0,714.0,-1.2221899032592773,2.2102110385894775,0.0,1.0,0.0001678764820098877
23.999984741210938,178.65560913085938,1.2207788228988647,0.0,0.0,0.0,0.0,-0.01,-0.0,-0.01,4.337142889840262,3.265714318411691,0.583299994468689,0.010419011116027832,0.0,0.0,0.0,0.0,0.0,0.0,0.5779177652925602,0.0,0.5779177652925602,0.0,715.0,-1.2207422256469727,1.9894263744354248,0.07332301139831543,0.004293352365493774,0.00030919909477233887
23.999984741210938,144.64503479003906,0.6204165816307068,0.0,0.0,0.0,0.0,-0.18551430210181055,-0.0,-0.01,4.2549999237060545,3.1835713522774833,0.0,0.6079899787025056,0.0004310489578642773,0.0,0.0,0.0,0.5846166014671326,0.0,0.0,0.0,0.0,0.5846166014671326,716.0,-0.6203979849815369,-0.5846166014671326,0.0006497800350189209,7.665157318115234e-5,0.9979325532913208
23.623493194580078,179.6672821044922,1.8655695384950377e-5,0.0,0.0,0.0,0.0,-0.17112157913035442,-0.0,0.0,4.22478575025286,3.1533570425851005,0.0,0.0,0.5544440150260925,0.0,0.0,0.0,0.01596122607588768,0.0,0.0,0.0,0.0,0.01596122607588768,717.0,0.0,-0.01596122607588768,8.940696716308594e-8,0.014838546514511108,0.9997701644897461
23.24700164794922,179.9613037109375,1.865513695520349e-5,0.0,0.0,0.0,0.0,-0.2748280425798111,-0.0,0.0,4.183642877851214,3.1122141701834543,0.0,0.0,0.47393500804901123,0.0,0.0,0.0,0.44215843081474304,0.0,0.0,0.0,0.44215843081474304,0.0,718.0,0.0,0.44215843081474304,5.185604095458984e-6,7.423758506774902e-5,0.7805719375610352
23.147985458374023,171.2802734375,1.86545785254566e-5,0.0,0.0,0.0,0.0,-0.16523983539103781,-0.0,0.0,4.135857118879046,3.064428547450474,0.0,0.0,0.40605100989341736,0.0,0.0,0.0,0.14474841952323914,0.0,0.0,0.0,0.0,0.14474841952323914,719.0,0.0,-0.14474841952323914,4.231929779052734e-6,0.0001544356346130371,0.9944860935211182
22.40792465209961,179.1158447265625,1.865402009570971e-5,0.0,0.0,0.0,0.0,-0.8584221555162319,-0.0,0.0,4.084785679408482,3.013357107979911,0.0,0.0,0.3171739876270294,0.0,0.0,0.0,2.5442330837249756,0.0,0.0,0.0,2.5442330837249756,0.0,720.0,0.0,2.5442330837249756,8.723139762878418e-5,1.1146068572998047e-5,0.006859481334686279
23.408546447753906,168.127197265625,1.8653461665962823e-5,0.0,0.0,0.0,0.0,-0.07418730255712269,-0.0,0.0,4.038571439470564,2.967142868041992,0.0,0.0,0.24729099869728088,0.0,0.0,0.0,0.0,0.0,0.0,0.0,0.0,0.0,721.0,0.0,0.0,4.3392181396484375e-5,8.881092071533203e-6,1.5228986740112305e-5
23.032054901123047,167.45596313476562,1.8652903236215934e-5,0.0,0.0,0.0,0.0,-0.6538553631844257,-0.0,0.0,3.9377857753208705,2.8663572038922993,0.0,0.0,0.2131669968366623,0.0,0.0,0.0,1.966350793838501,0.0,0.0,0.0,1.966350793838501,0.0,722.0,0.0,1.966350793838501,0.10985279083251953,1.6987323760986328e-6,0.001843273639678955
23.81702423095703,128.38522338867188,1.8652344806469046e-5,0.0,0.0,0.0,0.0,-0.058515901208555654,-0.0,0.0,3.9065714699881418,2.83514289855957,0.0,0.0,0.19505299627780914,0.0,0.0,0.0,0.0,0.0,0.0,0.0,0.0,0.0,723.0,0.0,0.0,0.0033908486366271973,8.106231689453125e-6,0.0
23.622318267822266,127.71399688720703,1.8651786376722157e-5,0.0,0.0,0.0,0.0,-0.054429904299175824,-0.0,0.0,3.881000055585589,2.8095713479178293,0.0,0.0,0.18143300712108612,0.0,0.0,0.0,0.0,0.0,0.0,0.0,0.0,0.0,724.0,0.0,0.0,0.002483457326889038,9.706616401672363e-5,0.0
23.4276123046875,127.04277038574219,1.865122794697527e-5,0.0,0.0,0.0,0.0,-0.05292270393859155,-0.0,0.0,3.8474285398210797,2.7760001046316964,0.0,0.0,0.17640900611877441,0.0,0.0,0.0,0.0,0.0,0.0,0.0,0.0,0.0,725.0,0.0,0.0,3.838539123535156e-5,4.3332576751708984e-5,0.0004897117614746094
22.86933708190918,126.37154388427734,1.865066951722838e-5,0.0,0.0,0.0,0.0,-0.4072218937564642,-0.0,0.0,3.8182143620082307,2.7467857905796595,0.0,0.0,0.1840440034866333,0.0,0.0,0.0,1.1733622550964355,0.0,0.0,0.0,0.0,1.1733622550964355,726.0,0.0,-1.1733622550964355,3.618001937866211e-5,0.0037845075130462646,0.9999198913574219
22.129276275634766,179.9852752685547,1.865011108748149e-5,0.0,0.0,0.0,0.0,-0.023527202945041736,-0.0,0.0,3.8099285670689174,2.738499995640346,0.13109999895095825,0.0,0.07842400670051575,0.0,0.0,0.0,0.0,0.0,0.0,0.0,0.0,0.0,727.0,0.0,0.0,0.0,0.0031056106090545654,0.5875393748283386
21.571001052856445,179.3140411376953,1.8649552657734603e-5,0.0,0.0,0.0,0.0,0.07407465808190136,-0.0,0.0,3.8891427993774412,2.817714364188058,0.30623799562454224,0.0,0.0,0.0,0.8230516910552979,0.6215603351593018,0.0,0.0,0.0,0.0,0.0,0.6215603351593018,728.0,0.0,-0.6215603351593018,1.1920928955078125e-7,0.0032272040843963623,0.9942313432693481
21.37729263305664,179.07508850097656,1.8648994227987714e-5,0.0,0.0,0.0,0.0,-0.01,-0.0,-0.01,4.056642886570522,2.9852141789027624,0.34728100895881653,0.0,0.0,2.760910791249387,0.0,0.8767634630203247,0.0,0.0,0.0,0.0,0.8767634630203247,0.0,729.0,3.906719207763672,0.8767634630203247,0.6345219612121582,0.0003400444984436035,0.01703554391860962
21.53430938720703,72.9188461303711,2.7608466148376465,0.0,0.0,0.0,0.0,-0.01,-0.0,-0.01,4.158142852783203,3.0867142813546318,0.402195006608963,0.0,0.0,3.453781218991594,0.0,1.8723385334014893,0.0,0.0,0.0,0.0,0.0,1.8723385334014893,730.0,4.599999904632568,-1.8723385334014893,0.9999971985816956,0.27939876914024353,0.9176335334777832
20.97603416442871,166.81944274902344,6.214441299438477,0.0,0.0,0.0,0.0,0.4779641302084773,-0.0,-0.01,4.202857099260603,3.131428527832031,0.41805499792099,0.0,0.0,0.0,5.421823238095275,0.23062160138226392,0.0,0.0,0.0,0.0,0.0,0.23062160138226392,731.0,-4.599999904632568,-2.247894048690796,0.0003752708435058594,0.00012749433517456055,0.0
20.41775894165039,179.99807739257812,6.214254856109619,0.0,0.0,0.0,0.0,0.0693595792762683,-0.0,-0.01,4.263000025068011,3.191571589878627,0.3781130015850067,0.0,0.0,3.6282739639282227,0.8817730329926219,2.4734437465667725,0.0,0.0,0.0,0.0,2.4734437465667725,0.0,732.0,3.6282739639282227,2.4734437465667725,0.9842498302459717,2.485513687133789e-5,0.0
21.44112777709961,171.39247131347656,9.842233657836914,0.0,0.0,0.0,0.0,0.4537180639278362,-0.0,-0.01,4.31542854309082,3.243999971662249,0.3568120002746582,0.0,0.0,0.15522904694080353,5.152422523053753,1.8649183511734009,0.0,0.0,0.0,0.0,1.8649183511734009,0.0,733.0,0.15522904694080353,1.8649183511734009,0.9997432827949524,0.0,0.0
22.211915969848633,136.02102661132812,9.997162818908691,0.0,0.0,0.0,0.0,0.5132939992979342,-0.0,-0.01,4.353928647722517,3.282500076293945,0.37003299593925476,0.0,0.0,0.0,5.814377307891846,1.034639835357666,0.0,0.0,0.0,0.0,1.034639835357666,0.0,734.0,-4.599999904632568,1.034639835357666,0.7154796719551086,0.0,0.0
22.693607330322266,85.1304931640625,9.99686336517334,0.0,0.0,0.0,0.0,0.5916479398129705,-0.0,-0.01,4.38721433367048,3.3157857622419082,0.3545230031013489,0.0,0.0,0.0,6.684976577758789,0.0,0.0,0.0,0.0,0.0,0.0,0.0,735.0,-4.599999904632568,0.0,0.0,0.009672462940216064,0.000374525785446167
22.317115783691406,84.45926666259766,9.996563911437988,0.0,0.0,0.0,0.0,0.33294016940912796,-0.0,-0.01,4.3944284711565285,3.3229998997279577,0.40768301486968994,0.0,0.0,0.0,3.81044602394104,1.488520860671997,0.0,0.0,0.0,0.0,0.0,1.488520860671997,736.0,-4.599999904632568,-1.488520860671997,0.0,0.9828262329101562,0.9915695190429688
22.12240982055664,178.64920043945312,9.996264457702637,0.0,0.0,0.0,0.0,0.049028837603635314,-0.0,-0.01,4.366714286804199,3.2952855791364395,0.3550240099430084,0.0,0.0,0.0,0.6558759212493896,3.0,0.0,0.0,0.0,0.0,3.0,0.0,737.0,-4.599999904632568,3.0,0.0002123713493347168,1.0,1.0
23.710941314697266,177.97796630859375,9.995965003967285,0.0,0.0,0.0,0.0,0.14192251557131397,-0.0,-0.01,4.30957134791783,3.2381427764892576,0.4322409927845001,0.0,0.0,0.0,1.688027816639977,0.17398123182193714,0.0,0.0,0.0,0.0,0.0,0.17398123182193714,738.0,-4.599999904632568,-0.17398123443126678,0.01693388819694519,1.0,1.0
23.698020935058594,179.99807739257812,9.995665550231934,0.0,0.0,0.0,0.0,-0.01,-0.0,-0.01,4.232785715375628,3.1613570077078683,0.5608029961585999,0.0,0.0,0.0,0.0,0.33219701051712036,0.0,0.0,1.308998483251599,0.0,1.6411954937687194,0.0,739.0,-4.599999904632568,1.64119553565979,0.9988623857498169,1.0,1.0
23.999984741210938,179.32684326171875,8.659692764282227,0.0,0.0,0.0,0.0,-0.01,-0.0,-0.01,4.1289285387311665,3.057499967302595,0.02944999933242798,0.48685401678085327,0.0,0.0,0.0,0.0,0.0,0.0,0.09016086120013538,0.0,0.09016086120013538,0.0,740.0,-4.599999904632568,1.203366994857788,0.06557095050811768,0.015759438276290894,0.002727210521697998
23.999984741210938,90.99591827392578,8.070659637451172,0.0,0.0,0.0,0.0,-0.01,-0.0,-0.01,4.041214207240513,2.969785635811942,0.0,0.44597598910331726,0.0,0.0,0.0,0.0,0.0,0.0,0.019679909741248402,0.0,0.019679909741248402,0.0,741.0,-4.599999904632568,1.0785421133041382,1.0,7.835030555725098e-5,0.0
23.999984741210938,81.42594909667969,7.595273017883301,0.0,0.0,0.0,0.0,-0.01,-0.0,-0.01,3.976642826625279,2.9052142551967077,0.0,0.4291419982910156,0.0,0.0,0.0,0.0,0.0,0.0,0.0,0.0,0.0,0.0,742.0,-4.599999904632568,0.0,1.0,2.9832124710083008e-5,0.0
23.988054275512695,80.75472259521484,7.157158374786377,0.0,0.0,0.0,0.0,-0.01,-0.0,-0.01,3.931214278084891,2.8597855704171318,0.0,0.42292600870132446,0.0,0.0,0.0,0.0,0.0,0.0,0.0,0.0,0.0,0.0,743.0,-4.599999904632568,0.0,1.0,0.0014557242393493652,5.960464477539063e-8
23.976123809814453,80.08349609375,6.725399494171143,0.0,0.0,0.0,0.0,-0.01,-0.0,-0.01,3.893999998910086,2.822571563720703,0.0,0.3358609974384308,0.0,0.0,0.0,0.0,0.0,0.0,0.06127519353941735,0.0,0.06127519353941735,0.0,744.0,-4.599999904632568,0.9019245505332947,1.0,0.008665204048156738,6.586313247680664e-6
23.999984741210938,68.82144927978516,6.319969177246094,0.0,0.0,0.0,0.0,-0.01,-0.0,-0.01,3.8659285954066682,2.794500023978097,0.0,0.24664999544620514,0.0,0.0,0.0,0.0,0.0,0.0,0.0,0.0,0.0,0.0,745.0,-4.599999904632568,0.0,1.0,0.2582077085971832,0.0001086890697479248
23.987064361572266,68.15022277832031,6.068103790283203,0.0,0.0,0.0,0.0,-0.01,-0.0,-0.01,3.828571401323591,2.7571429661342077,0.0,0.2131669968366623,0.0,0.0,0.0,0.0,0.0,0.0,0.0,0.0,0.0,0.0,746.0,-4.599999904632568,0.0,1.0,0.1215200424194336,0.00012886524200439453
23.974143981933594,67.47899627685547,5.8504109382629395,0.0,0.0,0.0,0.0,-0.01,-0.0,-0.01,3.8039285932268414,2.7325000217982702,0.0,0.19505299627780914,0.0,0.0,0.0,0.0,0.0,0.0,0.3865249503476916,0.0,0.3865249503476916,0.0,747.0,-4.599999904632568,0.7491121888160706,1.0,0.23824095726013184,0.00018402934074401855
23.999984741210938,59.283912658691406,5.256806373596191,0.0,0.0,0.0,0.0,-0.01,-0.0,-0.01,3.7938571112496513,2.722428676060268,0.0,0.18143300712108612,0.0,0.0,0.0,0.0,0.0,0.0,0.0,0.0,0.0,0.0,748.0,-4.599999904632568,0.0,1.0,0.6822801232337952,0.0006518065929412842
23.805278778076172,58.6126823425293,5.071518421173096,0.0,0.0,0.0,0.0,-0.01,-0.0,-0.01,3.7708570752825055,2.6994285038539343,0.0,0.17640900611877441,0.0,0.0,0.0,0.0,0.0,0.0,0.29379019141197205,0.0,0.29379019141197205,0.0,749.0,-4.599999904632568,0.29379019141197205,1.0,0.9553529024124146,0.01058313250541687
23.776748657226562,57.94145202636719,4.591585636138916,0.0,0.0,0.0,0.0,-0.01,-0.0,-0.01,3.744214275905064,2.672785840715681,0.0,0.1840440034866333,0.0,0.0,0.0,0.0,0.0,0.0,0.5553953051567078,0.0,0.0,0.5553953051567078,750.0,-4.591447830200195,-0.5553953051567078,0.9999825954437256,0.9942923784255981,0.41088104248046875
23.400257110595703,85.73904418945312,3.8369407653808594,0.0,0.0,0.0,0.0,-0.01,-0.0,-0.01,3.7378570829119,2.6664286477225168,0.20614999532699585,0.0033740103244781494,0.0,0.0,0.0,0.0,0.0,0.0,0.9124369621276855,0.0,0.9124369621276855,0.0,751.0,-3.8368258476257324,0.9124369621276855,2.384185791015625e-7,0.9923298358917236,0.0523553192615509
23.353565216064453,75.03400421142578,2.902352809906006,0.0,0.0,0.0,0.0,-0.01,-0.0,-0.01,3.7828571592058453,2.7114284515380858,0.30623799562454224,0.0,0.0,0.0,0.0,1.3315620422363281,0.0,0.0,0.06861865520477295,0.0,1.400180697441101,0.0,752.0,-2.902265787124634,1.400180697441101,0.006218850612640381,0.9906752109527588,0.46221664547920227
23.95336151123047,74.36277770996094,2.8322489261627197,0.0,0.0,0.0,0.0,0.24347445028817138,-0.0,-0.01,3.8462142399379182,2.774785668509347,0.34728100895881653,0.0,0.0,0.0,2.816382557153702,0.24778661131858826,0.0,0.0,0.0,0.0,0.24778661131858826,0.0,753.0,-2.8321640491485596,0.24778661131858826,0.2002963125705719,0.9803252816200256,0.3568384647369385
23.901611328125,73.6915512084961,2.8321640491485596,0.0,0.0,0.0,0.0,-0.01,-0.0,-0.01,3.905571474347796,2.834142902919224,0.5981490015983582,0.0,0.0,2.572895853527143,0.0,1.8978972434997559,0.0,0.0,0.0,0.0,0.0,1.8978972434997559,754.0,4.599999904632568,-1.8978972434997559,0.9905670285224915,0.9510151743888855,0.9129205942153931
23.706905364990234,166.06536865234375,5.404897689819336,0.0,0.0,0.0,0.0,0.36345947355113983,-0.0,-0.01,3.94235714503697,2.8709285736083983,0.35659199953079224,0.0,0.0,0.0,4.149549376347214,0.5174585467790064,0.0,0.0,0.0,0.0,0.5174585467790064,0.0,755.0,-4.599999904632568,2.4878036975860596,0.0,0.9999998807907104,0.00010249018669128418
23.999984741210938,156.98959350585938,5.404735565185547,0.0,0.0,0.0,0.0,0.5017931463672081,-0.0,-0.01,4.002642849513462,2.931214141845703,0.3721640110015869,0.0,0.0,0.0,5.686590063261617,0.3242961290601599,0.0,0.0,0.0,0.0,0.3242961290601599,0.0,756.0,-4.599999904632568,2.2494442462921143,0.0,0.8714233636856079,4.172325134277344e-7
23.999984741210938,146.45021057128906,5.404573440551758,0.0,0.0,0.0,0.0,0.5442404140673384,-0.0,-0.01,4.061857169015067,2.9904285975864955,0.38031598925590515,0.0,0.0,0.0,6.158226333558559,0.021207965910434723,0.0,0.0,0.0,0.0,0.021207965910434723,0.0,757.0,-4.599999904632568,0.021207965910434723,0.0,1.0,0.00042259693145751953
23.999984741210938,145.7789764404297,5.404411315917969,0.0,0.0,0.0,0.0,0.499514792290484,-0.0,-0.01,4.1104286193847654,3.0390000479561943,0.42816799879074097,0.0,0.0,0.0,5.661275019976542,0.020957359936788426,0.0,0.0,0.0,0.0,0.020957359936788426,0.0,758.0,-4.599999904632568,1.9898102283477783,0.0,1.0,0.0016647875308990479
23.999984741210938,136.2344207763672,5.40424919128418,0.0,0.0,0.0,0.0,0.4524336285339674,-0.0,-0.01,4.15028566632952,3.0788570949009486,0.3545230031013489,0.0,0.0,0.0,5.13815101981163,0.31277576088905334,0.0,0.0,0.0,0.0,0.31277576088905334,0.0,759.0,-4.599999904632568,0.31277576088905334,0.0,0.9999984502792358,0.00700727105140686
23.999977111816406,135.5631866455078,5.404087066650391,0.0,0.0,0.0,0.0,0.35522679880184893,-0.0,-0.01,4.175714302062988,3.104285866873605,0.36533498764038086,0.0,0.0,0.0,4.058075219735917,0.3037893470670613,0.0,0.0,0.0,0.0,0.3037893470670613,0.0,760.0,-4.599999904632568,0.303789347410202,0.0,1.0,0.8005761504173279
23.999984741210938,134.89195251464844,5.403924942016602,0.0,0.0,0.0,0.0,0.22143572143202683,-0.0,-0.01,4.190357153756278,3.1189285823277064,0.3550240099430084,0.0,0.0,0.0,2.5715078115463257,0.7651680707931519,0.0,0.0,0.0,0.0,0.0,0.7651680707931519,761.0,-4.599999904632568,-0.7651680707931519,0.0,1.0,0.9999438524246216
23.837421417236328,179.9890899658203,5.4037628173828125,0.0,0.0,0.0,0.0,0.15228503460540932,-0.0,-0.01,4.186142866952078,3.1147141592843193,0.4322409927845001,0.0,0.0,0.0,1.8031669078683812,0.30869217530727794,0.0,0.0,0.0,0.0,0.0,0.30869217530727794,762.0,-4.599999904632568,-0.30869218707084656,8.463859558105469e-6,1.0,1.0
23.5538387298584,179.99807739257812,5.403600692749023,0.0,0.0,0.0,0.0,-0.01,-0.0,-0.01,4.146714292253767,3.075285720825195,0.5608029961585999,0.0,0.0,0.0,0.0,0.429097056388855,0.0,0.0,0.7433319091796875,0.0,1.1724289655685425,0.0,763.0,-4.599999904632568,1.1724289655685425,0.14084288477897644,1.0,1.0
23.999984741210938,179.32684326171875,4.644959449768066,0.0,0.0,0.0,0.0,-0.01,-0.0,-0.01,4.0276428767613,2.9562143053327286,0.028499998152256012,0.48780402541160583,0.0,0.0,0.0,0.0,0.0,0.0,0.22996962070465088,0.0,0.0,0.22996962070465088,764.0,-4.599999904632568,-0.22996962070465088,0.9977130889892578,1.0,1.0
23.988746643066406,179.99807739257812,3.9124200344085693,0.0,0.0,0.0,0.0,-0.01,-0.0,-0.01,3.9403571537562776,2.8689285823277064,0.0,0.44597598910331726,0.0,0.0,0.0,0.0,0.0,0.0,0.34447163343429565,0.0,0.34447163343429565,0.0,765.0,-3.9123027324676514,0.34447163343429565,0.0026407241821289062,1.0,1.0
23.999984741210938,179.32684326171875,3.105747699737549,0.0,0.0,0.0,0.0,-0.01,-0.0,-0.01,3.8857143402099608,2.8142857687813896,0.0,0.4291419982910156,0.0,0.0,0.0,0.0,0.0,0.0,0.3314475712503045,0.0,0.3314475712503045,0.0,766.0,-3.10565447807312,2.595888376235962,1.6987323760986328e-6,0.0005429387092590332,0.06344345211982727
23.999984741210938,170.2552490234375,2.32956600189209,0.0,0.0,0.0,0.0,-0.01,-0.0,-0.01,3.843285642351423,2.7718570709228514,0.0,0.42292600870132446,0.0,0.0,0.0,0.0,0.0,0.0,0.0,0.0,0.0,0.0,767.0,-2.329496145248413,0.0,4.652142524719238e-5,4.929304122924805e-5,0.0015795528888702393
23.806276321411133,169.58401489257812,1.8979519605636597,0.0,0.0,0.0,0.0,-0.01,-0.0,-0.01,3.8087856565202984,2.737357221330915,0.0,0.3358609974384308,0.0,0.0,0.0,0.0,0.0,0.0,0.0,0.0,0.0,0.0,768.0,-1.897895097732544,0.0,0.00011661648750305176,2.956390380859375e-5,2.9802322387695312e-8
23.79534149169922,168.91278076171875,1.555190086364746,0.0,0.0,0.0,0.0,-0.01,-0.0,-0.01,3.775928579057966,2.7044998713902064,0.0,0.24664999544620514,0.0,0.0,0.0,0.0,0.0,0.0,0.0,0.0,0.0,0.0,769.0,-1.5551434755325317,0.0,0.00012990832328796387,2.485513687133789e-5,0.0
23.782421112060547,168.24154663085938,1.3034673929214478,0.0,0.0,0.0,0.0,-0.01,-0.0,-0.01,3.743857192993164,2.6724286215645927,0.0,0.2131669968366623,0.0,0.0,0.0,0.0,0.0,0.0,0.0,0.0,0.0,0.0,770.0,-1.303428292274475,0.0,0.0001506209373474121,2.092123031616211e-5,0.0
23.769500732421875,167.5703125,1.0859174728393555,0.0,0.0,0.0,0.0,-0.01,-0.0,-0.01,3.714571489606585,2.6431429181780133,0.0,0.19505299627780914,0.0,0.0,0.0,0.0,0.0,0.0,0.0,0.0,0.0,0.0,771.0,-1.085884928703308,0.0,0.00015798211097717285,1.3232231140136719e-5,0.0
23.57479476928711,166.89907836914062,0.8868572115898132,0.0,0.0,0.0,0.0,-0.01,-0.0,-0.01,3.688499941144671,2.617071369716099,0.0,0.18143300712108612,0.0,0.0,0.0,0.0,0.0,0.0,0.0,0.0,0.0,0.0,772.0,-0.8868306279182434,0.0,3.6597251892089844e-5,3.6209821701049805e-5,0.0
23.380088806152344,166.22784423828125,0.7017004489898682,0.0,0.0,0.0,0.0,-0.01,-0.0,-0.01,3.6655714307512555,2.5941428593226843,0.0,0.17640900611877441,0.0,0.0,0.0,0.0,0.0,0.0,0.0,0.0,0.0,0.0,773.0,-0.7016794085502625,0.0,1.6987323760986328e-6,9.959936141967773e-5,0.0
23.003597259521484,165.55661010742188,0.5216756463050842,0.0,0.0,0.0,0.0,-0.01,-0.0,-0.01,3.6468572071620398,2.57542849949428,0.0,0.1840440034866333,0.0,0.0,0.0,0.0,0.0,0.0,0.0,0.0,0.0,0.0,774.0,-0.5216600298881531,0.0,2.9802322387695312e-8,0.0025545358657836914,0.002301037311553955
22.445322036743164,164.8853759765625,0.3338656425476074,0.0,0.0,0.0,0.0,-0.19689328715475693,-0.0,-0.01,3.6794999803815567,2.6080714089529855,0.19474999606609344,0.3271784935494537,0.07606951851643373,0.0,0.0,0.0,0.5469080805778503,0.0,0.0,0.0,0.0,0.5469080805778503,775.0,-0.33385562896728516,-0.5469080805778503,8.940696716308594e-8,0.024040192365646362,0.9998431205749512
22.068830490112305,179.9729766845703,1.0043081601907033e-5,0.0,0.0,0.0,0.0,0.031172684991972344,-0.0,0.0,3.8258571079799104,2.7544285365513392,0.9206219911575317,0.0,0.0,0.0,0.3463631390510008,0.5560648919167116,0.0,0.0,0.0,0.0,0.0,0.5560648919167116,776.0,4.528889257926494e-5,-3.7351016998291016,2.5331974029541016e-6,0.000701218843460083,0.9340091943740845
21.14698600769043,179.99807739257812,1.0042780559160747e-5,0.0,0.0,0.0,0.0,0.0750302326703253,-0.0,0.0,3.9705000741141183,2.8990715026855467,0.34728100895881653,0.0,0.0,0.0,0.8336691856384277,3.0,0.0,0.0,0.0,0.0,3.0,0.0,777.0,0.0,3.0,0.0,0.7793688774108887,0.9987144470214844
22.55686378479004,179.32684326171875,1.004247951641446e-5,0.0,0.0,0.0,0.0,0.2851605435540818,-0.0,0.0,4.078214318411691,3.006785746983119,0.35456401109695435,0.0,0.0,0.0,3.1684502321284365,2.7232352537114073,0.0,0.0,0.0,0.0,2.7232352537114073,0.0,778.0,0.0,2.7232353687286377,0.0,0.9999999403953552,2.905726432800293e-5
23.999984741210938,178.65560913085938,1.0042178473668173e-5,0.0,0.0,0.0,0.0,0.6357167284263524,-0.0,0.0,4.147857066563198,3.076428495134626,0.35659199953079224,0.0,0.0,0.0,7.063518643379211,0.3831886053085327,0.0,0.0,0.0,0.0,0.3831886053085327,0.0,779.0,0.0,0.3831886053085327,0.0,0.9999998807907104,3.898143768310547e-5
23.999984741210938,177.984375,1.0041877430921886e-5,0.0,0.0,0.0,0.0,0.72673485201899,-0.0,0.0,4.209428596496582,3.1379998888288223,0.40207400918006897,0.0,0.0,0.0,8.074831047369962,0.30584522216128857,0.0,0.0,0.0,0.0,0.30584522216128857,0.0,780.0,0.0,2.482248306274414,0.0,0.9999999403953552,3.594160079956055e-5
23.999984741210938,169.3868865966797,1.00415763881756e-5,0.0,0.0,0.0,0.0,0.7237448937013381,-0.0,0.0,4.263000025068011,3.191571589878627,0.9499139785766602,0.0,0.0,0.0,8.041609290925168,0.20447682968030043,0.0,0.0,0.0,0.0,0.20447682968030043,0.0,781.0,0.0,1.9716073274612427,0.0,0.999488115310669,0.02415493130683899
23.999984741210938,144.5408935546875,1.0041275345429312e-5,0.0,0.0,0.0,0.0,0.7662942881948273,-0.0,0.0,4.308285794939314,3.236857223510742,0.5302309989929199,0.0,0.0,0.0,8.51438030328036,0.01553836737393705,0.0,0.0,0.0,0.0,0.01553836737393705,0.0,782.0,0.0,1.7052668333053589,0.0,1.0,0.009580463171005249
23.999984741210938,127.38782501220703,1.0040974302683026e-5,0.0,0.0,0.0,0.0,0.5777608496157977,-0.0,0.0,4.339571489606585,3.2681429181780133,0.3545230031013489,0.0,0.0,0.0,6.419564485549927,1.6334130764007568,0.0,0.0,0.0,0.0,0.0,1.6334130764007568,783.0,0.0,-1.6334130764007568,0.0,0.3975387215614319,0.9997047781944275
23.99114418029785,179.95083618164062,1.0040673259936739e-5,0.0,0.0,0.0,0.0,0.614085369484451,-0.0,0.0,4.35321420942034,3.281785637991769,0.36533498764038086,0.0,0.0,0.0,6.823170229792595,0.028644993901252747,0.0,0.0,0.0,0.0,0.028644993901252747,0.0,784.0,0.0,0.028644993901252747,0.0,1.0,0.000464707612991333
23.999984741210938,179.27960205078125,1.0040372217190452e-5,0.0,0.0,0.0,0.0,0.4611591643750467,-0.0,0.0,4.348214231218611,3.276785659790039,0.3550240099430084,0.0,0.0,0.0,5.123990308060126,0.01198600648455148,0.0,0.0,0.0,0.0,0.01198600648455148,0.0,785.0,0.0,2.4039957523345947,0.0,1.0,7.972121238708496e-5
23.999984741210938,171.08316040039062,1.0040071174444165e-5,0.0,0.0,0.0,0.0,0.25751550141224155,-0.0,0.0,4.327928488595145,3.2564999171665736,0.4322409927845001,0.0,0.0,0.0,2.8612831216305494,0.014375867322087288,0.0,0.0,0.0,0.0,0.014375867322087288,0.0,786.0,0.0,0.014375867322087288,0.0,1.0,1.3679265975952148e-5
23.999984741210938,170.41192626953125,1.0039770131697878e-5,0.0,0.0,0.0,0.0,0.044949023998947644,-0.0,0.0,4.268714305332729,3.1972857339041574,0.5608029961585999,0.0,0.0,0.0,0.4994335602968931,0.013263480737805367,0.0,0.0,0.0,0.0,0.013263480737805367,0.0,787.0,0.0,0.013263480737805367,0.0,0.9999996423721313,0.0009799301624298096
23.999982833862305,169.74069213867188,1.0039469088951591e-5,0.0,0.0,0.0,0.0,-0.19188604521298558,-0.0,0.0,4.121071352277483,3.0496427808489117,0.05415000021457672,0.0,0.4621540307998657,0.0,0.0,0.0,0.17746609449386597,0.0,0.0,0.0,0.0,0.17746609449386597,788.0,0.0,-0.17746609449386597,1.4901161193847656e-7,0.0023978054523468018,0.996566653251648
23.992355346679688,179.44874572753906,1.0039168046205305e-5,0.0,0.0,0.0,0.0,-0.1416641600645438,-0.0,0.0,4.099357141767229,3.0279287065778457,0.0,0.0,0.44597598910331726,0.0,0.0,0.0,0.02623785901440296,0.0,0.0,0.0,0.02623785901440296,0.0,789.0,0.0,1.7767764329910278,5.662441253662109e-7,0.00011071562767028809,0.2870086431503296
23.999984741210938,169.09616088867188,1.0038867003459018e-5,0.0,0.0,0.0,0.0,-0.12874260460307596,-0.0,0.0,4.102714211600167,3.0312856401715957,0.0,0.0,0.4291419982910156,0.0,0.0,0.0,0.0,0.0,0.0,0.0,0.0,0.0,790.0,0.0,0.0,1.8358230590820312e-5,4.145503044128418e-5,0.0013692975044250488
23.99010467529297,168.4249267578125,1.0038565960712731e-5,0.0,0.0,0.0,0.0,-0.13707974216772942,-0.0,0.0,4.074928501674107,3.003499930245536,0.0,0.0,0.42292600870132446,0.0,0.0,0.0,0.03400644703424251,0.0,0.0,0.0,0.03400644703424251,0.0,791.0,0.0,2.4019439220428467,4.3272972106933594e-5,9.417533874511719e-6,0.0002688467502593994
23.999984741210938,158.39572143554688,1.0038264917966444e-5,0.0,0.0,0.0,0.0,-0.10075830323530433,-0.0,0.0,4.0260714939662385,2.9546429225376674,0.0,0.0,0.3358609974384308,0.0,0.0,0.0,0.0,0.0,0.0,0.0,0.0,0.0,792.0,0.0,0.0,0.00038865208625793457,5.27501106262207e-6,0.002204418182373047
23.62601661682129,157.7244873046875,1.0037963875220157e-5,0.0,0.0,0.0,0.0,-0.29902602518267635,-0.0,0.0,3.999428558349609,2.927999986921038,0.0,0.0,0.3551830053329468,0.0,0.0,0.0,0.6415703723352203,0.0,0.0,0.0,0.6415703723352203,0.0,793.0,0.0,2.296881675720215,0.00041100382804870605,1.3470649719238281e-5,0.0
23.999984741210938,148.97525024414062,1.003766283247387e-5,0.0,0.0,0.0,0.0,-0.06395010159214731,-0.0,0.0,3.976642826625279,2.9052142551967077,0.0,0.0,0.2131669968366623,0.0,0.0,0.0,0.0,0.0,0.0,0.0,0.0,0.0,794.0,0.0,0.0,0.00022897124290466309,5.9604644775390625e-6,8.940696716308594e-8
23.8062801361084,148.30401611328125,1.0037361789727584e-5,0.0,0.0,0.0,0.0,-0.058515901208555654,-0.0,0.0,3.95471431187221,2.8832857404436383,0.0,0.0,0.19505299627780914,0.0,0.0,0.0,0.0,0.0,0.0,0.0,0.0,0.0,795.0,0.0,0.0,8.869171142578125e-5,1.2129545211791992e-5,0.0
23.61256980895996,147.63278198242188,1.0037060746981297e-5,0.0,0.0,0.0,0.0,-0.054429904299175824,-0.0,0.0,3.930571365356445,2.859142793927874,0.0,0.0,0.18143300712108612,0.0,0.0,0.0,0.0,0.0,0.0,0.0,0.0,0.0,796.0,0.0,0.0,0.007038205862045288,0.00033989548683166504,0.0
23.602632522583008,146.9615478515625,1.003675970423501e-5,0.0,0.0,0.0,0.0,-0.05292270393859155,-0.0,0.0,3.911000061035156,2.839571489606585,0.0,0.0,0.17640900611877441,0.0,0.0,0.0,0.0,0.0,0.0,0.0,0.0,0.0,797.0,0.0,0.0,0.006033599376678467,0.0034151971340179443,0.0
23.591697692871094,146.29031372070312,1.0036458661488723e-5,0.0,0.0,0.0,0.0,-0.05521320323996548,-0.0,0.0,3.9107142312186105,2.839285659790039,0.0,0.0,0.1840440034866333,0.0,0.0,0.0,0.0,0.0,0.0,0.0,0.0,0.0,798.0,0.0,0.0,0.010311156511306763,0.01657038927078247,0.0
23.580760955810547,145.61907958984375,1.0036157618742436e-5,0.0,0.0,0.0,0.0,-0.01,-0.0,-0.01,3.9137142181396483,2.842285646711077,0.209524005651474,0.0,0.0,0.023692481978912383,0.0,0.0,0.0,0.0,0.0,0.0,0.0,0.0,799.0,0.036476001143455505,0.0,0.01191970705986023,0.05959761142730713,0.0
23.569828033447266,144.94784545898438,0.023701807484030724,0.0,0.0,0.0,0.0,0.03222735087890372,-0.0,-0.01,3.9890713827950615,2.91764281136649,0.30623799562454224,0.0,0.0,0.0,0.4691927502552844,1.0409691264231824,0.0,0.0,0.0,0.0,1.0409691264231824,0.0,800.0,-0.023701095953583717,1.5001845359802246,5.364418029785156e-7,0.3703605830669403,0.0004528164863586426
23.999984741210938,104.01264953613281,0.023701095953583717,0.0,0.0,0.0,0.0,0.23546162430481235,-0.0,-0.01,4.090785653250558,3.0193570818219864,0.34728100895881653,0.0,0.0,0.06542623043060303,2.727351164414181,0.9151063561439514,0.0,0.0,0.0,0.0,0.0,0.9151063561439514,801.0,0.06542623043060303,-0.9151063561439514,0.008909732103347778,0.9598953723907471,0.7556005120277405
23.92696762084961,140.8941650390625,0.0891246572136879,0.0,0.0,0.0,0.0,0.47400722475903795,-0.0,-0.01,4.299500002179827,3.2280714307512555,0.35456401109695435,0.0,0.0,0.0,5.3778576254844666,0.26207786798477173,0.0,0.0,0.0,0.0,0.26207786798477173,0.0,802.0,-0.0891219824552536,0.26207786798477173,0.0,0.9808111786842346,0.39837273955345154
23.965087890625,99.96241760253906,0.0891219824552536,0.0,0.0,0.0,0.0,0.4445790633251316,-0.0,-0.01,4.435499954223633,3.3640713827950615,0.35659199953079224,0.0,0.0,0.20452287793159485,5.050878079982618,1.6836328506469727,0.0,0.0,0.0,0.0,0.0,1.6836328506469727,803.0,0.20452287793159485,-1.6836328506469727,0.029361486434936523,0.949374794960022,0.9821592569351196
23.894634246826172,177.14353942871094,0.2936360538005829,0.0,0.0,0.0,0.0,0.5856530370568126,-0.0,-0.01,4.512428501674107,3.440999930245536,0.3451870083808899,0.0,0.0,0.0,6.618366552428502,0.30299632446358743,0.0,0.0,0.0,0.0,0.30299632446358743,0.0,804.0,-0.2936272621154785,0.30299633741378784,0.0,1.0,1.4901161193847656e-7
23.999984741210938,176.47230529785156,0.2936272621154785,0.0,0.0,0.0,0.0,0.5236412028478271,-0.0,-0.01,4.567928532191685,3.496499960763114,0.3568120002746582,0.0,0.0,0.0,5.9293462270870805,0.011391974054276943,0.0,0.0,0.0,0.0,0.011391974054276943,0.0,805.0,-0.29361847043037415,0.011391974054276943,0.0,1.0,0.0
23.999984741210938,175.8010711669922,0.29361847043037415,0.0,0.0,0.0,0.0,0.493420502616602,-0.0,-0.01,4.571214348929269,3.4997857775006973,0.4588890075683594,0.0,0.0,0.0,5.593560695648193,0.0,0.0,0.0,0.0,0.0,0.0,0.0,806.0,-0.2936096787452698,0.009848526678979397,0.0,1.0,0.0
23.99323272705078,175.1298370361328,0.2936096787452698,0.0,0.0,0.0,0.0,0.3801584780715072,-0.0,-0.01,4.4819286346435545,3.4105000632149833,0.4223720133304596,0.0,0.0,0.0,4.335093856272212,0.020084023061284574,0.0,0.0,0.0,0.0,0.020084023061284574,0.0,807.0,-0.2936008870601654,2.2224106788635254,0.0,1.0,0.0
23.999984741210938,165.35829162597656,0.2936008870601654,0.0,0.0,0.0,0.0,0.30101614632407725,-0.0,-0.01,4.400999968392508,3.329571533203125,0.40814000368118286,0.0,0.0,0.0,3.4557346845192907,0.010225341268062923,0.0,0.0,0.0,0.0,0.010225341268062923,0.0,808.0,-0.29359209537506104,1.956521987915039,0.0,1.0,2.9802322387695312e-8
23.999984741210938,144.93081665039062,0.29359209537506104,0.0,0.0,0.0,0.0,0.22016677595758535,-0.0,-0.01,4.333857073102679,3.262428501674107,0.3933579921722412,0.0,0.0,0.0,2.557408418506384,0.010383758693933487,0.0,0.0,0.0,0.0,0.010383758693933487,0.0,809.0,-0.29358330368995667,0.010383758693933487,0.0,1.0,2.682209014892578e-7
23.999984741210938,144.25958251953125,0.29358330368995667,0.0,0.0,0.0,0.0,0.08485352392696487,-0.0,-0.01,4.240857206072127,3.1694286346435545,0.4322409927845001,0.0,0.0,0.0,1.0539279598742723,0.01293104700744152,0.0,0.0,0.0,0.0,0.01293104700744152,0.0,810.0,-0.2935745120048523,0.01293104700744152,0.0,1.0,5.960464477539062e-7
23.999984741210938,143.58834838867188,0.2935745120048523,0.0,0.0,0.0,0.0,-0.01,-0.0,-0.01,4.147071511404855,3.0756429399762832,0.35339999198913574,0.2074030041694641,0.0,0.0,0.0,0.0,0.0,0.0,0.013904926831118054,0.0,0.013904926831118054,0.0,811.0,-0.2935657203197479,1.7123807668685913,0.05465671420097351,0.0026705563068389893,0.0009602904319763184
23.999984741210938,121.15592193603516,0.067748062312603,0.0,0.0,0.0,0.0,-0.17876327859783633,-0.0,-0.01,4.076857103620257,3.005428532191685,0.0009500000160187483,0.06639110172860185,0.4489629355562492,0.0,0.0,0.0,0.11358130408303875,0.0,0.0,0.0,0.11358130408303875,0.0,812.0,-0.06774602830410004,0.4465819001197815,0.22630035877227783,1.2814998626708984e-5,0.42102324962615967
23.999984741210938,113.1019287109375,2.0413979200384347e-6,0.0,0.0,0.0,0.0,-0.13379280204744326,-0.0,0.0,4.03264285496303,2.9612142835344586,0.0,0.0,0.44597598910331726,0.0,0.0,0.0,0.0,0.0,0.0,0.0,0.0,0.0,813.0,0.0,0.0,0.0032855868339538574,4.1425228118896484e-6,0.006143748760223389
23.98958969116211,111.95545196533203,2.0413367565197404e-6,0.0,0.0,0.0,0.0,-0.1393908605577609,-0.0,0.0,4.001642853873117,2.930214146205357,0.0,0.0,0.4291419982910156,0.0,0.0,0.0,0.03549418510520425,0.0,0.0,0.0,0.03549418510520425,0.0,814.0,0.0,1.463302493095398,0.13541489839553833,9.238719940185547e-7,0.00010469555854797363
23.999984741210938,102.24604034423828,2.0412755930010462e-6,0.0,0.0,0.0,0.0,-0.12687780765206824,-0.0,0.0,3.9715000697544642,2.900071498325893,0.0,0.0,0.42292600870132446,0.0,0.0,0.0,0.0,0.0,0.0,0.0,0.0,0.0,815.0,0.0,0.0,0.05708968639373779,2.8908252716064453e-6,0.0023776590824127197
23.805278778076172,101.57481384277344,2.041214429482352e-6,0.0,0.0,0.0,0.0,-0.10075830323530433,-0.0,0.0,3.9565713882446287,2.8851429530552455,0.0,0.0,0.3358609974384308,0.0,0.0,0.0,0.0,0.0,0.0,0.0,0.0,0.0,816.0,0.0,0.0,0.9635858535766602,9.47713851928711e-6,1.1920928955078125e-7
23.795339584350586,100.9035873413086,2.0411532659636578e-6,0.0,0.0,0.0,0.0,-0.07399500157415861,-0.0,0.0,3.9572143009730745,2.8857857295445033,0.0,0.0,0.24664999544620514,0.0,0.0,0.0,0.0,0.0,0.0,0.0,0.0,0.0,817.0,0.0,0.0,0.9899022579193115,3.108382225036621e-5,0.0
23.782419204711914,100.23236083984375,2.0410921024449635e-6,0.0,0.0,0.0,0.0,-0.19603072033909827,-0.0,0.0,3.9670714787074495,2.8956429072788783,0.0,0.0,0.26610198616981506,0.0,0.0,0.0,0.3873337223286436,0.0,0.0,0.0,0.3873337223286436,0.0,818.0,0.0,1.2972164154052734,0.9997013807296753,2.7418136596679688e-5,2.9802322387695312e-8
23.999984741210938,92.03591918945312,2.0410309389262693e-6,0.0,0.0,0.0,0.0,-0.058515901208555654,-0.0,0.0,3.9857143129621235,2.914285605294364,0.0,0.0,0.19505299627780914,0.0,0.0,0.0,0.0,0.0,0.0,0.0,0.0,0.0,819.0,0.0,0.0,0.9896793365478516,8.472800254821777e-5,0.0
23.805278778076172,91.36469268798828,2.040969775407575e-6,0.0,0.0,0.0,0.0,-0.8248699411698146,-0.0,0.0,3.9997857775006977,2.928357206072126,0.0,0.0,0.18143300712108612,0.0,0.0,0.0,2.5681333541870117,0.0,0.0,0.0,0.0,2.5681333541870117,820.0,0.0,-2.5681333541870117,0.999987006187439,0.0034464895725250244,0.9090402126312256
23.703006744384766,165.44451904296875,2.040908611888881e-6,0.0,0.0,0.0,0.0,-0.20734579820725152,-0.0,0.0,4.013642937796456,2.9422143663678852,0.0,0.0,0.17640900611877441,0.0,0.0,0.0,0.5147436271081258,0.0,0.0,0.0,0.5147436271081258,0.0,821.0,0.0,2.4341399669647217,0.0007924437522888184,0.001563429832458496,0.0
23.999984741210938,157.34629821777344,2.0408474483701866e-6,0.0,0.0,0.0,0.0,-0.05521320323996548,-0.0,0.0,4.0292856488909035,2.9578570774623327,0.0,0.0,0.1840440034866333,0.0,0.0,0.0,0.0,0.0,0.0,0.0,0.0,0.0,822.0,0.0,0.0,9.208917617797852e-5,0.00717848539352417,0.0
23.805278778076172,156.67506408691406,2.0407862848514924e-6,0.0,0.0,0.0,0.0,-0.03692220447151673,-0.0,0.0,4.043785721915109,2.9723572867257255,0.08644999563694,0.0,0.123074010014534,0.0,0.0,0.0,0.0,0.0,0.0,0.0,0.0,0.0,823.0,0.0,0.0,1.1920928955078125e-7,0.021129876375198364,8.13603401184082e-6
23.428787231445312,156.0038299560547,2.040725121332798e-6,0.0,0.0,0.0,0.0,-0.05912998055637695,-0.0,0.0,4.079142924717495,3.007714353288923,0.30623799562454224,0.0,0.0,0.0,0.0,0.23051202297210693,0.19709992735587573,0.0,0.0,0.0,0.0,0.42761195032798266,824.0,0.0,-5.298510551452637,1.7881393432617188e-7,0.052989959716796875,0.9999234080314636
22.506942749023438,179.99807739257812,2.040663957814104e-6,0.0,0.0,0.0,0.0,0.0047554872239023,-0.0,0.0,4.098071452549526,3.0266428811209543,0.34728100895881653,0.0,0.0,0.0,0.05283874273300171,0.46723026037216187,0.0,0.0,0.0,0.0,0.0,0.46723026037216187,825.0,0.0,-0.46723026037216187,8.940696716308594e-8,0.02133399248123169,0.99892258644104
22.131425857543945,179.82568359375,2.0406027942954097e-6,0.0,0.0,0.0,0.0,0.03417545605106783,-0.0,0.0,4.1105713980538505,3.039142826625279,0.35456401109695435,0.0,0.0,0.0,0.3797272592782974,0.14160870015621185,0.0,0.0,0.0,0.0,0.0,0.14160870015621185,826.0,0.0,-0.14160870015621185,0.0,0.18414857983589172,0.9992861747741699
21.69647979736328,179.8838653564453,2.0405416307767155e-6,0.0,0.0,0.0,0.0,-0.6330576254152298,-0.0,0.0,4.116428593226841,3.0450000217982702,0.35659199953079224,0.0,0.0,0.0,0.0,0.8898079991340637,2.1101920008659363,0.0,0.0,0.0,3.0,0.0,827.0,0.0,3.0,0.0,0.9999992847442627,0.0018240809440612793
23.354833602905273,179.21263122558594,2.0404804672580212e-6,0.0,0.0,0.0,0.0,0.015611745167711912,-0.0,0.0,4.121571350097656,3.050142778669085,0.3451870083808899,0.0,0.0,0.0,0.1734638214111328,1.0611991882324219,0.0,0.0,0.0,0.0,1.0611991882324219,0.0,828.0,0.0,1.0611991882324219,0.0,1.0,2.682209014892578e-7
23.999984741210938,178.54139709472656,2.040419303739327e-6,0.0,0.0,0.0,0.0,0.09190714910881866,-0.0,0.0,4.116357203892299,3.0449286324637277,0.3568120002746582,0.0,0.0,0.0,1.0211904644966125,0.16574746370315552,0.0,0.0,0.0,0.0,0.16574746370315552,0.0,829.0,0.0,0.16574746370315552,0.0,1.0,5.960464477539063e-8
23.999984741210938,177.8701629638672,2.0403581402206328e-6,0.0,0.0,0.0,0.0,0.07019395390959095,-0.0,0.0,4.115071378435408,3.0436428070068358,0.4440380036830902,0.0,0.0,0.0,0.7799327592341891,0.45942912297558863,0.0,0.0,0.0,0.0,0.45942912297558863,0.0,830.0,0.0,2.5597357749938965,0.0,1.0,0.0
23.999984741210938,169.41232299804688,2.0402969767019385e-6,0.0,0.0,0.0,0.0,0.1322408719397361,-0.0,0.0,4.13178574698312,3.060357175554548,0.4155080020427704,0.0,0.0,0.0,1.4693429047797384,0.020849031713181615,0.0,0.0,0.0,0.0,0.020849031713181615,0.0,831.0,0.0,2.3823256492614746,0.0,1.0,0.0
23.999984741210938,159.82037353515625,2.0402358131832443e-6,0.0,0.0,0.0,0.0,0.1621368949633845,-0.0,0.0,4.161000061035156,3.089571489606585,0.36533498764038086,0.0,0.0,0.0,1.801520911976695,0.019094141200184822,0.0,0.0,0.0,0.0,0.019094141200184822,0.0,832.0,0.0,0.019094141200184822,0.0,1.0,0.0
23.999984741210938,159.14913940429688,2.04017464966455e-6,0.0,0.0,0.0,0.0,0.1375657277549021,-0.0,0.0,4.17457139151437,3.103142820085798,0.3550240099430084,0.0,0.0,0.0,1.5285079646906776,0.017418010155208653,0.0,0.0,0.0,0.0,0.017418010155208653,0.0,833.0,0.0,0.017418010160326958,0.0,1.0,5.960464477539063e-8
23.999984741210938,158.4779052734375,2.040113486145856e-6,0.0,0.0,0.0,0.0,0.07165491501293367,-0.0,0.0,4.167357117789132,3.095928682599749,0.4322409927845001,0.0,0.0,0.0,0.7961656590923667,0.014193342067301273,0.0,0.0,0.0,0.0,0.014193342067301273,0.0,834.0,0.0,0.014193342067301273,0.0,1.0,9.238719940185547e-7
23.999984741210938,157.80667114257812,2.0400523226271616e-6,0.0,0.0,0.0,0.0,-0.020679421628280924,-0.0,0.0,4.133142825535366,3.061714390345982,0.5110999941825867,0.0,0.049703001976013184,0.0,0.0,0.0,0.019228400712502047,0.0,0.0,0.0,0.019228400712502047,0.0,835.0,0.0,0.1398516297340393,1.9073486328125e-6,0.0024266839027404785,0.7447588443756104
23.999984741210938,147.37123107910156,2.0399911591084674e-6,0.0,0.0,0.0,0.0,-0.2927516189625418,-0.0,0.0,4.063499941144671,2.992071369716099,0.024700000882148743,0.0,0.8105140328407288,0.0,0.0,0.0,0.165324658258065,0.0,0.0,0.0,0.165324658258065,0.0,836.0,0.0,2.0292270183563232,0.11742216348648071,0.0001907050609588623,0.0034622251987457275
23.999984741210938,136.99298095703125,2.039929995589773e-6,0.0,0.0,0.0,0.0,-0.36181950516778194,-0.0,0.0,4.002999932425363,2.9315713609967915,0.0,0.0,0.44597598910331726,0.0,0.0,0.0,0.7600889801979065,0.0,0.0,0.0,0.0,0.7600889801979065,837.0,0.0,-0.7600889801979065,0.0003046989440917969,4.6759843826293945e-5,0.9941070079803467
23.715900421142578,179.05520629882812,2.039868832071079e-6,0.0,0.0,0.0,0.0,-0.3696860842959004,-0.0,0.0,3.957571383884975,2.8861429486955914,0.0,0.0,0.4291419982910156,0.0,0.0,0.0,0.8031449003953037,0.0,0.0,0.0,0.8031449003953037,0.0,838.0,0.0,1.8129180669784546,2.9087066650390625e-5,2.41696834564209e-5,0.3028556704521179
23.999984741210938,168.80079650878906,2.0398076685523847e-6,0.0,0.0,0.0,0.0,-0.12687780765206824,-0.0,0.0,3.9203571047101704,2.8489286695207867,0.0,0.0,0.42292600870132446,0.0,0.0,0.0,0.0,0.0,0.0,0.0,0.0,0.0,839.0,0.0,0.0,9.265542030334473e-5,1.0222196578979492e-5,0.0002613067626953125
23.899202346801758,168.1295623779297,2.0397465050336905e-6,0.0,0.0,0.0,0.0,-0.10075830323530433,-0.0,0.0,3.8922857012067524,2.820857129778181,0.0,0.0,0.3358609974384308,0.0,0.0,0.0,0.0,0.0,0.0,0.0,0.0,0.0,840.0,0.0,0.0,0.00011196732521057129,6.5267086029052734e-6,7.927417755126953e-6
23.70650291442871,167.4583282470703,2.0396853415149963e-6,0.0,0.0,0.0,0.0,-0.07399500157415861,-0.0,0.0,3.867071369716099,2.795642798287528,0.0,0.0,0.24664999544620514,0.0,0.0,0.0,0.0,0.0,0.0,0.0,0.0,0.0,841.0,0.0,0.0,6.479024887084961e-5,9.59634780883789e-6,1.7881393432617188e-7
23.512794494628906,166.78709411621094,2.039624177996302e-6,0.0,0.0,0.0,0.0,-0.06395010159214731,-0.0,0.0,3.8578571047101704,2.7864286695207867,0.0,0.0,0.2131669968366623,0.0,0.0,0.0,0.0,0.0,0.0,0.0,0.0,0.0,842.0,0.0,0.0,5.665421485900879e-5,2.1666288375854492e-5,0.0
23.502851486206055,166.11585998535156,2.039563014477608e-6,0.0,0.0,0.0,0.0,-0.058515901208555654,-0.0,0.0,3.8564286368233818,2.78500006539481,0.0,0.0,0.19505299627780914,0.0,0.0,0.0,0.0,0.0,0.0,0.0,0.0,0.0,843.0,0.0,0.0,9.5367431640625e-5,4.357099533081055e-5,0.0
23.489931106567383,165.4446258544922,2.0395018509589136e-6,0.0,0.0,0.0,0.0,-0.054429904299175824,-0.0,0.0,3.8374999727521626,2.766071537562779,0.0,0.0,0.18143300712108612,0.0,0.0,0.0,0.0,0.0,0.0,0.0,0.0,0.0,844.0,0.0,0.0,0.00016239285469055176,0.00017255544662475586,0.0
23.47701072692871,164.7733917236328,2.0394406874402193e-6,0.0,0.0,0.0,0.0,-0.05292270393859155,-0.0,0.0,3.816571453639439,2.7451427459716795,0.0,0.0,0.17640900611877441,0.0,0.0,0.0,0.0,0.0,0.0,0.0,0.0,0.0,845.0,0.0,0.0,1.8477439880371094e-6,0.0005150735378265381,0.0
23.282304763793945,164.10215759277344,2.039379523921525e-6,0.0,0.0,0.0,0.0,-0.05521320323996548,-0.0,0.0,3.7877142224993023,2.716285651070731,0.0,0.0,0.1840440034866333,0.0,0.0,0.0,0.0,0.0,0.0,0.0,0.0,0.0,846.0,0.0,0.0,8.940696716308594e-8,0.0020089447498321533,4.172325134277344e-7
22.905813217163086,163.43092346191406,2.039318360402831e-6,0.0,0.0,0.0,0.0,0.002517839423246326,-0.0,0.0,3.818071447099958,2.7466427394321986,0.209524005651474,0.0,0.0,0.0,0.027975991368293762,0.0,0.0,0.0,0.0,0.0,0.0,0.0,847.0,0.0,0.0,1.1920928955078125e-7,0.007382303476333618,1.1920928955078125e-7
22.71110725402832,162.7596893310547,2.0392571968841366e-6,0.0,0.0,0.0,0.0,0.14104459452983428,-0.0,0.0,3.9585713795253206,2.8871429443359373,0.30623799562454224,0.0,0.0,0.0,1.567162036895752,0.0,0.0,0.0,0.0,0.0,0.0,0.0,848.0,0.0,0.0,0.0,0.014022767543792725,0.8584855794906616
22.516401290893555,162.0884552001953,2.0391960333654424e-6,0.0,0.0,0.0,0.0,0.0838715882199274,-0.0,0.0,4.0723571232386995,3.0009285518101283,0.34728100895881653,0.0,0.0,0.0,0.9319064617156982,2.89701247215271,0.0,0.0,0.0,0.0,2.89701247215271,0.0,849.0,0.0,2.89701247215271,0.0,0.999990701675415,0.013956636190414429
23.99993896484375,161.41722106933594,2.039134869846748e-6,0.0,0.0,0.0,0.0,0.5025828244888486,-0.0,0.0,4.174642780848911,3.1032142094203405,0.3953939974308014,0.0,0.0,0.0,5.584253161635075,0.21055284193548182,0.0,0.0,0.0,0.0,0.21055284193548182,0.0,850.0,0.0,2.215202569961548,0.0,0.9999994039535522,0.00019299983978271484
23.999984741210938,151.86325073242188,2.039073706328054e-6,0.0,0.0,0.0,0.0,0.6195121694216833,-0.0,0.0,4.248142869131906,3.1767144339425224,0.412418007850647,0.0,0.0,0.0,6.883468002080917,0.39816394448280334,0.0,0.0,0.0,0.0,0.39816394448280334,0.0,851.0,0.0,0.39816394448280334,0.0,0.9999992847442627,0.00022774934768676758
23.999980926513672,151.1920166015625,2.0390125428093597e-6,0.0,0.0,0.0,0.0,0.7190709171173928,-0.0,0.0,4.298000008719308,3.2265714372907364,0.3451870083808899,0.0,0.0,0.0,7.98967622189749,0.3234369906879596,0.0,0.0,0.0,0.0,0.3234369906879596,0.0,852.0,0.0,0.32343700528144836,0.0,0.9999998807907104,5.504488945007324e-5
23.999984741210938,150.52078247070312,2.0389513792906655e-6,0.0,0.0,0.0,0.0,0.7689879332671871,-0.0,0.0,4.33242860521589,3.2610001700265068,0.3568120002746582,0.0,0.0,0.0,8.544309690594673,0.17802803218364716,0.0,0.0,0.0,0.0,0.17802803218364716,0.0,853.0,0.0,0.17802803218364716,0.0,1.0,0.0005660057067871094
23.999984741210938,149.84954833984375,2.0388902157719713e-6,0.0,0.0,0.0,0.0,0.7550874402691837,-0.0,0.0,4.35442864554269,3.2830000741141183,0.37003299593925476,0.0,0.0,0.0,8.389859780669212,0.2014564424753189,0.0,0.0,0.0,0.0,0.2014564424753189,0.0,854.0,0.0,0.2014564424753189,0.0,1.0,0.005073249340057373
23.999984741210938,149.17831420898438,2.038829052253277e-6,0.0,0.0,0.0,0.0,0.7158546198400118,-0.0,0.0,4.361714308602469,3.29028560093471,0.3545230031013489,0.0,0.0,0.0,7.953939588322237,0.013537733302519043,0.0,0.0,0.0,0.0,0.013537733302519043,0.0,855.0,0.0,1.8682340383529663,0.0,1.0,0.008139997720718384
23.999984741210938,139.18804931640625,2.038767888734583e-6,0.0,0.0,0.0,0.0,0.4936836003210998,-0.0,0.0,4.355500030517578,3.2840714590890068,0.36533498764038086,0.0,0.0,0.0,5.48537290096283,1.2989922761917114,0.0,0.0,0.0,0.0,0.0,1.2989922761917114,856.0,0.0,-1.2989922761917114,0.0,0.999692440032959,0.9960426092147827
23.990135192871094,179.36489868164062,2.0387067252158886e-6,0.0,0.0,0.0,0.0,0.45783859796716975,-0.0,0.0,4.334071513584682,3.2626429421561105,0.3550240099430084,0.0,0.0,0.0,5.087095128682547,0.027980936380929373,0.0,0.0,0.0,0.0,0.027980936380929373,0.0,857.0,0.0,0.02798093669116497,0.0,1.0,3.74913215637207e-5
23.999984741210938,178.69366455078125,2.0386455616971944e-6,0.0,0.0,0.0,0.0,0.25170558165602,-0.0,0.0,4.291785730634417,3.2203572954450332,0.4322409927845001,0.0,0.0,0.0,2.796728462802876,0.1083804658775442,0.0,0.0,0.0,0.0,0.1083804658775442,0.0,858.0,0.0,0.10838046669960022,0.0,1.0,5.990266799926758e-6
23.999984741210938,178.02243041992188,2.0385843981785e-6,0.0,0.0,0.0,0.0,0.041649065985485886,-0.0,0.0,4.211785670689174,3.1403570992606027,0.5608029961585999,0.0,0.0,0.0,0.46276736306128563,0.1126295919519895,0.0,0.0,0.0,0.0,0.1126295919519895,0.0,859.0,0.0,0.11262959241867065,0.0,0.9999997615814209,0.00045502185821533203
23.999984741210938,177.3511962890625,2.038523234659806e-6,0.0,0.0,0.0,0.0,-0.15289692815728673,-0.0,0.0,4.059928567068917,2.9884999956403457,0.06269999593496323,0.0,0.4536040127277374,0.0,0.0,0.0,0.05605239421129227,0.0,0.0,0.0,0.0,0.05605239421129227,860.0,0.0,-0.05605239421129227,8.940696716308594e-8,0.01221245527267456,0.999340295791626
23.929182052612305,179.89251708984375,2.0384620711411117e-6,0.0,0.0,0.0,0.0,-0.13379280204744326,-0.0,0.0,3.9567856924874443,2.8853571210588727,0.0,0.0,0.44597598910331726,0.0,0.0,0.0,0.0,0.0,0.0,0.0,0.0,0.0,861.0,0.0,0.0,1.7583370208740234e-6,0.0003170967102050781,0.1700497269630432
23.917783737182617,179.22128295898438,2.0384009076224174e-6,0.0,0.0,0.0,0.0,-0.17547561656898505,-0.0,0.0,3.9198571068899972,2.848428671700614,0.0,0.0,0.4291419982910156,0.0,0.0,0.0,0.15577670036302044,0.0,0.0,0.0,0.15577670036302044,0.0,862.0,0.0,2.701734781265259,1.3500452041625977e-5,3.7550926208496094e-5,0.021498382091522217
23.999984741210938,171.02589416503906,2.038339744103723e-6,0.0,0.0,0.0,0.0,-0.12687780765206824,-0.0,0.0,3.8973570687430246,2.825928497314453,0.0,0.0,0.42292600870132446,0.0,0.0,0.0,0.0,0.0,0.0,0.0,0.0,0.0,863.0,0.0,0.0,0.00015273690223693848,9.655952453613281e-6,0.002713441848754883
23.80728530883789,170.3546600341797,2.038278580585029e-6,0.0,0.0,0.0,0.0,-0.10075830323530433,-0.0,0.0,3.8877143314906526,2.8162857600620814,0.0,0.0,0.3358609974384308,0.0,0.0,0.0,0.0,0.0,0.0,0.0,0.0,0.0,864.0,0.0,0.0,0.00025016069412231445,6.020069122314453e-6,0.0018796324729919434
23.43079376220703,169.6834259033203,2.0382174170663347e-6,0.0,0.0,0.0,0.0,-0.07399500157415861,-0.0,0.0,3.8826428277151925,2.8112143925258093,0.0,0.0,0.24664999544620514,0.0,0.0,0.0,0.0,0.0,0.0,0.0,0.0,0.0,865.0,0.0,0.0,4.0024518966674805e-5,2.5212764739990234e-5,0.0
23.41986083984375,169.01219177246094,2.0381562535476405e-6,0.0,0.0,0.0,0.0,-0.06395010159214731,-0.0,0.0,3.878071457999093,2.8066427503313336,0.0,0.0,0.2131669968366623,0.0,0.0,0.0,0.0,0.0,0.0,0.0,0.0,0.0,866.0,0.0,0.0,4.565715789794922e-5,2.4378299713134766e-5,0.0
23.407930374145508,168.34095764160156,2.0380950900289463e-6,0.0,0.0,0.0,0.0,-0.058515901208555654,-0.0,0.0,3.87292856488909,2.801499993460519,0.0,0.0,0.19505299627780914,0.0,0.0,0.0,0.0,0.0,0.0,0.0,0.0,0.0,867.0,0.0,0.0,9.274482727050781e-5,5.0187110900878906e-5,0.0
23.395998001098633,167.6697235107422,2.038033926510252e-6,0.0,0.0,0.0,0.0,-0.054429904299175824,-0.0,0.0,3.8562143325805662,2.784785624912807,0.0,0.0,0.18143300712108612,0.0,0.0,0.0,0.0,0.0,0.0,0.0,0.0,0.0,868.0,0.0,0.0,0.00015234947204589844,0.00019171833992004395,0.0
23.38307762145996,166.9984893798828,2.037972762991558e-6,0.0,0.0,0.0,0.0,-0.05292270393859155,-0.0,0.0,3.825714329310826,2.7542857578822546,0.0,0.0,0.17640900611877441,0.0,0.0,0.0,0.0,0.0,0.0,0.0,0.0,0.0,869.0,0.0,0.0,0.00013050436973571777,0.0007996261119842529,0.0
23.37015724182129,166.32725524902344,2.0379115994728636e-6,0.0,0.0,0.0,0.0,-0.05521320323996548,-0.0,0.0,3.8067856652396066,2.7353572300502234,0.0,0.0,0.1840440034866333,0.0,0.0,0.0,0.0,0.0,0.0,0.0,0.0,0.0,870.0,0.0,0.0,5.662441253662109e-7,0.001989424228668213,0.0
23.175451278686523,165.65602111816406,2.0378504359541694e-6,0.0,0.0,0.0,0.0,0.004227840342350013,-0.0,0.0,3.862214306422642,2.7907855987548826,0.209524005651474,0.0,0.0,0.0,0.0469760000705719,0.0,0.0,0.0,0.0,0.0,0.0,0.0,871.0,0.0002666787477210164,0.0,2.3871660232543945e-5,0.009799182415008545,0.0
23.16253089904785,164.9847869873047,2.037789272435475e-6,0.0,0.0,0.0,0.0,0.11236873893886663,-0.0,0.0,4.000999941144671,2.929571369716099,0.30623799562454224,0.0,0.0,0.0,1.2485414445400238,0.27872052788734436,0.0,0.0,0.0,0.0,0.0,0.27872052788734436,872.0,0.0,-0.27872052788734436,8.940696716308594e-8,0.02403312921524048,0.9998432397842407
22.422470092773438,179.97299194335938,2.037728108916781e-6,0.0,0.0,0.0,0.0,0.10314263925096458,-0.0,0.0,4.124857166835239,3.0534285954066687,0.34728100895881653,0.0,0.0,0.0,1.1460292339324951,2.568889856338501,0.0,0.0,0.0,0.0,2.568889856338501,0.0,873.0,0.0,2.568889856338501,0.0,1.0,6.288290023803711e-6
23.999984741210938,179.3017578125,2.0376669453980867e-6,0.0,0.0,0.0,0.0,0.513198543643573,-0.0,0.0,4.226857130868094,3.155428423200335,0.35456401109695435,0.0,0.0,0.0,5.70220558731355,0.020380090787036138,0.0,0.0,0.0,0.0,0.020380090787036138,0.0,874.0,0.0,0.020380090922117233,0.0,1.0,7.450580596923828e-7
23.999984741210938,178.63052368164062,2.0376057818793925e-6,0.0,0.0,0.0,0.0,0.6518952688734239,-0.0,0.0,4.290571430751255,3.2191428593226843,0.35659199953079224,0.0,0.0,0.0,7.243280189616064,0.02007744969668051,0.0,0.0,0.0,0.0,0.02007744969668051,0.0,875.0,0.0,2.43672776222229,0.0,1.0,2.86102294921875e-6
23.999984741210938,170.43408203125,2.0375446183606982e-6,0.0,0.0,0.0,0.0,0.7323378616199643,-0.0,0.0,4.331428473336356,3.2599999019077845,0.4477500021457672,0.0,0.0,0.0,8.137086704655374,0.018363162593161435,0.0,0.0,0.0,0.0,0.018363162593161435,0.0,876.0,0.0,2.269134283065796,0.0,1.0,5.662441253662109e-6
23.999984741210938,161.86582946777344,2.037483454842004e-6,0.0,0.0,0.0,0.0,0.7776051213365356,-0.0,0.0,4.358428628104074,3.287000056675502,0.3568120002746582,0.0,0.0,0.0,8.640056217089295,0.016731655225157738,0.0,0.0,0.0,0.0,0.016731655225157738,0.0,877.0,0.0,0.016731655225157738,0.0,1.0,0.00010409951210021973
23.999984741210938,161.19459533691406,2.0374222913233098e-6,0.0,0.0,0.0,0.0,0.7626907494474957,-0.0,0.0,4.374428558349609,3.302999986921038,0.37003299593925476,0.0,0.0,0.0,8.474340987047604,0.018176484265871783,0.0,0.0,0.0,0.0,0.018176484265871783,0.0,878.0,0.0,0.01817648485302925,0.0,1.0,0.0008215904235839844
23.999984741210938,160.5233612060547,2.0373611278046155e-6,0.0,0.0,0.0,0.0,0.668854157040477,-0.0,0.0,4.383071436200823,3.3116430010114395,0.7782509922981262,0.0,0.0,0.0,7.431712265385862,0.015136127100710786,0.0,0.0,0.0,0.0,0.015136127100710786,0.0,879.0,0.0,1.8520976305007935,0.0,1.0,0.022820651531219482
23.999984741210938,141.27734375,2.0372999642859213e-6,0.0,0.0,0.0,0.0,0.5997444419732217,-0.0,0.0,4.379142842973981,3.3077144077845984,0.36533498764038086,0.0,0.0,0.0,6.6638266034424305,0.018888335675001144,0.0,0.0,0.0,0.0,0.018888335675001144,0.0,880.0,0.0,0.018888335675001144,0.0,1.0,0.0020993947982788086
23.999984741210938,140.60610961914062,2.037238800767227e-6,0.0,0.0,0.0,0.0,0.43959400795914183,-0.0,0.0,4.351071439470564,3.279642868041992,0.3550240099430084,0.0,0.0,0.0,4.8843774780372335,0.019798280324582484,0.0,0.0,0.0,0.0,0.019798280324582484,0.0,881.0,0.0,1.7571403980255127,0.0,1.0,0.0005398392677307129
23.999984741210938,130.60325622558594,2.037177637248533e-6,0.0,0.0,0.0,0.0,0.18423379008813856,-0.0,0.0,4.293642807006836,3.2222142355782646,0.4322409927845001,0.0,0.0,0.0,2.0470419494061476,0.30231708608579594,0.0,0.0,0.0,0.0,0.30231708608579594,0.0,882.0,0.0,1.4878915548324585,0.0,0.9999998807907104,5.027651786804199e-5
23.999984741210938,111.95127868652344,2.0371164737298386e-6,0.0,0.0,0.0,0.0,-0.01,-0.0,-0.01,4.204785701206752,3.133357129778181,0.5608029961585999,0.0,0.0,0.3590690897254376,0.0,0.0,0.0,0.0,0.0,0.0,0.0,0.0,883.0,0.4151970148086548,0.0,0.9972867965698242,0.00024503469467163086,0.11046046018600464
23.259923934936523,111.2800521850586,0.3590603470802307,0.0,0.0,0.0,0.0,-0.4104149938387088,-0.0,-0.01,4.081714303152902,3.01028573172433,0.05795000120997429,0.3518685451087862,0.10648548097039168,0.0,0.0,0.0,1.2282311121217653,0.0,0.0,0.0,1.2282311121217653,0.0,884.0,-0.35904958844184875,1.2374130487442017,0.6104143857955933,0.0003522634506225586,0.00039198994636535645
23.999984741210938,91.49819946289062,1.0817918337124866e-5,0.0,0.0,0.0,0.0,-0.13379280204744326,-0.0,0.0,3.9812143325805662,2.909785624912807,0.0,0.0,0.44597598910331726,0.0,0.0,0.0,0.0,0.0,0.0,0.0,0.0,0.0,885.0,0.0,0.0,0.36590486764907837,3.3080577850341797e-6,0.0019183158874511719
23.987064361572266,90.82697296142578,1.0817593647516333e-5,0.0,0.0,0.0,0.0,-0.12874260460307596,-0.0,0.0,3.9321428843906947,2.860714176722935,0.0,0.0,0.4291419982910156,0.0,0.0,0.0,0.0,0.0,0.0,0.0,0.0,0.0,886.0,0.0,0.0,0.6361016631126404,2.9206275939941406e-6,3.978610038757324e-5
23.97612953186035,90.15574645996094,1.08172689579078e-5,0.0,0.0,0.0,0.0,-0.14420739211717254,-0.0,0.0,3.89992858341762,2.8284998757498605,0.0,0.0,0.42292600870132446,0.0,0.0,0.0,0.057765279254961735,0.0,0.0,0.0,0.057765279254961735,0.0,887.0,0.0,1.0950223207473755,0.9942620992660522,3.2961368560791016e-5,5.6356191635131836e-5
23.999984741210938,79.40653991699219,1.0816944268299267e-5,0.0,0.0,0.0,0.0,-0.10689416150656188,-0.0,0.0,3.878857149396624,2.8074285779680523,0.0,0.0,0.3358609974384308,0.0,0.0,0.0,0.020452860091468156,0.0,0.0,0.0,0.020452860091468156,0.0,888.0,0.0,0.14085574448108673,0.9691975116729736,0.0037762820720672607,0.10864436626434326
23.999984741210938,44.96497344970703,1.0816619578690734e-5,0.0,0.0,0.0,0.0,-0.07845172309062759,-0.0,0.0,3.865714291163853,2.7942855834960936,0.0,0.0,0.24664999544620514,0.0,0.0,0.0,0.014855737797915936,0.0,0.0,0.0,0.0,0.014855737797915936,889.0,0.0,-0.014855737797915936,1.0,9.059906005859375e-5,0.1568235158920288
23.989049911499023,45.08984375,1.08162948890822e-5,0.0,0.0,0.0,0.0,-0.6922007254640539,-0.0,0.0,3.854285730634417,2.7828570229666574,0.0,0.0,0.2131669968366623,0.0,0.0,0.0,2.0941686630249023,0.0,0.0,0.0,0.0,2.0941686630249023,890.0,0.0,-2.0941686630249023,1.0,0.00022307038307189941,0.7908481359481812
23.979114532470703,146.53378295898438,1.0815970199473668e-5,0.0,0.0,0.0,0.0,-0.1692260317887982,-0.0,0.0,3.8403571810041157,2.768928473336356,0.0,0.0,0.19505299627780914,0.0,0.0,0.0,0.36903375393672455,0.0,0.0,0.0,0.36903375393672455,0.0,891.0,0.0,2.2961649894714355,0.00038552284240722656,6.3478946685791016e-6,0.0
23.999984741210938,141.93016052246094,1.0815645509865135e-5,0.0,0.0,0.0,0.0,-0.054429904299175824,-0.0,0.0,3.8310000010899135,2.759571293422154,0.0,0.0,0.18143300712108612,0.0,0.0,0.0,0.0,0.0,0.0,0.0,0.0,0.0,892.0,0.0,0.0,9.551644325256348e-5,4.762411117553711e-5,0.0
23.805278778076172,141.25892639160156,1.0815320820256602e-5,0.0,0.0,0.0,0.0,-0.05292270393859155,-0.0,0.0,3.8222857339041574,2.7508571624755858,0.0,0.0,0.17640900611877441,0.0,0.0,0.0,0.0,0.0,0.0,0.0,0.0,0.0,893.0,0.0,0.0,8.043646812438965e-5,0.0008816421031951904,0.0
23.610572814941406,140.5876922607422,1.0814996130648069e-5,0.0,0.0,0.0,0.0,-0.05521320323996548,-0.0,0.0,3.8109285627092633,2.739499991280692,0.0,0.0,0.1840440034866333,0.0,0.0,0.0,0.0,0.0,0.0,0.0,0.0,0.0,894.0,0.0,0.0,1.430511474609375e-6,0.006536960601806641,2.9802322387695312e-8
23.235082626342773,139.9164581298828,1.0814671441039536e-5,0.0,0.0,0.0,0.0,0.005168338232703044,-0.0,0.0,3.849142837524414,2.7777142660958427,0.209524005651474,0.0,0.0,0.0,0.05742597579956055,0.0,0.0,0.0,0.0,0.0,0.0,0.0,895.0,0.000300221232464537,0.0,2.810359001159668e-5,0.048166513442993164,0.0
23.04336929321289,139.24522399902344,1.0814346751431003e-5,0.0,0.0,0.0,0.0,0.014831876741399436,-0.0,0.0,3.9899285997663227,2.918500028337751,0.30623799562454224,0.0,0.0,0.0,0.16479861736297607,1.3909634351730347,0.0,0.0,0.0,0.0,1.3909634351730347,0.0,896.0,0.0,1.3909634351730347,0.0,0.9727864265441895,2.980232238769531e-7
23.863916397094727,138.57398986816406,1.0814022971317172e-5,0.0,0.0,0.0,0.0,0.3146477966100643,-0.0,0.0,4.132071440560477,3.0606430053710936,0.34728100895881653,0.0,0.0,0.0,3.496086351156729,0.23878265213916922,0.0,0.0,0.0,0.0,0.23878265213916922,0.0,897.0,0.0,1.3200684785842896,0.0,0.8135572075843811,0.017613917589187622
23.999984741210938,100.30035400390625,1.0813699191203341e-5,0.0,0.0,0.0,0.0,0.5105364734360729,-0.0,0.0,4.256714357648577,3.1852857862200055,0.35456401109695435,0.0,0.0,0.0,5.672627031803131,0.018608510494232178,0.0,0.0,0.0,0.0,0.018608510494232178,0.0,898.0,0.0,0.018608510494232178,0.0,0.9999898672103882,0.0024174749851226807
23.999935150146484,99.6291275024414,1.081337541108951e-5,0.0,0.0,0.0,0.0,0.6419127215971695,-0.0,0.0,4.352500043596541,3.2810714721679686,0.35659199953079224,0.0,0.0,0.0,7.132363006472588,0.01984436810016632,0.0,0.0,0.0,0.0,0.01984436810016632,0.0,899.0,0.0,0.01984436810016632,0.0,0.9999969005584717,0.001615285873413086
23.999969482421875,98.95790100097656,1.0813051630975679e-5,0.0,0.0,0.0,0.0,0.7214298896727405,-0.0,0.0,4.4289999825613835,3.3575714111328123,0.4011799991130829,0.0,0.0,0.0,8.015887025984972,0.01798271736219669,0.0,0.0,0.0,0.0,0.01798271736219669,0.0,900.0,0.0,0.38936516642570496,0.0,0.9998619556427002,0.2129582166671753
23.999984741210938,79.14319610595703,1.0812727850861847e-5,0.0,0.0,0.0,0.0,0.6444605481195855,-0.0,0.0,4.46778564453125,3.3963570731026786,0.3568120002746582,0.0,0.0,0.0,7.160672187805176,1.3165655136108398,0.0,0.0,0.0,0.0,0.0,1.3165655136108398,901.0,0.0,-1.3165655136108398,0.0,0.999993085861206,0.9014300107955933
23.805278778076172,164.2268829345703,1.0812404070748016e-5,0.0,0.0,0.0,0.0,0.7019089636730291,-0.0,0.0,4.487000002179827,3.4155714307512555,0.37003299593925476,0.0,0.0,0.0,7.798987865447998,0.5785784721374512,0.0,0.0,0.0,0.0,0.5785784721374512,0.0,902.0,0.0,0.5785784721374512,0.0,1.0,0.001096487045288086
23.999984741210938,163.55564880371094,1.0812080290634185e-5,0.0,0.0,0.0,0.0,0.6719844491261644,-0.0,0.0,4.489428601946149,3.418000030517578,0.3545230031013489,0.0,0.0,0.0,7.466493285796019,0.2891329158336204,0.0,0.0,0.0,0.0,0.2891329158336204,0.0,903.0,0.0,0.2891329228878021,0.0,1.0,0.002168208360671997
23.999984741210938,162.88441467285156,1.0811756510520354e-5,0.0,0.0,0.0,0.0,0.5657454286269028,-0.0,0.0,4.4720714569091795,3.4006428854806083,0.36533498764038086,0.0,0.0,0.0,6.286059818505538,0.2902551076419227,0.0,0.0,0.0,0.0,0.2902551076419227,0.0,904.0,0.0,1.9146766662597656,0.0,1.0,0.005807042121887207
23.999984741210938,145.7976531982422,1.0811432730406523e-5,0.0,0.0,0.0,0.0,0.4152630525043033,-0.0,0.0,4.430285808018276,3.3588572365897043,0.3550240099430084,0.0,0.0,0.0,4.614033550024033,0.2929927408695221,0.0,0.0,0.0,0.0,0.2929927408695221,0.0,905.0,0.0,0.2929927408695221,0.0,1.0,0.0003584921360015869
23.999984741210938,145.1264190673828,1.0811108950292692e-5,0.0,0.0,0.0,0.0,0.22070296335610537,-0.0,0.0,4.369714273725237,3.2982855660574777,0.4322409927845001,0.0,0.0,0.0,2.452254953513453,0.2970541094443109,0.0,0.0,0.0,0.0,0.2970541094443109,0.0,906.0,0.0,1.841205358505249,0.0,1.0,7.957220077514648e-6
23.999984741210938,136.4638671875,1.081078517017886e-5,0.0,0.0,0.0,0.0,-0.0450757759839604,-0.0,0.0,4.2882142203194755,3.216785648890904,0.5608029961585999,0.0,0.0,0.0,0.0,0.5658969283103943,0.1502525806427002,0.0,0.0,0.0,0.0,0.7161495089530945,907.0,0.0,-0.7161495089530945,8.940696716308594e-8,0.024044662714004517,0.9998430013656616
23.259923934936523,179.9729766845703,1.081046139006503e-5,0.0,0.0,0.0,0.0,-0.19042593103352878,-0.0,0.0,4.155642863682338,3.0842142922537668,0.08264999836683273,0.0,0.4336540102958679,0.0,0.0,0.0,0.20109906792640686,0.0,0.0,0.0,0.0,0.20109906792640686,908.0,0.0,-0.20109906792640686,5.960464477539063e-8,0.004760175943374634,0.9987448453903198
23.065217971801758,179.79725646972656,1.0810137609951198e-5,0.0,0.0,0.0,0.0,-0.6007575875958093,-0.0,0.0,4.058928571428572,2.9875,0.0,0.0,0.44597598910331726,0.0,0.0,0.0,1.5565492233095113,0.0,0.0,0.0,1.5565492233095113,0.0,909.0,0.0,2.46634578704834,7.450580596923828e-7,0.00017178058624267578,0.043467581272125244
23.999984741210938,168.2603302001953,1.0809813829837367e-5,0.0,0.0,0.0,0.0,-0.1341631023446718,-0.0,0.0,4.035500063214983,2.9640714917864117,0.0,0.0,0.4291419982910156,0.0,0.0,0.0,0.018068325087348715,0.0,0.0,0.0,0.018068325087348715,0.0,910.0,0.0,2.3797659873962402,2.9861927032470703e-5,8.195638656616211e-6,0.007826000452041626
23.999984741210938,156.5279083251953,1.0809490049723536e-5,0.0,0.0,0.0,0.0,-0.12687780765206824,-0.0,0.0,4.033857154846191,2.962428719656808,0.0,0.0,0.42292600870132446,0.0,0.0,0.0,0.0,0.0,0.0,0.0,0.0,0.0,911.0,0.0,0.0,0.0001036226749420166,1.2636184692382812e-5,2.6524066925048828e-5
23.989049911499023,155.85667419433594,1.0809166269609705e-5,0.0,0.0,0.0,0.0,-0.10075830323530433,-0.0,0.0,4.0297142573765345,2.958285685947963,0.0,0.0,0.3358609974384308,0.0,0.0,0.0,0.0,0.0,0.0,0.0,0.0,0.0,912.0,0.0,0.0,0.00011277198791503906,1.0907649993896484e-5,8.940696716308594e-8
23.977121353149414,155.18544006347656,1.0808842489495873e-5,0.0,0.0,0.0,0.0,-0.07399500157415861,-0.0,0.0,4.021714292253767,2.950285720825195,0.0,0.0,0.24664999544620514,0.0,0.0,0.0,0.0,0.0,0.0,0.0,0.0,0.0,913.0,0.0,0.0,0.0003052055835723877,1.850724220275879e-5,0.0
23.966182708740234,154.5142059326172,1.0808518709382042e-5,0.0,0.0,0.0,0.0,-0.06395010159214731,-0.0,0.0,4.005928530011858,2.9344999585832867,0.0,0.0,0.2131669968366623,0.0,0.0,0.0,0.0,0.0,0.0,0.0,0.0,0.0,914.0,0.0,0.0,0.0004628598690032959,1.8388032913208008e-5,0.0
23.954252243041992,153.8429718017578,1.0808194929268211e-5,0.0,0.0,0.0,0.0,-0.058515901208555654,-0.0,0.0,3.9922856739589143,2.920857238769531,0.0,0.0,0.19505299627780914,0.0,0.0,0.0,0.0,0.0,0.0,0.0,0.0,0.0,915.0,0.0,0.0,0.0013341009616851807,4.8100948333740234e-5,0.0
23.94133186340332,153.17173767089844,1.080787114915438e-5,0.0,0.0,0.0,0.0,-0.054429904299175824,-0.0,0.0,3.9834286281040736,2.9120000566755024,0.0,0.0,0.18143300712108612,0.0,0.0,0.0,0.0,0.0,0.0,0.0,0.0,0.0,916.0,0.0,0.0,0.003819763660430908,0.0003541707992553711,0.0
23.929399490356445,152.50050354003906,1.0807547369040549e-5,0.0,0.0,0.0,0.0,-0.05292270393859155,-0.0,0.0,3.9762142181396483,2.904785646711077,0.0,0.0,0.17640900611877441,0.0,0.0,0.0,0.0,0.0,0.0,0.0,0.0,0.0,917.0,0.0,0.0,0.0039806365966796875,0.003630697727203369,0.0
23.916479110717773,151.8292694091797,1.0807223588926718e-5,0.0,0.0,0.0,0.0,-0.05521320323996548,-0.0,0.0,3.9607142857142854,2.8892857142857142,0.0,0.0,0.1840440034866333,0.0,0.0,0.0,0.0,0.0,0.0,0.0,0.0,0.0,918.0,0.0,0.0,0.005392163991928101,0.014984279870986938,0.0
23.9035587310791,151.1580352783203,1.0806899808812886e-5,0.0,0.0,0.0,0.0,-0.043482242283909164,-0.0,-0.01,3.977357128688267,2.905928693498884,0.209524005651474,0.0,0.0,0.0,0.0,0.07167598605155945,0.11160746984481482,0.0,0.0,0.0,0.18328345589637426,0.0,919.0,0.0679488256573677,2.2064309120178223,0.006792962551116943,0.11171752214431763,0.0
23.999984741210938,142.96221923828125,1.0806576028699055e-5,0.0,0.0,0.0,0.0,0.06851588674512567,-0.0,0.0,4.116499982561384,3.0450714111328123,0.30623799562454224,0.0,0.0,0.0,0.7612875699996948,0.6453243494033813,0.0,0.0,0.0,0.0,0.0,0.6453243494033813,920.0,0.0,-0.6453243494033813,0.0,0.050480276346206665,0.9998674392700195
23.259923934936523,179.97686767578125,1.0806252248585224e-5,0.0,0.0,0.0,0.0,0.21363901241672464,-0.0,0.0,4.234928621564593,3.163500050136021,0.34728100895881653,0.0,0.0,0.0,2.373766615980249,1.1853523701495121,0.0,0.0,0.0,0.0,1.1853523701495121,0.0,921.0,0.0,2.453768730163574,0.0,1.0,2.0563602447509766e-6
23.999984741210938,168.86753845214844,1.0805928468471393e-5,0.0,0.0,0.0,0.0,0.4995415419083818,-0.0,0.0,4.363142776489258,3.2917142050606865,0.35456401109695435,0.0,0.0,0.0,5.55046113564877,0.018224872804599033,0.0,0.0,0.0,0.0,0.018224872804599033,0.0,922.0,0.0,2.3327252864837646,0.0,1.0,7.450580596923828e-7
23.999984741210938,167.25958251953125,1.0805604688357562e-5,0.0,0.0,0.0,0.0,0.5949883041066512,-0.0,0.0,4.453500011989048,3.382071576799665,0.35659199953079224,0.0,0.0,0.0,6.610980631347021,0.4253271803900394,0.0,0.0,0.0,0.0,0.4253271803900394,0.0,923.0,0.0,0.4253271818161011,0.0,1.0,8.314847946166992e-6
23.999984741210938,166.58834838867188,1.080528090824373e-5,0.0,0.0,0.0,0.0,0.7033314336069041,-0.0,0.0,4.511428506033761,3.4399999346051895,0.3451870083808899,0.0,0.0,0.0,7.814793085679412,0.017619634047150612,0.0,0.0,0.0,0.0,0.017619634047150612,0.0,924.0,0.0,0.017619634047150612,0.0,1.0,9.5367431640625e-7
23.999984741210938,165.9171142578125,1.08049571281299e-5,0.0,0.0,0.0,0.0,0.6728991676687501,-0.0,0.0,4.54571418762207,3.474285616193499,0.3568120002746582,0.0,0.0,0.0,7.476656824350357,0.2833305299282074,0.0,0.0,0.0,0.0,0.2833305299282074,0.0,925.0,0.0,0.2833305299282074,0.0,1.0,6.139278411865234e-6
23.999984741210938,165.24588012695312,1.0804633348016068e-5,0.0,0.0,0.0,0.0,0.6032498582210133,-0.0,0.0,4.552214295523507,3.4807855878557477,0.37003299593925476,0.0,0.0,0.0,6.702775669766942,0.41604118280263774,0.0,0.0,0.0,0.0,0.41604118280263774,0.0,926.0,0.0,1.861788034439087,0.0,0.9999998807907104,0.0
23.999984741210938,144.28079223632812,1.0804309567902237e-5,0.0,0.0,0.0,0.0,0.5987333795278341,-0.0,0.0,4.544857243129185,3.473428671700614,0.3545230031013489,0.0,0.0,0.0,6.652592577164256,0.28413446980229645,0.0,0.0,0.0,0.0,0.28413446980229645,0.0,927.0,0.0,0.28413447737693787,0.0,1.0,0.000701904296875
23.999984741210938,143.60955810546875,1.0803985787788406e-5,0.0,0.0,0.0,0.0,0.4928412069154722,-0.0,0.0,4.50835712977818,3.436928558349609,0.36533498764038086,0.0,0.0,0.0,5.476012974977493,0.15030214190483093,0.0,0.0,0.0,0.0,0.15030214190483093,0.0,928.0,0.0,0.15030214190483093,0.0,1.0,0.00010460615158081055
23.999984741210938,142.93832397460938,1.0803662007674575e-5,0.0,0.0,0.0,0.0,0.3142962849990758,-0.0,0.0,4.446214348929269,3.3747857775006973,0.3550240099430084,0.0,0.0,0.0,3.4921806669005857,0.014545121215869332,0.0,0.0,0.0,0.0,0.014545121215869332,0.0,929.0,0.0,1.7456047534942627,0.0,1.0,4.6193599700927734e-6
23.999984741210938,132.97720336914062,1.0803338227560744e-5,0.0,0.0,0.0,0.0,0.142339682156517,-0.0,0.0,4.365928595406668,3.294500023978097,0.4322409927845001,0.0,0.0,0.0,1.5815518982708454,0.013507258147001266,0.0,0.0,0.0,0.0,0.013507258147001266,0.0,930.0,0.0,0.013507258147001266,0.0,1.0,8.195638656616211e-6
23.999984741210938,132.30596923828125,1.0803014447446913e-5,0.0,0.0,0.0,0.0,-0.16113859459315094,-0.0,0.0,4.272499983651297,3.201071275983538,0.5608029961585999,0.0,0.0,0.0,0.0,0.17354696989059448,0.5371286273002625,0.0,0.0,0.0,0.0,0.7106755971908569,931.0,0.0,-0.7106755971908569,0.0,0.9702098965644836,0.9704070091247559
23.99114227294922,175.26319885253906,1.0802690667333081e-5,0.0,0.0,0.0,0.0,-0.20478826680931483,-0.0,0.0,4.179928588867187,3.108500017438616,0.04085000231862068,0.0,0.4754540026187897,0.0,0.0,0.0,0.20717352628707886,0.0,0.0,0.0,0.0,0.20717352628707886,932.0,0.0,-0.20717352628707886,1.4901161193847656e-7,0.000369340181350708,0.9856917858123779
23.982316970825195,177.70877075195312,1.080236688721925e-5,0.0,0.0,0.0,0.0,-0.13379280204744326,-0.0,0.0,4.117428588867187,3.046000017438616,0.0,0.0,0.44597598910331726,0.0,0.0,0.0,0.0,0.0,0.0,0.0,0.0,0.0,933.0,0.0,0.0,1.6689300537109375e-6,0.00037738680839538574,0.1234583854675293
23.97450065612793,177.03753662109375,1.0802043107105419e-5,0.0,0.0,0.0,0.0,-0.1461212804789337,-0.0,0.0,4.068928527832031,2.99749995640346,0.0,0.0,0.4291419982910156,0.0,0.0,0.0,0.0579289172843041,0.0,0.0,0.0,0.0579289172843041,0.0,934.0,0.0,2.539829730987549,1.1235475540161133e-5,2.9772520065307617e-5,0.012580931186676025
23.999984741210938,168.01576232910156,1.0801719326991588e-5,0.0,0.0,0.0,0.0,-0.12687780765206824,-0.0,0.0,4.026428576878139,2.9549998692103796,0.0,0.0,0.42292600870132446,0.0,0.0,0.0,0.0,0.0,0.0,0.0,0.0,0.0,935.0,0.0,0.0,3.3795833587646484e-5,1.8805265426635742e-5,2.709031105041504e-5
23.989604949951172,167.3445281982422,1.0801395546877757e-5,0.0,0.0,0.0,0.0,-0.11089439973253092,-0.0,0.0,3.998857171194894,2.9274285997663227,0.0,0.0,0.3358609974384308,0.0,0.0,0.0,0.033786986981514375,0.0,0.0,0.0,0.033786986981514375,0.0,936.0,0.0,2.4733262062072754,8.177757263183594e-5,9.745359420776367e-6,4.172325134277344e-7
23.999984741210938,158.85614013671875,1.0801071766763926e-5,0.0,0.0,0.0,0.0,-0.07399500157415861,-0.0,0.0,3.9925713675362724,2.921142796107701,0.0,0.0,0.24664999544620514,0.0,0.0,0.0,0.0,0.0,0.0,0.0,0.0,0.0,937.0,0.0,0.0,8.738040924072266e-5,8.016824722290039e-6,1.4901161193847656e-7
23.806283950805664,158.18490600585938,1.0800747986650094e-5,0.0,0.0,0.0,0.0,-0.06395010159214731,-0.0,0.0,3.999214254106794,2.927785818917411,0.0,0.0,0.2131669968366623,0.0,0.0,0.0,0.0,0.0,0.0,0.0,0.0,0.0,938.0,0.0,0.0,0.0002726912498474121,2.1398067474365234e-5,0.0
23.79537010192871,157.513671875,1.0800424206536263e-5,0.0,0.0,0.0,0.0,-0.058515901208555654,-0.0,0.0,3.9959285736083983,2.924500002179827,0.0,0.0,0.19505299627780914,0.0,0.0,0.0,0.0,0.0,0.0,0.0,0.0,0.0,939.0,0.0,0.0,4.079937934875488e-5,1.5497207641601562e-5,0.0
23.601665496826172,156.84243774414062,1.0800100426422432e-5,0.0,0.0,0.0,0.0,-0.054429904299175824,-0.0,0.0,3.9678571701049803,2.896428462437221,0.0,0.0,0.18143300712108612,0.0,0.0,0.0,0.0,0.0,0.0,0.0,0.0,0.0,940.0,0.0,0.0,8.463859558105469e-6,1.856684684753418e-5,1.7881393432617188e-7
23.22617530822754,156.17120361328125,1.0799776646308601e-5,0.0,0.0,0.0,0.0,-0.05292270393859155,-0.0,0.0,3.9362857818603514,2.86485721043178,0.0,0.0,0.17640900611877441,0.0,0.0,0.0,0.0,0.0,0.0,0.0,0.0,0.0,941.0,0.0,0.0,5.960464477539062e-7,0.0003002583980560303,5.960464477539063e-8
22.84968376159668,155.49996948242188,1.079945286619477e-5,0.0,0.0,0.0,0.0,-0.6372150674349086,-0.0,0.0,3.9100714547293527,2.838642883300781,0.0,0.0,0.1840440034866333,0.0,0.0,0.0,1.940006136894226,0.0,0.0,0.0,1.940006136894226,0.0,942.0,0.0,1.940006136894226,3.427267074584961e-6,0.16810482740402222,2.086162567138672e-7
23.79281234741211,125.61103057861328,1.0799129086080939e-5,0.0,0.0,0.0,0.0,-0.18546630232132452,-0.0,-0.01,3.950285720825195,2.878857149396624,0.209524005651474,0.0,0.0,0.0,0.0,0.09162598848342896,0.584887651163068,0.0,0.0,0.0,0.6765136396464969,0.0,943.0,0.04123998433351517,1.7852767705917358,0.0041220784187316895,0.6503746509552002,1.1920928955078125e-7
23.999984741210938,118.56449890136719,1.0798805305967107e-5,0.0,0.0,0.0,0.0,0.14292873436266984,-0.0,0.0,4.05228568485805,2.980857249668666,0.30623799562454224,0.0,0.0,0.0,1.588096922263503,0.019915038719773293,0.0,0.0,0.0,0.0,0.019915038719773293,0.0,944.0,0.0,0.019915038719773293,0.0,0.9998367428779602,0.08251994848251343
23.999168395996094,117.89327239990234,1.0798481525853276e-5,0.0,0.0,0.0,0.0,0.32918450095728885,-0.0,0.0,4.129928534371512,3.058499962942941,0.34728100895881653,0.0,0.0,0.0,3.6576052755117416,0.1656135469675064,0.0,0.0,0.0,0.0,0.1656135469675064,0.0,945.0,0.0,0.1656135469675064,0.0,0.999993085861206,0.0012035369873046875
23.999950408935547,117.2220458984375,1.0798157745739445e-5,0.0,0.0,0.0,0.0,0.5137065987646019,-0.0,0.0,4.1827857971191404,3.1113572256905693,0.35456401109695435,0.0,0.0,0.0,5.707850643765243,0.016635230410781764,0.0,0.0,0.0,0.0,0.016635230410781764,0.0,946.0,0.0,1.382913589477539,0.0,0.9999644756317139,0.006860166788101196
23.999984741210938,103.61359405517578,1.0797833965625614e-5,0.0,0.0,0.0,0.0,0.6127939703983711,-0.0,0.0,4.2109999792916435,3.13957154410226,0.35659199953079224,0.0,0.0,0.0,6.80882135219872,0.015636293217539787,0.0,0.0,0.0,0.0,0.015636293217539787,0.0,947.0,0.0,0.015636293217539787,0.0,0.999997615814209,0.000819474458694458
23.99997329711914,102.94236755371094,1.0797510185511783e-5,0.0,0.0,0.0,0.0,0.6351984944720519,-0.0,0.0,4.217499950953892,3.146071515764509,0.44169700145721436,0.0,0.0,0.0,7.057760488789046,0.01884244700196998,0.0,0.0,0.0,0.0,0.01884244700196998,0.0,948.0,0.0,1.2338569164276123,0.0,0.9999955892562866,0.0018954873085021973
23.999984741210938,94.74653625488281,1.0797186405397952e-5,0.0,0.0,0.0,0.0,0.6529858931540135,-0.0,0.0,4.2158571788242885,3.144428471156529,0.3568120002746582,0.0,0.0,0.0,7.255398236215115,0.017239607870578766,0.0,0.0,0.0,0.0,0.017239607870578766,0.0,949.0,0.0,0.017239607870578766,0.0,0.9999999403953552,0.0005304813385009766
23.999984741210938,94.07530975341797,1.079686262528412e-5,0.0,0.0,0.0,0.0,0.5647209198019754,-0.0,0.0,4.208928598676409,3.1374998910086496,0.37003299593925476,0.0,0.0,0.0,6.274676388022129,0.3035907094510162,0.0,0.0,0.0,0.0,0.3035907094510162,0.0,950.0,0.0,0.30359071493148804,0.0,0.9999999403953552,0.004431635141372681
23.999984741210938,93.40408325195312,1.079653884517029e-5,0.0,0.0,0.0,0.0,0.586472334282227,-0.0,0.0,4.205428613935198,3.1339999062674386,0.3545230031013489,0.0,0.0,0.0,6.516358751928847,0.015668015801866223,0.0,0.0,0.0,0.0,0.015668015801866223,0.0,951.0,0.0,0.01566801592707634,0.0,1.0,0.012818396091461182
23.999984741210938,92.73285675048828,1.0796215065056458e-5,0.0,0.0,0.0,0.0,0.572978498343448,-0.0,0.0,4.200500025068011,3.129071317400251,0.36533498764038086,0.0,0.0,0.0,6.366427253413455,0.013237644505245729,0.0,0.0,0.0,0.0,0.013237644505245729,0.0,952.0,0.0,0.013237644918262959,0.0,0.9999998807907104,0.1101256012916565
23.999984741210938,92.06163024902344,1.0795891284942627e-5,0.0,0.0,0.0,0.0,0.20795825585535704,-0.0,-0.01,4.191928536551339,3.1204999651227676,0.3550240099430084,0.0,0.0,0.12319578230381012,2.421758205928802,2.391857624053955,0.0,0.0,0.0,0.0,0.0,2.391857624053955,953.0,0.12319578230381012,-2.391857624053955,0.012317657470703125,0.0012656152248382568,0.970321774482727
23.992176055908203,175.24954223632812,0.12320288270711899,0.0,0.0,0.0,0.0,0.15317362168510074,-0.0,-0.01,4.168142809186663,3.0967142377580914,0.4322409927845001,0.0,0.0,1.0282315015792847,1.8130400968580798,0.023853219317727454,0.0,0.0,0.0,0.0,0.023853219317727454,0.0,954.0,1.0282315015792847,1.4581950902938843,0.11514043807983398,0.002082735300064087,0.0003935694694519043
23.999984741210938,106.66146087646484,1.151399850845337,0.0,0.0,0.0,0.0,-0.01,-0.0,-0.01,4.116285678318569,3.044857243129185,0.5608029961585999,0.0,0.0,0.6420930379428285,0.0,0.0,0.0,0.0,0.0,0.0,0.0,0.0,955.0,0.7191969752311707,0.0,0.9975190758705139,0.0001728832721710205,0.050392866134643555
23.990121841430664,105.990234375,1.7934391498565674,0.0,0.0,0.0,0.0,-0.01,-0.0,-0.01,4.019428607395717,2.9479998997279577,0.09404999762773514,0.4222540259361267,0.0,0.0,0.0,0.0,0.0,0.0,0.0,0.0,0.0,0.0,956.0,-1.79338538646698,0.0,0.9959737062454224,0.00014793872833251953,0.07353603839874268
23.982315063476562,105.31900787353516,1.3625268936157227,0.0,0.0,0.0,0.0,-0.01,-0.0,-0.01,3.929071371895926,2.857642800467355,0.0,0.44597598910331726,0.0,0.0,0.0,0.0,0.0,0.0,0.0,0.0,0.0,0.0,957.0,-1.3624860048294067,0.0,0.11263975501060486,2.8014183044433594e-6,0.0012899935245513916
23.972280502319336,104.64778137207031,0.9074221849441528,0.0,0.0,0.0,0.0,-0.01,-0.0,-0.01,3.903428568158831,2.8319998604910714,0.0,0.4291419982910156,0.0,0.0,0.0,0.0,0.0,0.0,0.0,0.0,0.0,0.0,958.0,-0.9073950052261353,0.0,0.2487812638282776,2.9802322387695312e-6,2.1159648895263672e-5
23.96291160583496,103.97655487060547,0.4695081114768982,0.0,0.0,0.0,0.0,-0.16430545188357598,-0.0,-0.01,3.891571399143764,2.8201429639543805,0.0,0.42292600870132446,0.0,0.0,0.0,0.0,0.5143514858400948,0.0,0.037178100475060205,0.0,0.0,0.551529586315155,959.0,-0.4694940447807312,-0.551529586315155,0.5441064238548279,0.012127876281738281,0.2681959867477417
23.95407485961914,62.90943908691406,1.4131235730019398e-5,0.0,0.0,0.0,0.0,-0.34876317277602986,-0.0,0.0,3.888714327130999,2.8172857557024273,0.0,0.0,0.3358609974384308,0.0,0.0,0.0,0.8266828656196594,0.0,0.0,0.0,0.0,0.8266828656196594,960.0,0.0,-0.8266828656196594,0.999488353729248,0.005654573440551758,0.34389281272888184
23.942670822143555,75.02093505859375,1.4130811905488372e-5,0.0,0.0,0.0,0.0,-0.15580838123024582,-0.0,0.0,3.88950001852853,2.8180713108607702,0.0,0.0,0.24664999544620514,0.0,0.0,0.0,0.27271125468371904,0.0,0.0,0.0,0.27271125468371904,0.0,961.0,0.0,0.8138808608055115,1.0,7.039308547973633e-5,0.00025525689125061035
23.999984741210938,64.02507781982422,1.4130388080957346e-5,0.0,0.0,0.0,0.0,-0.06413070367299323,-0.0,0.0,4.074428503853934,3.0029999324253627,0.0,0.0,0.21376900374889374,0.0,0.0,0.0,0.0,0.0,0.0,0.0,0.0,0.0,962.0,0.0,0.0,1.0,0.0001361072063446045,8.314847946166992e-6
23.99164390563965,63.35384750366211,1.412996425642632e-5,0.0,0.0,0.0,0.0,-0.05868720049409859,-0.0,0.0,4.0676428386143275,2.9962144034249443,0.0,0.0,0.1956239938735962,0.0,0.0,0.0,0.0,0.0,0.0,0.0,0.0,0.0,963.0,0.0,0.0,1.0,0.0010696053504943848,0.0014358460903167725
23.980743408203125,62.6826171875,1.4129540431895293e-5,0.0,0.0,0.0,0.0,-0.054591301762711986,-0.0,0.0,4.051142774309431,2.979714202880859,0.0,0.0,0.1819709986448288,0.0,0.0,0.0,0.0,0.0,0.0,0.0,0.0,0.0,964.0,0.0,0.0,1.0,0.004081398248672485,0.010024189949035645
23.969837188720703,62.01138687133789,1.4129116607364267e-5,0.0,0.0,0.0,0.0,-0.5975326507303169,-0.0,0.0,4.01992860521589,2.9484998975481305,0.0,0.0,0.17693200707435608,0.0,0.0,0.0,1.8148434162139893,0.0,0.0,0.0,0.0,1.8148434162139893,965.0,0.0,-1.8148434162139893,1.0,0.010160952806472778,0.8997799158096313
23.777137756347656,163.96286010742188,1.4128692782833241e-5,0.0,0.0,0.0,0.0,-0.05532150190359353,-0.0,0.0,4.010857118879046,2.939428547450474,0.0,0.0,0.18440499901771545,0.0,0.0,0.0,0.0,0.0,0.0,0.0,0.0,0.0,966.0,0.0,0.0,0.0014470815658569336,0.006659954786300659,0.0
23.766220092773438,163.2916259765625,1.4128268958302215e-5,0.0,0.0,0.0,0.0,-0.022482727520037087,-0.0,0.0,4.078500011989048,3.007071576799665,0.20914900302886963,0.0,0.0,0.0,0.0,0.3266509771347046,0.074942422088846,0.0,0.0,0.0,0.4015933992235506,0.0,967.0,0.002511816332116723,2.303764820098877,0.00024959444999694824,0.07203799486160278,0.0
23.999984741210938,152.8552703857422,1.4127845133771189e-5,0.0,0.0,0.0,0.0,0.14430131940843002,-0.0,0.0,4.176357214791434,3.1049286433628627,0.3046970069408417,0.0,0.0,0.0,1.6033478660043579,0.016655118996252556,0.0,0.0,0.0,0.0,0.016655118996252556,0.0,968.0,0.00019021573825739324,1.4785605669021606,1.7434358596801758e-5,0.12663114070892334,3.2395124435424805e-5
23.999984741210938,108.04608154296875,1.4127421309240162e-5,0.0,0.0,0.0,0.0,-0.01,-0.0,-0.01,4.332642909458706,3.261214338030134,0.5739210247993469,0.0,0.0,1.3599890973614492,0.0,1.8829848766326904,0.0,0.0,0.0,0.0,0.0,1.8829848766326904,969.0,3.473078966140747,-1.8829848766326904,0.9981245994567871,0.05716049671173096,0.9631780385971069
23.946208953857422,174.1065673828125,1.3599624633789062,0.0,0.0,0.0,0.0,0.412394782504776,-0.0,-0.01,4.457928603036063,3.3864998953683036,0.3511449992656708,0.0,0.0,0.0,4.693274988176186,0.20338009452645073,0.0,0.0,0.0,0.0,0.20338009452645073,0.0,970.0,-1.3599216938018799,2.2208986282348633,0.0,1.0,1.3113021850585938e-6
23.999984741210938,164.2373809814453,1.3599216938018799,0.0,0.0,0.0,0.0,0.5062928463317505,-0.0,-0.01,4.560642869131906,3.4892144339425224,0.41851499676704407,0.0,0.0,0.0,5.736586725560934,0.06454786077329468,0.0,0.0,0.0,0.0,0.06454786077329468,0.0,971.0,-1.3598809242248535,1.9238053560256958,0.0,1.0,2.1457672119140625e-6
23.999984741210938,148.7320556640625,1.3598809242248535,0.0,0.0,0.0,0.0,0.6332842384405295,-0.0,-0.01,4.645142909458706,3.573714338030134,0.387798011302948,0.0,0.0,0.0,7.147602081298828,0.0,0.0,0.0,0.0,0.0,0.0,0.0,972.0,-1.3598401546478271,0.009998557157814503,0.0,1.0,1.5109777450561523e-5
23.993019104003906,148.06082153320312,1.3598401546478271,0.0,0.0,0.0,0.0,0.7282753837237734,-0.0,-0.01,4.713214274815151,3.6417857033865793,0.35224100947380066,0.0,0.0,0.0,8.203059167232455,0.0194006258583647,0.0,0.0,0.0,0.0,0.0194006258583647,0.0,973.0,-1.3597993850708008,0.01940062642097473,0.0,1.0,0.0007631480693817139
23.999984741210938,147.38958740234375,1.3597993850708008,0.0,0.0,0.0,0.0,0.7263395608536019,-0.0,-0.01,4.767000007629394,3.695571436200823,0.36559998989105225,0.0,0.0,0.0,8.181550025939941,0.0,0.0,0.0,0.0,0.0,0.0,0.0,974.0,-1.3597586154937744,0.009440261870622635,0.0,1.0,0.004553318023681641
23.993234634399414,146.71835327148438,1.3597586154937744,0.0,0.0,0.0,0.0,0.6710512757453807,-0.0,-0.01,4.807499967302594,3.7360713958740233,0.3816930055618286,0.0,0.0,0.0,7.567235795781016,0.01872125454246998,0.0,0.0,0.0,0.0,0.01872125454246998,0.0,975.0,-1.359717845916748,0.01872125454246998,0.0,1.0,0.008441746234893799
23.999984741210938,146.047119140625,1.359717845916748,0.0,0.0,0.0,0.0,0.5764533747397533,-0.0,-0.01,4.833142907278878,3.7617143358503067,0.36090201139450073,0.0,0.0,0.0,6.516148090362549,0.0,0.0,0.0,0.0,0.0,0.0,0.0,976.0,-1.3596770763397217,0.009311068803071976,0.0,1.0,0.005708038806915283
23.993234634399414,145.37588500976562,1.3596770763397217,0.0,0.0,0.0,0.0,0.3339479076026191,-0.0,-0.01,4.8482857567923405,3.7768571853637694,0.35043901205062866,0.0,0.0,0.0,3.821643114089966,1.1393678188323975,0.0,0.0,0.0,0.0,0.0,1.1393678188323975,977.0,-1.3596363067626953,-1.1393678188323975,0.0,0.7223725318908691,0.9664337635040283
23.98648452758789,174.62747192382812,1.3596363067626953,0.0,0.0,0.0,0.0,0.25323770738837653,-0.0,-0.01,4.847000067574637,3.775571496146066,0.42738398909568787,0.0,0.0,0.0,2.92486318297916,0.0278529291576807,0.0,0.0,0.0,0.0,0.0278529291576807,0.0,978.0,-1.359595537185669,1.7890520095825195,0.0,1.0,0.017231404781341553
23.999984741210938,152.29656982421875,1.359595537185669,0.0,0.0,0.0,0.0,0.06444054669155558,-0.0,-0.01,4.80999995640346,3.7385713849748883,0.5543270111083984,0.0,0.0,0.0,0.8271171197283645,0.00935586840029751,0.0,0.0,0.0,0.0,0.00935586840029751,0.0,979.0,-1.3595547676086426,0.9223880171775818,0.0,1.0,0.3556540012359619
23.999984741210938,143.036376953125,1.3595547676086426,0.0,0.0,0.0,0.0,-0.01,-0.0,-0.01,4.6767142977033345,3.605285726274763,0.3106499910354614,0.1943420171737671,0.0,0.0,0.0,0.0,0.0,0.0,0.009622509251772599,0.0,0.009622509251772599,0.0,980.0,-1.3595139980316162,1.5311801433563232,8.940696716308594e-8,0.0028065741062164307,0.025439143180847168
23.999984741210938,129.9374237060547,1.151393175125122,0.0,0.0,0.0,0.0,-0.01,-0.0,-0.01,4.553142765590122,3.4817141941615515,0.0,0.4278999865055084,0.0,0.0,0.0,0.0,0.0,0.0,0.0,0.0,0.0,0.0,981.0,-1.1513586044311523,0.0,3.2782554626464844e-7,0.00037866830825805664,0.02625250816345215
23.993234634399414,129.2661895751953,0.7147391438484192,0.0,0.0,0.0,0.0,-0.01,-0.0,-0.01,4.524285670689174,3.4528570992606027,0.0,0.4082370102405548,0.0,0.0,0.0,0.0,0.0,0.0,0.0,0.0,0.0,0.0,982.0,-0.7147176861763,0.0,0.00011372566223144531,2.512335777282715e-5,0.00036278367042541504
23.98648452758789,128.59495544433594,0.2981618344783783,0.0,0.0,0.0,0.0,-0.04503345815735835,-0.0,-0.01,4.509571429661342,3.4381427219935827,0.0,0.2921898123865674,0.11677818921751282,0.0,0.0,0.0,0.0,0.0,0.0,0.0,0.0,0.0,983.0,-0.298152893781662,0.0,0.006267726421356201,2.4110078811645508e-5,7.0035457611083984e-6
23.979734420776367,127.9237289428711,8.970229828264564e-6,0.0,0.0,0.0,0.0,-0.14272034997071073,-0.0,0.0,4.498357173374721,3.4269286019461496,0.0,0.0,0.43571901321411133,0.0,0.0,0.0,0.0400154677842679,0.0,0.0,0.0,0.0400154677842679,0.0,984.0,0.0,1.5110201835632324,0.6231751441955566,1.6182661056518555e-5,1.341104507446289e-6
23.999984741210938,119.30498504638672,8.96996061783284e-6,0.0,0.0,0.0,0.0,-0.0917237713178309,-0.0,0.0,4.466714259556362,3.39528568812779,0.0,0.0,0.2956709861755371,0.0,0.0,0.0,0.010074906067982317,0.0,0.0,0.0,0.010074906067982317,0.0,985.0,0.0,1.3745819330215454,0.9869033098220825,4.461407661437988e-5,2.9802322387695312e-8
23.999984741210938,109.50366973876953,8.969691407401115e-6,0.0,0.0,0.0,0.0,-0.06413070367299323,-0.0,0.0,4.406642859322684,3.3352142878941127,0.0,0.0,0.21376900374889374,0.0,0.0,0.0,0.0,0.0,0.0,0.0,0.0,0.0,986.0,0.0,0.0,0.9593664407730103,9.328126907348633e-5,0.0
23.90182876586914,108.83244323730469,8.96942219696939e-6,0.0,0.0,0.0,0.0,-0.05868720049409859,-0.0,0.0,4.339142881120955,3.2677143096923826,0.0,0.0,0.1956239938735962,0.0,0.0,0.0,0.0,0.0,0.0,0.0,0.0,0.0,987.0,0.0,0.0,0.9890360832214355,0.0009665787220001221,0.0
23.89453887939453,108.16121673583984,8.969152986537665e-6,0.0,0.0,0.0,0.0,-0.054591301762711986,-0.0,0.0,4.2625714165823805,3.1911427089146205,0.0,0.0,0.1819709986448288,0.0,0.0,0.0,0.0,0.0,0.0,0.0,0.0,0.0,988.0,0.0,0.0,0.9801444411277771,0.006661653518676758,0.0
23.884668350219727,107.489990234375,8.96888377610594e-6,0.0,0.0,0.0,0.0,-0.05307960423150071,-0.0,0.0,4.206214305332729,3.1347857339041574,0.0,0.0,0.17693200707435608,0.0,0.0,0.0,0.0,0.0,0.0,0.0,0.0,0.0,989.0,0.0,0.0,0.9802305698394775,0.08426976203918457,0.0
23.874784469604492,106.81876373291016,8.968614565674216e-6,0.0,0.0,0.0,0.0,-0.054751501172840555,-0.0,0.0,4.188999938964844,3.1175713675362724,0.0019000000320374966,0.0,0.18250499665737152,0.0,0.0,0.0,0.0,0.0,0.0,0.0,0.0,0.0,990.0,0.0,0.0,0.8823873996734619,0.3030681014060974,0.0
23.682096481323242,106.14753723144531,8.96834535524249e-6,0.0,0.0,0.0,0.0,-0.01,-0.0,-0.01,4.267500005449568,3.196071297781808,0.20914900302886963,0.0,0.0,0.27263699883367565,0.0,0.0,0.0,0.0,0.0,0.0,0.0,0.0,991.0,0.30385100841522217,0.0,0.9988307952880859,0.8000714778900146,1.7881393432617188e-7
23.67219352722168,105.47631072998047,0.2726377844810486,0.0,0.0,0.0,0.0,0.08613995422044982,-0.0,-0.01,4.372642871311733,3.3012141636439734,0.3046970069408417,0.0,0.0,0.0,1.068221628665924,0.748431384563446,0.0,0.0,0.0,0.0,0.748431384563446,0.0,992.0,-0.27262961864471436,0.748431384563446,0.0,0.9999682903289795,0.14521139860153198
23.999826431274414,104.80508422851562,0.27262961864471436,0.0,0.0,0.0,0.0,0.32616457094069723,-0.0,-0.01,4.494142886570522,3.4227144513811383,0.34531301259994507,0.0,0.0,0.0,3.735161602497101,0.13467520475387573,0.0,0.0,0.0,0.0,0.13467520475387573,0.0,993.0,-0.2726214528083801,0.13467520475387573,0.0,0.9999979734420776,0.0023957788944244385
23.999975204467773,104.13385772705078,0.2726214528083801,0.0,0.0,0.0,0.0,0.49750777709048966,-0.0,-0.01,4.605428641183035,3.5340000697544642,0.3511449992656708,0.0,0.0,0.0,5.638974852859974,0.06423025578260422,0.0,0.0,0.0,0.0,0.06423025578260422,0.0,994.0,-0.2726132869720459,0.06423025578260422,0.0,0.9999991655349731,0.0006036162376403809
23.999980926513672,103.46263122558594,0.2726132869720459,0.0,0.0,0.0,0.0,0.6267411520730017,-0.0,-0.01,4.685142871311733,3.6137142998831613,0.3517889976501465,0.0,0.0,0.0,7.074901127437384,0.009910083194940154,0.0,0.0,0.0,0.0,0.009910083194940154,0.0,995.0,-0.27260512113571167,1.0764349699020386,0.0,0.9999988079071045,0.0013238787651062012
23.999984741210938,94.8109359741211,0.27260512113571167,0.0,0.0,0.0,0.0,0.7075711343742285,-0.0,-0.01,4.735142857687814,3.6637142181396483,0.34043800830841064,0.0,0.0,0.0,7.9730119705200195,0.0,0.0,0.0,0.0,0.0,0.0,0.0,996.0,-0.27259695529937744,0.009503773413598537,0.0,0.9999999403953552,0.0029336512088775635
23.993234634399414,94.13970947265625,0.27259695529937744,0.0,0.0,0.0,0.0,0.7391825863734073,-0.0,-0.01,4.772428594316755,3.7010000228881834,0.35224100947380066,0.0,0.0,0.0,8.324250298152537,0.018858832706838746,0.0,0.0,0.0,0.0,0.018858832706838746,0.0,997.0,-0.2725887894630432,0.018858833238482475,0.0,1.0,0.008711695671081543
23.999984741210938,93.4684829711914,0.2725887894630432,0.0,0.0,0.0,0.0,0.7189882449498337,-0.0,-0.01,4.787142835344587,3.7157142639160154,0.4049319922924042,0.0,0.0,0.0,8.09986874461174,0.0850992500782013,0.0,0.0,0.0,0.0,0.0,0.0850992500782013,998.0,-0.272580623626709,-0.0850992500782013,0.0,0.9999995231628418,0.42417067289352417
23.993234634399414,87.86539459228516,0.272580623626709,0.0,0.0,0.0,0.0,0.6780808039162444,-0.0,-0.01,4.786999988555908,3.715571485246931,0.3500570058822632,0.0,0.0,0.0,7.645341658138872,0.018801427340864537,0.0,0.0,0.0,0.0,0.018801427340864537,0.0,999.0,-0.27257245779037476,0.8120485544204712,0.0,1.0,0.052455753087997437
23.999984741210938,86.25532531738281,0.27257245779037476,0.0,0.0,0.0,0.0,0.5778498830675958,-0.0,-0.01,4.775714274815151,3.7042857033865793,0.39478498697280884,0.0,0.0,0.0,6.531664848327637,0.0,0.0,0.0,0.0,0.0,0.0,0.0,1000.0,-0.2725642919540405,0.009423036128282547,0.0,0.9999998807907104,0.12071490287780762
23.993234634399414,85.58409881591797,0.2725642919540405,0.0,0.0,0.0,0.0,0.4335013537718417,-0.0,-0.01,4.744785731179373,3.673357227870396,0.35043901205062866,0.0,0.0,0.0,4.927792428061366,0.018968703225255013,0.0,0.0,0.0,0.0,0.018968703225255013,0.0,1001.0,-0.2725561261177063,0.018968703225255013,0.0,1.0,0.03434160351753235
23.999984741210938,84.91287231445312,0.2725561261177063,0.0,0.0,0.0,0.0,0.2382940862125687,-0.0,-0.01,4.69099999836513,3.6195713588169642,0.42738398909568787,0.0,0.0,0.0,2.758822960888098,0.009593205417444293,0.0,0.0,0.0,0.0,0.009593205417444293,0.0,1002.0,-0.27254796028137207,0.2557412385940552,0.0,0.999993085861206,0.2415844202041626
23.999984741210938,76.4041519165039,0.27254796028137207,0.0,0.0,0.0,0.0,-0.01,-0.0,-0.01,4.583857073102679,3.512428501674107,0.5543270111083984,0.0,0.0,0.15387507857352034,0.0,0.6063075661659241,0.0,0.0,0.0,0.0,0.0,0.6063075661659241,1003.0,0.8326729536056519,-0.6063075661659241,0.9990912675857544,0.9964312314987183,0.6036032438278198
23.993234634399414,116.5746078491211,0.4264102578163147,0.0,0.0,0.0,0.0,-0.01,-0.0,-0.01,4.420071411132812,3.348642839704241,0.2888000011444092,0.21619200706481934,0.0,0.0,0.0,0.0,0.0,0.0,0.020362212302467465,0.0,0.020362212302467465,0.0,1004.0,-0.4263974726200104,1.351366639137268,0.041698187589645386,6.556510925292969e-6,0.00037550926208496094
23.999984741210938,106.84326934814453,0.18502286076545715,0.0,0.0,0.0,0.0,-0.08710521100408226,-0.0,-0.01,4.312857164655413,3.2414285932268414,0.0,0.18131694550547195,0.24658304100003647,0.0,0.0,0.0,0.010434318800618814,0.0,0.0,0.0,0.010434318800618814,0.0,1005.0,-0.18501731753349304,1.1409903764724731,0.7142269611358643,3.3736228942871094e-5,7.176399230957031e-5
23.999984741210938,90.9382095336914,5.572867394221248e-6,0.0,0.0,0.0,0.0,-0.12562685663584439,-0.0,0.0,4.278071485246931,3.206642913818359,0.0,0.0,0.4082370102405548,0.0,0.0,0.0,0.010519161905717904,0.0,0.0,0.0,0.010519161905717904,0.0,1006.0,0.0,0.9898101687431335,0.9026690721511841,5.7220458984375e-5,4.5299530029296875e-5
23.999984741210938,80.87567138671875,5.572700501943473e-6,0.0,0.0,0.0,0.0,-0.12269040535650255,-0.0,0.0,4.2845714569091795,3.2131428854806083,0.0,0.0,0.4089680016040802,0.0,0.0,0.0,0.0,0.0,0.0,0.0,0.0,0.0,1007.0,0.0,0.0,0.9997410774230957,1.3649463653564453e-5,2.205371856689453e-6
23.993234634399414,80.2044448852539,5.5725336096656974e-6,0.0,0.0,0.0,0.0,-0.10032120149617185,-0.0,0.0,4.3091428756713865,3.237714168003627,0.0,0.0,0.33440399169921875,0.0,0.0,0.0,0.0,0.0,0.0,0.0,0.0,0.0,1008.0,0.0,0.0,0.9999915361404419,0.00013753771781921387,7.748603820800781e-7
23.98648452758789,79.53321838378906,5.572366717387922e-6,0.0,0.0,0.0,0.0,-0.07418730255712269,-0.0,0.0,4.334357070922851,3.26292849949428,0.0,0.0,0.24729099869728088,0.0,0.0,0.0,0.0,0.0,0.0,0.0,0.0,0.0,1009.0,0.0,0.0,1.0,0.0006289184093475342,1.1920928955078125e-7
23.979734420776367,78.86199188232422,5.572199825110147e-6,0.0,0.0,0.0,0.0,-0.06413070367299323,-0.0,0.0,4.356000028337752,3.2845714569091795,0.0,0.0,0.21376900374889374,0.0,0.0,0.0,0.0,0.0,0.0,0.0,0.0,0.0,1010.0,0.0,0.0,1.0,0.0006181299686431885,1.1920928955078125e-7
23.972984313964844,78.19076538085938,5.5720329328323714e-6,0.0,0.0,0.0,0.0,-0.05868720049409859,-0.0,0.0,4.367928586687361,3.296500015258789,0.0,0.0,0.1956239938735962,0.0,0.0,0.0,0.0,0.0,0.0,0.0,0.0,0.0,1011.0,0.0,0.0,1.0,0.0019272863864898682,1.1920928955078125e-7
23.96520233154297,77.51953887939453,5.571866040554596e-6,0.0,0.0,0.0,0.0,-0.054591301762711986,-0.0,0.0,4.372428567068917,3.3009999956403457,0.0,0.0,0.1819709986448288,0.0,0.0,0.0,0.0,0.0,0.0,0.0,0.0,0.0,1012.0,0.0,0.0,1.0,0.013512879610061646,7.152557373046875e-7
23.95637321472168,76.84831237792969,5.571699148276821e-6,0.0,0.0,0.0,0.0,-0.05307960423150071,-0.0,0.0,4.336571502685547,3.2651429312569755,0.0,0.0,0.17693200707435608,0.0,0.0,0.0,0.0,0.0,0.0,0.0,0.0,0.0,1013.0,0.0,0.0,1.0,0.05329793691635132,0.0012020766735076904
23.764724731445312,76.17708587646484,5.5715322559990454e-6,0.0,0.0,0.0,0.0,-0.05446650304263834,-0.0,0.0,4.318428530011858,3.2469999585832867,0.002850000048056245,0.0,0.18155500292778015,0.0,0.0,0.0,0.0,0.0,0.0,0.0,0.0,0.0,1014.0,0.0,0.0,1.0,0.308271586894989,0.0577048659324646
23.573068618774414,75.505859375,5.57136536372127e-6,0.0,0.0,0.0,0.0,-0.01,-0.0,-0.01,4.406428555079868,3.334999847412109,0.20914900302886963,0.0,0.0,0.33966893737985515,0.0,0.0,0.0,0.0,0.0,0.0,0.0,0.0,1015.0,0.37585097551345825,0.0,1.0,0.6346055865287781,0.24483853578567505
23.562175750732422,74.83463287353516,0.3396643102169037,0.0,0.0,0.0,0.0,-0.01,-0.0,-0.01,4.504571451459612,3.4331427437918527,0.3046970069408417,0.0,0.0,1.0381640850897043,0.0,0.654701828956604,0.0,0.0,0.0,0.0,0.654701828956604,0.0,1016.0,1.820302963256836,0.654701828956604,0.9997023344039917,0.9987316131591797,0.3467678129673004
23.993642807006836,74.16340637207031,1.3777871131896973,0.0,0.0,0.0,0.0,-0.01,-0.0,-0.01,4.613785689217703,3.542357117789132,0.34531301259994507,0.0,0.0,3.453208384262798,0.0,0.022205037230755724,0.0,0.0,0.0,0.0,0.022205037230755724,0.0,1017.0,3.7506871223449707,0.15550784766674042,0.9997832775115967,0.9815354347229004,0.17764052748680115
23.999984741210938,58.98503875732422,4.830850601196289,0.0,0.0,0.0,0.0,0.02281886631536141,-0.0,-0.01,4.790571430751255,3.7191428593226843,0.3511449992656708,0.0,0.0,4.599999904632568,0.3646540411905823,0.26277387142181396,0.0,0.0,0.0,0.0,0.0,0.26277387142181396,1018.0,4.599999904632568,-0.26277387142181396,0.9862841367721558,0.9523831009864807,0.28740936517715454
23.99183464050293,65.98358154296875,9.430567741394043,0.0,0.0,0.0,0.0,0.590782508912283,-0.0,-0.01,4.971285765511649,3.8998571940830775,0.3517889976501465,0.0,0.0,0.0,6.675360679626465,0.0,0.0,0.0,0.0,0.0,0.0,0.0,1019.0,-4.599999904632568,0.0,1.4007091522216797e-6,0.9593425989151001,0.0042115747928619385
23.984819412231445,65.3123550415039,9.430285453796387,0.0,0.0,0.0,0.0,0.6624271068912401,-0.0,-0.01,5.093071474347796,4.021642902919224,0.34043800830841064,0.0,0.0,0.0,7.47141170501709,0.0,0.0,0.0,0.0,0.0,0.0,0.0,1020.0,-4.599999904632568,0.0,0.0,0.970426082611084,0.13078290224075317
23.978069305419922,64.64112854003906,9.43000316619873,0.0,0.0,0.0,0.0,0.6112219946560826,-0.0,-0.01,5.189571462358747,4.118142890930176,0.35224100947380066,0.0,0.0,0.0,6.902466058731079,0.8934423923492432,0.0,0.0,0.0,0.0,0.0,0.8934423923492432,1021.0,-4.599999904632568,-0.8934423923492432,2.9802322387695312e-8,0.6157447099685669,0.6708421111106873
23.9713191986084,127.33283233642578,9.429720878601074,0.0,0.0,0.0,0.0,0.6423383843770302,-0.0,-0.01,5.272785677228655,4.201357105800083,0.36559998989105225,0.0,0.0,0.0,7.248203694820404,0.42034631967544556,0.0,0.0,0.0,0.0,0.0,0.42034631967544556,1022.0,-4.599999904632568,-0.42034631967544556,0.0,0.9999750256538391,0.8686978220939636
23.964569091796875,158.98973083496094,9.429438591003418,0.0,0.0,0.0,0.0,0.6140467123426339,-0.0,-0.01,5.324428503853934,4.252999932425363,0.3500570058822632,0.0,0.0,0.0,6.933851808309555,0.12039127945899963,0.0,0.0,0.0,0.0,0.0,0.12039127945899963,1023.0,-4.599999904632568,-0.12039127945899963,0.0,0.9999998807907104,0.9258750677108765
23.95781898498535,168.13809204101562,9.429156303405762,0.0,0.0,0.0,0.0,0.4726558955634329,-0.0,-0.01,5.349357141767229,4.277928570338657,0.36090201139450073,0.0,0.0,0.0,5.362842857837677,0.5025550723075867,0.0,0.0,0.0,0.0,0.0,0.5025550723075867,1024.0,-4.599999904632568,-0.5025550723075867,0.0,0.9999995231628418,0.9999809265136719
23.951068878173828,179.9950408935547,9.428874015808105,0.0,0.0,0.0,0.0,0.30269700508888453,-0.0,-0.01,5.345214244297573,4.273785672869002,0.35043901205062866,0.0,0.0,0.0,3.474410891532898,0.6686497926712036,0.0,0.0,0.0,0.0,0.0,0.6686497926712036,1025.0,-4.599999904632568,-0.6686497926712036,5.960464477539063e-8,0.9999885559082031,0.9999998807907104
23.944318771362305,179.99806213378906,9.42859172821045,0.0,0.0,0.0,0.0,0.15597258508484166,-0.0,-0.01,5.308357184273856,4.2369286128452845,0.42738398909568787,0.0,0.0,0.0,1.844139687716961,0.12342620640993118,0.0,0.0,0.0,0.0,0.0,0.12342620640993118,1026.0,-4.599999904632568,-0.12342620640993118,0.0,1.0,1.0
23.93756866455078,179.99807739257812,9.428309440612793,0.0,0.0,0.0,0.0,0.02707617279499138,-0.0,-0.01,5.2270714351109095,4.155642863682338,0.5543270111083984,0.0,0.0,0.0,0.41195744276046753,0.08821552991867065,0.0,0.0,0.0,0.0,0.08821552991867065,0.0,1027.0,-4.599999904632568,0.08821552991867065,0.0,1.0,1.0
23.999984741210938,179.32684326171875,9.428027153015137,0.0,0.0,0.0,0.0,-0.01,-0.0,-0.01,5.056785665239606,3.985357093811035,0.2849999964237213,0.2199920117855072,0.0,0.0,0.0,0.0,0.0,0.0,0.1206708680731221,0.0,0.0,0.1206708680731221,1028.0,-4.599999904632568,-0.1206708699464798,8.285045623779297e-6,1.0,1.0
23.993234634399414,179.99807739257812,9.080140113830566,0.0,0.0,0.0,0.0,-0.01,-0.0,-0.01,4.9145714351109095,3.8431428636823384,0.0,0.4278999865055084,0.0,0.0,0.0,0.0,0.0,0.0,0.13542334129973863,0.0,0.0,0.13542334129973863,1029.0,-4.599999904632568,-0.13542334735393524,3.159046173095703e-6,1.0,1.0
23.98648452758789,179.99807739257812,8.505064964294434,0.0,0.0,0.0,0.0,-0.01,-0.0,-0.01,4.842714255196707,3.771285683768136,0.0,0.4082370102405548,0.0,0.0,0.0,0.0,0.0,0.0,0.027877578511834145,0.0,0.027877578511834145,0.0,1030.0,-4.599999904632568,0.027877578511834145,8.940696716308594e-8,1.0,1.0
23.999984741210938,179.32684326171875,8.059808731079102,0.0,0.0,0.0,0.0,-0.01,-0.0,-0.01,4.79228572845459,3.7208571570260185,0.0,0.4089680016040802,0.0,0.0,0.0,0.0,0.0,0.0,0.018809575587511063,0.0,0.0,0.018809575587511063,1031.0,-4.599999904632568,-0.018809575587511063,1.1920928955078125e-7,0.9999988675117493,0.9999984502792358
23.993234634399414,179.99783325195312,7.623072624206543,0.0,0.0,0.0,0.0,-0.01,-0.0,-0.01,4.745857116154262,3.6744286128452845,0.0,0.33440399169921875,0.0,0.0,0.0,0.0,0.0,0.0,0.0,0.0,0.0,0.0,1032.0,-4.599999904632568,0.0,5.960464477539063e-8,0.24171766638755798,0.03317594528198242
23.98648452758789,179.32659912109375,7.281625747680664,0.0,0.0,0.0,0.0,-0.01,-0.0,-0.01,4.698642880575997,3.6272143772670202,0.0,0.24729099869728088,0.0,0.0,0.0,0.0,0.0,0.0,0.03019513289333594,0.0,0.03019513289333594,0.0,1033.0,-4.599999904632568,1.808194637298584,0.021122843027114868,0.0002651810646057129,5.960464477539063e-8
23.999984741210938,145.78099060058594,6.998266696929932,0.0,0.0,0.0,0.0,-0.01,-0.0,-0.01,4.665499973297119,3.5940714699881418,0.0,0.21376900374889374,0.0,0.0,0.0,0.0,0.0,0.0,0.0,0.0,0.0,0.0,1034.0,-4.599999904632568,0.0,1.1920928955078125e-6,0.01445797085762024,0.0003171861171722412
23.991153717041016,145.10975646972656,6.779932022094727,0.0,0.0,0.0,0.0,-0.01,-0.0,-0.01,4.638857105800083,3.5674285343715124,0.0,0.1956239938735962,0.0,0.0,0.0,0.0,0.0,0.0,0.0,0.0,0.0,0.0,1035.0,-4.599999904632568,0.0,9.715557098388672e-6,0.0010016262531280518,1.8775463104248047e-6
23.98027229309082,144.4385223388672,6.580118656158447,0.0,0.0,0.0,0.0,-0.01,-0.0,-0.01,4.616428593226841,3.5450000217982702,0.0,0.1819709986448288,0.0,0.0,0.0,0.0,0.0,0.0,0.0,0.0,0.0,0.0,1036.0,-4.599999904632568,0.0,9.834766387939453e-7,0.0002944767475128174,0.0003921985626220703
23.78963851928711,143.7672882080078,6.394242286682129,0.0,0.0,0.0,0.0,-0.01,-0.0,-0.01,4.602285739353725,3.5308571679251535,0.0,0.17693200707435608,0.0,0.0,0.0,0.0,0.0,0.0,0.0,0.0,0.0,0.0,1037.0,-4.599999904632568,0.0,0.0,0.0007849335670471191,7.4803829193115234e-6
23.596965789794922,143.09605407714844,6.213512897491455,0.0,0.0,0.0,0.0,-0.01,-0.0,-0.01,4.589357049124581,3.51792847769601,0.0,0.18440499901771545,0.0,0.0,0.0,0.0,0.0,0.0,0.0,0.0,0.0,0.0,1038.0,-4.599999904632568,0.0,0.0,0.0008234679698944092,0.0
23.58708953857422,142.42481994628906,6.025163650512695,0.0,0.0,0.0,0.0,0.002469590701229568,-0.0,-0.01,4.621428571428571,3.55,0.20914900302886963,0.0,0.0,0.0,0.1385509967803955,0.0,0.0,0.0,0.0,0.0,0.0,0.0,1039.0,-4.599999904632568,0.0,0.0,0.3150649964809418,0.0
23.577213287353516,141.7535858154297,6.024982929229736,0.0,0.0,0.0,0.0,0.028461421208494417,-0.0,-0.01,4.668000030517578,3.5965714590890068,0.3046970069408417,0.0,0.0,0.0,0.4273490905761719,0.6179038286209106,0.0,0.0,0.0,0.0,0.6179038286209106,0.0,1040.0,-4.599999904632568,0.6179038286209106,0.0,1.0,1.1324882507324219e-6
23.999984741210938,141.0823516845703,6.024802207946777,0.0,0.0,0.0,0.0,0.251902888548108,-0.0,-0.01,4.754499994005475,3.68307135445731,0.34531301259994507,0.0,0.0,0.0,2.910031863710419,0.01170485351370208,0.0,0.0,0.0,0.0,0.01170485351370208,0.0,1041.0,-4.599999904632568,1.536394476890564,0.0,1.0,1.6987323760986328e-6
23.999984741210938,128.51992797851562,6.024621486663818,0.0,0.0,0.0,0.0,0.329210933405904,-0.0,-0.01,4.87292856488909,3.801499993460519,0.3511449992656708,0.0,0.0,0.0,3.769010071642697,0.011394734494388103,0.0,0.0,0.0,0.0,0.011394734494388103,0.0,1042.0,-4.599999904632568,0.011394734494388103,0.0,1.0,1.1026859283447266e-6
23.999984741210938,127.84870147705078,6.024440765380859,0.0,0.0,0.0,0.0,0.2835291413927747,-0.0,-0.01,4.967499950953892,3.8960713795253206,0.375667005777359,0.0,0.0,0.0,3.2614346451686202,0.011848359592121781,0.0,0.0,0.0,0.0,0.011848359592121781,0.0,1043.0,-4.599999904632568,1.329708218574524,0.0,1.0,2.9802322387695312e-8
23.999984741210938,119.35233306884766,6.0242600440979,0.0,0.0,0.0,0.0,0.20269356987425144,-0.0,-0.01,5.018928609575544,3.9475000381469725,0.34043800830841064,0.0,0.0,0.0,2.3632616996765137,0.0,0.0,0.0,0.0,0.0,0.0,0.0,1044.0,-4.599999904632568,0.009438015520572662,0.0,1.0,0.0
23.99287986755371,118.68110656738281,6.024079322814941,0.0,0.0,0.0,0.0,0.17380223900615804,-0.0,-0.01,5.039785739353725,3.9683571679251535,0.413224995136261,0.0,0.0,0.0,2.0422469377652153,0.018328070627118827,0.0,0.0,0.0,0.0,0.018328070627118827,0.0,1045.0,-4.599999904632568,1.1689502000808716,0.0,1.0,0.0
23.999984741210938,108.961181640625,6.023898601531982,0.0,0.0,0.0,0.0,0.1525079760955148,-0.0,-0.01,5.028571483067104,3.9571429116385324,0.42115598917007446,0.0,0.0,0.0,1.8056440353393555,0.0,0.0,0.0,0.0,0.0,0.0,0.0,1046.0,-4.599999904632568,0.00894920714199543,0.0,1.0,1.4901161193847656e-7
23.993234634399414,108.28995513916016,6.023717880249023,0.0,0.0,0.0,0.0,0.12161668482202999,-0.0,-0.01,5.001928547450474,3.9304999760219026,0.3654490113258362,0.0,0.0,0.0,1.4624074929119588,0.017993546211576394,0.0,0.0,0.0,0.0,0.017993546211576394,0.0,1047.0,-4.599999904632568,0.017993547022342682,0.0,1.0,0.002260923385620117
23.999984741210938,107.61872863769531,6.0235371589660645,0.0,0.0,0.0,0.0,0.037439199283853884,-0.0,-0.01,4.976571437290737,3.905142865862165,0.36090201139450073,0.0,0.0,0.0,0.5271021723747253,0.758345901966095,0.0,0.0,0.0,0.0,0.0,0.758345901966095,1048.0,-4.599999904632568,-0.758345901966095,0.0,1.0,0.8984004259109497
23.993234634399414,163.74215698242188,6.0233564376831055,0.0,0.0,0.0,0.0,0.04262049795154689,-0.0,-0.01,4.968428557259696,3.8969999858311244,0.35043901205062866,0.0,0.0,0.0,0.5846721529960632,0.35498881340026855,0.0,0.0,0.0,0.0,0.0,0.35498881340026855,1049.0,-4.599999904632568,-0.35498881340026855,0.0,1.0,0.999997615814209
23.98648452758789,179.99769592285156,6.0231757164001465,0.0,0.0,0.0,0.0,0.030756700830189734,-0.0,-0.01,4.994571495056152,3.923142923627581,0.42738398909568787,0.0,0.0,0.0,0.45285219545709293,0.3452637732471307,0.0,0.0,0.0,0.0,0.0,0.3452637732471307,1050.0,-4.599999904632568,-0.3452637791633606,0.0,1.0,1.0
23.979734420776367,179.99807739257812,6.0229949951171875,0.0,0.0,0.0,0.0,-0.005351084827717949,-0.0,-0.01,4.990142904009137,3.9187143325805662,0.5543270111083984,0.0,0.0,0.0,0.05165460892021656,0.023868350312113762,0.0,0.0,0.0,0.0,0.0,0.023868350312113762,1051.0,-4.599999904632568,-0.023868350312113762,0.0,1.0,1.0
23.972984313964844,179.99807739257812,6.0228142738342285,0.0,0.0,0.0,0.0,-0.01,-0.0,-0.01,4.935642869131906,3.8642142977033345,0.17384999990463257,0.33114200830459595,0.0,0.0,0.0,0.0,0.0,0.0,0.16103487497712107,0.0,0.0,0.16103487497712107,1052.0,-4.599999904632568,-0.16103488206863403,0.0,1.0,1.0
23.96623420715332,179.99807739257812,5.520427227020264,0.0,0.0,0.0,0.0,-0.01,-0.0,-0.01,4.908428546360561,3.8369999749319894,0.0,0.4278999865055084,0.0,0.0,0.0,0.0,0.0,0.0,0.1343529373407364,0.0,0.0,0.1343529373407364,1053.0,-4.599999904632568,-0.1343529373407364,0.0,1.0,1.0
23.959484100341797,179.99807739257812,4.946551322937012,0.0,0.0,0.0,0.0,-0.01,-0.0,-0.01,4.918500028337751,3.8470714569091795,0.0,0.4082370102405548,0.0,0.0,0.0,0.0,0.0,0.0,0.06404513287947934,0.0,0.06404513287947934,0.0,1054.0,-4.599999904632568,1.9216986894607544,0.0,0.026696056127548218,0.010521173477172852
23.999984741210938,163.4626922607422,4.464497089385986,0.0,0.0,0.0,0.0,-0.01,-0.0,-0.01,4.923571395874023,3.852142824445452,0.0,0.4089680016040802,0.0,0.0,0.0,0.0,0.0,0.0,0.009140057689680136,0.0,0.009140057689680136,0.0,1055.0,-4.464363098144531,1.6964044570922852,0.0003985464572906494,6.729364395141602e-5,5.364418029785156e-7
23.999984741210938,145.3223876953125,4.0377349853515625,0.0,0.0,0.0,0.0,-0.01,-0.0,-0.01,4.935357175554548,3.8639286041259764,0.0,0.33440399169921875,0.0,0.0,0.0,0.0,0.0,0.0,0.0,0.0,0.0,0.0,1056.0,-4.037613868713379,0.0,4.351139068603516e-6,0.004014492034912109,5.692243576049805e-6
23.993234634399414,144.65115356445312,3.6963956356048584,0.0,0.0,0.0,0.0,-0.01,-0.0,-0.01,4.945642825535366,3.874214254106794,0.0,0.24729099869728088,0.0,0.0,0.0,0.0,0.0,0.0,0.0,0.0,0.0,0.0,1057.0,-3.696284770965576,0.0,5.513429641723633e-6,0.00319865345954895,2.9802322387695312e-8
23.98648452758789,143.97991943359375,3.4439547061920166,0.0,0.0,0.0,0.0,-0.01,-0.0,-0.01,4.940142849513462,3.868714278084891,0.0,0.23910300433635712,0.0,0.0,0.0,0.0,0.0,0.0,0.0,0.0,0.0,0.0,1058.0,-3.4438514709472656,0.0,8.255243301391602e-6,0.003098994493484497,0.0
23.978702545166016,143.30868530273438,3.199876070022583,0.0,0.0,0.0,0.0,-0.01,-0.0,-0.01,4.910285758972168,3.8388571875435966,0.0,0.1956239938735962,0.0,0.0,0.0,0.0,0.0,0.0,0.0,0.0,0.0,0.0,1059.0,-3.199780225753784,0.0,0.00013622641563415527,0.0016708076000213623,0.0
23.971923828125,142.637451171875,3.0001697540283203,0.0,0.0,0.0,0.0,-0.01,-0.0,-0.01,4.891142790658133,3.819714219229562,0.0,0.1819709986448288,0.0,0.0,0.0,0.0,0.0,0.0,0.0,0.0,0.0,0.0,1060.0,-3.000079870223999,0.0,0.001489192247390747,0.0005633533000946045,0.0
23.961040496826172,141.96621704101562,2.8144006729125977,0.0,0.0,0.0,0.0,-0.01,-0.0,-0.01,4.890428624834333,3.8190000534057615,0.0,0.17693200707435608,0.0,0.0,0.0,0.0,0.0,0.0,0.0,0.0,0.0,0.0,1061.0,-2.8143162727355957,0.0,0.00482708215713501,0.0016694366931915283,0.0
23.949134826660156,141.29498291015625,2.6337788105010986,0.0,0.0,0.0,0.0,-0.01,-0.0,-0.01,4.893428611755371,3.8220000403267997,0.0,0.18440499901771545,0.0,0.0,0.0,0.0,0.0,0.0,0.0,0.0,0.0,0.0,1062.0,-2.633699893951416,0.0,0.025084733963012695,0.007331132888793945,0.0
23.937728881835938,140.62374877929688,2.4455370903015137,0.0,0.0,0.0,0.0,-0.01,-0.0,-0.01,4.900499970572335,3.829071399143764,0.21771900355815887,0.0,0.0,0.0,0.0,0.08438096940517426,0.0,0.0,0.01232341062789491,0.0,0.09670438003306916,0.0,1063.0,-2.4454636573791504,1.0626205205917358,4.798173904418945e-6,0.03859412670135498,0.0
23.999984741210938,98.03046417236328,2.432889223098755,0.0,0.0,0.0,0.0,0.07064494840016795,-0.0,-0.01,4.930285671779087,3.858857100350516,0.3046970069408417,0.0,0.0,0.0,0.8960549110120407,0.013348055487287928,0.0,0.0,0.0,0.0,0.013348055487287928,0.0,1064.0,-2.43281626701355,0.6046310067176819,8.463859558105469e-6,0.9853729009628296,0.009464502334594727
23.999984741210938,66.25820922851562,2.43281626701355,0.0,0.0,0.0,0.0,-0.01,-0.0,-0.01,4.985357093811035,3.913928522382464,0.34531301259994507,0.0,0.0,0.8525243185982276,0.0,1.6471141576766968,0.0,0.0,0.0,0.0,0.0,1.6471141576766968,1065.0,2.667686939239502,-1.6471141576766968,0.9572233557701111,0.9841361045837402,0.8970509171485901
23.99286651611328,163.52621459960938,3.2852420806884766,0.0,0.0,0.0,0.0,0.3742390137616488,-0.0,-0.01,5.033999933515276,3.9625713620867047,0.3511449992656708,0.0,0.0,0.0,4.269322035834193,0.018382908776402473,0.0,0.0,0.0,0.0,0.018382908776402473,0.0,1066.0,-3.2851436138153076,0.018382908776402473,0.0,1.0,1.1920928955078125e-7
23.999984741210938,162.85498046875,3.2851436138153076,0.0,0.0,0.0,0.0,0.5391940576930822,-0.0,-0.01,5.053428595406668,3.982000023978097,0.3517889976501465,0.0,0.0,0.0,6.102155711634028,0.008905384557378115,0.0,0.0,0.0,0.0,0.008905384557378115,0.0,1067.0,-3.2850451469421387,1.7011377811431885,0.0,1.0,2.9206275939941406e-6
23.999984741210938,149.90895080566406,3.2850451469421387,0.0,0.0,0.0,0.0,0.6047146332037128,-0.0,-0.01,5.079000009809222,4.0075714383806496,0.34043800830841064,0.0,0.0,0.0,6.830162048339844,0.0,0.0,0.0,0.0,0.0,0.0,0.0,1068.0,-3.2849466800689697,0.008860351517796516,0.0,1.0,4.4852495193481445e-5
23.993234634399414,149.2377166748047,3.2849466800689697,0.0,0.0,0.0,0.0,0.5723146145883601,-0.0,-0.01,5.114714295523507,4.043285724094936,0.35224100947380066,0.0,0.0,0.0,6.470161870112835,0.01759676636177412,0.0,0.0,0.0,0.0,0.01759676636177412,0.0,1069.0,-3.284848213195801,1.5388985872268677,0.0,1.0,0.00010415911674499512
23.999984741210938,139.34417724609375,3.284848213195801,0.0,0.0,0.0,0.0,0.6245945671871924,-0.0,-0.01,5.161357143947056,4.089928572518485,0.36559998989105225,0.0,0.0,0.0,7.051050186157227,0.0,0.0,0.0,0.0,0.0,0.0,0.0,1070.0,-3.284749746322632,0.008718972094357014,0.0,1.0,0.0019031763076782227
23.993234634399414,138.67294311523438,3.284749746322632,0.0,0.0,0.0,0.0,0.6080487089605567,-0.0,-0.01,5.202928624834333,4.1315000534057615,0.3554440140724182,0.0,0.0,0.0,6.867207331582904,0.017298417165875435,0.0,0.0,0.0,0.0,0.017298417165875435,0.0,1071.0,-3.284651279449463,0.017298417165875435,0.0,1.0,0.008771330118179321
23.999984741210938,138.001708984375,3.284651279449463,0.0,0.0,0.0,0.0,0.5243838830299259,-0.0,-0.01,5.222142846243722,4.150714274815151,0.36090201139450073,0.0,0.0,0.0,5.93759822845459,0.0,0.0,0.0,0.0,0.0,0.0,0.0,1072.0,-3.284552812576294,0.008617483079433441,0.0,1.0,0.01824432611465454
23.993234634399414,137.33047485351562,3.284552812576294,0.0,0.0,0.0,0.0,0.38146779401775643,-0.0,-0.01,5.222714233398437,4.151285661969866,0.4049749970436096,0.0,0.0,0.0,4.3496418100743695,0.01723288474984939,0.0,0.0,0.0,0.0,0.01723288474984939,0.0,1073.0,-3.284454345703125,1.0054526329040527,0.0,1.0,0.09416341781616211
23.999984741210938,115.11165618896484,3.284454345703125,0.0,0.0,0.0,0.0,0.06358693588470869,-0.0,-0.01,5.207857077462332,4.136428506033761,0.8928499817848206,0.0,0.0,0.0,0.8176325559616089,1.322867512702942,0.0,0.0,0.0,0.0,0.0,1.322867512702942,1074.0,-3.284355878829956,-1.322867512702942,0.05590912699699402,0.009360820055007935,0.715516209602356
23.993234634399414,134.48068237304688,3.284355878829956,0.0,0.0,0.0,0.0,0.06405769618188464,-0.0,-0.01,5.169642802647182,4.098214231218611,0.5543270111083984,0.0,0.0,0.0,0.8228632255145343,0.01740979713713806,0.0,0.0,0.0,0.0,0.01740979713713806,0.0,1075.0,-3.284257411956787,0.017409797757864,0.0,1.0,0.17402032017707825
23.999984741210938,133.8094482421875,3.284257411956787,0.0,0.0,0.0,0.0,-0.01,-0.0,-0.01,5.08471429007394,4.013285718645369,0.35339999198913574,0.15159201622009277,0.0,0.0,0.0,0.0,0.0,0.0,0.0088503943447515,0.0,0.0088503943447515,0.0,1076.0,-3.284158945083618,1.0166000127792358,0.0,0.9996243119239807,0.14622676372528076
23.999984741210938,121.63878631591797,3.1204471588134766,0.0,0.0,0.0,0.0,-0.01,-0.0,-0.01,4.992428588867187,3.921000017438616,0.0,0.4278999865055084,0.0,0.0,0.0,0.0,0.0,0.0,0.009013995052007083,0.0,0.009013995052007083,0.0,1077.0,-3.1203536987304688,1.096702218055725,0.005848109722137451,0.0016316473484039307,2.562999725341797e-6
23.999984741210938,102.46712493896484,2.6745364665985107,0.0,0.0,0.0,0.0,-0.01,-0.0,-0.01,4.9573570796421595,3.8859285082135884,0.0,0.4082370102405548,0.0,0.0,0.0,0.0,0.0,0.0,0.009077765808388353,0.0,0.009077765808388353,0.0,1078.0,-2.6744563579559326,1.0034011602401733,0.8536484241485596,9.000301361083984e-6,0.0
23.999984741210938,94.77586364746094,2.2486376762390137,0.0,0.0,0.0,0.0,-0.01,-0.0,-0.01,4.934928567068917,3.863499995640346,0.0,0.46699899435043335,0.0,0.0,0.0,0.0,0.0,0.0,0.0,0.0,0.0,0.0,1079.0,-2.248570203781128,0.0,0.9999545216560364,3.933906555175781e-6,0.0
23.993234634399414,94.1046371459961,1.77205491065979,0.0,0.0,0.0,0.0,-0.01,-0.0,-0.01,4.914357130868094,3.842928559439523,0.0,0.33440399169921875,0.0,0.0,0.0,0.0,0.0,0.0,0.0,0.0,0.0,0.0,1080.0,-1.7720017433166504,0.0,0.9901165962219238,0.0006838440895080566,5.960464477539063e-8
23.98648452758789,93.43341064453125,1.4307835102081299,0.0,0.0,0.0,0.0,-0.01,-0.0,-0.01,4.888500022888183,3.8170714514596122,0.0,0.24729099869728088,0.0,0.0,0.0,0.0,0.0,0.0,0.02761647721741617,0.0,0.02761647721741617,0.0,1081.0,-1.4307405948638916,0.7555862665176392,0.9999996423721313,0.0004642009735107422,2.980232238769531e-7
23.999984741210938,75.30989837646484,1.1502312421798706,0.0,0.0,0.0,0.0,-0.01,-0.0,-0.01,4.865071378435407,3.7936428070068358,0.0,0.21376900374889374,0.0,0.0,0.0,0.0,0.0,0.0,0.0,0.0,0.0,0.0,1082.0,-1.1501967906951904,0.0,1.0,0.009957760572433472,2.7120113372802734e-6
23.99116325378418,74.638671875,0.9320716857910156,0.0,0.0,0.0,0.0,-0.01,-0.0,-0.01,4.846642848423549,3.7752142769949777,0.0,0.1956239938735962,0.0,0.0,0.0,0.0,0.0,0.0,0.0,0.0,0.0,0.0,1083.0,-0.932043731212616,0.0,1.0,0.009781122207641602,0.005203217267990112
23.79951286315918,73.96744537353516,0.7324334383010864,0.0,0.0,0.0,0.0,-0.01,-0.0,-0.01,4.837499972752163,3.766071401323591,0.0,0.1819709986448288,0.0,0.0,0.0,0.0,0.0,0.0,0.0,0.0,0.0,0.0,1084.0,-0.7324115037918091,0.0,1.0,0.02172788977622986,2.473592758178711e-5
23.78861427307129,73.29621887207031,0.5467323660850525,0.0,0.0,0.0,0.0,-0.3373245465793456,-0.0,-0.01,4.829214314052036,3.7577857426234655,0.0,0.17693200707435608,0.0,0.0,0.0,0.0,1.0910817785754574,0.0,0.35884960455747716,0.0,0.0,1.4499313831329346,1085.0,-0.5467159748077393,-1.4499313831329346,0.999998927116394,0.4978407323360443,0.9819926619529724
23.414140701293945,177.1168975830078,1.644599615246989e-5,0.0,0.0,0.0,0.0,-0.05361149971133461,-0.0,0.0,4.821785736083984,3.750357164655413,0.00570000009611249,0.0,0.17870499193668365,0.0,0.0,0.0,0.0,0.0,0.0,0.0,0.0,0.0,1086.0,0.0,0.0,0.01801234483718872,0.007291972637176514,1.1920928955078125e-7
23.221446990966797,176.44566345214844,1.6445503206341527e-5,0.0,0.0,0.0,0.0,-0.21931051159933834,-0.0,-0.01,4.8519285202026365,3.7804999487740654,0.20914900302886963,0.0,0.0,0.0,0.0,0.38840097188949585,0.697701677606954,0.0,0.0,0.0,1.0861026494964499,0.0,1087.0,0.41985100507736206,2.0447938442230225,0.11874961853027344,0.029537975788116455,5.066394805908203e-7
23.999984741210938,168.25062561035156,1.6445010260213166e-5,0.0,0.0,0.0,0.0,0.12653961874362718,-0.0,0.0,4.918714332580566,3.847285761151995,0.3046970069408417,0.0,0.0,0.0,1.4059956520795822,0.1380072385072708,0.0,0.0,0.0,0.0,0.1380072385072708,0.0,1088.0,0.0,0.1380072385072708,0.0,0.9999979734420776,1.1920928955078125e-7
23.999975204467773,167.5793914794922,1.6444517314084806e-5,0.0,0.0,0.0,0.0,0.24657689511890254,-0.0,0.0,5.003571455819266,3.9321428843906947,0.34531301259994507,0.0,0.0,0.0,2.739743061363697,0.09459369629621506,0.0,0.0,0.0,0.0,0.09459369629621506,0.0,1089.0,0.0,0.09459369629621506,0.0,1.0,8.046627044677734e-7
23.999984741210938,166.9081573486328,1.6444024367956445e-5,0.0,0.0,0.0,0.0,0.27925524465719187,-0.0,0.0,5.0541428974696565,3.9827143260410853,0.3511449992656708,0.0,0.0,0.0,3.102835805155337,0.01256903912872076,0.0,0.0,0.0,0.0,0.01256903912872076,0.0,1090.0,0.0,0.01256903912872076,0.0,1.0,2.682209014892578e-7
23.999984741210938,166.23692321777344,1.6443531421828084e-5,0.0,0.0,0.0,0.0,0.2824494930535138,-0.0,0.0,5.0808570861816404,4.009428514753069,0.3517889976501465,0.0,0.0,0.0,3.1383274511827355,0.06953349547253798,0.0,0.0,0.0,0.0,0.06953349547253798,0.0,1091.0,0.0,0.06953349709510803,0.0,1.0,8.940696716308594e-8
23.999984741210938,165.56568908691406,1.6443038475699723e-5,0.0,0.0,0.0,0.0,0.30580309437140435,-0.0,0.0,5.106428636823382,4.03500006539481,0.34043800830841064,0.0,0.0,0.0,3.3978118896484375,0.0,0.0,0.0,0.0,0.0,0.0,0.0,1092.0,0.0,0.009267088025808334,0.0,1.0,2.9802322387695312e-8
23.992887496948242,164.8944549560547,1.6442545529571362e-5,0.0,0.0,0.0,0.0,0.27652442533220123,-0.0,0.0,5.110071400233677,4.038642828805106,0.35224100947380066,0.0,0.0,0.0,3.0724933706223965,0.01806563511490822,0.0,0.0,0.0,0.0,0.01806563511490822,0.0,1093.0,0.0,0.01806563511490822,0.0,1.0,2.9802322387695312e-8
23.999984741210938,164.2232208251953,1.6442052583443e-5,0.0,0.0,0.0,0.0,0.2832750259459026,-0.0,0.0,5.122214262826102,4.050785691397531,0.36559998989105225,0.0,0.0,0.0,3.1475000381469727,0.0,0.0,0.0,0.0,0.0,0.0,0.0,1094.0,0.0,0.00878559984266758,0.0,1.0,2.9802322387695312e-8
23.993234634399414,163.55198669433594,1.644155963731464e-5,0.0,0.0,0.0,0.0,0.4466700965353176,-0.0,0.0,5.174857085091727,4.103428513663156,0.3500570058822632,0.0,0.0,0.0,4.963000678190776,0.017392254701070253,0.0,0.0,0.0,0.0,0.017392254701070253,0.0,1095.0,0.0,0.01739225536584854,0.0,1.0,1.1026859283447266e-6
23.999984741210938,162.88075256347656,1.644106669118628e-5,0.0,0.0,0.0,0.0,0.42579886959384633,-0.0,0.0,5.202928624834333,4.1315000534057615,0.36090201139450073,0.0,0.0,0.0,4.731098175048828,0.0,0.0,0.0,0.0,0.0,0.0,0.0,1096.0,0.0,0.008649307303130627,0.0,1.0,1.4632940292358398e-5
23.993234634399414,162.2095184326172,1.6440573745057918e-5,0.0,0.0,0.0,0.0,0.2671748261702407,-0.0,0.0,5.186857169015067,4.1154285975864955,0.35043901205062866,0.0,0.0,0.0,2.968608943745494,0.017352016642689705,0.0,0.0,0.0,0.0,0.017352016642689705,0.0,1097.0,0.0,0.017352016642689705,0.0,1.0,0.00010401010513305664
23.999984741210938,161.5382843017578,1.6440080798929557e-5,0.0,0.0,0.0,0.0,0.2338529605748611,-0.0,0.0,5.15035719190325,4.078928620474679,0.42738398909568787,0.0,0.0,0.0,2.5983660221099854,0.0,0.0,0.0,0.0,0.0,0.0,0.0,1098.0,0.0,0.008737592957913876,0.0,1.0,0.0015860795974731445
23.993234634399414,160.86705017089844,1.6439587852801196e-5,0.0,0.0,0.0,0.0,0.075054227213263,-0.0,0.0,5.074214335850307,4.002785764421736,0.5543270111083984,0.0,0.0,0.0,0.833935791649881,0.017737215361532655,0.0,0.0,0.0,0.0,0.017737215361532655,0.0,1099.0,0.0,0.017737215384840965,0.0,1.0,0.017484009265899658
23.999984741210938,160.19581604003906,1.6439094906672835e-5,0.0,0.0,0.0,0.0,-0.04291260114958284,-0.0,0.0,4.989928599766323,3.918500028337751,0.36195001006126404,0.0,0.14304199814796448,0.0,0.0,0.0,0.0,0.0,0.0,0.0,0.0,0.0,1100.0,0.0,0.0,0.0,0.9692561626434326,0.022721022367477417
23.993234634399414,159.5245819091797,1.6438601960544474e-5,0.0,0.0,0.0,0.0,-0.12837000105261787,-0.0,0.0,4.9095714569091795,3.8381428854806083,0.0,0.0,0.4278999865055084,0.0,0.0,0.0,0.0,0.0,0.0,0.0,0.0,0.0,1101.0,0.0,0.0,3.8743019104003906e-7,0.00020837783813476562,0.041548967361450195
23.98648452758789,158.8533477783203,1.6438109014416113e-5,0.0,0.0,0.0,0.0,-0.12247110793873084,-0.0,0.0,4.874428558349609,3.802999986921038,0.0,0.0,0.4082370102405548,0.0,0.0,0.0,0.0,0.0,0.0,0.0,0.0,0.0,1102.0,0.0,0.0,4.0531158447265625e-6,0.0001049339771270752,0.00013527274131774902
23.979734420776367,158.18211364746094,1.6437616068287753e-5,0.0,0.0,0.0,0.0,-0.12269040535650255,-0.0,0.0,4.861285700116839,3.789857128688267,0.0,0.0,0.4089680016040802,0.0,0.0,0.0,0.0,0.0,0.0,0.0,0.0,0.0,1103.0,0.0,0.0,2.7924776077270508e-5,0.00015354156494140625,6.377696990966797e-6
23.972984313964844,157.51087951660156,1.643712312215939e-5,0.0,0.0,0.0,0.0,-0.10032120149617185,-0.0,0.0,4.859928621564593,3.788500050136021,0.0,0.0,0.33440399169921875,0.0,0.0,0.0,0.0,0.0,0.0,0.0,0.0,0.0,1104.0,0.0,0.0,0.00015419721603393555,0.00041541457176208496,1.7881393432617188e-7
23.966222763061523,156.8396453857422,1.643663017603103e-5,0.0,0.0,0.0,0.0,-0.09171233960728616,-0.0,0.0,4.86207139151437,3.790642820085798,0.0,0.0,0.24729099869728088,0.0,0.0,0.0,0.05841678784593696,0.0,0.0,0.0,0.05841678784593696,0.0,1105.0,0.0,1.769608974456787,0.0009531378746032715,0.0004984438419342041,2.9802322387695312e-8
23.999984741210938,148.64320373535156,1.643613722990267e-5,0.0,0.0,0.0,0.0,-0.06413070367299323,-0.0,0.0,4.841571480887277,3.770142909458705,0.0,0.0,0.21376900374889374,0.0,0.0,0.0,0.0,0.0,0.0,0.0,0.0,0.0,1106.0,0.0,0.0,0.00045174360275268555,4.431605339050293e-5,1.424551010131836e-5
23.625520706176758,147.9719696044922,1.643564428377431e-5,0.0,0.0,0.0,0.0,-0.05868720049409859,-0.0,0.0,4.804785673958914,3.733357102530343,0.0,0.0,0.1956239938735962,0.0,0.0,0.0,0.0,0.0,0.0,0.0,0.0,0.0,1107.0,0.0,0.0,0.044025540351867676,0.0024223625659942627,0.0
23.61461639404297,147.3007354736328,1.6435151337645948e-5,0.0,0.0,0.0,0.0,-0.054591301762711986,-0.0,0.0,4.786642837524414,3.7152142660958427,0.0,0.0,0.1819709986448288,0.0,0.0,0.0,0.0,0.0,0.0,0.0,0.0,0.0,1108.0,0.0,0.0,0.21465936303138733,0.004316598176956177,0.0
23.420917510986328,146.62950134277344,1.6434658391517587e-5,0.0,0.0,0.0,0.0,-0.05307960423150071,-0.0,0.0,4.778785719190325,3.7073570796421595,0.0,0.0,0.17693200707435608,0.0,0.0,0.0,0.0,0.0,0.0,0.0,0.0,0.0,1109.0,0.0,0.0,0.8618490695953369,0.014897376298904419,0.0
23.40999984741211,145.95826721191406,1.6434165445389226e-5,0.0,0.0,0.0,0.0,-0.05332650158113239,-0.0,0.0,4.775285734449114,3.7038570949009486,0.006650000344961882,0.0,0.17775499820709229,0.0,0.0,0.0,0.0,0.0,0.0,0.0,0.0,0.0,1110.0,0.0,0.0,0.5737545490264893,0.043007463216781616,8.940696716308594e-8
23.21629524230957,145.2870330810547,1.6433672499260865e-5,0.0,0.0,0.0,0.0,-0.01,-0.0,-0.01,4.800142914908273,3.728714343479701,0.20914900302886963,0.0,0.0,0.3564269731273839,0.0,0.0,0.0,0.0,0.0,0.0,0.0,0.0,1111.0,0.39385098218917847,0.0,0.05018213391304016,0.18186438083648682,0.00023984909057617188
22.83980369567871,144.6157989501953,0.35643270611763,0.0,0.0,0.0,0.0,-0.028477283887751302,-0.0,-0.01,4.85750002179827,3.7860714503696986,0.3046970069408417,0.0,0.0,0.0,0.0,1.572502851486206,0.06159094384510011,0.0,0.34929354453414874,0.0,1.983387339865455,0.0,1112.0,-0.3564220070838928,1.9833873510360718,0.0,0.9999998807907104,8.77678394317627e-5
23.999984741210938,143.94456481933594,1.0728514098445885e-5,0.0,0.0,0.0,0.0,0.2896475379882273,-0.0,0.0,4.924357087271554,3.852928515842983,0.34531301259994507,0.0,0.0,0.0,3.2183057218790054,0.12333117425441742,0.0,0.0,0.0,0.0,0.12333117425441742,0.0,1113.0,0.0,0.12333117425441742,0.0,1.0,5.364418029785156e-7
23.999984741210938,143.27333068847656,1.0728192137321457e-5,0.0,0.0,0.0,0.0,0.4533206577257817,-0.0,0.0,4.98478570665632,3.9133571352277485,0.3511449992656708,0.0,0.0,0.0,5.036895796656609,0.074459508061409,0.0,0.0,0.0,0.0,0.074459508061409,0.0,1114.0,0.0,0.074459508061409,0.0,1.0,2.980232238769531e-7
23.999984741210938,142.6020965576172,1.072787017619703e-5,0.0,0.0,0.0,0.0,0.5691227860796652,-0.0,0.0,5.0356428418840675,3.9642142704554963,0.3517889976501465,0.0,0.0,0.0,6.323586009442806,0.07152507454156876,0.0,0.0,0.0,0.0,0.07152507454156876,0.0,1115.0,0.0,0.07152507454156876,0.0,1.0,2.682209014892578e-7
23.999984741210938,141.9308624267578,1.0727548215072602e-5,0.0,0.0,0.0,0.0,0.6029156162671709,-0.0,0.0,5.0681428364345,3.996714265005929,0.34043800830841064,0.0,0.0,0.0,6.699061870574951,0.0,0.0,0.0,0.0,0.0,0.0,0.0,1116.0,0.0,0.008888409473001957,0.0,1.0,2.682209014892578e-7
23.993227005004883,141.25962829589844,1.0727226253948174e-5,0.0,0.0,0.0,0.0,0.5122770656580437,-0.0,0.0,5.075785718645368,4.004357147216797,0.35224100947380066,0.0,0.0,0.0,5.691966943843585,0.017741746799725542,0.0,0.0,0.0,0.0,0.017741746799725542,0.0,1117.0,0.0,0.017741747200489044,0.0,1.0,5.960464477539063e-8
23.999984741210938,140.58839416503906,1.0726904292823747e-5,0.0,0.0,0.0,0.0,0.4916385230730767,-0.0,0.0,5.084357207162039,4.012928635733468,0.36559998989105225,0.0,0.0,0.0,5.462649822235107,0.0,0.0,0.0,0.0,0.0,0.0,0.0,1118.0,0.0,0.00885101594030857,0.0,1.0,2.384185791015625e-7
23.993234634399414,139.9171600341797,1.072658233169932e-5,0.0,0.0,0.0,0.0,0.4326232168797208,-0.0,0.0,5.093857165745327,4.0224285943167555,0.3500570058822632,0.0,0.0,0.0,4.806924249976873,0.017668817192316055,0.0,0.0,0.0,0.0,0.017668817192316055,0.0,1119.0,0.0,0.017668817192316055,0.0,1.0,5.960464477539062e-7
23.999984741210938,139.2459259033203,1.0726260370574892e-5,0.0,0.0,0.0,0.0,0.38877734412966736,-0.0,0.0,5.1116429192679265,4.040214347839355,0.36090201139450073,0.0,0.0,0.0,4.3197479248046875,0.0,0.0,0.0,0.0,0.0,0.0,0.0,1120.0,0.0,0.008803769946098328,0.0,1.0,7.152557373046875e-6
23.993234634399414,138.57469177246094,1.0725938409450464e-5,0.0,0.0,0.0,0.0,0.33684057536126344,-0.0,0.0,5.13178574698312,4.0603571755545484,0.35043901205062866,0.0,0.0,0.0,3.742672762128681,0.017538228777080965,0.0,0.0,0.0,0.0,0.017538228777080965,0.0,1121.0,0.0,0.017538229003548622,0.0,1.0,4.8279762268066406e-5
23.999984741210938,137.90345764160156,1.0725616448326036e-5,0.0,0.0,0.0,0.0,0.21940347030985016,-0.0,0.0,5.138428633553641,4.06700006212507,0.42738398909568787,0.0,0.0,0.0,2.4378161430358887,0.0,0.0,0.0,0.0,0.0,0.0,0.0,1122.0,0.0,0.008757877163589,0.0,1.0,0.002368330955505371
23.993234634399414,137.2322235107422,1.0725294487201609e-5,0.0,0.0,0.0,0.0,0.07737844959906344,-0.0,0.0,5.124714251926967,4.053285680498396,0.5543270111083984,0.0,0.0,0.0,0.8597604827730794,0.017562429443107205,0.0,0.0,0.0,0.0,0.017562429443107205,0.0,1123.0,0.0,0.01756243035197258,0.0,1.0,0.0652528703212738
23.999984741210938,136.5609893798828,1.0724972526077181e-5,0.0,0.0,0.0,0.0,-0.0478620849916149,-0.0,0.0,5.05735718863351,3.9859286172049386,0.3543500006198883,0.0,0.1506420075893402,0.0,0.0,0.0,0.008898269376481777,0.0,0.0,0.0,0.008898269376481777,0.0,1124.0,0.0,1.4113199710845947,0.0,0.016207456588745117,0.003043949604034424
23.999984741210938,128.36940002441406,1.0724650564952753e-5,0.0,0.0,0.0,0.0,-0.12837000105261787,-0.0,0.0,4.99792856488909,3.926499993460519,0.0,0.0,0.4278999865055084,0.0,0.0,0.0,0.0,0.0,0.0,0.0,0.0,0.0,1125.0,0.0,0.0,4.470348358154297e-7,9.441375732421875e-5,0.005338430404663086
23.993234634399414,127.69817352294922,1.0724328603828326e-5,0.0,0.0,0.0,0.0,-0.12247110793873084,-0.0,0.0,4.979285730634417,3.9078571592058453,0.0,0.0,0.4082370102405548,0.0,0.0,0.0,0.0,0.0,0.0,0.0,0.0,0.0,1126.0,0.0,0.0,2.7418136596679688e-5,0.0001500546932220459,6.213784217834473e-5
23.98648452758789,127.02694702148438,1.0724006642703898e-5,0.0,0.0,0.0,0.0,-0.12269040535650255,-0.0,0.0,4.937428556169782,3.8659999847412108,0.0,0.0,0.4089680016040802,0.0,0.0,0.0,0.0,0.0,0.0,0.0,0.0,0.0,1127.0,0.0,0.0,0.0028402209281921387,0.00021511316299438477,2.8014183044433594e-6
23.979734420776367,126.35572052001953,1.072368468157947e-5,0.0,0.0,0.0,0.0,-0.10032120149617185,-0.0,0.0,4.884642818995884,3.8132142475673128,0.0,0.0,0.33440399169921875,0.0,0.0,0.0,0.0,0.0,0.0,0.0,0.0,0.0,1128.0,0.0,0.0,0.04176408052444458,0.0004259943962097168,5.960464477539063e-8
23.972984313964844,125.68449401855469,1.0723362720455043e-5,0.0,0.0,0.0,0.0,-0.07418730255712269,-0.0,0.0,4.833785683768136,3.7623571123395645,0.0,0.0,0.24729099869728088,0.0,0.0,0.0,0.0,0.0,0.0,0.0,0.0,0.0,1129.0,0.0,0.0,0.22427353262901306,0.0013671815395355225,0.0
23.96623420715332,125.01326751708984,1.0723041668825317e-5,0.0,0.0,0.0,0.0,-0.06413070367299323,-0.0,0.0,4.792785726274762,3.7213571548461912,0.0,0.0,0.21376900374889374,0.0,0.0,0.0,0.0,0.0,0.0,0.0,0.0,0.0,1130.0,0.0,0.0,0.2010057270526886,0.0012233257293701172,0.0
23.959484100341797,124.342041015625,1.0722720617195591e-5,0.0,0.0,0.0,0.0,-0.05868720049409859,-0.0,0.0,4.748785713740757,3.67735721043178,0.0,0.0,0.1956239938735962,0.0,0.0,0.0,0.0,0.0,0.0,0.0,0.0,0.0,1131.0,0.0,0.0,0.8462372422218323,0.0036573708057403564,0.0
23.952733993530273,123.67081451416016,1.0722399565565865e-5,0.0,0.0,0.0,0.0,-0.054591301762711986,-0.0,0.0,4.7086428369794575,3.63721433367048,0.0,0.0,0.1819709986448288,0.0,0.0,0.0,0.0,0.0,0.0,0.0,0.0,0.0,1132.0,0.0,0.0,0.9745581746101379,0.016208350658416748,0.0
23.944942474365234,122.99958801269531,1.072207851393614e-5,0.0,0.0,0.0,0.0,-0.05307960423150071,-0.0,0.0,4.674142851148333,3.6027142116001674,0.0,0.0,0.17693200707435608,0.0,0.0,0.0,0.0,0.0,0.0,0.0,0.0,0.0,1133.0,0.0,0.0,0.9854640364646912,0.06768548488616943,0.0
23.9371337890625,122.32836151123047,1.0721757462306414e-5,0.0,0.0,0.0,0.0,-0.05161650385922201,-0.0,0.0,4.644214303152902,3.57278573172433,0.012350000441074371,0.0,0.17205500602722168,0.0,0.0,0.0,0.0,0.0,0.0,0.0,0.0,0.0,1134.0,0.0,0.0,0.9932501316070557,0.23398616909980774,2.9802322387695312e-8
23.926250457763672,121.65713500976562,1.0721436410676688e-5,0.0,0.0,0.0,0.0,-0.01,-0.0,-0.01,4.722642844063895,3.6512142726353236,0.20914900302886963,0.0,0.0,0.3163939883299065,0.0,0.0,0.0,0.0,0.0,0.0,0.0,0.0,1135.0,0.35085099935531616,0.0,0.9989287257194519,0.6481990218162537,3.2782554626464844e-7
23.917402267456055,120.98590850830078,0.31639522314071655,0.0,0.0,0.0,0.0,0.13566180199126862,-0.0,-0.01,4.81928574698312,3.747857175554548,0.3046970069408417,0.0,0.0,0.0,1.6184643379456596,0.12788857304982382,0.0,0.0,0.0,0.0,0.12788857304982382,0.0,1136.0,-0.31638574600219727,0.12788857519626617,0.0,1.0,4.172325134277344e-7
23.999984741210938,120.31468200683594,0.31638574600219727,0.0,0.0,0.0,0.0,0.3168248340944302,-0.0,-0.01,4.922357095990862,3.8509285245622906,0.34531301259994507,0.0,0.0,0.0,3.6313867568969727,0.0,0.0,0.0,0.0,0.0,0.0,0.0,1137.0,-0.316376268863678,0.009625617414712906,0.0,1.0,1.6689300537109375e-6
23.992877960205078,119.6434555053711,0.316376268863678,0.0,0.0,0.0,0.0,0.4679587411934604,-0.0,-0.01,5.061142866952078,3.989714295523507,0.3511449992656708,0.0,0.0,0.0,5.310652257874608,0.018252847716212273,0.0,0.0,0.0,0.0,0.018252847716212273,0.0,1138.0,-0.3163667917251587,0.018252847716212273,0.0,1.0,2.8312206268310547e-6
23.999984741210938,118.97222900390625,0.3163667917251587,0.0,0.0,0.0,0.0,0.5789835348910888,-0.0,-0.01,5.167214339120047,4.095785767691476,0.3517889976501465,0.0,0.0,0.0,6.5442609786987305,0.0,0.0,0.0,0.0,0.0,0.0,0.0,1139.0,-0.3163573145866394,0.00870908796787262,0.0,1.0,1.0728836059570312e-6
23.993234634399414,118.3010025024414,0.3163573145866394,0.0,0.0,0.0,0.0,0.6526727892445452,-0.0,-0.01,5.238357080732073,4.166928509303501,0.34043800830841064,0.0,0.0,0.0,7.363030406444963,0.017181423694196736,0.0,0.0,0.0,0.0,0.017181423694196736,0.0,1140.0,-0.3163478374481201,0.01718142442405224,0.0,1.0,1.58846378326416e-5
23.999984741210938,117.62977600097656,0.3163478374481201,0.0,0.0,0.0,0.0,0.6851339177396993,-0.0,-0.01,5.292428507123675,4.220999935695103,0.35224100947380066,0.0,0.0,0.0,7.723709583282471,0.0,0.0,0.0,0.0,0.0,0.0,0.0,1141.0,-0.31633836030960083,0.008503039367496967,0.0,1.0,0.0001272261142730713
23.993234634399414,116.95854949951172,0.31633836030960083,0.0,0.0,0.0,0.0,0.670269748305102,-0.0,-0.01,5.3262857164655415,4.25485714503697,0.36559998989105225,0.0,0.0,0.0,7.558552158245811,0.0168977852966697,0.0,0.0,0.0,0.0,0.0168977852966697,0.0,1142.0,-0.31632888317108154,1.085964560508728,0.0,1.0,0.0009474456310272217
23.999984741210938,108.76396179199219,0.31632888317108154,0.0,0.0,0.0,0.0,0.6220604159085257,-0.0,-0.01,5.348571450369699,4.277142878941127,0.3500570058822632,0.0,0.0,0.0,7.022892951965332,0.0,0.0,0.0,0.0,0.0,0.0,0.0,1143.0,-0.31631940603256226,0.008413784205913544,0.0,1.0,0.0011778175830841064
23.993234634399414,108.09273529052734,0.31631940603256226,0.0,0.0,0.0,0.0,0.5221036362418333,-0.0,-0.01,5.3617856979370115,4.29035712650844,0.36090201139450073,0.0,0.0,0.0,5.912262155044869,0.016785906325980617,0.0,0.0,0.0,0.0,0.016785906325980617,0.0,1144.0,-0.31630992889404297,0.01678590662777424,0.0,1.0,0.001218348741531372
23.999984741210938,107.4215087890625,0.31630992889404297,0.0,0.0,0.0,0.0,0.389722517309387,-0.0,-0.01,5.349428531101772,4.277999959673201,0.35043901205062866,0.0,0.0,0.0,4.441360950469971,0.0,0.0,0.0,0.0,0.0,0.0,0.0,1145.0,-0.3163004517555237,0.008412436582148075,0.0,1.0,0.0007259547710418701
23.993234634399414,106.75028228759766,0.3163004517555237,0.0,0.0,0.0,0.0,0.23480700081530204,-0.0,-0.01,5.297857093811035,4.226428522382464,0.42738398909568787,0.0,0.0,0.0,2.720077570664342,0.01698845983797756,0.0,0.0,0.0,0.0,0.01698845983797756,0.0,1146.0,-0.3162909746170044,0.01698845997452736,0.0,1.0,0.007516741752624512
23.999984741210938,106.07905578613281,0.3162909746170044,0.0,0.0,0.0,0.0,0.06459856864599897,-0.0,-0.01,5.207642909458706,4.136214338030134,0.5543270111083984,0.0,0.0,0.0,0.8288729190826416,0.0,0.0,0.0,0.0,0.0,0.0,0.0,1147.0,-0.3162814974784851,0.00864147674292326,0.0,1.0,0.042390644550323486
23.993234634399414,105.40782928466797,0.3162814974784851,0.0,0.0,0.0,0.0,-0.01,-0.0,-0.01,5.068642834254673,3.997214262826102,0.41990000009536743,0.08509200811386108,0.0,0.0,0.0,0.0,0.0,0.0,0.0,0.0,0.0,0.0,1148.0,-0.3162720203399658,0.0,0.0,0.07218754291534424,0.0004661083221435547
23.98648452758789,104.73660278320312,0.22944603860378265,0.0,0.0,0.0,0.0,-0.07091489008568333,-0.0,-0.01,4.944857134137835,3.8734285627092633,0.0,0.2248503609550312,0.20304962555047723,0.0,0.0,0.0,0.0,0.0,0.0,0.0,0.0,0.0,1149.0,-0.2294391542673111,0.0,0.0005615055561065674,5.602836608886719e-6,1.1712312698364258e-5
23.979734420776367,104.06537628173828,6.8990307227068115e-6,0.0,0.0,0.0,0.0,-0.12247110793873084,-0.0,0.0,4.909357152666364,3.837928581237793,0.0,0.0,0.4082370102405548,0.0,0.0,0.0,0.0,0.0,0.0,0.0,0.0,0.0,1150.0,0.0,0.0,0.0031777620315551758,7.721781730651855e-5,1.9371509552001953e-6
23.972984313964844,103.39414978027344,6.898823812662158e-6,0.0,0.0,0.0,0.0,-0.12269040535650255,-0.0,0.0,4.887857110159738,3.8164285387311665,0.0,0.0,0.4089680016040802,0.0,0.0,0.0,0.0,0.0,0.0,0.0,0.0,0.0,1151.0,0.0,0.0,0.39842772483825684,0.0002504587173461914,1.043081283569336e-6
23.96623420715332,102.7229232788086,6.898616902617505e-6,0.0,0.0,0.0,0.0,-0.10032120149617185,-0.0,0.0,4.868285669599261,3.796857098170689,0.0,0.0,0.33440399169921875,0.0,0.0,0.0,0.0,0.0,0.0,0.0,0.0,0.0,1152.0,0.0,0.0,0.8788275122642517,0.0010891556739807129,5.960464477539063e-8
23.959484100341797,102.05169677734375,6.8984099925728515e-6,0.0,0.0,0.0,0.0,-0.07418730255712269,-0.0,0.0,4.851428522382464,3.779999950953892,0.0,0.0,0.24729099869728088,0.0,0.0,0.0,0.0,0.0,0.0,0.0,0.0,0.0,1153.0,0.0,0.0,0.9645223617553711,0.004416793584823608,0.0
23.952733993530273,101.3804702758789,6.898203082528198e-6,0.0,0.0,0.0,0.0,-0.06413070367299323,-0.0,0.0,4.842571476527622,3.7711429050990515,0.0,0.0,0.21376900374889374,0.0,0.0,0.0,0.0,0.0,0.0,0.0,0.0,0.0,1154.0,0.0,0.0,0.9396123886108398,0.005118221044540405,0.0
23.94598388671875,100.70924377441406,6.897996172483545e-6,0.0,0.0,0.0,0.0,-0.05868720049409859,-0.0,0.0,4.837285668509347,3.7658570970807754,0.0,0.0,0.1956239938735962,0.0,0.0,0.0,0.0,0.0,0.0,0.0,0.0,0.0,1155.0,0.0,0.0,0.9998723268508911,0.009672284126281738,0.0
23.939233779907227,100.03801727294922,6.8977892624388915e-6,0.0,0.0,0.0,0.0,-0.054591301762711986,-0.0,0.0,4.836928585597446,3.7655000141688757,0.0,0.0,0.1819709986448288,0.0,0.0,0.0,0.0,0.0,0.0,0.0,0.0,0.0,1156.0,0.0,0.0,0.9999997615814209,0.018380433320999146,0.0
23.932479858398438,99.36679077148438,6.897582352394238e-6,0.0,0.0,0.0,0.0,-0.05307960423150071,-0.0,0.0,4.839499964032854,3.768071392604283,0.0,0.0,0.17693200707435608,0.0,0.0,0.0,0.0,0.0,0.0,0.0,0.0,0.0,1157.0,0.0,0.0,0.999262809753418,0.19439509510993958,2.9802322387695312e-6
23.7408504486084,98.69556427001953,6.897375442349585e-6,0.0,0.0,0.0,0.0,-0.05532150190359353,-0.0,0.0,4.847428539821079,3.7759999683925085,0.0,0.0,0.18440499901771545,0.0,0.0,0.0,0.0,0.0,0.0,0.0,0.0,0.0,1158.0,0.0,0.0,0.9999997615814209,0.34812819957733154,3.844499588012695e-6
23.734079360961914,98.02433776855469,6.8971685323049314e-6,0.0,0.0,0.0,0.0,-0.01,-0.0,-0.01,4.899285670689174,3.8278570992606027,0.20914900302886963,0.0,0.0,0.1255389738674353,0.0,0.0,0.0,0.0,0.0,0.0,0.0,0.0,1159.0,0.1458509862422943,0.0,0.9999998807907104,0.6660175919532776,0.00020247697830200195
23.725255966186523,97.35311126708984,0.12554210424423218,0.0,0.0,0.0,0.0,-0.45113459233977693,-0.0,0.0,4.961071368626186,3.8896427971976144,1.1133999824523926,0.0,0.05063903331756592,0.0,0.0,0.0,1.4531428813934326,0.0,0.0,0.0,0.0,1.4531428813934326,1160.0,0.007961034774780273,-1.4531428813934326,0.9943590760231018,0.026615828275680542,0.950032114982605
23.718502044677734,172.0032196044922,0.12553833425045013,0.0,0.0,0.0,0.0,0.14874499479889752,-0.0,-0.01,5.058714267185756,3.9872856957571847,0.34531301259994507,0.0,0.0,0.0,1.7638331353664398,0.37985363602638245,0.0,0.0,0.0,0.0,0.37985363602638245,0.0,1161.0,-0.1255345642566681,0.37985363602638245,0.0,1.0,1.7881393432617188e-7
23.999984741210938,171.3319854736328,0.1255345642566681,0.0,0.0,0.0,0.0,0.27498960809319906,-0.0,-0.01,5.171000017438616,4.099571446010044,0.3511449992656708,0.0,0.0,0.0,3.1665509493806807,0.008703872396663037,0.0,0.0,0.0,0.0,0.008703872396663037,0.0,1162.0,-0.12553079426288605,1.81705641746521,0.0,1.0,1.4901161193847656e-7
23.999984741210938,162.85789489746094,0.12553079426288605,0.0,0.0,0.0,0.0,0.34830448613997017,-0.0,-0.01,5.236071395874023,4.164642824445452,0.3517889976501465,0.0,0.0,0.0,3.9811606407165527,0.0,0.0,0.0,0.0,0.0,0.0,0.0,1163.0,-0.125527024269104,0.008594559505581856,0.0,1.0,5.960464477539063e-8
23.993234634399414,162.18666076660156,0.125527024269104,0.0,0.0,0.0,0.0,0.4905763362912884,-0.0,-0.01,5.277785655430385,4.206357084001814,0.34043800830841064,0.0,0.0,0.0,5.561958850100642,0.01705306701361556,0.0,0.0,0.0,0.0,0.01705306701361556,0.0,1164.0,-0.12552325427532196,0.017053067684173584,0.0,1.0,2.9802322387695312e-8
23.999984741210938,161.5154266357422,0.12552325427532196,0.0,0.0,0.0,0.0,0.5464584249372968,-0.0,-0.01,5.3017142977033345,4.230285726274763,0.35224100947380066,0.0,0.0,0.0,6.182870896821745,0.008488146299592561,0.0,0.0,0.0,0.0,0.008488146299592561,0.0,1165.0,-0.12551948428153992,1.6139246225357056,0.0,1.0,1.7881393432617188e-7
23.999984741210938,150.9332275390625,0.12551948428153992,0.0,0.0,0.0,0.0,0.46155053770920434,-0.0,-0.01,5.29457141331264,4.2231428418840675,0.36559998989105225,0.0,0.0,0.0,5.239450002597076,0.0084995976226509,0.0,0.0,0.0,0.0,0.0084995976226509,0.0,1166.0,-0.12551571428775787,1.5003247261047363,0.0,1.0,1.7881393432617188e-7
23.999984741210938,141.5115203857422,0.12551571428775787,0.0,0.0,0.0,0.0,0.27039606696360524,-0.0,-0.01,5.2440713609967915,4.17264278956822,0.3500570058822632,0.0,0.0,0.0,3.1155116075525475,0.008581448172549966,0.0,0.0,0.0,0.0,0.008581448172549966,0.0,1167.0,-0.12551194429397583,1.333638310432434,0.0,1.0,2.9802322387695312e-8
23.999984741210938,126.7197036743164,0.12551194429397583,0.0,0.0,0.0,0.0,0.126210330820904,-0.0,-0.01,5.180142893110003,4.108714321681431,0.36090201139450073,0.0,0.0,0.0,1.5134479999542236,0.0,0.0,0.0,0.0,0.0,0.0,0.0,1168.0,-0.1255081743001938,0.008687352761626244,0.0,1.0,9.5367431640625e-7
23.993234634399414,126.04847717285156,0.1255081743001938,0.0,0.0,0.0,0.0,0.0793269812060956,-0.0,-0.01,5.160928535461426,4.089499964032854,0.35043901205062866,0.0,0.0,0.0,0.9925219345225043,0.01743919371235905,0.0,0.0,0.0,0.0,0.01743919371235905,0.0,1169.0,-0.12550440430641174,1.174688458442688,0.0,1.0,1.1861324310302734e-5
23.999984741210938,112.12891387939453,0.12550440430641174,0.0,0.0,0.0,0.0,0.03179643802525754,-0.0,-0.01,5.170714323861258,4.099285752432687,0.44839200377464294,0.0,0.0,0.0,0.46440483003972544,0.008703193365349617,0.0,0.0,0.0,0.0,0.008703193365349617,0.0,1170.0,-0.1255006343126297,1.067885398864746,0.0,1.0,0.0011611580848693848
23.999984741210938,104.13681030273438,0.1255006343126297,0.0,0.0,0.0,0.0,-0.037065407394435056,-0.0,-0.01,5.1542856488909035,4.082857077462332,0.41040000319480896,0.12298691482299517,0.08148708729988385,0.0,0.0,0.0,0.008730933763290939,0.0,0.0,0.0,0.008730933763290939,0.0,1171.0,-0.12549686431884766,0.919886589050293,0.9497676491737366,0.3974202871322632,0.009463071823120117
23.999984741210938,93.54022216796875,3.7847814837732585e-6,0.0,0.0,0.0,0.0,-0.11701260674049863,-0.0,0.0,5.114928599766323,4.043500028337752,0.11495000123977661,0.0,0.3900420069694519,0.0,0.0,0.0,0.0,0.0,0.0,0.0,0.0,0.0,1172.0,0.0,0.0,0.002434462308883667,7.015466690063477e-5,0.0007440447807312012
23.993234634399414,92.8689956665039,3.7846680243092123e-6,0.0,0.0,0.0,0.0,-0.12837000105261787,-0.0,0.0,5.061857169015067,3.9904285975864955,0.0,0.0,0.4278999865055084,0.0,0.0,0.0,0.0,0.0,0.0,0.0,0.0,0.0,1173.0,0.0,0.0,8.687376976013184e-5,0.0001417398452758789,1.1295080184936523e-5
23.98648452758789,92.19776916503906,3.784554564845166e-6,0.0,0.0,0.0,0.0,-0.12247110793873084,-0.0,0.0,5.040571430751255,3.969142859322684,0.0,0.0,0.4082370102405548,0.0,0.0,0.0,0.0,0.0,0.0,0.0,0.0,0.0,1174.0,0.0,0.0,0.0008089840412139893,0.0005264580249786377,1.1920928955078125e-6
23.979734420776367,91.52654266357422,3.78444110538112e-6,0.0,0.0,0.0,0.0,-0.12269040535650255,-0.0,0.0,5.0148571014404295,3.9434285300118583,0.0,0.0,0.4089680016040802,0.0,0.0,0.0,0.0,0.0,0.0,0.0,0.0,0.0,1175.0,0.0,0.0,0.10414421558380127,0.0011003315448760986,4.172325134277344e-7
23.972984313964844,90.85531616210938,3.784327645917074e-6,0.0,0.0,0.0,0.0,-0.2281047196429853,-0.0,0.0,4.97978572845459,3.9083571570260185,0.0,0.0,0.33440399169921875,0.0,0.0,0.0,0.4259450435638428,0.0,0.0,0.0,0.0,0.4259450435638428,1176.0,0.0,-0.4259450435638428,0.0316428542137146,0.07309931516647339,0.30871617794036865
23.96623420715332,69.3926773071289,3.7842141864530277e-6,0.0,0.0,0.0,0.0,-0.07418730255712269,-0.0,0.0,4.943928527832031,3.87249995640346,0.0,0.0,0.24729099869728088,0.0,0.0,0.0,0.0,0.0,0.0,0.0,0.0,0.0,1177.0,0.0,0.0,1.0,0.01726970076560974,3.725290298461914e-5
23.959484100341797,68.72145080566406,3.7841007269889815e-6,0.0,0.0,0.0,0.0,-0.06413070367299323,-0.0,0.0,4.911500058855329,3.8400714874267576,0.0,0.0,0.21376900374889374,0.0,0.0,0.0,0.0,0.0,0.0,0.0,0.0,0.0,1178.0,0.0,0.0,1.0,0.016260266304016113,4.801154136657715e-5
23.952733993530273,68.05022430419922,3.7839872675249353e-6,0.0,0.0,0.0,0.0,-0.05868720049409859,-0.0,0.0,4.883428519112723,3.8119999476841517,0.0,0.0,0.1956239938735962,0.0,0.0,0.0,0.0,0.0,0.0,0.0,0.0,0.0,1179.0,0.0,0.0,1.0,0.017728686332702637,0.0003567636013031006
23.94598388671875,67.37899780273438,3.783873808060889e-6,0.0,0.0,0.0,0.0,-0.054591301762711986,-0.0,0.0,4.865785680498395,3.794357109069824,0.0,0.0,0.1819709986448288,0.0,0.0,0.0,0.0,0.0,0.0,0.0,0.0,0.0,1180.0,0.0,0.0,1.0,0.018206357955932617,0.0029185712337493896
23.939233779907227,66.70777130126953,3.783760348596843e-6,0.0,0.0,0.0,0.0,-0.05307960423150071,-0.0,0.0,4.852714347839355,3.781285776410784,0.0,0.0,0.17693200707435608,0.0,0.0,0.0,0.0,0.0,0.0,0.0,0.0,0.0,1181.0,0.0,0.0,1.0,0.09679099917411804,0.023284971714019775
23.932483673095703,66.03654479980469,3.7836468891327968e-6,0.0,0.0,0.0,0.0,-0.4615272496750844,-0.0,0.0,4.843071474347796,3.771642902919224,0.0,0.0,0.19133099913597107,0.0,0.0,0.0,1.347093105316162,0.0,0.0,0.0,0.0,1.347093105316162,1182.0,0.0,-1.347093105316162,1.0,0.37028294801712036,0.8925368785858154
23.742916107177734,162.80398559570312,3.7835334296687506e-6,0.0,0.0,0.0,0.0,-0.09838534797156191,-0.0,-0.01,4.865928595406668,3.794500023978097,0.20914900302886963,0.0,0.0,0.0,0.0,0.06825098395347595,0.2946178148648129,0.0,0.0,0.0,0.3628687988182889,0.0,1183.0,0.08285099267959595,1.7505384683609009,0.8587066531181335,0.2231644093990326,1.2814998626708984e-6
23.999984741210938,147.3865509033203,3.7834199702047044e-6,0.0,0.0,0.0,0.0,-0.01,-0.0,-0.01,4.925714302062988,3.854285730634417,0.3046970069408417,0.0,0.0,0.6457861802515301,0.0,0.00913750243272692,0.0,0.0,0.0,0.0,0.00913750243272692,0.0,1184.0,0.7193030118942261,1.158638834953308,0.9947047233581543,0.13767242431640625,2.8014183044433594e-6
23.999984741210938,105.64217376708984,0.6457706093788147,0.0,0.0,0.0,0.0,0.12641634594729245,-0.0,-0.01,4.995999962942941,3.9245713915143696,0.34531301259994507,0.0,0.0,0.0,1.5157370567321777,0.0,0.0,0.0,0.0,0.0,0.0,0.0,1185.0,-0.6457512378692627,0.009007551707327366,0.0,1.0,6.109476089477539e-6
23.993234634399414,104.970947265625,0.6457512378692627,0.0,0.0,0.0,0.0,0.1032306772330292,-0.0,-0.01,4.976214218139648,3.904785646711077,0.3511449992656708,0.0,0.0,0.0,1.2581185359362668,0.01808652692994406,0.0,0.0,0.0,0.0,0.01808652692994406,0.0,1186.0,-0.6457318663597107,1.0129520893096924,0.0,1.0,5.960464477539063e-8
23.999984741210938,95.8539810180664,0.6457318663597107,0.0,0.0,0.0,0.0,0.10770749669929264,-0.0,-0.01,4.866428593226841,3.7950000217982702,0.3517889976501465,0.0,0.0,0.0,1.3078609704971313,0.0,0.0,0.0,0.0,0.0,0.0,0.0,1187.0,-0.6457124948501587,0.009247382171452045,0.0,1.0,0.0
23.993234634399414,95.18275451660156,0.6457124948501587,0.0,0.0,0.0,0.0,0.14429600680860857,-0.0,-0.01,4.733928557804653,3.662500054495675,0.34043800830841064,0.0,0.0,0.0,1.714399939402938,0.01901220716536045,0.0,0.0,0.0,0.0,0.01901220716536045,0.0,1188.0,-0.6456931233406067,0.01901220716536045,0.0,1.0,0.0
23.999984741210938,94.51152801513672,0.6456931233406067,0.0,0.0,0.0,0.0,0.15434981698590972,-0.0,-0.01,4.570214353288923,3.4987857818603514,0.35224100947380066,0.0,0.0,0.0,1.8261089324951172,0.0,0.0,0.0,0.0,0.0,0.0,0.0,1189.0,-0.6456737518310547,0.009846743196249008,0.0,1.0,0.0
23.993234634399414,93.84030151367188,0.6456737518310547,0.0,0.0,0.0,0.0,0.1347452998603255,-0.0,-0.01,4.46242858341762,3.3910001482282364,0.36559998989105225,0.0,0.0,0.0,1.6082809817444808,0.020168935095118884,0.0,0.0,0.0,0.0,0.020168935095118884,0.0,1190.0,-0.6456543803215027,0.9036589860916138,0.0,1.0,0.0
23.999984741210938,78.76536560058594,0.6456543803215027,0.0,0.0,0.0,0.0,0.11438138178002114,-0.0,-0.01,4.399999972752163,3.328571537562779,0.3500570058822632,0.0,0.0,0.0,1.3820152432786401,0.01022766519914302,0.0,0.0,0.0,0.0,0.01022766519914302,0.0,1191.0,-0.6456350088119507,0.010227665305137634,0.0,1.0,0.0
23.999984741210938,78.0941390991211,0.6456350088119507,0.0,0.0,0.0,0.0,0.09475709065727071,-0.0,-0.01,4.356214196341378,3.2847856249128067,0.36090201139450073,0.0,0.0,0.0,1.1639675814658403,0.01033046655356884,0.0,0.0,0.0,0.0,0.01033046655356884,0.0,1192.0,-0.6456156373023987,0.01033046655356884,0.0,1.0,0.0
23.999984741210938,77.42291259765625,0.6456156373023987,0.0,0.0,0.0,0.0,-0.26852030946891703,-0.0,-0.01,4.3212857382638115,3.24985716683524,0.35043901205062866,0.0,0.0,0.0,0.0,0.7468109726905823,0.8617343306541443,0.0,0.0,0.0,0.0,1.6085453033447266,1193.0,0.8045609593391418,-1.6085453033447266,0.38267725706100464,0.034487247467041016,0.7028172016143799
23.993234634399414,132.44882202148438,0.6455962657928467,0.0,0.0,0.0,0.0,0.008130379436718531,-0.0,-0.01,4.292500032697405,3.2210714612688336,0.42738398909568787,0.0,0.0,0.0,0.20144864439828353,0.020967369080949264,0.0,0.0,0.0,0.0,0.020967369080949264,0.0,1194.0,-0.6455768942832947,0.02096736989915371,0.0,1.0,7.748603820800781e-7
23.999984741210938,131.777587890625,0.6455768942832947,0.0,0.0,0.0,0.0,-0.13756468509442982,-0.0,-0.01,4.2757856641496925,3.204357092721122,0.2916499972343445,0.26267701387405396,0.0,0.0,0.0,0.0,0.4252156000848828,0.0,0.369969310212511,0.0,0.0,0.7951849102973938,1195.0,-0.6455575227737427,-0.7951849102973938,8.940696716308594e-8,0.024046123027801514,0.9998430013656616
23.993234634399414,179.97296142578125,1.943270763149485e-5,0.0,0.0,0.0,0.0,-0.21904776339416338,-0.0,0.0,4.260642950875418,3.189214379446847,0.05224999785423279,0.0,0.7090350389480591,0.0,0.0,0.0,0.021124143351899702,0.0,0.0,0.0,0.021124143351899702,0.0,1196.0,0.0,1.6764283180236816,9.363889694213867e-5,0.0014958083629608154,0.23436951637268066
23.999984741210938,160.0321502685547,1.9432125554885715e-5,0.0,0.0,0.0,0.0,-0.13154328705324964,-0.0,0.0,4.254428536551339,3.1829999651227676,0.0,0.0,0.4278999865055084,0.0,0.0,0.0,0.010577619581789039,0.0,0.0,0.0,0.010577619581789039,0.0,1197.0,0.0,2.0275204181671143,1.3202428817749023e-5,7.62939453125e-6,0.016053467988967896
23.999984741210938,146.3336944580078,1.943154347827658e-5,0.0,0.0,0.0,0.0,-0.12247110793873084,-0.0,0.0,4.252999932425363,3.181571360996791,0.0,0.0,0.4082370102405548,0.0,0.0,0.0,0.0,0.0,0.0,0.0,0.0,0.0,1198.0,0.0,0.0,0.00010403990745544434,2.3156404495239258e-5,0.0010633766651153564
23.993234634399414,145.66246032714844,1.9430961401667446e-5,0.0,0.0,0.0,0.0,-0.12269040535650255,-0.0,0.0,4.241857201712472,3.1704286302839004,0.0,0.0,0.4089680016040802,0.0,0.0,0.0,0.0,0.0,0.0,0.0,0.0,0.0,1199.0,0.0,0.0,0.00013998150825500488,1.3619661331176758e-5,1.4036893844604492e-5
23.98648452758789,144.99122619628906,1.943037932505831e-5,0.0,0.0,0.0,0.0,-0.10032120149617185,-0.0,0.0,4.225071443830218,3.153642872401646,0.0,0.0,0.33440399169921875,0.0,0.0,0.0,0.0,0.0,0.0,0.0,0.0,0.0,1200.0,0.0,0.0,0.0008316338062286377,1.4185905456542969e-5,5.960464477539063e-8
23.979734420776367,144.3199920654297,1.9429797248449177e-5,0.0,0.0,0.0,0.0,-0.07418730255712269,-0.0,0.0,4.2099285943167555,3.1384998866489955,0.0,0.0,0.24729099869728088,0.0,0.0,0.0,0.0,0.0,0.0,0.0,0.0,0.0,1201.0,0.0,0.0,0.010024726390838623,3.215670585632324e-5,0.0
23.972984313964844,143.6487579345703,1.9429215171840042e-5,0.0,0.0,0.0,0.0,-0.06413070367299323,-0.0,0.0,4.198428508213588,3.1269999367850168,0.0,0.0,0.21376900374889374,0.0,0.0,0.0,0.0,0.0,0.0,0.0,0.0,0.0,1202.0,0.0,0.0,0.014487624168395996,3.215670585632324e-5,0.0
23.96623420715332,142.97752380371094,1.9428633095230907e-5,0.0,0.0,0.0,0.0,-0.05868720049409859,-0.0,0.0,4.192142840794155,3.1207141331263952,0.0,0.0,0.1956239938735962,0.0,0.0,0.0,0.0,0.0,0.0,0.0,0.0,0.0,1203.0,0.0,0.0,0.04699161648750305,0.00012788176536560059,0.0
23.959484100341797,142.30628967285156,1.9428051018621773e-5,0.0,0.0,0.0,0.0,-0.054591301762711986,-0.0,0.0,4.1887142453874855,3.1172858101981027,0.0,0.0,0.1819709986448288,0.0,0.0,0.0,0.0,0.0,0.0,0.0,0.0,0.0,1204.0,0.0,0.0,0.1340366005897522,0.0014175176620483398,0.0
23.952733993530273,141.6350555419922,1.9427468942012638e-5,0.0,0.0,0.0,0.0,-0.05307960423150071,-0.0,0.0,4.184357179914202,3.1129286084856305,0.0,0.0,0.17693200707435608,0.0,0.0,0.0,0.0,0.0,0.0,0.0,0.0,0.0,1205.0,0.0,0.0,0.1719110906124115,0.01118043065071106,0.0
23.94598388671875,140.9638214111328,1.9426886865403503e-5,0.0,0.0,0.0,0.0,-0.05275650085037942,-0.0,0.0,4.184428569248745,3.112999997820173,0.008549999445676804,0.0,0.17585499584674835,0.0,0.0,0.0,0.0,0.0,0.0,0.0,0.0,0.0,1206.0,0.0,0.0,0.3091246485710144,0.0502856969833374,0.0
23.939233779907227,140.29258728027344,1.942630478879437e-5,0.0,0.0,0.0,0.0,-0.01,-0.0,-0.01,4.213357189723423,3.141928482055664,0.20914900302886963,0.0,0.0,0.2331379583045148,0.0,0.10680512091656362,0.0,0.0,0.0,0.0,0.10680512091656362,0.0,1207.0,0.3738510012626648,1.8603744506835938,0.6393881440162659,0.3972119688987732,0.0
23.999984741210938,132.09658813476562,0.2331503927707672,0.0,0.0,0.0,0.0,0.0918532690885276,-0.0,-0.01,4.260928508213588,3.1894999367850168,0.3046970069408417,0.0,0.0,0.0,1.1317028999328613,0.0,0.0,0.0,0.0,0.0,0.0,0.0,1208.0,-0.2331434041261673,0.0,0.0,0.9998505115509033,0.0
23.99323272705078,131.42535400390625,0.2331434041261673,0.0,0.0,0.0,0.0,0.19943381596539025,-0.0,-0.01,4.30814288003104,3.236714172363281,0.34531301259994507,0.0,0.0,0.0,2.327042214678744,0.020894653988858473,0.0,0.0,0.0,0.0,0.020894653988858473,0.0,1209.0,-0.23313641548156738,1.48662531375885,0.0,0.9999904036521912,0.0002658367156982422
23.999984741210938,112.32093048095703,0.23313641548156738,0.0,0.0,0.0,0.0,0.37479380955704017,-0.0,-0.01,4.361142785208566,3.289714213779994,0.3511449992656708,0.0,0.0,0.0,4.275486433070862,0.01031879230145302,0.0,0.0,0.0,0.0,0.01031879230145302,0.0,1210.0,-0.23312942683696747,1.3265200853347778,0.0,0.9999994039535522,0.00028893351554870605
23.999984741210938,103.734619140625,0.23312942683696747,0.0,0.0,0.0,0.0,0.4811928015063671,-0.0,-0.01,4.406142861502511,3.3347142900739395,0.3517889976501465,0.0,0.0,0.0,5.457697360776365,0.010213405825197697,0.0,0.0,0.0,0.0,0.010213405825197697,0.0,1211.0,-0.23312243819236755,0.010213405825197697,0.0,0.9999999403953552,3.534555435180664e-5
23.999984741210938,103.06339263916016,0.23312243819236755,0.0,0.0,0.0,0.0,0.5650716826827645,-0.0,-0.01,4.443785749162946,3.372357177734375,0.34043800830841064,0.0,0.0,0.0,6.3896848553352905,0.010126889354650882,0.0,0.0,0.0,0.0,0.010126889354650882,0.0,1212.0,-0.23311544954776764,0.010126889683306217,0.0,1.0,1.3917684555053711e-5
23.999984741210938,102.39216613769531,0.23311544954776764,0.0,0.0,0.0,0.0,0.6468683895771493,-0.0,-0.01,4.490357208251953,3.4189286368233818,0.35224100947380066,0.0,0.0,0.0,7.298537081932701,0.01002185895475033,0.0,0.0,0.0,0.0,0.01002185895475033,0.0,1213.0,-0.23310846090316772,1.0700969696044922,0.0,1.0,0.0015463531017303467
23.999984741210938,90.40983581542969,0.23310846090316772,0.0,0.0,0.0,0.0,0.6952175653153676,-0.0,-0.01,4.526642881120954,3.4552143096923826,0.36559998989105225,0.0,0.0,0.0,7.835750102996826,0.0,0.0,0.0,0.0,0.0,0.0,0.0,1214.0,-0.2331014722585678,0.009941523894667625,0.0,1.0,0.012815237045288086
23.993234634399414,89.73860931396484,0.2331014722585678,0.0,0.0,0.0,0.0,0.6426172639760994,-0.0,-0.01,4.544357109069824,3.4729284014020645,0.40299201011657715,0.0,0.0,0.0,7.251302356786025,0.019805316858994764,0.0,0.0,0.0,0.0,0.019805316858994764,0.0,1215.0,-0.2330944836139679,0.019805317744612694,0.0,1.0,0.05146804451942444
23.999984741210938,89.0673828125,0.2330944836139679,0.0,0.0,0.0,0.0,0.5552493735352627,-0.0,-0.01,4.539857128688267,3.468428693498884,0.36090201139450073,0.0,0.0,0.0,6.280548095703125,0.0,0.0,0.0,0.0,0.0,0.0,0.0,1216.0,-0.23308749496936798,0.009912586770951748,0.0,0.9999999403953552,0.08497187495231628
23.993234634399414,88.39615631103516,0.23308749496936798,0.0,0.0,0.0,0.0,0.4061392667902578,-0.0,-0.01,4.51335710797991,3.4419285365513392,0.35043901205062866,0.0,0.0,0.0,4.6237692635386916,0.01994134971204098,0.0,0.0,0.0,0.0,0.01994134971204098,0.0,1217.0,-0.23308050632476807,0.01994135044515133,0.0,1.0,0.01801857352256775
23.999984741210938,87.72492980957031,0.23308050632476807,0.0,0.0,0.0,0.0,0.23354843699759162,-0.0,-0.01,4.46778564453125,3.3963570731026786,0.42738398909568787,0.0,0.0,0.0,2.7060935293566892,0.010072490083008227,0.0,0.0,0.0,0.0,0.010072490083008227,0.0,1218.0,-0.23307351768016815,0.5335476994514465,0.0,0.9997040629386902,0.1548786163330078
23.999984741210938,79.53145599365234,0.23307351768016815,0.0,0.0,0.0,0.0,-0.01,-0.0,-0.01,4.409000069754464,3.3375714983258926,0.5543270111083984,0.0,0.0,0.9398425571255302,0.0,0.0,0.0,0.0,0.0,0.0,0.0,0.0,1219.0,1.0386730432510376,0.0,0.9999810457229614,0.18277567625045776,0.30228185653686523
23.993234634399414,78.8602294921875,1.1728808879852295,0.0,0.0,0.0,0.0,-0.01,-0.0,-0.01,4.334999983651297,3.263571275983538,0.38759997487068176,0.11739203333854675,0.0,0.0,0.0,0.0,0.0,0.0,0.02076180687542835,0.0,0.02076180687542835,0.0,1220.0,-1.172845721244812,0.7696934938430786,0.9033346772193909,0.0005591213703155518,0.009328633546829224
23.999984741210938,69.66482543945312,1.0318766832351685,0.0,0.0,0.0,0.0,-0.6402401101004848,-0.0,-0.01,4.263571412222726,3.1921427045549664,0.0,0.4278999865055084,0.0,0.0,0.0,0.0,2.100800283523313,0.0,0.5833086890261256,0.0,0.0,2.6841089725494385,1221.0,-1.0318456888198853,-2.6841089725494385,0.22724801301956177,0.05345979332923889,0.7780489921569824
23.993234634399414,144.4859161376953,3.11151088681072e-5,0.0,0.0,0.0,0.0,-0.3517961500460155,-0.0,0.0,4.237642778669085,3.1662142072405133,0.0,0.0,1.1514149904251099,0.0,0.0,0.0,0.021238796464533596,0.0,0.0,0.0,0.021238796464533596,0.0,1222.0,0.0,1.7112690210342407,0.29138481616973877,0.0015495121479034424,0.0006826817989349365
23.999984741210938,124.01835632324219,3.1114177545532584e-5,0.0,0.0,0.0,0.0,-0.12269040535650255,-0.0,0.0,4.233928625924246,3.162500054495675,0.0,0.0,0.4089680016040802,0.0,0.0,0.0,0.0,0.0,0.0,0.0,0.0,0.0,1223.0,0.0,0.0,0.0045750439167022705,9.208917617797852e-6,1.8775463104248047e-5
23.993234634399414,123.34712982177734,3.111324622295797e-5,0.0,0.0,0.0,0.0,-0.10669520426649286,-0.0,0.0,4.236071395874023,3.164642824445452,0.0,0.0,0.33440399169921875,0.0,0.0,0.0,0.021246675056803003,0.0,0.0,0.0,0.021246675056803003,0.0,1224.0,0.0,0.6270976662635803,0.552379846572876,0.0028923749923706055,0.017340272665023804
23.999984741210938,60.83203125,3.111231490038335e-5,0.0,0.0,0.0,0.0,-0.07737154806366854,-0.0,0.0,4.23978568485805,3.16835697719029,0.0,0.0,0.24729099869728088,0.0,0.0,0.0,0.010614151266717674,0.0,0.0,0.0,0.010614151266717674,0.0,1225.0,0.0,0.5275532603263855,1.0,9.208917617797852e-5,0.0054222941398620605
23.999984741210938,52.92122268676758,3.111138357780874e-5,0.0,0.0,0.0,0.0,-0.0569448016860008,-0.0,0.0,5.041357122148786,3.9699285507202147,0.0,0.0,0.18981599807739258,0.0,0.0,0.0,0.0,0.0,0.0,0.0,0.0,0.0,1226.0,0.0,0.0,2.5093555450439453e-5,0.7447015643119812,0.009485483169555664
23.993234634399414,52.24999237060547,3.111045225523412e-5,0.0,0.0,0.0,0.0,-0.051899400925612404,-0.0,0.0,5.0664285387311665,3.994999967302595,0.0,0.0,0.17299799621105194,0.0,0.0,0.0,0.0,0.0,0.0,0.0,0.0,0.0,1227.0,0.0,0.0,0.2970231771469116,0.7813013792037964,0.010751962661743164
23.98648452758789,51.57876205444336,3.110952093265951e-5,0.0,0.0,0.0,0.0,-0.507602166438188,-0.0,0.0,5.033142852783203,3.9617142813546318,0.0,0.0,0.16041800379753113,0.0,0.0,0.0,1.531589150428772,0.0,0.0,0.0,0.0,1.531589150428772,1228.0,0.0,-1.531589150428772,0.9999999403953552,0.1265774965286255,0.8734596967697144
23.979734420776367,159.7516326904297,3.110858961008489e-5,0.0,0.0,0.0,0.0,-0.04681110270067457,-0.0,0.0,4.9878570829118996,3.9164285114833284,0.0,0.0,0.15603700280189514,0.0,0.0,0.0,0.0,0.0,0.0,0.0,0.0,0.0,1229.0,0.0,0.0,0.9459977746009827,0.2713863253593445,0.0
23.972984313964844,159.0803985595703,3.1107658287510276e-5,0.0,0.0,0.0,0.0,-0.048681603816413954,-0.0,0.0,4.951714324951172,3.8802857535226005,0.0,0.0,0.16227200627326965,0.0,0.0,0.0,0.0,0.0,0.0,0.0,0.0,0.0,1230.0,0.0,0.0,0.9805055856704712,0.6603950262069702,0.0
23.96623420715332,158.40916442871094,3.110672696493566e-5,0.0,0.0,0.0,0.0,-0.01,-0.0,-0.01,4.950428635733468,3.879000064304897,0.18522800505161285,0.0,0.0,0.09684554497140851,0.0,0.0,0.0,0.0,0.0,0.0,0.0,0.0,1231.0,0.11377198994159698,0.0,0.9982568025588989,0.8129673004150391,0.0
23.959484100341797,157.73793029785156,0.09687374532222748,0.0,0.0,0.0,0.0,-0.01,-0.0,-0.01,4.983428628104074,3.9120000566755024,0.2752330005168915,0.0,0.0,1.1304956393922225,0.0,0.0,0.0,0.0,0.0,0.0,0.0,0.0,1232.0,1.228766918182373,0.0,0.9953662753105164,0.6734716892242432,0.0
23.952733993530273,157.0666961669922,1.227332592010498,0.0,0.0,0.0,0.0,0.26653596989599493,-0.0,-0.01,5.078000014168875,4.006571442740304,0.30973300337791443,0.0,0.0,0.0,3.0726216435432434,0.07089537382125854,0.0,0.0,0.0,0.0,0.07089537382125854,0.0,1233.0,-1.2272957563400269,0.07089537382125854,0.0,1.0,2.086162567138672e-7
23.999984741210938,156.3954620361328,1.2272957563400269,0.0,0.0,0.0,0.0,0.44290828012690964,-0.0,-0.01,5.1970000403268,4.125571468898228,0.31333601474761963,0.0,0.0,0.0,5.032313823699951,0.0,0.0,0.0,0.0,0.0,0.0,0.0,1234.0,-1.2272589206695557,0.008659173734486103,0.0,1.0,1.043081283569336e-6
23.993234634399414,155.72422790527344,1.2272589206695557,0.0,0.0,0.0,0.0,0.5610461906180416,-0.0,-0.01,5.297857093811035,4.226428522382464,0.3127540051937103,0.0,0.0,0.0,6.344957169281895,0.01698845983797756,0.0,0.0,0.0,0.0,0.01698845983797756,0.0,1235.0,-1.2272220849990845,0.01698845997452736,0.0,1.0,4.172325134277344e-7
23.999984741210938,155.05299377441406,1.2272220849990845,0.0,0.0,0.0,0.0,0.6361744218261947,-0.0,-0.01,5.391500009809222,4.3200714383806496,0.302280992269516,0.0,0.0,0.0,7.179715227476318,-0.008346151701170713,0.0,0.0,0.0,0.0,-0.008346151701170713,0.0,1236.0,-1.2271852493286133,1.5290364027023315,0.0,1.0,2.9802322387695312e-8
23.999984741210938,146.67921447753906,1.2271852493286133,0.006734741851687431,0.0,0.0,0.0,0.6435100282178109,-0.006734741851687431,-0.01,5.462142889840262,4.390714318411691,0.3123970031738281,0.0,0.0,0.0,7.336052417755127,0.0,0.0,0.0,0.0,0.0,0.0,0.0,1237.0,-1.227148413658142,-0.008238209411501884,0.0,1.0,0.0
24.00673484802246,146.0079803466797,1.227148413658142,0.013484848663210869,0.0,0.0,0.0,0.578839694520792,-0.013484848663210869,-0.01,5.497285652160644,4.425857080732073,0.32420599460601807,0.0,0.0,0.0,6.6924943923950195,0.0,0.0,0.0,0.0,0.0,0.0,0.0,1238.0,-1.227111577987671,0.0,0.0,1.0,0.0
24.013484954833984,145.3367462158203,1.227111577987671,0.020234955474734306,0.0,0.0,0.0,0.5281206682756019,-0.020234955474734306,-0.01,5.514785712105887,4.443357140677316,0.31019899249076843,0.0,0.0,0.0,6.203950881958008,0.0,0.0,0.0,0.0,0.0,0.0,0.0,1239.0,-1.2270747423171997,0.0,0.0,1.0,0.0
24.020235061645508,144.66551208496094,1.2270747423171997,0.026985062286257744,0.0,0.0,0.0,0.3479449638420346,-0.026985062286257744,-0.01,5.501999936785016,4.430571365356445,0.36660000681877136,0.0,0.0,0.0,4.2769999504089355,0.0,0.0,0.0,0.0,0.0,0.0,0.0,1240.0,-1.2270379066467285,0.0,0.0,1.0,2.9802322387695312e-8
24.02698516845703,143.99427795410156,1.2270379066467285,0.0,0.0,0.0,0.0,0.26255227789051416,-0.0,-0.01,5.480142811366489,4.408714239937918,0.31014901399612427,0.0,0.0,0.0,3.0283584025556283,-0.041057529752893715,0.0,0.0,0.0,0.0,-0.041057529752893715,0.0,1241.0,-1.2270010709762573,1.3481208086013794,1.239776611328125e-5,1.0,0.00034683942794799805
23.999984741210938,134.03758239746094,1.2270010709762573,0.006734741851687431,0.0,0.0,0.0,-0.016734741851687433,-0.006734741851687431,-0.01,5.458571379525321,4.387142808096749,0.37898901104927063,0.0,0.0,2.1711518376438335,0.0,0.0,0.0,0.0,0.0,0.0,0.0,0.0,1242.0,2.35201096534729,-0.008243599906563759,0.9509459137916565,1.0,0.0626680850982666
24.00673484802246,133.36634826660156,3.3980510234832764,0.0,0.0,0.0,0.0,0.08164434175719165,-0.0,-0.01,5.4365714754377095,4.365142904009138,0.4945339858531952,0.0,0.0,0.0,1.0182703830439352,-0.016554365320851687,0.0,0.0,0.0,0.0,-0.016554365320851687,0.0,1243.0,-3.39794921875,0.8012247085571289,0.03190198540687561,0.9863518476486206,0.00749659538269043
23.999984741210938,88.27180480957031,3.39794921875,0.0,0.0,0.0,0.0,-0.01,-0.0,-0.01,5.353928511483328,4.282499940054757,0.4469499886035919,0.0,0.0,0.07497002926349694,0.0,0.0,0.0,0.0,0.0,0.0,0.0,0.0,1244.0,0.10405001044273376,0.008405365981161594,0.5646743774414062,1.0,0.11578088998794556
23.993234634399414,87.60057830810547,3.4728150367736816,0.0,0.0,0.0,0.0,-0.01,-0.0,-0.01,5.261500031607492,4.19007146017892,0.0,0.3757930099964142,0.0,0.0,0.0,0.0,0.0,0.0,0.01710585040860596,0.0,0.01710585040860596,0.0,1245.0,-3.4727108478546143,0.7140478491783142,2.384185791015625e-7,0.5789771676063538,0.0009877383708953857
23.999984741210938,77.53498840332031,3.071805715560913,0.0,0.0,0.0,0.0,-0.01,-0.0,-0.01,5.3079285757882255,4.2365000043596535,0.0,0.3578689992427826,0.0,0.0,0.0,0.0,0.0,0.0,0.0,0.0,0.0,0.0,1246.0,-3.07171368598938,0.0,0.0,0.8649851679801941,0.0011619031429290771
23.993234634399414,76.86376190185547,2.706552028656006,0.0,0.0,0.0,0.0,-0.01,-0.0,-0.01,5.293857111249651,4.222428539821079,0.0,0.3620469868183136,0.0,0.0,0.0,0.0,0.0,0.0,1.4585227966308594,0.0,0.0,1.4585227966308594,1247.0,-2.7064709663391113,-1.4585227966308594,0.0004436969757080078,0.14356571435928345,0.6325909495353699
23.98648452758789,121.2126235961914,0.8488023281097412,0.0,0.0,0.0,0.0,-0.01,-0.0,-0.01,5.194857134137835,4.123428562709263,0.0,0.3013469874858856,0.0,0.0,0.0,0.0,0.0,0.0,0.0,0.0,0.0,0.0,1248.0,-0.8487768769264221,0.0,0.0,0.7559155225753784,1.0728836059570312e-6
23.979734420776367,120.54139709472656,0.5412891507148743,0.0,0.0,0.0,0.0,-0.01,-0.0,-0.01,5.12064288003104,4.049214308602469,0.0,0.2221280038356781,0.0,0.0,0.0,0.0,0.0,0.0,0.0,0.0,0.0,0.0,1249.0,-0.5412729382514954,0.0,1.996755599975586e-6,0.4303297996520996,0.0
23.972984313964844,119.87017059326172,0.3146184980869293,0.0,0.0,0.0,0.0,-0.01,-0.0,-0.01,5.070214353288923,3.9987857818603514,0.0,0.18981599807739258,0.0,0.0,0.0,0.0,0.0,0.0,0.0,0.0,0.0,0.0,1250.0,-0.3146090507507324,0.0,2.473592758178711e-6,0.4628433883190155,0.0
23.96623420715332,119.19894409179688,0.12092508375644684,0.0,0.0,0.0,0.0,-0.026348495336803092,-0.0,-0.01,5.044500023978097,3.973071452549526,0.0,0.11850301392047768,0.054494982290574256,0.0,0.0,0.0,0.0,0.0,0.0,0.0,0.0,0.0,1251.0,-0.12092145532369614,0.0,0.014760911464691162,0.23369768261909485,0.0
23.959484100341797,118.52771759033203,3.643224772531539e-6,0.0,0.0,0.0,0.0,-0.048125403051590965,-0.0,0.0,5.029642868041992,3.958214296613421,0.0,0.0,0.16041800379753113,0.0,0.0,0.0,0.0,0.0,0.0,0.0,0.0,0.0,1252.0,0.0,0.0,0.8549745082855225,0.3100602626800537,0.0
23.952733993530273,117.85649108886719,3.6431156331673265e-6,0.0,0.0,0.0,0.0,-0.04681110270067457,-0.0,0.0,4.996999958583286,3.925571387154715,0.0,0.0,0.15603700280189514,0.0,0.0,0.0,0.0,0.0,0.0,0.0,0.0,0.0,1253.0,0.0,0.0,0.9946397542953491,0.5134904980659485,0.0
23.94598388671875,117.18526458740234,3.6430064938031137e-6,0.0,0.0,0.0,0.0,-0.033291601967477824,-0.0,0.0,4.970214244297573,3.898785672869001,0.05130000039935112,0.0,0.11097200214862823,0.0,0.0,0.0,0.0,0.0,0.0,0.0,0.0,0.0,1254.0,0.0,0.0,0.9985546469688416,0.8336488008499146,2.9802322387695312e-8
23.939233779907227,116.5140380859375,3.642897354438901e-6,0.0,0.0,0.0,0.0,-0.01,-0.0,-0.01,5.036214229038784,3.964785657610212,0.18522800505161285,0.0,0.0,0.5753795938419728,0.0,0.0,0.0,0.0,0.0,0.0,0.0,0.0,1255.0,0.6277720332145691,0.0,0.9999734163284302,0.9290659427642822,5.960464477539063e-8
23.932483673095703,115.84281158447266,0.5753659605979919,0.0,0.0,0.0,0.0,0.1459834786789393,-0.0,-0.01,5.109000015258789,4.037571443830218,0.2752330005168915,0.0,0.0,0.0,1.7331496253609657,0.09681739658117294,0.0,0.0,0.0,0.0,0.09681739658117294,0.0,1256.0,-0.5753487348556519,0.09681739658117294,0.0,0.9999889731407166,0.0
23.999929428100586,115.17158508300781,0.5753487348556519,0.0,0.0,0.0,0.0,0.2445305621250905,-0.0,-0.01,5.20514292035784,4.133714348929269,0.30973300337791443,0.0,0.0,0.0,2.8281171321868896,0.0,0.0,0.0,0.0,0.0,0.0,0.0,1257.0,-0.5753315091133118,0.008716471493244171,0.0,0.9999998807907104,0.0
23.993179321289062,114.50035858154297,0.5753315091133118,0.0,0.0,0.0,0.0,0.19700287640797465,-0.0,-0.01,5.259571429661342,4.188142858232771,0.31333601474761963,0.0,0.0,0.0,2.300031777298501,0.01718223484749523,0.0,0.0,0.0,0.0,0.01718223484749523,0.0,1258.0,-0.5753142833709717,0.8414665460586548,0.0,0.9961957335472107,0.0
23.999984741210938,87.58483123779297,0.5753142833709717,0.0,0.0,0.0,0.0,0.17255035382134692,-0.0,-0.01,5.287500054495675,4.216071483067104,0.37045198678970337,0.0,0.0,0.0,2.0283371034838793,0.008510964753425393,0.0,0.0,0.0,0.0,0.008510964753425393,0.0,1259.0,-0.5752970576286316,0.6361694931983948,0.0,1.0,0.0
23.999984741210938,71.43608093261719,0.5752970576286316,0.0,0.0,0.0,0.0,0.18338473187960944,-0.0,-0.01,5.319071442740304,4.247642871311733,0.302280992269516,0.0,0.0,0.0,2.148719072341919,0.0,0.0,0.0,0.0,0.0,0.0,0.0,1260.0,-0.5752798318862915,0.008460448123514652,0.0,1.0,0.0
23.993234634399414,70.76485443115234,0.5752798318862915,0.0,0.0,0.0,0.0,0.127603817640051,-0.0,-0.01,5.334499985831124,4.263071414402553,0.3123970031738281,0.0,0.0,0.0,1.5289311856031418,0.01687176525592804,0.0,0.0,0.0,0.0,0.01687176525592804,0.0,1261.0,-0.5752626061439514,0.01687176525592804,0.0,1.0,0.0
23.999984741210938,70.0936279296875,0.5752626061439514,0.0,0.0,0.0,0.0,0.12310047015352744,-0.0,-0.01,5.3361428941999165,4.264714322771345,0.32420599460601807,0.0,0.0,0.0,1.4788939952850342,0.0,0.0,0.0,0.0,0.0,0.0,0.0,1262.0,-0.5752453804016113,0.008433381095528603,0.0,1.0,0.0
23.993234634399414,69.42240142822266,0.5752453804016113,0.0,0.0,0.0,0.0,0.12720458070708376,-0.0,-0.01,5.339571489606585,4.268142918178013,0.31019899249076843,0.0,0.0,0.0,1.5244952200338227,0.0168557406976837,0.0,0.0,0.0,0.0,0.0168557406976837,0.0,1263.0,-0.5752281546592712,0.016855740919709206,0.0,1.0,2.9802322387695312e-8
23.999984741210938,68.75117492675781,0.5752281546592712,0.0,0.0,0.0,0.0,0.11345786360564679,-0.0,-0.01,5.346642848423549,4.275214276994978,0.3201960027217865,0.0,0.0,0.0,1.3717539310455322,0.0,0.0,0.0,0.0,0.0,0.0,0.0,1264.0,-0.5752109289169312,0.008416819386184216,2.9802322387695312e-8,1.0,2.6047229766845703e-5
23.993234634399414,68.07994842529297,0.5752109289169312,0.0,0.0,0.0,0.0,-0.01,-0.0,-0.01,5.362642914908273,4.291214343479702,0.31014901399612427,0.0,0.0,1.2492723234251528,0.0,0.016783222556114197,0.0,0.0,0.0,0.0,0.016783222556114197,0.0,1265.0,1.3758509159088135,0.016783222556114197,0.9479626417160034,1.0,0.02970901131629944
23.999984741210938,67.40872192382812,1.8244285583496094,0.006734741851687431,0.0,0.0,0.0,-0.016734741851687433,-0.006734741851687431,-0.01,5.381071444920131,4.30964287349156,0.37898901104927063,0.0,0.0,0.1400172844958263,0.0,0.6228862404823303,0.0,0.0,0.0,0.0,0.0,0.6228862404823303,1266.0,0.826011061668396,-0.6228862404823303,0.9999986290931702,1.0,0.6138821840286255
24.00673484802246,118.21923065185547,1.9643869400024414,0.0,0.0,0.0,0.0,-0.01,-0.0,-0.01,5.377142851693289,4.305714280264718,0.4945339858531952,0.0,0.0,0.0763942281013934,0.0,-0.016737325523902787,0.0,0.0,0.0,0.0,-0.016737325523902787,0.0,1267.0,0.09046599268913269,0.7672328948974609,0.9982541799545288,0.9999926090240479,0.10158345103263855
23.999984741210938,99.60566711425781,2.040719985961914,0.0,0.0,0.0,0.0,-0.01,-0.0,-0.01,5.359428623744419,4.288000052315848,0.11495000123977661,0.3319999873638153,0.0,0.0,0.0,0.0,0.0,0.0,0.0,0.0,0.0,0.0,1268.0,-2.040658712387085,0.0083872489631176,0.37235206365585327,0.9999984502792358,0.14706122875213623
23.993234634399414,98.93444061279297,1.7018934488296509,0.0,0.0,0.0,0.0,-0.01,-0.0,-0.01,5.352785737173898,4.281357165745327,0.0,0.3757930099964142,0.0,0.0,0.0,0.0,0.0,0.0,0.0,0.0,0.0,0.0,1269.0,-1.7018424272537231,0.0,2.980232238769531e-7,0.9936375617980957,0.00690382719039917
23.98648452758789,98.26321411132812,1.3183916807174683,0.0,0.0,0.0,0.0,-0.01,-0.0,-0.01,5.34549993787493,4.274071366446359,0.0,0.3578689992427826,0.0,0.0,0.0,0.0,0.0,0.0,0.02525547677082185,0.0,0.02525547677082185,0.0,1270.0,-1.3183521032333374,0.9259307384490967,0.0,0.7768216133117676,0.0008166134357452393
23.999984741210938,96.02554321289062,0.9274205565452576,0.0,0.0,0.0,0.0,-0.01,-0.0,-0.01,5.324214335850307,4.252785764421736,0.0,0.3620469868183136,0.0,0.0,0.0,0.0,0.0,0.0,0.008452275539422006,0.0,0.008452275539422006,0.0,1271.0,-0.9273927807807922,0.8480180501937866,2.9802322387695312e-8,0.68319171667099,0.0009034276008605957
23.999984741210938,89.30690002441406,0.5493436455726624,0.0,0.0,0.0,0.0,-0.01,-0.0,-0.01,5.287857137407575,4.216428565979004,0.0,0.3013469874858856,0.0,0.0,0.0,0.0,0.0,0.0,0.0,0.0,0.0,0.0,1272.0,-0.5493271946907043,0.0,0.0,0.8737548589706421,8.806586265563965e-5
23.993234634399414,88.63567352294922,0.2418394684791565,0.0,0.0,0.0,0.0,-0.01,-0.0,-0.01,5.225500052315848,4.154071480887277,0.0,0.2221280038356781,0.0,0.0,0.0,0.0,0.0,0.0,0.0,0.0,0.0,0.0,1273.0,-0.2418322116136551,0.0,1.0728836059570312e-6,0.7620671391487122,2.682209014892578e-7
23.98648452758789,87.96444702148438,0.015177789144217968,0.0,0.0,0.0,0.0,-0.062482665853584925,-0.0,-0.01,5.11792858668736,4.046500015258789,0.0,0.014873785517021787,0.1749422125603708,0.0,0.0,0.0,0.0,0.0,0.0,0.0,0.0,0.0,1274.0,-0.015177333727478981,0.0,2.3543834686279297e-6,0.6408480405807495,5.960464477539063e-8
23.979734420776367,87.29322052001953,4.572656848722545e-7,0.0,0.0,0.0,0.0,-0.09142890041784035,-0.0,0.0,5.029142870221819,3.9577142987932477,0.0,0.0,0.30476298928260803,0.0,0.0,0.0,0.0,0.0,0.0,0.0,0.0,0.0,1275.0,0.0,0.0,0.968488335609436,0.5124551057815552,5.960464477539062e-7
23.972984313964844,86.62199401855469,4.5725198560830904e-7,0.0,0.0,0.0,0.0,-0.048125403051590965,-0.0,0.0,4.973428535461426,3.9019999640328544,0.0,0.0,0.16041800379753113,0.0,0.0,0.0,0.0,0.0,0.0,0.0,0.0,0.0,1276.0,0.0,0.0,0.9815390110015869,0.14934706687927246,0.0
23.96623420715332,85.95076751708984,4.572382863443636e-7,0.0,0.0,0.0,0.0,-0.04681110270067457,-0.0,0.0,4.926785687037876,3.855357115609305,0.0,0.0,0.15603700280189514,0.0,0.0,0.0,0.0,0.0,0.0,0.0,0.0,0.0,1277.0,0.0,0.0,0.999058723449707,0.30415070056915283,0.0
23.958436965942383,85.279541015625,4.5722458708041813e-7,0.0,0.0,0.0,0.0,-0.13144021263442238,-0.0,0.0,4.893785694667271,3.8223571232386995,0.04179999977350235,0.0,0.1204720064997673,0.0,0.0,0.0,0.31766201820509204,0.0,0.0,0.0,0.31766201820509204,0.0,1278.0,0.0,0.7638692855834961,0.9999975562095642,0.9236109256744385,0.0056954026222229
23.999984741210938,76.90489196777344,4.572108878164727e-7,0.0,0.0,0.0,0.0,-0.01,-0.0,-0.01,4.9145714351109095,3.8431428636823384,0.18522800505161285,0.0,0.0,0.3780076076645287,0.0,0.0,0.0,0.0,0.0,0.0,0.0,0.0,1279.0,0.415772020816803,0.0,0.9999923706054688,0.8598678112030029,2.0205974578857422e-5
23.99114990234375,76.2336654663086,0.3779967427253723,0.0,0.0,0.0,0.0,0.15033670651918724,-0.0,-0.01,4.967499950953892,3.8960713795253206,0.2752330005168915,0.0,0.0,0.0,1.7815188197419047,0.01234805304557085,0.0,0.0,0.0,0.0,0.01234805304557085,0.0,1280.0,-0.377985417842865,0.01234805304557085,3.457069396972656e-5,0.9980971813201904,2.8580427169799805e-5
23.99047088623047,75.56243896484375,0.377985417842865,0.0,0.0,0.0,0.0,0.3223517890653427,-0.0,-0.01,5.0199999945504326,3.948571423121861,0.30973300337791443,0.0,0.0,0.0,3.692797362804413,0.02356940507888794,0.0,0.0,0.0,0.0,0.02356940507888794,0.0,1281.0,-0.37797409296035767,0.02356940507888794,8.940696716308594e-8,0.9998780488967896,1.7374753952026367e-5
23.999374389648438,74.8912124633789,0.37797409296035767,0.0,0.0,0.0,0.0,0.2494927620564084,-0.0,-0.01,5.06499993460519,3.9935713631766183,0.31333601474761963,0.0,0.0,0.48310282826423645,2.883252682597531,2.0569989681243896,0.0,0.0,0.0,0.0,0.0,2.0569989681243896,1282.0,0.48310282826423645,-2.0569989681243896,0.08610469102859497,0.028802454471588135,0.9694830179214478
23.99158477783203,175.1153564453125,0.861051082611084,0.0,0.0,0.0,0.0,0.5937148523249633,-0.0,-0.01,5.114285687037876,4.042857115609305,0.3127540051937103,0.0,0.0,0.0,6.707942270511339,0.019753194576552165,0.0,0.0,0.0,0.0,0.019753194576552165,0.0,1283.0,-0.8610252737998962,1.2655690908432007,0.0,0.9852587580680847,0.0004490315914154053
23.999984741210938,118.19440460205078,0.8610252737998962,0.0,0.0,0.0,0.0,0.6701362482814954,-0.0,-0.01,5.16728572845459,4.0958571570260185,0.302280992269516,0.0,0.0,0.0,7.557068824768066,0.0,0.0,0.0,0.0,0.0,0.0,0.0,1284.0,-0.8609994649887085,0.009380500763654709,0.0,1.0,1.9669532775878906e-6
23.992713928222656,117.52317810058594,0.8609994649887085,0.0,0.0,0.0,0.0,0.6984791194991034,-0.0,-0.01,5.218071474347796,4.146642902919224,0.3123970031738281,0.0,0.0,0.0,7.871989591047168,0.01791347749531269,0.0,0.0,0.0,0.0,0.01791347749531269,0.0,1285.0,-0.8609736561775208,0.01791347749531269,0.0,1.0,1.7881393432617188e-7
23.999984741210938,116.8519515991211,0.8609736561775208,0.0,0.0,0.0,0.0,0.6874002557532656,-0.0,-0.01,5.261642810276577,4.1902142388480055,0.32420599460601807,0.0,0.0,0.0,7.748891114765291,0.008552790111418077,0.0,0.0,0.0,0.0,0.008552790111418077,0.0,1286.0,-0.860947847366333,1.0650707483291626,0.0,1.0,2.9802322387695312e-8
23.999984741210938,105.58706665039062,0.860947847366333,0.0,0.0,0.0,0.0,0.6365916384531339,-0.0,-0.01,5.300142914908273,4.228714343479702,0.31019899249076843,0.0,0.0,0.0,7.184350967407227,0.0,0.0,0.0,0.0,0.0,0.0,0.0,1287.0,-0.8609220385551453,0.008490663021802902,0.0,1.0,0.0
23.993234634399414,104.91584014892578,0.8609220385551453,0.0,0.0,0.0,0.0,0.5432004835617675,-0.0,-0.01,5.331214305332729,4.259785733904158,0.3201960027217865,0.0,0.0,0.0,6.146671551081619,0.01688216367057788,0.0,0.0,0.0,0.0,0.01688216367057788,0.0,1288.0,-0.8608962297439575,0.9347946047782898,0.0,1.0,0.0
23.999984741210938,96.3653335571289,0.8608962297439575,0.0,0.0,0.0,0.0,0.4179841204955298,-0.0,-0.01,5.343428557259696,4.271999985831124,0.31014901399612427,0.0,0.0,0.0,4.755378738693443,0.008421882339272081,0.0,0.0,0.0,0.0,0.008421882339272081,0.0,1289.0,-0.8608704209327698,0.8168504238128662,0.0,1.0,1.7583370208740234e-6
23.999984741210938,86.9216079711914,0.8608704209327698,0.0,0.0,0.0,0.0,-0.01,-0.0,-0.01,5.336999974931989,4.265571403503418,0.37898901104927063,0.0,0.0,2.891745914473745,0.0,0.0,0.0,0.0,0.0,0.0,0.0,0.0,1290.0,3.1260111331939697,0.008432026952505112,0.9999916553497314,1.0,0.2938827574253082
23.993234634399414,86.25038146972656,3.7525038719177246,0.0,0.0,0.0,0.0,-0.01,-0.0,-0.01,5.315714236668178,4.244285665239607,0.4945339858531952,0.0,0.0,0.024471822261261877,0.0,1.002394676208496,0.0,0.0,0.0,0.0,0.0,1.002394676208496,1291.0,1.1074659824371338,-1.002394676208496,1.0,1.0,0.9198305606842041
23.98648452758789,167.17095947265625,3.776862382888794,0.0,0.0,0.0,0.0,-0.01,-0.0,-0.01,5.239142908368792,4.16771433694022,0.48069998621940613,0.024468988180160522,0.0,0.0,0.0,0.0,0.0,0.0,0.024780573323369026,0.0,0.024780573323369026,0.0,1292.0,-3.7767491340637207,0.024780573323369026,0.007829815149307251,0.009850382804870605,0.26661840081214905
23.999208450317383,64.6376953125,3.7264959812164307,0.0,0.0,0.0,0.0,-0.01,-0.0,-0.01,5.123428562709263,4.051999991280692,0.0,0.3757930099964142,0.0,0.0,0.0,0.0,0.0,0.0,0.009793636453317706,0.0,0.009793636453317706,0.0,1293.0,-3.726384162902832,0.24653397500514984,9.59634780883789e-6,0.23170635104179382,0.054301291704177856
23.999984741210938,47.84425354003906,3.3329403400421143,0.0,0.0,0.0,0.0,-0.01,-0.0,-0.01,5.09557146344866,4.024142892020089,0.0,0.3578689992427826,0.0,0.0,0.0,0.0,0.0,0.0,0.008831536741335496,0.0,0.008831536741335496,0.0,1294.0,-3.3328404426574707,0.17543381452560425,3.1888484954833984e-6,0.5250357389450073,0.06332236528396606
23.999984741210938,43.66876220703125,2.958667516708374,0.0,0.0,0.0,0.0,-0.01,-0.0,-0.01,5.066857147216797,3.9954285757882255,0.0,0.5593230128288269,0.0,0.0,0.0,0.0,0.0,0.0,0.008881585821354128,0.0,0.008881585821354128,0.0,1295.0,-2.9585788249969482,0.07438638061285019,0.00012233853340148926,0.346737265586853,0.10084173083305359
23.999984741210938,41.83256530761719,2.378795623779297,0.0,0.0,0.0,0.0,-0.01,-0.0,-0.01,5.022357204982212,3.950928633553641,0.0,0.7243310213088989,0.0,0.0,0.0,0.0,0.0,0.0,0.906008243560791,0.0,0.0,0.906008243560791,1296.0,-2.3787243366241455,-0.906008243560791,0.0009448230266571045,0.0880039632320404,0.4417012333869934
23.993234634399414,90.67028045654297,0.7151626944541931,0.0,0.0,0.0,0.0,-0.01,-0.0,-0.01,4.9770714351109095,3.9056428636823384,0.0,0.2221280038356781,0.0,0.0,0.0,0.0,0.0,0.0,0.0,0.0,0.0,0.0,1297.0,-0.715141236782074,0.0,5.602836608886719e-6,0.4187668561935425,2.9802322387695312e-8
23.98648452758789,89.99905395507812,0.4884868264198303,0.0,0.0,0.0,0.0,-0.057519785323953146,-0.0,-0.01,4.95007141658238,3.8786428451538084,0.0,0.4787027005142619,0.13112630806499226,0.0,0.0,0.0,0.0272729700539631,0.0,0.0,0.0,0.0272729700539631,0.0,1298.0,-0.48847219347953796,0.8032042980194092,0.2017730176448822,0.031187087297439575,0.0008821785449981689
23.999984741210938,79.88525390625,1.4692104741698131e-5,0.0,0.0,0.0,0.0,-0.2554024514715847,-0.0,0.0,4.9414285387311665,3.869999967302595,0.0,0.0,0.17299799621105194,0.0,0.0,0.0,0.6783434748649597,0.0,0.0,0.0,0.0,0.6783434748649597,1299.0,0.0,-0.6783434748649597,0.9999970197677612,0.8617329597473145,5.3256750106811523e-5
23.811447143554688,129.5598907470703,1.4691664546262473e-5,0.0,0.0,0.0,0.0,-0.048125403051590965,-0.0,0.0,4.915071432931082,3.843642861502511,0.0,0.0,0.16041800379753113,0.0,0.0,0.0,0.0,0.0,0.0,0.0,0.0,0.0,1300.0,0.0,0.0,0.9581471681594849,0.15016049146652222,0.0
23.80261993408203,128.88865661621094,1.4691224350826815e-5,0.0,0.0,0.0,0.0,-0.04681110270067457,-0.0,0.0,4.883285740443638,3.8118571690150667,0.0,0.0,0.15603700280189514,0.0,0.0,0.0,0.0,0.0,0.0,0.0,0.0,0.0,1301.0,0.0,0.0,0.9898802042007446,0.4825761616230011,0.0
23.79378890991211,128.21742248535156,1.4690784155391157e-5,0.0,0.0,0.0,0.0,-0.03642660375144491,-0.0,0.0,4.872285652160644,3.800857080732073,0.04085000231862068,0.0,0.12142200767993927,0.0,0.0,0.0,0.0,0.0,0.0,0.0,0.0,0.0,1302.0,0.0,0.0,0.997194766998291,0.833490252494812,0.0
23.784948348999023,127.54619598388672,1.4690343959955499e-5,0.0,0.0,0.0,0.0,-0.01,-0.0,-0.01,4.936642864772251,3.86521429334368,0.18522800505161285,0.0,0.0,0.5046235337719338,0.0,0.0,0.0,0.0,0.0,0.0,0.0,0.0,1303.0,0.5517719984054565,0.0,0.9998993277549744,0.9444015026092529,5.960464477539063e-8
23.775087356567383,126.87496948242188,0.5046231150627136,0.0,0.0,0.0,0.0,0.12315126536997946,-0.0,-0.01,4.999857166835239,3.9284285954066682,0.2752330005168915,0.0,0.0,0.0,1.4794583865340916,0.3144084862533839,0.0,0.0,0.0,0.0,0.3144084862533839,0.0,1304.0,-0.5046079754829407,1.3098121881484985,0.0004610419273376465,0.8028905987739563,2.9802322387695312e-8
23.999984741210938,118.67850494384766,0.5046079754829407,0.0,0.0,0.0,0.0,0.07908803455734485,-0.0,-0.01,5.021142905099051,3.94971433367048,0.30973300337791443,0.0,0.0,0.0,0.9898669719696045,0.0,0.0,0.0,0.0,0.0,0.0,0.0,1305.0,-0.5045928359031677,0.009604697115719318,0.003903329372406006,0.9999935030937195,0.0
23.992717742919922,118.00727844238281,0.5045928359031677,0.0,0.0,0.0,0.0,0.1712362952208913,-0.0,-0.01,5.05735718863351,3.9859286172049386,0.31333601474761963,0.0,0.0,0.0,2.013736453528061,0.018477711205825455,0.0,0.0,0.0,0.0,0.018477711205825455,0.0,1306.0,-0.5045776963233948,0.01847771182656288,0.0,1.0,0.0
23.999984741210938,117.33605194091797,0.5045776963233948,0.0,0.0,0.0,0.0,0.4054261871517628,-0.0,-0.01,5.126571464538574,4.055142893110003,0.3127540051937103,0.0,0.0,0.0,4.615846157073975,0.0,0.0,0.0,0.0,0.0,0.0,0.0,1307.0,-0.5045625567436218,0.008778133429586887,0.0,1.0,1.4901161193847656e-7
23.993234634399414,116.66482543945312,0.5045625567436218,0.0,0.0,0.0,0.0,0.5821341301648025,-0.0,-0.01,5.186999947684152,4.115571376255581,0.302280992269516,0.0,0.0,0.0,6.57926759006903,0.0173515391118785,0.0,0.0,0.0,0.0,0.0173515391118785,0.0,1308.0,-0.5045474171638489,1.1108301877975464,0.0,1.0,1.7881393432617188e-7
23.999984741210938,107.67416381835938,0.5045474171638489,0.0,0.0,0.0,0.0,0.6573412948720658,-0.0,-0.01,5.255500057765415,4.184071486336844,0.3123970031738281,0.0,0.0,0.0,7.414902687072754,0.0,0.0,0.0,0.0,0.0,0.0,0.0,1309.0,-0.5045322775840759,0.008562786504626274,0.0,1.0,5.960464477539063e-8
23.993234634399414,107.00293731689453,0.5045322775840759,0.0,0.0,0.0,0.0,0.6512555785543651,-0.0,-0.01,5.337999970572335,4.266571399143764,0.32420599460601807,0.0,0.0,0.0,7.347283622249961,0.016860703006386757,0.0,0.0,0.0,0.0,0.016860703006386757,0.0,1310.0,-0.504517138004303,0.016860703006386757,0.0,1.0,0.0
23.999984741210938,106.33171081542969,0.504517138004303,0.006734741851687431,0.0,0.0,0.0,0.516141911253462,-0.006734741851687431,-0.01,5.383571434020996,4.312142862592425,0.31019899249076843,0.0,0.0,0.0,5.920851230621338,0.0,0.0,0.0,0.0,0.0,0.0,0.0,1311.0,-0.50450199842453,-0.008358443155884743,0.0,1.0,0.0
24.00673484802246,105.66048431396484,0.50450199842453,0.0,0.0,0.0,0.0,0.40159284254704986,-0.0,-0.01,5.371285656520298,4.299857085091727,0.3201960027217865,0.0,0.0,0.0,4.573253442628795,1.8896300145080727e-7,0.0,0.0,0.0,0.0,1.8896300145080727e-7,0.0,1312.0,-0.5044868588447571,1.0117415189743042,0.0,1.0,0.0
23.999984741210938,103.428955078125,0.5044868588447571,0.0,0.0,0.0,0.0,0.34000830885123184,-0.0,-0.01,5.3444999422345845,4.273071370806013,0.31014901399612427,0.0,0.0,0.0,3.888980900389692,0.008420194046953605,0.0,0.0,0.0,0.0,0.008420194046953605,0.0,1313.0,-0.5044717192649841,0.9351257681846619,0.0,1.0,1.519918441772461e-5
23.999984741210938,96.6330795288086,0.5044717192649841,0.0,0.0,0.0,0.0,-0.01,-0.0,-0.01,5.297214317321777,4.225785745893206,0.37898901104927063,0.0,0.0,0.7477119293302792,0.0,0.7285895943641663,0.0,0.0,0.0,0.0,0.0,0.7285895943641663,1314.0,1.5900110006332397,-0.7285895943641663,1.0,1.0,0.8438136577606201
23.993234634399414,155.00827026367188,1.2521461248397827,0.0,0.0,0.0,0.0,-0.024192864862794254,-0.0,-0.01,5.236571393694196,4.165142822265625,0.4945339858531952,0.0,0.0,0.0,0.0,0.21416601538658142,0.047309547662734985,0.0,0.0,0.0,0.0,0.2614755630493164,1315.0,0.2514660060405731,-0.2614755630493164,1.0,1.0,0.9701586961746216
23.98648452758789,175.2234649658203,1.2521085739135742,0.0,0.0,0.0,0.0,-0.01,-0.0,-0.01,5.162000056675502,4.090571485246931,0.17100000381469727,0.27594998478889465,0.0,0.0,0.0,0.0,0.0,0.0,0.02615326385648597,0.0,0.02615326385648597,0.0,1316.0,-1.2520710229873657,0.3833278715610504,0.007206529378890991,0.009828954935073853,0.17023572325706482
23.999984741210938,77.30747985839844,0.9438116550445557,0.0,0.0,0.0,0.0,-0.5912355355553122,-0.0,-0.01,5.095642852783203,4.024214281354632,0.0,0.9249075771576543,0.0947843669646602,0.0,0.0,0.0,1.8426673412322998,0.0,0.0,0.0,0.0,1.8426673412322998,1317.0,-0.9437833428382874,-1.8426673412322998,0.949156641960144,0.019241899251937866,0.7744244337081909
23.993234634399414,143.90599060058594,2.8430562451831065e-5,0.0,0.0,0.0,0.0,-0.10736070403896569,-0.0,0.0,5.0492856979370115,3.9778571265084404,0.0,0.0,0.3578689992427826,0.0,0.0,0.0,0.0,0.0,0.0,0.0,0.0,0.0,1318.0,0.0,0.0,0.0,0.39366427063941956,0.0015627741813659668
23.98648452758789,143.23475646972656,2.8429709345800802e-5,0.0,0.0,0.0,0.0,-0.10861410036143049,-0.0,0.0,5.004000064304897,3.9325714928763253,0.0,0.0,0.3620469868183136,0.0,0.0,0.0,0.0,0.0,0.0,0.0,0.0,0.0,1319.0,0.0,0.0,0.0,0.40719619393348694,6.571412086486816e-5
23.979734420776367,142.5635223388672,2.842885623977054e-5,0.0,0.0,0.0,0.0,-0.09040409983810171,-0.0,0.0,5.002857153756278,3.9314285823277064,0.0,0.0,0.3013469874858856,0.0,0.0,0.0,0.0,0.0,0.0,0.0,0.0,0.0,1320.0,0.0,0.0,0.0,0.31456613540649414,2.9802322387695312e-8
23.972984313964844,141.8922882080078,2.8428003133740276e-5,0.0,0.0,0.0,0.0,-0.06663840379867558,-0.0,0.0,4.988928604125976,3.917500032697405,0.0,0.0,0.2221280038356781,0.0,0.0,0.0,0.0,0.0,0.0,0.0,0.0,0.0,1321.0,0.0,0.0,3.874301910400391e-6,0.30359238386154175,0.0
23.96623420715332,141.22105407714844,2.8427150027710013e-5,0.0,0.0,0.0,0.0,-0.07323471557561462,-0.0,0.0,4.97250006539481,3.9010714939662385,0.0,0.0,0.18981599807739258,0.0,0.0,0.0,0.05429971080770273,0.0,0.0,0.0,0.05429971080770273,0.0,1322.0,0.0,1.4972069263458252,1.1026859283447266e-6,0.3975803256034851,0.0
23.999984741210938,132.01119995117188,2.842629692167975e-5,0.0,0.0,0.0,0.0,-0.051899400925612404,-0.0,0.0,4.979000037057059,3.9075714656284877,0.0,0.0,0.17299799621105194,0.0,0.0,0.0,0.0,0.0,0.0,0.0,0.0,0.0,1323.0,0.0,0.0,0.03762400150299072,0.16685965657234192,0.0
23.993234634399414,131.3399658203125,2.8425443815649487e-5,0.0,0.0,0.0,0.0,-0.048125403051590965,-0.0,0.0,4.975428526742117,3.9039999553135463,0.0,0.0,0.16041800379753113,0.0,0.0,0.0,0.0,0.0,0.0,0.0,0.0,0.0,1324.0,0.0,0.0,0.9416604042053223,0.20324328541755676,0.0
23.983379364013672,130.66873168945312,2.8424590709619224e-5,0.0,0.0,0.0,0.0,-0.04681110270067457,-0.0,0.0,4.96278566632952,3.8913570949009486,0.0,0.0,0.15603700280189514,0.0,0.0,0.0,0.0,0.0,0.0,0.0,0.0,0.0,1325.0,0.0,0.0,0.9936078786849976,0.5123241543769836,0.0
23.973514556884766,129.99749755859375,2.842373760358896e-5,0.0,0.0,0.0,0.0,-0.048681603816413954,-0.0,0.0,4.964999961853027,3.893571390424456,0.0,0.0,0.16227200627326965,0.0,0.0,0.0,0.0,0.0,0.0,0.0,0.0,0.0,1326.0,0.0,0.0,0.9981216192245483,0.832229495048523,0.0
23.96262550354004,129.32626342773438,2.84228863165481e-5,0.0,0.0,0.0,0.0,-0.03396340259267494,-0.0,0.0,4.985142789568219,3.9137142181396483,0.09880000352859497,0.0,0.08642800152301788,0.0,0.0,0.0,0.026783335953950882,0.0,0.0,0.0,0.026783335953950882,0.0,1327.0,0.0,0.026783335953950882,0.999935507774353,0.958202600479126,2.086162567138672e-7
23.790996551513672,128.655029296875,2.8422035029507242e-5,0.0,0.0,0.0,0.0,-0.01,-0.0,-0.01,5.01335710797991,3.9419285365513392,0.2752330005168915,0.0,0.0,0.43227114624677654,0.0,0.1101740300655365,0.0,0.0,0.0,0.0,0.1101740300655365,0.0,1328.0,0.5947669744491577,0.1101740300655365,0.9999971985816956,0.9725866913795471,8.940696716308594e-8
23.862918853759766,127.98380279541016,0.4322866201400757,0.0,0.0,0.0,0.0,0.15449371530634257,-0.0,-0.01,5.056999969482422,3.9855713980538505,0.30973300337791443,0.0,0.0,0.0,1.8277078025950821,0.19005938833814529,0.0,0.0,0.0,0.0,0.19005938833814529,0.0,1329.0,-0.43227365612983704,0.19005939364433289,0.0,1.0,0.0
23.999984741210938,127.31257629394531,0.43227365612983704,0.0,0.0,0.0,0.0,0.08355176715467466,-0.0,-0.01,5.088999966212681,4.01757139478411,0.31333601474761963,0.0,0.0,0.0,1.039463996887207,0.0,0.0,0.0,0.0,0.0,0.0,0.0,1330.0,-0.4322606921195984,0.008842941373586655,0.0,1.0,0.0
23.993234634399414,126.64134979248047,0.4322606921195984,0.0,0.0,0.0,0.0,0.08193676099662749,-0.0,-0.01,5.12064288003104,4.049214308602469,0.3127540051937103,0.0,0.0,0.0,1.0215194854461178,0.0175763931549563,0.0,0.0,0.0,0.0,0.0175763931549563,0.0,1331.0,-0.43224772810935974,1.2466307878494263,0.0,1.0,0.0
23.999984741210938,116.80620574951172,0.43224772810935974,0.0,0.0,0.0,0.0,0.2943637350689345,-0.0,-0.01,5.198428508213588,4.126999936785017,0.302280992269516,0.0,0.0,0.0,3.381819009780884,0.0,0.0,0.0,0.0,0.0,0.0,0.0,1332.0,-0.4322347640991211,0.00865679420530796,0.0,1.0,0.0
23.993234634399414,116.13497924804688,0.4322347640991211,0.0,0.0,0.0,0.0,0.3535560910435871,-0.0,-0.01,5.25064285823277,4.179214286804199,0.3123970031738281,0.0,0.0,0.0,4.039511801674962,0.017141221091151237,0.0,0.0,0.0,0.0,0.017141221091151237,0.0,1333.0,-0.43222180008888245,0.017141221091151237,0.0,1.0,0.0
23.999984741210938,115.46375274658203,0.43222180008888245,0.0,0.0,0.0,0.0,0.26896312784855453,-0.0,-0.01,5.244999967302594,4.173571395874023,0.3451099991798401,0.0,0.0,0.0,3.0995900630950928,0.0,0.0,0.0,0.0,0.0,0.0,0.0,1334.0,-0.4322088360786438,0.008579928427934647,0.0,1.0,0.0
23.993234634399414,114.79252624511719,0.4322088360786438,0.0,0.0,0.0,0.0,0.3340847498941206,-0.0,-0.01,5.236571393694196,4.165142822265625,0.31019899249076843,0.0,0.0,0.0,3.8231635838747025,0.01718728244304657,0.0,0.0,0.0,0.0,0.01718728244304657,0.0,1335.0,-0.43219587206840515,0.01718728244304657,0.0,1.0,0.0
23.999984741210938,114.12129974365234,0.43219587206840515,0.0,0.0,0.0,0.0,0.4039809928853036,-0.0,-0.01,5.22321423121861,4.151785659790039,0.3201960027217865,0.0,0.0,0.0,4.599788444278357,0.008615715267540985,0.0,0.0,0.0,0.0,0.008615715267540985,0.0,1336.0,-0.4321829080581665,1.040624737739563,0.0,1.0,0.0
23.999984741210938,102.85564422607422,0.4321829080581665,0.0,0.0,0.0,0.0,0.3435875959068596,-0.0,-0.01,5.188428551810128,4.116999980381557,0.31014901399612427,0.0,0.0,0.0,3.92875075340271,0.0,0.0,0.0,0.0,0.0,0.0,0.0,1337.0,-0.43216994404792786,0.008673478849232197,0.0,1.0,1.9043684005737305e-5
23.993234634399414,102.18441772460938,0.43216994404792786,0.0,0.0,0.0,0.0,-0.01,-0.0,-0.01,5.145571381705148,4.074142810276577,0.37898901104927063,0.0,0.0,1.8622949962673374,0.0,0.7027599811553955,0.0,0.0,0.0,0.0,0.0,0.7027599811553955,1338.0,2.7600109577178955,-0.7027599811553955,1.0,1.0,0.852652907371521
23.98648452758789,156.4225616455078,2.294396162033081,0.0,0.0,0.0,0.0,-0.01,-0.0,-0.01,5.096785763331821,4.02535719190325,0.4945339858531952,0.0,0.0,0.7706115193145422,0.0,0.30752772092819214,0.0,0.0,0.0,0.0,0.0,0.30752772092819214,1339.0,1.1774660348892212,-0.30752772092819214,1.0,1.0,0.9302250146865845
23.979734420776367,168.83407592773438,3.064915895462036,0.0,0.0,0.0,0.0,-0.029861313744835576,-0.0,-0.01,5.022785677228655,3.9513571058000836,0.4469499886035919,0.0,0.0,0.0,0.0,0.05654999613761902,0.06620437651872635,0.0,0.0,0.0,0.0,0.12275437265634537,1340.0,0.08304998278617859,-0.12275437265634537,1.0,1.0,0.9841686487197876
23.972984313964844,177.46505737304688,3.064824104309082,0.0,0.0,0.0,0.0,-0.01,-0.0,-0.01,4.9192857197352815,3.8478571483067103,0.0,0.3757930099964142,0.0,0.0,0.0,0.0,0.0,0.0,0.04573927629235776,0.0,0.04573927629235776,0.0,1341.0,-3.064732313156128,2.0139474868774414,0.023327648639678955,0.007818639278411865,0.0014289915561676025
23.999984741210938,168.8443145751953,2.634610176086426,0.0,0.0,0.0,0.0,-0.01,-0.0,-0.01,4.853857122148786,3.7824285507202147,0.0,0.3578689992427826,0.0,0.0,0.0,0.0,0.0,0.0,0.0,0.0,0.0,0.0,1342.0,-2.634531259536743,0.0,0.027777403593063354,0.0223749577999115,0.00020837783813476562
23.993234634399414,168.17308044433594,2.269369602203369,0.0,0.0,0.0,0.0,-0.01,-0.0,-0.01,4.815142849513462,3.7437142780848913,0.0,0.3620469868183136,0.0,0.0,0.0,0.0,0.0,0.0,0.0,0.0,0.0,0.0,1343.0,-2.269301652908325,0.0,0.0009229183197021484,0.006388306617736816,0.00263252854347229
23.98648452758789,167.50184631347656,1.8998769521713257,0.0,0.0,0.0,0.0,-0.01,-0.0,-0.01,4.787785748073032,3.7163571766444616,0.0,0.3013469874858856,0.0,0.0,0.0,0.0,0.0,0.0,0.0,0.0,0.0,0.0,1344.0,-1.8998199701309204,0.0,5.364418029785156e-7,0.0002592802047729492,0.0
23.979734420776367,166.8306121826172,1.5923322439193726,0.0,0.0,0.0,0.0,-0.01,-0.0,-0.01,4.777285725729806,3.7058570861816404,0.0,0.2221280038356781,0.0,0.0,0.0,0.0,0.0,0.0,0.03767910836562076,0.0,0.03767910836562076,0.0,1345.0,-1.5922845602035522,1.9465947151184082,5.21540641784668e-6,0.00608709454536438,0.0
23.999984741210938,158.34432983398438,1.3271831274032593,0.0,0.0,0.0,0.0,-0.01,-0.0,-0.01,4.76892854145595,3.6974999019077845,0.0,0.18981599807739258,0.0,0.0,0.0,0.0,0.0,0.0,0.0,0.0,0.0,0.0,1346.0,-1.3271433115005493,0.0,8.940696716308594e-8,0.00800466537475586,0.0
23.993234634399414,157.673095703125,1.1334593296051025,0.0,0.0,0.0,0.0,-0.01,-0.0,-0.01,4.764071410042899,3.6926428386143275,0.0,0.17299799621105194,0.0,0.0,0.0,0.0,0.0,0.0,0.0,0.0,0.0,0.0,1347.0,-1.1334253549575806,0.0,0.0006015002727508545,0.0032368004322052,0.0
23.98648452758789,157.00186157226562,0.9569020867347717,0.0,0.0,0.0,0.0,-0.01,-0.0,-0.01,4.769071456364223,3.6976429530552455,0.0,0.16041800379753113,0.0,0.0,0.0,0.0,0.0,0.0,0.0,0.0,0.0,0.0,1348.0,-0.9568734169006348,0.0,0.01617652177810669,0.024763137102127075,0.0
23.979734420776367,156.33062744140625,0.7931864857673645,0.0,0.0,0.0,0.0,-0.01,-0.0,-0.01,4.775357123783657,3.703928484235491,0.0,0.15603700280189514,0.0,0.0,0.0,0.0,0.0,0.0,0.0,0.0,0.0,0.0,1349.0,-0.7931627035140991,0.0,0.05567491054534912,0.1611710786819458,0.0
23.972984313964844,155.65939331054688,0.6339460611343384,0.0,0.0,0.0,0.0,-0.01,-0.0,-0.01,4.790285737173898,3.718857165745326,0.03514999896287918,0.12712201476097107,0.0,0.0,0.0,0.0,0.0,0.0,0.046971011969061977,0.0,0.046971011969061977,0.0,1350.0,-0.633927047252655,1.7114787101745605,0.01878151297569275,0.0532052218914032,0.0
23.999984741210938,142.06112670898438,0.4562864303588867,0.0,0.0,0.0,0.0,-0.01,-0.0,-0.01,4.843785776410784,3.7723572049822125,0.18522800505161285,0.0,0.0,0.4161785755094911,0.0,0.0,0.0,0.0,0.0,0.0,0.0,0.0,1351.0,0.4567720293998718,0.0,0.9899520874023438,0.8161116242408752,0.0
23.993234634399414,141.389892578125,0.8724388480186462,0.0,0.0,0.0,0.0,0.0724460262017267,-0.0,-0.01,4.897714287894113,3.8262857164655415,0.2752330005168915,0.0,0.0,0.0,0.9160668849945068,0.0,0.0,0.0,0.0,0.0,0.0,0.0,1352.0,-0.8724126815795898,0.0,0.00039631128311157227,0.44810405373573303,0.0
23.803138732910156,140.71865844726562,0.8724126815795898,0.0,0.0,0.0,0.0,0.07390885290341687,-0.0,-0.01,4.951071412222726,3.879642840794155,0.30973300337791443,0.0,0.0,0.0,0.9323205137215641,0.2741463995017025,0.0,0.0,0.0,0.0,0.2741463995017025,0.0,1353.0,-0.8723865151405334,0.2741464078426361,0.0,1.0,0.0
23.999984741210938,140.04742431640625,0.8723865151405334,0.0,0.0,0.0,0.0,0.14926216108771612,-0.0,-0.01,5.008857127598354,3.9374285561697824,0.31333601474761963,0.0,0.0,0.0,1.7695794270077498,0.00898443007080239,0.0,0.0,0.0,0.0,0.00898443007080239,0.0,1354.0,-0.872360348701477,1.3608367443084717,0.0,0.9999873638153076,0.0
23.999984741210938,122.75756072998047,0.872360348701477,0.0,0.0,0.0,0.0,0.1995956699484154,-0.0,-0.01,5.053357206072126,3.9819286346435545,0.3127540051937103,0.0,0.0,0.0,2.3288405921249904,0.008905312797494971,0.0,0.0,0.0,0.0,0.008905312797494971,0.0,1355.0,-0.8723341822624207,0.9394619464874268,0.0,0.9970003366470337,5.960464477539063e-8
23.999984741210938,91.74049377441406,0.8723341822624207,0.0,0.0,0.0,0.0,0.20988974411405967,-0.0,-0.01,5.069857134137835,3.9984285627092633,0.302280992269516,0.0,0.0,0.0,2.4432191848754883,0.0,0.0,0.0,0.0,0.0,0.0,0.0,1356.0,-0.8723080158233643,0.008876330219209194,0.0,1.0,0.0
23.993234634399414,91.06926727294922,0.8723080158233643,0.0,0.0,0.0,0.0,0.22089111410333517,-0.0,-0.01,5.071571431841169,4.0001428604125975,0.3123970031738281,0.0,0.0,0.0,2.5654566194862127,0.01774645783007145,0.0,0.0,0.0,0.0,0.01774645783007145,0.0,1357.0,-0.8722818493843079,0.01774645783007145,0.0,1.0,0.0
23.999984741210938,90.39804077148438,0.8722818493843079,0.0,0.0,0.0,0.0,0.16687647437067538,-0.0,-0.01,5.053214291163853,3.9817857197352815,0.32420599460601807,0.0,0.0,0.0,1.9652940034866333,0.0,0.0,0.0,0.0,0.0,0.0,0.0,1358.0,-0.8722556829452515,0.008905564434826374,0.0,1.0,0.0
23.993234634399414,89.72681427001953,0.8722556829452515,0.0,0.0,0.0,0.0,-0.01,-0.0,-0.01,5.027928570338657,3.956499998910086,0.31019899249076843,0.0,0.0,0.0,0.0,1.824450969696045,0.0,0.0,0.4580817222595215,0.0,0.0,2.2825326919555664,1359.0,-0.8722295165061951,-2.2825326919555664,0.014480501413345337,0.020906120538711548,0.9402538537979126
23.98648452758789,170.43870544433594,0.4048132300376892,0.0,0.0,0.0,0.0,0.14737113337533486,-0.0,-0.01,5.012000029427664,3.940571457999093,0.3201960027217865,0.0,0.0,0.0,1.7485680096511291,0.02693598338323361,0.0,0.0,0.0,0.0,0.02693598338323361,0.0,1360.0,-0.4048011004924774,0.026935983449220657,2.9802322387695312e-8,1.0,0.0001234114170074463
23.999984741210938,169.76747131347656,0.4048011004924774,0.0,0.0,0.0,0.0,0.11393458874500445,-0.0,-0.01,4.989999989100864,3.9185714176722932,0.31014901399612427,0.0,0.0,0.0,1.3770508766174316,0.0,0.0,0.0,0.0,0.0,0.0,0.0,1361.0,-0.4047889709472656,0.00901838205754757,0.006232917308807373,1.0,0.006711184978485107
23.993234634399414,169.0962371826172,0.4047889709472656,0.0,0.0,0.0,0.0,-0.01,-0.0,-0.01,4.958285685947963,3.8868571145193918,0.37898901104927063,0.0,0.0,0.3034658723696,0.0,0.018151925517447452,0.0,0.0,0.0,0.0,0.018151925517447452,0.0,1362.0,0.3650110065937042,0.01815192587673664,0.9999997615814209,1.0,0.7153580784797668
23.999984741210938,168.4250030517578,0.7082335948944092,0.0,0.0,0.0,0.0,-0.01,-0.0,-0.01,4.9352142606462746,3.8637856892177034,0.3686000108718872,0.12593397498130798,0.0,0.0,0.0,0.0,0.0,0.0,0.09847153723239899,0.0,0.0,0.09847153723239899,1363.0,-0.7082123756408691,-0.09847153723239899,1.0,1.0,0.969077467918396
23.993234634399414,175.05047607421875,0.4792340099811554,0.0,0.0,0.0,0.0,-0.01,-0.0,-0.01,4.914500045776367,3.843071474347796,0.06269999593496323,0.3842499852180481,0.0,0.0,0.0,0.0,0.0,0.0,0.01779100112617016,0.0,0.01779100112617016,0.0,1364.0,-0.4792196452617645,0.01779100112617016,0.9994610548019409,0.9999228119850159,0.47018110752105713
23.99959945678711,174.37924194335938,0.06898604333400726,0.0,0.0,0.0,0.0,-0.10537125423459641,-0.0,-0.01,4.896357209341867,3.8249286379132954,0.0,0.06760428664534501,0.30818872335106917,0.0,0.0,0.0,0.009715444798542179,0.0,0.0,0.0,0.009715444798542179,0.0,1365.0,-0.06898397207260132,1.9570039510726929,0.02347072958946228,0.005964696407318115,0.002965956926345825
23.999984741210938,164.027587890625,2.0786496861546766e-6,0.0,0.0,0.0,0.0,-0.11012344300718639,-0.0,0.0,4.886642810276577,3.815214238848005,0.0,0.0,0.3578689992427826,0.0,0.0,0.0,0.009209129528131094,0.0,0.0,0.0,0.009209129528131094,0.0,1366.0,0.0,1.833999752998352,2.968311309814453e-5,0.051639944314956665,0.0012655258178710938
23.999984741210938,154.39093017578125,2.078587385767605e-6,0.0,0.0,0.0,0.0,-0.10861410036143049,-0.0,0.0,4.878642845153808,3.8072142737252372,0.0,0.0,0.3620469868183136,0.0,0.0,0.0,0.0,0.0,0.0,0.0,0.0,0.0,1367.0,0.0,0.0,0.0,0.07584601640701294,0.00041162967681884766
23.993234634399414,153.71969604492188,2.0785250853805337e-6,0.0,0.0,0.0,0.0,-0.09040409983810171,-0.0,0.0,4.8652856826782225,3.7938571112496513,0.0,0.0,0.3013469874858856,0.0,0.0,0.0,0.0,0.0,0.0,0.0,0.0,0.0,1368.0,0.0,0.0,0.0,0.029866576194763184,0.0
23.98648452758789,153.0484619140625,2.0784627849934623e-6,0.0,0.0,0.0,0.0,-0.06663840379867558,-0.0,0.0,4.8481428418840675,3.776714270455497,0.0,0.0,0.2221280038356781,0.0,0.0,0.0,0.0,0.0,0.0,0.0,0.0,0.0,1369.0,0.0,0.0,9.834766387939453e-7,0.044227153062820435,0.0
23.979734420776367,152.37722778320312,2.078400484606391e-6,0.0,0.0,0.0,0.0,-0.0569448016860008,-0.0,0.0,4.829857090541294,3.7584285191127234,0.0,0.0,0.18981599807739258,0.0,0.0,0.0,0.0,0.0,0.0,0.0,0.0,0.0,1370.0,0.0,0.0,7.152557373046875e-7,0.05984768271446228,0.0
23.972984313964844,151.70599365234375,2.0783381842193194e-6,0.0,0.0,0.0,0.0,-0.051899400925612404,-0.0,0.0,4.809214265005929,3.7377856935773575,0.0,0.0,0.17299799621105194,0.0,0.0,0.0,0.0,0.0,0.0,0.0,0.0,0.0,1371.0,0.0,0.0,0.024806201457977295,0.0434761643409729,0.0
23.96623420715332,151.03475952148438,2.078275883832248e-6,0.0,0.0,0.0,0.0,-0.048125403051590965,-0.0,0.0,4.781428555079868,3.7099999836512976,0.0,0.0,0.16041800379753113,0.0,0.0,0.0,0.0,0.0,0.0,0.0,0.0,0.0,1372.0,0.0,0.0,0.8692300915718079,0.07263940572738647,0.0
23.959484100341797,150.363525390625,2.0782135834451765e-6,0.0,0.0,0.0,0.0,-0.04681110270067457,-0.0,0.0,4.751857158115932,3.6804285866873605,0.0,0.0,0.15603700280189514,0.0,0.0,0.0,0.0,0.0,0.0,0.0,0.0,0.0,1373.0,0.0,0.0,0.9430304765701294,0.39855894446372986,0.0
23.952733993530273,149.69229125976562,2.078151283058105e-6,0.0,0.0,0.0,0.0,-0.06839519196223716,-0.0,0.0,4.726857130868094,3.655428559439523,0.010449999943375587,0.0,0.15182200074195862,0.0,0.0,0.0,0.07616196340622976,0.0,0.0,0.0,0.07616196340622976,0.0,1374.0,0.0,1.7331477403640747,0.9018638134002686,0.5058850049972534,0.0
23.999984741210938,141.49830627441406,2.0780889826710336e-6,0.0,0.0,0.0,0.0,-0.01,-0.0,-0.01,4.725499984196254,3.6540714808872767,0.18522800505161285,0.0,0.0,0.1880835578689002,0.0,0.0,0.0,0.0,0.0,0.0,0.0,0.0,1375.0,0.21177200973033905,0.0,0.9981950521469116,0.8918958902359009,0.0
23.993234634399414,140.8270721435547,0.18807999789714813,0.0,0.0,0.0,0.0,-0.01,-0.0,-0.01,4.749357169015067,3.6779285975864955,0.2752330005168915,0.0,0.0,0.7692677385323918,0.0,0.0,0.0,0.0,0.0,0.0,0.0,0.0,1376.0,0.8407670259475708,0.0,0.9914041757583618,0.8857621550559998,0.0
23.98648452758789,140.1558380126953,0.9573190212249756,0.0,0.0,0.0,0.0,0.11405296316735815,-0.0,-0.01,4.795142868586948,3.7237142290387832,0.30973300337791443,0.0,0.0,0.2852747142314911,1.3783661478723888,0.02815414539446521,0.0,0.0,0.0,0.0,0.02815414539446521,0.0,1377.0,0.2852747142314911,0.9709542989730835,0.12425637245178223,0.008787006139755249,2.1070241928100586e-5
23.999984741210938,89.340576171875,1.2425564527511597,0.0,0.0,0.0,0.0,0.255919801864607,-0.0,-0.01,4.856714330400739,3.785285758972168,0.31333601474761963,0.0,0.0,0.0,2.9546642303466797,0.0,0.0,0.0,0.0,0.0,0.0,0.0,1378.0,-1.2425191402435303,0.00926064234226942,0.0,0.9999992847442627,1.7881393432617188e-7
23.993234634399414,88.66934967041016,1.2425191402435303,0.0,0.0,0.0,0.0,0.39377622862167766,-0.0,-0.01,4.919857106889997,3.8484285354614256,0.3127540051937103,0.0,0.0,0.0,4.486402183693644,0.018293708640340325,0.0,0.0,0.0,0.0,0.018293708640340325,0.0,1379.0,-1.2424819469451904,0.8157370090484619,0.0,0.9999995827674866,2.4318695068359375e-5
23.999984741210938,80.20755767822266,1.2424819469451904,0.0,0.0,0.0,0.0,0.5099947532013831,-0.0,-0.01,4.977785737173898,3.9063571657453267,0.302280992269516,0.0,0.0,0.0,5.777719020843506,0.0,0.0,0.0,0.0,0.0,0.0,0.0,1380.0,-1.2424447536468506,0.009040511213243008,0.0,1.0,4.738569259643555e-6
23.993234634399414,79.53633117675781,1.2424447536468506,0.0,0.0,0.0,0.0,0.5568428992486288,-0.0,-0.01,5.0234999792916435,3.952071407863072,0.6007800102233887,0.0,0.0,0.0,6.298253935555615,0.017916280051073954,0.0,0.0,0.0,0.0,0.017916280051073954,0.0,1381.0,-1.2424075603485107,0.6189199686050415,0.0,0.9992408752441406,0.010465502738952637
23.999984741210938,68.58224487304688,1.2424075603485107,0.0,0.0,0.0,0.0,0.5944913220927636,-0.0,-0.01,5.056714275905064,3.9852857044764924,0.5382310152053833,0.0,0.0,0.0,6.716569711690138,0.008899400706102385,0.0,0.0,0.0,0.0,0.008899400706102385,0.0,1382.0,-1.242370367050171,0.18624448776245117,0.0,0.9758286476135254,0.13058143854141235
23.999984741210938,55.125736236572266,1.242370367050171,0.0,0.0,0.0,0.0,0.5963211636798483,-0.0,-0.01,5.073000035967145,4.001571464538574,0.31019899249076843,0.0,0.0,0.0,6.73690128326416,0.0,0.0,0.0,0.0,0.0,0.0,0.0,1383.0,-1.242333173751831,0.0,0.0,0.9994074106216431,0.03451308608055115
23.993234634399414,54.454505920410156,1.242333173751831,0.0,0.0,0.0,0.0,0.5266656035515127,-0.0,-0.01,5.074500029427664,4.003071457999093,0.3344860076904297,0.0,0.0,0.0,5.962950676679611,0.03716328740119934,0.0,0.0,0.0,0.0,0.0,0.03716328740119934,1384.0,-1.2422959804534912,-0.03716328740119934,0.0,0.9282271862030029,0.22898906469345093
23.98648452758789,56.63633346557617,1.2422959804534912,0.0,0.0,0.0,0.0,0.27318818673993506,-0.0,-0.01,5.070500046866281,3.9990714754377095,0.37344199419021606,0.0,0.0,0.0,3.1465351581573486,1.5530226230621338,0.0,0.0,0.0,0.0,0.0,1.5530226230621338,1385.0,-1.2422587871551514,-1.5530226230621338,4.76837158203125e-7,0.7256776094436646,0.9206415414810181
23.979734420776367,167.3007049560547,1.2422587871551514,0.0,0.0,0.0,0.0,-0.01,-0.0,-0.01,5.057214273725237,3.9857857022966656,0.37898901104927063,0.0,0.0,2.9378612500418018,0.0,0.0355934822632525,0.0,0.0,0.0,0.0,0.0355934822632525,0.0,1386.0,3.2130110263824463,0.5414349436759949,0.9999954700469971,1.0,0.5894768834114075
23.999984741210938,155.7013397216797,4.179994583129883,0.0,0.0,0.0,0.0,-0.01,-0.0,-0.01,5.018785694667271,3.9473571232386995,0.4945339858531952,0.0,0.0,0.6812941695727943,0.0,0.458517849445343,0.0,0.0,0.0,0.0,0.0,0.458517849445343,1387.0,1.2404659986495972,-0.458517849445343,1.0,1.0,0.9866117238998413
23.993234634399414,177.85595703125,4.861143112182617,0.0,0.0,0.0,0.0,-0.01,-0.0,-0.01,4.932999965122768,3.8615713936941964,0.4469499886035919,0.0,0.0,0.017056945088141616,0.0,0.018244969207761464,0.0,0.0,0.0,0.0,0.018244969207761464,0.0,1388.0,0.06105002760887146,1.8225406408309937,0.9998416304588318,0.9999967813491821,0.028275370597839355
23.999984741210938,159.494384765625,4.878053665161133,0.0,0.0,0.0,0.0,-0.01,-0.0,-0.01,4.821357127598354,3.7499285561697824,0.0,0.3757930099964142,0.0,0.0,0.0,0.0,0.0,0.0,0.009333829750953149,0.0,0.009333829750953149,0.0,1389.0,-4.599999904632568,1.82492995262146,0.027777820825576782,0.02237546443939209,0.00020837783813476562
23.999984741210938,151.27328491210938,4.4849324226379395,0.0,0.0,0.0,0.0,-0.01,-0.0,-0.01,4.7980713980538505,3.726642826625279,0.0,0.3578689992427826,0.0,0.0,0.0,0.0,0.0,0.0,0.0,0.0,0.0,0.0,1390.0,-4.484797954559326,0.0,0.027784734964370728,0.022383421659469604,0.00020840764045715332
23.993234634399414,150.60205078125,4.119636535644531,0.0,0.0,0.0,0.0,-0.01,-0.0,-0.01,4.781214318956647,3.709785679408482,0.0,0.3620469868183136,0.0,0.0,0.0,0.0,0.0,0.0,0.018824178641963396,0.0,0.018824178641963396,0.0,1391.0,-4.119513034820557,1.1404370069503784,0.0009352266788482666,0.04543459415435791,0.0003910660743713379
23.999984741210938,101.1984634399414,3.7308807373046875,0.0,0.0,0.0,0.0,-0.01,-0.0,-0.01,4.775285734449114,3.7038570949009486,0.0,0.3013469874858856,0.0,0.0,0.0,0.0,0.0,0.0,1.9684239625930786,0.0,0.0,1.9684239625930786,1392.0,-3.730768918991089,-1.9684239625930786,0.03066757321357727,0.03693768382072449,0.7179144620895386
23.993234634399414,134.86439514160156,1.414745569229126,0.0,0.0,0.0,0.0,-0.01,-0.0,-0.01,4.764214256831577,3.6927857535226005,0.0,0.2221280038356781,0.0,0.0,0.0,0.0,0.0,0.0,0.018891348628264477,0.0,0.018891348628264477,0.0,1393.0,-1.414703130722046,1.4499642848968506,4.500150680541992e-5,0.016361117362976074,1.4901161193847656e-7
23.999984741210938,122.68489074707031,1.1687724590301514,0.0,0.0,0.0,0.0,-0.01,-0.0,-0.01,4.736142853328159,3.664714213779994,0.0,0.18981599807739258,0.0,0.0,0.0,0.0,0.0,0.0,0.009501767153396595,0.0,0.009501767153396595,0.0,1394.0,-1.1687374114990234,1.3290835618972778,2.562999725341797e-5,0.021667838096618652,2.9802322387695312e-8
23.999984741210938,113.40855407714844,0.9653580188751221,0.0,0.0,0.0,0.0,-0.01,-0.0,-0.01,4.703357165200369,3.6319285256522043,0.0,0.17299799621105194,0.0,0.0,0.0,0.0,0.0,0.0,0.0,0.0,0.0,0.0,1395.0,-0.9653290510177612,0.0,0.06318694353103638,0.008946627378463745,0.0
23.993234634399414,112.7373275756836,0.7888057827949524,0.0,0.0,0.0,0.0,-0.01,-0.0,-0.01,4.679785742078509,3.608357238769531,0.0,0.16041800379753113,0.0,0.0,0.0,0.0,0.0,0.0,0.0,0.0,0.0,0.0,1396.0,-0.7887821197509766,0.0,0.10918420553207397,0.06829017400741577,0.0
23.98648452758789,112.06610107421875,0.6250951886177063,0.0,0.0,0.0,0.0,-0.01,-0.0,-0.01,4.680785737718854,3.609357234409877,0.0,0.15603700280189514,0.0,0.0,0.0,0.0,0.0,0.0,0.0,0.0,0.0,0.0,1397.0,-0.6250764727592468,0.0,0.6245534420013428,0.3595619797706604,0.0
23.979734420776367,111.3948745727539,0.4658598005771637,0.0,0.0,0.0,0.0,-0.01,-0.0,-0.01,4.683357116154262,3.6119286128452845,0.046549998223781586,0.11572200804948807,0.0,0.0,0.0,0.0,0.0,0.0,0.0,0.0,0.0,0.0,1398.0,-0.46584582328796387,0.0,0.975047767162323,0.8390707969665527,0.0
23.972984313964844,110.72364807128906,0.3477656841278076,0.0,0.0,0.0,0.0,-0.01,-0.0,-0.01,4.767500005449567,3.696071434020996,0.18522800505161285,0.0,0.0,0.46924556214946733,0.0,0.0,0.0,0.0,0.0,0.0,0.0,0.0,1399.0,0.5137720108032227,0.0,0.9997571706771851,0.9548649191856384,5.960464477539063e-8
23.96623420715332,110.05242156982422,0.8169867396354675,0.0,0.0,0.0,0.0,0.14984579022989913,-0.0,-0.01,4.86749997820173,3.7960714067731582,0.2752330005168915,0.0,0.0,0.0,1.776064194738865,0.05295272916555405,0.0,0.0,0.0,0.0,0.05295272916555405,0.0,1400.0,-0.8169622421264648,0.05295272916555405,0.0,0.9996322393417358,2.980232238769531e-7
23.998146057128906,109.38119506835938,0.8169622421264648,0.0,0.0,0.0,0.0,0.3178402818792522,-0.0,-0.01,4.98792860848563,3.916500037057059,0.3140389919281006,0.0,0.0,0.0,3.642669509164989,0.011441399343311787,0.0,0.0,0.0,0.0,0.011441399343311787,0.0,1401.0,-0.8169377446174622,0.011441399343311787,0.0,0.9999942779541016,3.3974647521972656e-6
23.999956130981445,108.70996856689453,0.8169377446174622,0.0,0.0,0.0,0.0,0.4642637870197362,-0.0,-0.01,5.1548571722848076,4.0834286008562355,0.31333601474761963,0.0,0.0,0.0,5.269597214762656,0.008766966755899068,0.0,0.0,0.0,0.0,0.008766966755899068,0.0,1402.0,-0.8169132471084595,0.5421343445777893,0.0,0.5501986742019653,0.012424498796463013
23.999984741210938,64.44161987304688,0.8169132471084595,0.0,0.0,0.0,0.0,0.40297066751882576,-0.0,-0.01,5.223571450369699,4.152142878941127,0.3127540051937103,0.0,0.0,0.0,4.588562607765198,1.8750332593917847,0.0,0.0,0.0,0.0,0.0,1.8750332593917847,1403.0,-0.8168887495994568,-1.8750332593917847,0.028999418020248413,0.06922018527984619,0.9443801641464233
23.993234634399414,171.09889221191406,0.8168887495994568,0.0,0.0,0.0,0.0,0.6097750151971959,-0.0,-0.01,5.269285692487444,4.197857121058872,0.302280992269516,0.0,0.0,0.0,6.886388510465622,0.017080575227737427,0.0,0.0,0.0,0.0,0.017080575227737427,0.0,1404.0,-0.8168642520904541,0.017080575227737427,0.0,1.0,0.0
23.999984741210938,170.4276580810547,0.8168642520904541,0.0,0.0,0.0,0.0,0.5779118099142532,-0.0,-0.01,5.299857085091727,4.228428513663156,0.3123970031738281,0.0,0.0,0.0,6.532352924346924,0.0,0.0,0.0,0.0,0.0,0.0,0.0,1405.0,-0.8168397545814514,0.008491121232509613,0.0,1.0,0.0
23.993234634399414,169.7564239501953,0.8168397545814514,0.0,0.0,0.0,0.0,0.5086358424061188,-0.0,-0.01,5.317928532191685,4.2464999607631135,0.32420599460601807,0.0,0.0,0.0,5.762620013207197,0.016924340277910233,0.0,0.0,0.0,0.0,0.016924340277910233,0.0,1406.0,-0.8168152570724487,0.016924340277910233,0.0,1.0,0.0
23.999984741210938,169.08518981933594,0.8168152570724487,0.0,0.0,0.0,0.0,0.4399464076609341,-0.0,-0.01,5.326642799377441,4.25521422794887,0.44514700770378113,0.0,0.0,0.0,4.9994041322489835,0.008448422072305499,0.0,0.0,0.0,0.0,0.008448422072305499,0.0,1407.0,-0.816790759563446,1.719926357269287,0.0,1.0,0.0
23.999984741210938,160.35519409179688,0.816790759563446,0.0,0.0,0.0,0.0,0.2973836022522913,-0.0,-0.01,5.311285781860351,4.23985721043178,0.38367700576782227,0.0,0.0,0.0,3.4153730869293213,0.0,0.0,0.0,0.0,0.0,0.0,0.0,1408.0,-0.8167662620544434,0.008472849614918232,0.0,1.0,1.817941665649414e-6
23.993234634399414,159.6839599609375,0.8167662620544434,0.0,0.0,0.0,0.0,0.1324754199348204,-0.0,-0.01,5.270714296613421,4.199285725184849,0.36256399750709534,0.0,0.0,0.0,1.5830600956876892,0.017075945953546057,0.0,0.0,0.0,0.0,0.017075945953546057,0.0,1409.0,-0.8167417645454407,0.017075946554541588,0.0031427741050720215,1.0,0.005023777484893799
23.999984741210938,159.01272583007812,0.8167417645454407,0.0,0.0,0.0,0.0,-0.01,-0.0,-0.01,5.216499955313546,4.145071383884975,0.37898901104927063,0.0,0.0,0.35663278975793844,0.0,0.0,0.0,0.0,0.0,0.0,0.0,0.0,1410.0,0.4030109941959381,0.008626804687082767,0.9999709129333496,1.0,0.37325403094291687
23.993234634399414,158.34149169921875,1.1733393669128418,0.0,0.0,0.0,0.0,-0.01,-0.0,-0.01,5.152214268275669,4.080785696847098,0.2507999837398529,0.24373400211334229,0.0,0.0,0.0,0.0,0.0,0.0,0.017468689728169066,0.0,0.017468689728169066,0.0,1411.0,-1.1733042001724243,0.3271298110485077,0.9999983310699463,1.0,0.645936906337738
23.999984741210938,148.9495849609375,0.9067788124084473,0.0,0.0,0.0,0.0,-0.01,-0.0,-0.01,5.050142914908273,3.9787143434797017,0.046549998223781586,0.40039998292922974,0.0,0.0,0.0,0.0,0.0,0.0,0.008910980809018334,0.0,0.008910980809018334,0.0,1412.0,-0.9067516326904297,1.2035905122756958,0.9989199638366699,0.9998356699943542,0.1788165271282196
23.999984741210938,140.4471893310547,0.48909991979599,0.0,0.0,0.0,0.0,-0.01,-0.0,-0.01,4.965928568158831,3.8944999967302594,0.0,0.3757930099964142,0.0,0.0,0.0,0.0,0.0,0.0,0.0,0.0,0.0,0.0,1413.0,-0.48908525705337524,0.0,0.03260800242424011,0.5746850967407227,0.026166558265686035
23.993234634399414,139.7759552001953,0.10563450306653976,0.0,0.0,0.0,0.0,-0.08630509362992367,-0.0,-0.01,4.934714262826102,3.8632856913975306,0.0,0.10351869725000995,0.25435030199277264,0.0,0.0,0.0,0.0,0.0,0.0,0.0,0.0,0.0,1414.0,-0.10563133656978607,0.0,1.7881393432617188e-7,0.21329855918884277,0.0014776885509490967
23.98648452758789,139.10472106933594,3.181302645316464e-6,0.0,0.0,0.0,0.0,-0.10861410036143049,-0.0,0.0,4.918500028337751,3.8470714569091795,0.0,0.0,0.3620469868183136,0.0,0.0,0.0,0.0,0.0,0.0,0.0,0.0,0.0,1415.0,0.0,0.0,0.0,0.3635062277317047,3.74913215637207e-5
23.979734420776367,138.43348693847656,3.181207375746453e-6,0.0,0.0,0.0,0.0,-0.09040409983810171,-0.0,0.0,4.904642868041992,3.833214296613421,0.0,0.0,0.3013469874858856,0.0,0.0,0.0,0.0,0.0,0.0,0.0,0.0,0.0,1416.0,0.0,0.0,0.0,0.2132337987422943,0.0
23.972984313964844,137.7622528076172,3.1811121061764425e-6,0.0,0.0,0.0,0.0,-0.06663840379867558,-0.0,0.0,4.891642924717495,3.820214353288923,0.0,0.0,0.2221280038356781,0.0,0.0,0.0,0.0,0.0,0.0,0.0,0.0,0.0,1417.0,0.0,0.0,7.140636444091797e-5,0.21162950992584229,0.0
23.96623420715332,137.0910186767578,3.1810168366064318e-6,0.0,0.0,0.0,0.0,-0.0569448016860008,-0.0,0.0,4.886500031607492,3.8150714601789204,0.0,0.0,0.18981599807739258,0.0,0.0,0.0,0.0,0.0,0.0,0.0,0.0,0.0,1418.0,0.0,0.0,2.625584602355957e-5,0.27824217081069946,0.0
23.959484100341797,136.41978454589844,3.180921567036421e-6,0.0,0.0,0.0,0.0,-0.051899400925612404,-0.0,0.0,4.876285770961216,3.804857199532645,0.0,0.0,0.17299799621105194,0.0,0.0,0.0,0.0,0.0,0.0,0.0,0.0,0.0,1419.0,0.0,0.0,0.10946688055992126,0.10124698281288147,0.0
23.952733993530273,135.74855041503906,3.1808262974664103e-6,0.0,0.0,0.0,0.0,-0.048125403051590965,-0.0,0.0,4.863928604125976,3.792500032697405,0.0,0.0,0.16041800379753113,0.0,0.0,0.0,0.0,0.0,0.0,0.0,0.0,0.0,1420.0,0.0,0.0,0.9761507511138916,0.12138590216636658,0.0
23.94598388671875,135.0773162841797,3.1807310278963996e-6,0.0,0.0,0.0,0.0,-0.04681110270067457,-0.0,0.0,4.866571371895926,3.795142800467355,0.0,0.0,0.15603700280189514,0.0,0.0,0.0,0.0,0.0,0.0,0.0,0.0,0.0,1421.0,0.0,0.0,0.9874234795570374,0.5008004307746887,0.0
23.939233779907227,134.4060821533203,3.180635758326389e-6,0.0,0.0,0.0,0.0,-0.07612354004319648,-0.0,0.0,4.868999971662249,3.7975714002336773,0.0009500000160187483,0.0,0.16132201254367828,0.0,0.0,0.0,0.09242311085071801,0.0,0.0,0.0,0.09242311085071801,0.0,1422.0,0.0,1.4583791494369507,0.9796395897865295,0.5005714297294617,0.0
23.999984741210938,126.21155548095703,3.180540488756378e-6,0.0,0.0,0.0,0.0,-0.01,-0.0,-0.01,4.8948570796421595,3.8234285082135884,0.18522800505161285,0.0,0.0,0.13780953824514341,0.0,0.0,0.0,0.0,0.0,0.0,0.0,0.0,1423.0,0.1577719897031784,0.0,0.9998078346252441,0.9386817812919617,8.940696716308594e-8
23.993234634399414,125.54032897949219,0.13780859112739563,0.0,0.0,0.0,0.0,-0.01,-0.0,-0.01,4.930999973842075,3.859571402413504,0.2752330005168915,0.0,0.0,0.9061246118472468,0.0,0.0,0.0,0.0,0.0,0.0,0.0,0.0,1424.0,0.9877669811248779,0.0,0.9999942779541016,0.9689223766326904,2.9802322387695312e-8
23.98648452758789,124.86910247802734,1.0439019203186035,0.0,0.0,0.0,0.0,0.1574411337213804,-0.0,-0.01,4.970642852783203,3.8992142813546318,0.30973300337791443,0.0,0.0,0.0,1.8604568934928387,0.02716009850392648,0.0,0.0,0.0,0.0,0.02716009850392648,0.0,1425.0,-1.0438705682754517,0.027160098776221275,0.0,1.0,0.0
23.999984741210938,124.1978759765625,1.0438705682754517,0.0,0.0,0.0,0.0,0.2441207849280651,-0.0,-0.01,5.0110714231218605,3.9396428516932893,0.31333601474761963,0.0,0.0,0.0,2.823564052581787,0.0,0.0,0.0,0.0,0.0,0.0,0.0,1426.0,-1.0438392162322998,0.008980460464954376,0.0,1.0,0.0
23.993234634399414,123.52664947509766,1.0438392162322998,0.0,0.0,0.0,0.0,0.34329523095549525,-0.0,-0.01,5.050999995640346,3.9795714242117746,0.34877899289131165,0.0,0.0,0.0,3.9255022542012736,0.017818735407490953,0.0,0.0,0.0,0.0,0.017818735407490953,0.0,1427.0,-1.043807864189148,1.2491388320922852,0.0,1.0,2.682209014892578e-7
23.999984741210938,115.3326416015625,1.043807864189148,0.0,0.0,0.0,0.0,0.46437707859103433,-0.0,-0.01,5.095928546360561,4.02449997493199,0.37281298637390137,0.0,0.0,0.0,5.270856009899262,0.008830917896148115,0.0,0.0,0.0,0.0,0.008830917896148115,0.0,1428.0,-1.043776512145996,1.1675304174423218,0.0,1.0,5.960464477539063e-8
23.999984741210938,110.11022186279297,1.043776512145996,0.0,0.0,0.0,0.0,0.5276179984529696,-0.0,-0.01,5.131428527832031,4.05999995640346,0.3123970031738281,0.0,0.0,0.0,5.973532841410361,0.008769824300088271,0.0,0.0,0.0,0.0,0.008769824300088271,0.0,1429.0,-1.0437451601028442,1.103164792060852,0.0,1.0,0.0
23.999984741210938,105.89340209960938,1.0437451601028442,0.0,0.0,0.0,0.0,0.5065506789236792,-0.0,-0.01,5.147357204982212,4.075928633553641,0.32420599460601807,0.0,0.0,0.0,5.739451531910245,0.008742685771640175,0.0,0.0,0.0,0.0,0.008742685771640175,0.0,1430.0,-1.0437138080596924,0.9694139957427979,0.0,1.0,0.0
23.999984741210938,95.77536010742188,1.0437138080596924,0.0,0.0,0.0,0.0,0.4538781296315274,-0.0,-0.01,5.152785655430385,4.081357084001814,0.31019899249076843,0.0,0.0,0.0,5.154201030731201,0.0,0.0,0.0,0.0,0.0,0.0,0.0,1431.0,-1.04368257522583,0.0087334755808115,0.0,1.0,0.0
23.993234634399414,95.10413360595703,1.04368257522583,0.0,0.0,0.0,0.0,0.39814115668464756,-0.0,-0.01,5.1569999422345845,4.085571370806013,0.3201960027217865,0.0,0.0,0.0,4.53490138053894,0.017452478408813477,0.0,0.0,0.0,0.0,0.017452478408813477,0.0,1432.0,-1.0436513423919678,0.017452478408813477,0.0,1.0,0.0
23.999984741210938,94.43290710449219,1.0436513423919678,0.0,0.0,0.0,0.0,0.31879261007250076,-0.0,-0.01,5.156571469988141,4.08514289855957,0.31014901399612427,0.0,0.0,0.0,3.6532509326934814,0.0,0.0,0.0,0.0,0.0,0.0,0.0,1433.0,-1.0436201095581055,0.008727063424885273,7.748603820800781e-7,1.0,0.00019317865371704102
23.993234634399414,93.76168060302734,1.0436201095581055,0.0,0.0,0.0,0.0,-0.01,-0.0,-0.01,5.149285670689174,4.077857099260603,0.37898901104927063,0.0,0.0,1.1599761044244588,0.0,1.0745618343353271,0.0,0.0,0.0,0.0,0.0,1.0745618343353271,1434.0,2.3970110416412354,-1.0745618343353271,1.0,1.0,0.9820538759231567
23.98648452758789,177.12667846679688,2.2035300731658936,0.0,0.0,0.0,0.0,-0.01,-0.0,-0.01,5.136000033787319,4.064571462358748,0.4945339858531952,0.0,0.0,0.8386156946470553,0.0,0.02628565952181816,0.0,0.0,0.0,0.0,0.02628565952181816,0.0,1435.0,0.9544659852981567,0.02628565952181816,1.0,1.0,0.9774613380432129
23.999984741210938,176.4554443359375,3.0420546531677246,0.0,0.0,0.0,0.0,-0.01,-0.0,-0.01,5.100214222499302,4.028785651070731,0.3752500116825104,0.11211398243904114,0.0,0.0,0.0,0.0,0.0,0.0,0.028532810509204865,0.0,0.0,0.028532810509204865,1436.0,-3.0419633388519287,-0.028532810509204865,1.0,1.0,0.9874417781829834
23.993234634399414,177.98876953125,2.8984506130218506,0.0,0.0,0.0,0.0,-0.01,-0.0,-0.01,5.039928518022809,3.968499946594238,0.0,0.4339909851551056,0.0,0.0,0.0,0.0,0.0,0.0,0.01785787876627697,0.0,0.01785787876627697,0.0,1437.0,-2.8983638286590576,1.9514849185943604,0.05740061402320862,0.024981379508972168,0.0024300217628479004
23.999984741210938,168.9102325439453,2.437307357788086,0.0,0.0,0.0,0.0,-0.01,-0.0,-0.01,5.009642818995884,3.9382142475673128,0.0,0.3578689992427826,0.0,0.0,0.0,0.0,0.0,0.0,0.0,0.0,0.0,0.0,1438.0,-2.437234401702881,0.0,3.853440284729004e-5,0.09606480598449707,0.00032645463943481445
23.993234634399414,168.23899841308594,2.072072744369507,0.0,0.0,0.0,0.0,-0.01,-0.0,-0.01,4.979928507123675,3.908499935695103,0.0,0.3620469868183136,0.0,0.0,0.0,0.0,0.0,0.0,0.0,0.0,0.0,0.0,1439.0,-2.0720105171203613,0.0,0.0,0.05235344171524048,0.0005156397819519043
23.98648452758789,167.56776428222656,1.702586054801941,0.0,0.0,0.0,0.0,-0.01,-0.0,-0.01,4.953785705566406,3.882357134137835,0.0,0.3013469874858856,0.0,0.0,0.0,0.0,0.0,0.0,0.0,0.0,0.0,0.0,1440.0,-1.7025350332260132,0.0,0.0,0.0061341822147369385,0.0
23.979734420776367,166.8965301513672,1.3950473070144653,0.0,0.0,0.0,0.0,-0.01,-0.0,-0.01,4.924214308602469,3.852785737173898,0.0,0.2221280038356781,0.0,0.0,0.0,0.0,0.0,0.0,0.0,0.0,0.0,0.0,1441.0,-1.395005464553833,0.0,0.0,0.009605467319488525,0.0
23.972984313964844,166.2252960205078,1.1683510541915894,0.0,0.0,0.0,0.0,-0.01,-0.0,-0.01,4.8948570796421595,3.8234285082135884,0.0,0.18981599807739258,0.0,0.0,0.0,0.0,0.0,0.0,0.045967546147940054,0.0,0.045967546147940054,0.0,1442.0,-1.1683160066604614,1.8810615539550781,0.0,0.020167827606201172,0.0
23.999984741210938,157.92820739746094,0.9277278184890747,0.0,0.0,0.0,0.0,-0.01,-0.0,-0.01,4.870357186453683,3.7989286150251114,0.0,0.17299799621105194,0.0,0.0,0.0,0.0,0.0,0.0,0.0,0.0,0.0,0.0,1443.0,-0.9276999831199646,0.0,0.00014314055442810059,0.008249551057815552,0.0
23.993234634399414,157.25697326660156,0.7511767148971558,0.0,0.0,0.0,0.0,-0.01,-0.0,-0.01,4.858357102530343,3.7869285311017715,0.0,0.16041800379753113,0.0,0.0,0.0,0.0,0.0,0.0,0.0,0.0,0.0,0.0,1444.0,-0.7511541843414307,0.0,0.14242905378341675,0.030282795429229736,0.0
23.98648452758789,156.5857391357422,0.5874672532081604,0.0,0.0,0.0,0.0,-0.01,-0.0,-0.01,4.849857139587402,3.778428568158831,0.0,0.15603700280189514,0.0,0.0,0.0,0.0,0.0,0.0,0.0,0.0,0.0,0.0,1445.0,-0.5874496698379517,0.0,0.43044596910476685,0.2196759283542633,0.0
23.979734420776367,155.9145050048828,0.42823299765586853,0.0,0.0,0.0,0.0,-0.01,-0.0,-0.01,4.841714259556362,3.77028568812779,0.026600001379847527,0.13567200303077698,0.0,0.0,0.0,0.0,0.0,0.0,0.0,0.0,0.0,0.0,1446.0,-0.42822015285491943,0.0,0.82286536693573,0.5760054588317871,0.0
23.972984313964844,155.24327087402344,0.2897834777832031,0.0,0.0,0.0,0.0,-0.01,-0.0,-0.01,4.893285696847098,3.8218571254185267,0.18522800505161285,0.0,0.0,0.4292125773519899,0.0,0.0,0.0,0.0,0.0,0.0,0.0,0.0,1447.0,0.47077202796936035,0.0,0.9902875423431396,0.7604002356529236,0.0
23.96623420715332,154.57203674316406,0.7189744710922241,0.0,0.0,0.0,0.0,0.12246353129255959,-0.0,-0.01,4.9388571602957585,3.8674285888671873,0.2752330005168915,0.0,0.0,0.0,1.471816897392273,0.0,0.0,0.0,0.0,0.0,0.0,0.0,1448.0,-0.7189528942108154,0.0,2.9802322387695312e-8,0.9809452891349792,0.0
23.959482192993164,153.9008026123047,0.7189528942108154,0.0,0.0,0.0,0.0,0.23289323546633886,-0.0,-0.01,5.015928622654506,3.9445000512259347,0.30973300337791443,0.0,0.0,0.0,2.6988135129213333,0.06280367076396942,0.0,0.0,0.0,0.0,0.06280367076396942,0.0,1449.0,-0.7189313173294067,0.06280367076396942,0.0,1.0,0.0
23.999984741210938,153.2295684814453,0.7189313173294067,0.0,0.0,0.0,0.0,0.34347183175657675,-0.0,-0.01,5.0872142791748045,4.015785707746233,0.31333601474761963,0.0,0.0,0.0,3.927464485168457,0.0,0.0,0.0,0.0,0.0,0.0,0.0,1450.0,-0.718909740447998,0.008846045471727848,0.0,1.0,2.9802322387695312e-8
23.993234634399414,152.55833435058594,0.718909740447998,0.0,0.0,0.0,0.0,0.41617175810586926,-0.0,-0.01,5.151571491786411,4.08014292035784,0.3354879915714264,0.0,0.0,0.0,4.7352413804086995,0.01747086934715976,0.0,0.0,0.0,0.0,0.01747086934715976,0.0,1451.0,-0.7188881635665894,1.5693596601486206,0.0,1.0,2.9802322387695312e-8
23.999984741210938,142.798828125,0.7188881635665894,0.0,0.0,0.0,0.0,0.48313950920776905,-0.0,-0.01,5.207642909458706,4.136214338030134,0.302280992269516,0.0,0.0,0.0,5.479327444628493,0.008641477032883793,0.0,0.0,0.0,0.0,0.008641477032883793,0.0,1452.0,-0.7188665866851807,1.3462098836898804,0.0,1.0,0.0
23.999984741210938,126.78522491455078,0.7188665866851807,0.0,0.0,0.0,0.0,0.49249730765797917,-0.0,-0.01,5.245071492876325,4.173642921447754,0.3123970031738281,0.0,0.0,0.0,5.583302974700928,0.0,0.0,0.0,0.0,0.0,0.0,0.0,1453.0,-0.718845009803772,0.00857981201261282,0.0,1.0,0.0
23.993234634399414,126.11399841308594,0.718845009803772,0.0,0.0,0.0,0.0,0.514350125551728,-0.0,-0.01,5.268857084001813,4.197428512573242,0.32420599460601807,0.0,0.0,0.0,5.826112043112516,0.017081964761018753,0.0,0.0,0.0,0.0,0.017081964761018753,0.0,1454.0,-0.7188234329223633,0.017081964761018753,0.0,1.0,0.0
23.999984741210938,125.4427719116211,0.7188234329223633,0.0,0.0,0.0,0.0,0.46371074521353556,-0.0,-0.01,5.264000020708356,4.192571449279785,0.31019899249076843,0.0,0.0,0.0,5.263452306293225,0.008548960186267595,0.0,0.0,0.0,0.0,0.008548960186267595,0.0,1455.0,-0.7188018560409546,1.1241466999053955,0.0,1.0,0.0
23.999984741210938,110.38520812988281,0.7188018560409546,0.0,0.0,0.0,0.0,0.4008233873703768,-0.0,-0.01,5.229214341299874,4.157785769871303,0.3201960027217865,0.0,0.0,0.0,4.564703941345215,0.0,0.0,0.0,0.0,0.0,0.0,0.0,1456.0,-0.7187802791595459,0.008605829440057278,0.0,1.0,0.0
23.993234634399414,109.71398162841797,0.7187802791595459,0.0,0.0,0.0,0.0,0.32192496563892964,-0.0,-0.01,5.158785765511649,4.0873571940830775,0.31014901399612427,0.0,0.0,0.0,3.6880548806656113,0.01744643731229394,0.0,0.0,0.0,0.0,0.01744643731229394,0.0,1457.0,-0.7187587022781372,0.01744643785059452,2.9802322387695312e-8,1.0,8.45491886138916e-5
23.999984741210938,109.04275512695312,0.7187587022781372,0.0,0.0,0.0,0.0,-0.01,-0.0,-0.01,5.063357162475586,3.9919285910470146,0.42219001054763794,0.0,0.0,2.311482753739945,0.0,0.024504289031028748,0.0,0.0,0.0,0.0,0.0,0.024504289031028748,1458.0,2.5308101177215576,-0.024504289031028748,0.9999999403953552,1.0,0.46033015847206116
23.993234634399414,93.65090942382812,3.0301506519317627,0.0,0.0,0.0,0.0,-0.08141560599865925,-0.0,-0.01,4.9558570861816404,3.8844285147530693,0.4945339858531952,0.0,0.0,0.0,0.0,0.8772659301757812,0.23805201053619385,0.0,0.0,0.0,0.0,1.115317940711975,1459.0,0.9494659900665283,-1.115317940711975,1.0,1.0,0.9754238724708557
23.98648452758789,176.06590270996094,3.030059814453125,0.0,0.0,0.0,0.0,-0.01,-0.0,-0.01,4.858500017438616,3.7870714460100445,0.3952000141143799,0.051749974489212036,0.0,0.0,0.0,0.0,0.0,0.0,0.04767850041389465,0.0,0.0,0.04767850041389465,1460.0,-3.0299689769744873,-0.04767850041389465,1.0,1.0,0.9928712844848633
23.979734420776367,178.85748291015625,2.9285144805908203,0.0,0.0,0.0,0.0,-0.01,-0.0,-0.01,4.7782142639160154,3.7067856924874443,0.0,0.3757930099964142,0.0,0.0,0.0,0.0,0.0,0.0,0.037671786280630976,0.0,0.037671786280630976,0.0,1461.0,-2.928426742553711,2.096989631652832,0.023420751094818115,0.008412927389144897,0.0012037456035614014
23.999984741210938,169.2629852294922,2.5065364837646484,0.0,0.0,0.0,0.0,-0.01,-0.0,-0.01,4.744499969482422,3.6730713980538505,0.0,0.3578689992427826,0.0,0.0,0.0,0.0,0.0,0.0,0.00948503043250241,0.0,0.00948503043250241,0.0,1462.0,-2.5064613819122314,2.0041685104370117,0.027774930000305176,0.02237209677696228,0.00020834803581237793
23.999984741210938,161.20933532714844,2.1316215991973877,0.0,0.0,0.0,0.0,-0.01,-0.0,-0.01,4.726928588322231,3.6555000850132533,0.0,0.3620469868183136,0.0,0.0,0.0,0.0,0.0,0.0,0.009520289074965776,0.0,0.009520289074965776,0.0,1463.0,-2.1315577030181885,1.8838907480239868,0.027774333953857422,0.022371381521224976,0.00020834803581237793
23.999984741210938,152.1018829345703,1.7524187564849854,0.0,0.0,0.0,0.0,-0.01,-0.0,-0.01,4.7109999792916435,3.639571407863072,0.0,0.3013469874858856,0.0,0.0,0.0,0.0,0.0,0.0,0.009552478623511709,0.0,0.009552478623511709,0.0,1464.0,-1.7523661851882935,1.7710833549499512,0.0018863976001739502,0.024434566497802734,1.233816146850586e-5
23.999984741210938,143.62110900878906,1.4351314306259155,0.0,0.0,0.0,0.0,-0.01,-0.0,-0.01,4.694357136317661,3.6229285648890905,0.0,0.2221280038356781,0.0,0.0,0.0,0.0,0.0,0.0,0.0,0.0,0.0,0.0,1465.0,-1.4350883960723877,0.0,0.00015208125114440918,0.002197742462158203,0.0
23.993234634399414,142.9498748779297,1.208433985710144,0.0,0.0,0.0,0.0,-0.01,-0.0,-0.01,5.12564285823277,4.054214286804199,0.0,0.18902599811553955,0.0,0.0,0.0,0.0,0.0,0.0,0.0,0.0,0.0,0.0,1466.0,-1.2083977460861206,0.0,0.0,0.17747485637664795,0.0
23.98648452758789,142.2786407470703,1.0155198574066162,0.0,0.0,0.0,0.0,-0.01,-0.0,-0.01,5.068214225769043,3.9967856543404716,0.0,0.17225700616836548,0.0,0.0,0.0,0.0,0.0,0.0,0.0,0.0,0.0,0.0,1467.0,-1.0154894590377808,0.0,9.262561798095703e-5,0.04621928930282593,0.0
23.979734420776367,141.60740661621094,0.839722216129303,0.0,0.0,0.0,0.0,-0.01,-0.0,-0.01,5.019642911638532,3.9482143402099608,0.0,0.15967600047588348,0.0,0.0,0.0,0.0,0.0,0.0,0.0,0.0,0.0,0.0,1468.0,-0.8396970629692078,0.0,0.3560202121734619,0.03847590088844299,0.0
23.972984313964844,140.93617248535156,0.6767672300338745,0.0,0.0,0.0,0.0,-0.01,-0.0,-0.01,4.987214306422642,3.9157857349940706,0.0,0.15532000362873077,0.0,0.0,0.0,0.0,0.0,0.0,0.0,0.0,0.0,0.0,1469.0,-0.6767469644546509,0.0,0.7518423795700073,0.27253037691116333,0.0
23.96623420715332,140.2649383544922,0.5182619094848633,0.0,0.0,0.0,0.0,-0.01,-0.0,-0.01,4.970928546360561,3.8994999749319894,0.003800000064074993,0.1577029973268509,0.0,0.0,0.0,0.0,0.0,0.0,0.0,0.0,0.0,0.0,1470.0,-0.5182463526725769,0.0,0.9618768692016602,0.6622475385665894,0.0
23.959484100341797,139.5937042236328,0.357329785823822,0.0,0.0,0.0,0.0,-0.01,-0.0,-0.01,5.032142857142857,3.9607142857142854,0.18425999581813812,0.0,0.0,0.2988901995180129,0.0,0.0,0.0,0.0,0.0,0.0,0.0,0.0,1471.0,0.33073997497558594,0.0,0.9988357424736023,0.8551850318908691,0.0
23.952733993530273,138.92247009277344,0.6562002897262573,0.0,0.0,0.0,0.0,0.1278740891118114,-0.0,-0.01,5.1140713827950615,4.042642811366489,0.2739329934120178,0.0,0.0,0.0,1.5319342017173767,0.07038289308547974,0.0,0.0,0.0,0.0,0.07038289308547974,0.0,1472.0,-0.6561806201934814,0.07038289308547974,2.9802322387695312e-8,0.9999982118606567,0.0
23.999975204467773,138.25123596191406,0.6561806201934814,0.0,0.0,0.0,0.0,0.3057820388481775,-0.0,-0.01,5.197285733904157,4.125857162475586,0.3082900047302246,0.0,0.0,0.0,3.5086890416897485,0.008670930310373451,0.0,0.0,0.0,0.0,0.008670930310373451,0.0,1473.0,-0.6561609506607056,1.2960072755813599,0.0,0.9999964833259583,2.384185791015625e-7
23.999984741210938,122.5455551147461,0.6561609506607056,0.0,0.0,0.0,0.0,0.46179242405833515,-0.0,-0.01,5.250785773141043,4.179357201712472,0.31154200434684753,0.0,0.0,0.0,5.242137628484937,0.008570474694995469,0.0,0.0,0.0,0.0,0.008570474694995469,0.0,1474.0,-0.6561412811279297,0.9606040716171265,0.0,0.9998999834060669,2.428889274597168e-5
23.999984741210938,96.99600219726562,0.6561412811279297,0.0,0.0,0.0,0.0,0.5808095392995477,-0.0,-0.01,5.291285732814243,4.219857161385672,0.3106450140476227,0.0,0.0,0.0,6.564549914958077,0.008504875538749774,0.0,0.0,0.0,0.0,0.008504875538749774,0.0,1475.0,-0.6561216115951538,0.9365975260734558,0.0,1.0,4.500150680541992e-6
23.999984741210938,95.79612731933594,0.6561216115951538,0.0,0.0,0.0,0.0,0.6591279037100366,-0.0,-0.01,5.328785705566406,4.257357134137835,0.3001460134983063,0.0,0.0,0.0,7.434753894805908,0.0,0.0,0.0,0.0,0.0,0.0,0.0,1476.0,-0.6561019420623779,0.008445024490356445,0.0,1.0,8.940696716308594e-7
23.993234634399414,95.1249008178711,0.6561019420623779,0.0,0.0,0.0,0.0,0.6912415127385142,-0.0,-0.01,5.35978570665632,4.2883571352277485,0.3103350102901459,0.0,0.0,0.0,7.791571744542769,0.016792169946977402,0.0,0.0,0.0,0.0,0.016792169946977402,0.0,1477.0,-0.656082272529602,0.7474545836448669,0.0,1.0,1.7881393432617188e-6
23.999984741210938,81.47058868408203,0.656082272529602,0.006734741851687431,0.0,0.0,0.0,0.5938336679542758,-0.006734741851687431,-0.01,5.386785725184849,4.315357153756278,0.3222000002861023,0.0,0.0,0.0,6.784092903137207,0.9345073699951172,0.0,0.0,0.0,0.0,0.0,0.9345073699951172,1478.0,-0.6560626029968262,-0.9345073699951172,0.0,0.31001874804496765,0.5261462330818176
24.00673484802246,104.18147277832031,0.6560626029968262,0.0,0.0,0.0,0.0,0.638961713045281,-0.0,-0.01,5.406714248657226,4.335285677228655,0.30810999870300293,0.0,0.0,0.0,7.210685127449344,-0.01664578266174674,0.0,0.0,0.0,0.0,-0.01664578266174674,0.0,1479.0,-0.6560429334640503,0.8402376770973206,0.0,1.0,0.0
23.999984741210938,89.8572006225586,0.6560429334640503,0.006734741851687431,0.0,0.0,0.0,0.5399582555000356,-0.006734741851687431,-0.01,5.417000034877232,4.34557146344866,0.3182229995727539,0.0,0.0,0.0,6.185477256774902,0.0,0.0,0.0,0.0,0.0,0.0,0.0,1480.0,-0.6560232639312744,-0.008306862786412239,0.0,1.0,0.0
24.00673484802246,89.18597412109375,0.6560232639312744,0.013484848663210869,0.0,0.0,0.0,0.405020777737546,-0.013484848663210869,-0.01,5.412928526742117,4.341499955313546,0.3080269992351532,0.0,0.0,0.0,4.761173248291016,0.0,0.0,0.0,0.0,0.0,0.0,0.0,1481.0,-0.6560035943984985,0.0,0.0,1.0,2.682209014892578e-7
24.013484954833984,88.5147476196289,0.6560035943984985,0.0,0.0,0.0,0.0,-0.01,-0.0,-0.01,5.395857075282505,4.324428503853934,0.37723100185394287,0.0,0.0,2.7969575005965903,0.0,-0.025019140695850643,0.0,0.0,0.0,0.0,-0.025019140695850643,0.0,1482.0,2.9977688789367676,0.23493321239948273,0.9999985694885254,1.0,0.2544174790382385
23.999984741210938,80.18879699707031,3.452857494354248,0.0,0.0,0.0,0.0,-0.01,-0.0,-0.01,5.360071400233677,4.288642828805106,0.49322599172592163,0.0,0.0,0.08835874133418997,0.0,0.8264119625091553,0.0,0.0,0.0,0.0,0.0,0.8264119625091553,1483.0,0.9907739758491516,-0.8264119625091553,1.0,1.0,0.796811580657959
23.993234634399414,147.48794555664062,3.541110038757324,0.0,0.0,0.0,0.0,-0.01,-0.0,-0.01,5.262071418762207,4.190642847333636,0.34485000371932983,0.6985539793968201,0.0,0.0,0.0,0.0,0.0,0.0,0.017103992953163772,0.0,0.017103992953163772,0.0,1484.0,-3.541003942489624,1.3568764925003052,0.17152172327041626,0.09013161063194275,0.002569526433944702
23.999984741210938,129.45883178710938,2.810762643814087,0.0,0.0,0.0,0.0,-0.01,-0.0,-0.01,5.158285767691476,4.086857196262905,0.0,0.37415799498558044,0.0,0.0,0.0,0.0,0.0,0.0,0.0,0.0,0.0,0.0,1485.0,-2.810678482055664,0.0,2.0712614059448242e-5,0.9985370635986328,0.004279375076293945
23.993234634399414,128.78759765625,2.428895950317383,0.0,0.0,0.0,0.0,-0.01,-0.0,-0.01,5.122285652160644,4.050857080732073,0.0,0.3562360107898712,0.0,0.0,0.0,0.0,0.0,0.0,0.0175707562165318,0.0,0.0175707562165318,0.0,1486.0,-2.428823232650757,0.9149852991104126,5.841255187988281e-6,0.2616187334060669,0.0007199347019195557
23.999984741210938,91.19602966308594,2.0473990440368652,0.0,0.0,0.0,0.0,-0.01,-0.0,-0.01,5.106214332580566,4.034785761151995,0.0,0.36024099588394165,0.0,0.0,0.0,0.0,0.0,0.0,0.7088947892189026,0.0,0.0,0.7088947892189026,1487.0,-2.047337770462036,-0.7088947892189026,0.0004944205284118652,0.09617447853088379,0.35988980531692505
23.993234634399414,77.58045196533203,0.9564155340194702,0.0,0.0,0.0,0.0,-0.01,-0.0,-0.01,5.100214222499302,4.028785651070731,0.0,0.29989999532699585,0.0,0.0,0.0,0.0,0.0,0.0,0.0,0.0,0.0,0.0,1488.0,-0.9563868641853333,0.0,2.9802322387695312e-8,0.8022385239601135,0.0008345842361450195
23.98648452758789,76.90922546386719,0.6503756642341614,0.0,0.0,0.0,0.0,-0.01,-0.0,-0.01,5.08278568812779,4.011357116699219,0.0,0.2730950117111206,0.0,0.0,0.0,0.0,0.0,0.0,0.0,0.0,0.0,0.0,1489.0,-0.6503561735153198,0.0,4.827976226806641e-6,0.8850281834602356,0.0002199709415435791
23.979734420776367,76.23799896240234,0.3716961443424225,0.0,0.0,0.0,0.0,-0.01,-0.0,-0.01,5.055285671779087,3.983857100350516,0.0,0.18902599811553955,0.0,0.0,0.0,0.0,0.0,0.0,0.0,0.0,0.0,0.0,1490.0,-0.3716849982738495,0.0,8.046627044677734e-7,0.8985426425933838,1.385807991027832e-5
23.972984313964844,75.5667724609375,0.1788071095943451,0.0,0.0,0.0,0.0,-0.01,-0.0,-0.01,5.025071362086704,3.953642790658133,0.0,0.17225700616836548,0.0,0.0,0.0,0.0,0.0,0.0,0.0,0.0,0.0,0.0,1491.0,-0.1788017451763153,0.0,0.18036094307899475,0.5873811841011047,1.1920928955078125e-7
23.96623420715332,74.89554595947266,0.0030345667619258165,0.0,0.0,0.0,0.0,-0.0479028020462513,-0.0,0.0,4.993571363176618,3.9221427917480467,0.0,0.0,0.15967600047588348,0.0,0.0,0.0,0.0,0.0,0.0,0.0,0.0,0.0,1492.0,-0.003034475725144148,0.0,0.9942476749420166,0.3617279529571533,2.9802322387695312e-8
23.959484100341797,74.22431945800781,0.003034475725144148,0.0,0.0,0.0,0.0,-0.04659600294017796,-0.0,0.0,4.977571432931082,3.906142861502511,0.0,0.0,0.15532000362873077,0.0,0.0,0.0,0.0,0.0,0.0,0.0,0.0,0.0,1493.0,-0.003034384688362479,0.0,0.9999285936355591,0.2312254011631012,1.7881393432617188e-7
23.952733993530273,73.55309295654297,0.003034384688362479,0.0,0.0,0.0,0.0,-0.047310901078021494,-0.0,0.0,4.972214235578265,3.900785664149693,0.003800000064074993,0.0,0.1577029973268509,0.0,0.0,0.0,0.0,0.0,0.0,0.0,0.0,0.0,1494.0,-0.0030342936515808105,0.0,0.9999880790710449,0.5270151495933533,4.6193599700927734e-6
23.94598388671875,72.88186645507812,0.0030342936515808105,0.0,0.0,0.0,0.0,-0.01,-0.0,-0.01,5.03264285496303,3.9612142835344586,0.18425999581813812,0.0,0.0,0.27215957242372457,0.0,0.0804760964456845,0.0,0.0,0.0,0.0,0.0804760964456845,0.0,1495.0,0.38673996925354004,0.16499368846416473,0.9998290538787842,0.021830081939697266,0.06468617916107178
23.999984741210938,42.88213348388672,0.27518561482429504,0.0,0.0,0.0,0.0,-0.03259707540659406,-0.0,-0.01,5.110785702296665,4.039357130868094,0.2883470058441162,0.0,0.0,0.0,0.0,1.6335029602050781,0.07532358169555664,0.0,0.0,0.0,0.0,1.7088265419006348,1496.0,1.7346529960632324,-1.7088265419006348,1.0,0.06592988967895508,0.9155189990997314
23.993234634399414,166.48110961914062,0.27517735958099365,0.0,0.0,0.0,0.0,0.2843181562564781,-0.0,-0.01,5.214928572518485,4.1435000010899135,0.3082900047302246,0.0,0.0,0.0,3.270201476290822,0.01725861243903637,0.0,0.0,0.0,0.0,0.01725861243903637,0.0,1497.0,-0.27516910433769226,0.01725861243903637,0.0,1.0,0.0
23.999984741210938,165.80987548828125,0.27516910433769226,0.0,0.0,0.0,0.0,0.39195290921516235,-0.0,-0.01,5.347928537641253,4.276499966212681,0.31154200434684753,0.0,0.0,0.0,4.466143080786857,0.008414795800056803,0.0,0.0,0.0,0.0,0.008414795800056803,0.0,1498.0,-0.27516084909439087,1.6651257276535034,0.0,1.0,0.0
23.999984741210938,156.56283569335938,0.27516084909439087,0.006734741851687431,0.0,0.0,0.0,0.45308823631290196,-0.006734741851687431,-0.01,5.393714305332729,4.322285733904158,0.3106450140476227,0.0,0.0,0.0,5.220254898071289,0.0,0.0,0.0,0.0,0.0,0.0,0.0,1499.0,-0.2751525938510895,-0.008342725224792957,0.0,1.0,0.0
24.00673484802246,155.8916015625,0.2751525938510895,0.013484848663210869,0.0,0.0,0.0,0.3637495170570884,-0.013484848663210869,-0.01,5.407499940054757,4.336071368626186,0.3001460134983063,0.0,0.0,0.0,4.302603721618652,0.0,0.0,0.0,0.0,0.0,0.0,0.0,1500.0,-0.2751443386077881,0.0,0.0,1.0,0.0
24.013484954833984,155.22036743164062,0.2751443386077881,0.020234955474734306,0.0,0.0,0.0,0.37437939648245394,-0.020234955474734306,-0.01,5.433571488516671,4.3621429170881,0.3103350102901459,0.0,0.0,0.0,4.4957146644592285,0.0,0.0,0.0,0.0,0.0,0.0,0.0,1501.0,-0.2751360833644867,0.0,0.0,1.0,0.0
24.020235061645508,154.54913330078125,0.2751360833644867,0.026985062286257744,0.0,0.0,0.0,0.4642879992493416,-0.026985062286257744,-0.01,5.464071491786411,4.39264292035784,0.3222000002861023,0.0,0.0,0.0,5.569700241088867,0.0,0.0,0.0,0.0,0.0,0.0,0.0,1502.0,-0.2751278281211853,0.0,0.0,1.0,0.0
24.02698516845703,153.87789916992188,0.2751278281211853,0.0,0.0,0.0,0.0,0.4711006730159994,-0.0,-0.01,5.478142820085798,4.406714248657226,0.30810999870300293,0.0,0.0,0.0,5.345562608683949,-0.04107251926744442,0.0,0.0,0.0,0.0,-0.04107251926744442,0.0,1503.0,-0.2751195728778839,1.4537760019302368,0.0,1.0,0.0
23.999984741210938,142.85951232910156,0.2751195728778839,0.006734741851687431,0.0,0.0,0.0,0.40922870810039236,-0.006734741851687431,-0.01,5.483500017438616,4.412071446010044,0.3182229995727539,0.0,0.0,0.0,4.732926845550537,0.0,0.0,0.0,0.0,0.0,0.0,0.0,1504.0,-0.2751113176345825,-0.008206123486161232,0.0,1.0,0.0
24.00673484802246,142.1882781982422,0.2751113176345825,0.013484848663210869,0.0,0.0,0.0,0.24376773223797998,-0.013484848663210869,-0.01,5.464499964032854,4.393071392604282,0.3080269992351532,0.0,0.0,0.0,2.969472885131836,0.0,0.0,0.0,0.0,0.0,0.0,0.0,1505.0,-0.27510306239128113,0.0,5.960464477539063e-8,1.0,0.0001093149185180664
24.013484954833984,141.5170440673828,0.27510306239128113,0.020234955474734306,0.0,0.0,0.0,-0.03023495547473431,-0.020234955474734306,-0.01,5.422857093811035,4.351428522382464,0.37723100185394287,0.0,0.0,0.8778536371377754,0.0,0.0,0.0,0.0,0.0,0.0,0.0,0.0,1506.0,0.9627690315246582,0.0,0.9995880722999573,1.0,0.1419713795185089
24.020235061645508,140.84580993652344,1.1529221534729004,0.0,0.0,0.0,0.0,-0.01,-0.0,-0.01,5.371214267185756,4.299785695757185,0.4674000144004822,0.025825977325439453,0.0,0.0,0.0,0.0,0.0,0.0,-0.01675606323461502,0.0,-0.01675606323461502,0.0,1507.0,-1.1528875827789307,0.21742822229862213,0.9999985694885254,1.0,0.5875312685966492
23.999984741210938,131.9324951171875,1.1436328887939453,0.0,0.0,0.0,0.0,-0.01,-0.0,-0.01,5.302499989100864,4.231071417672293,0.10544999688863754,0.3400479853153229,0.0,0.0,0.0,0.0,0.0,0.0,0.008486888578981099,0.0,0.008486888578981099,0.0,1508.0,-1.1435985565185547,1.0231376886367798,0.8897464871406555,0.9999194145202637,0.12410366535186768
23.999984741210938,122.87559509277344,0.7879614233970642,0.0,0.0,0.0,0.0,-0.01,-0.0,-0.01,5.24292858668736,4.171500015258789,0.0,0.37415799498558044,0.0,0.0,0.0,0.0,0.0,0.0,0.008583318626886157,0.0,0.008583318626886157,0.0,1509.0,-0.7879378199577332,1.146244764328003,3.4928321838378906e-5,0.8928682208061218,0.007725805044174194
23.999984741210938,112.93492889404297,0.39739716053009033,0.0,0.0,0.0,0.0,-0.01,-0.0,-0.01,5.199214335850307,4.127785764421736,0.0,0.3562360107898712,0.0,0.0,0.0,0.0,0.0,0.0,0.0,0.0,0.0,0.0,1510.0,-0.39738523960113525,0.0,0.0,0.5724883079528809,0.0012114346027374268
23.993234634399414,112.26370239257812,0.0338900163769722,0.0,0.0,0.0,0.0,-0.1133318048361363,-0.0,-0.01,5.169714328220913,4.098285756792341,0.0,0.03321121638086311,0.32702977950307854,0.0,0.0,0.0,0.017409556263919598,0.0,0.0,0.0,0.017409556263919598,0.0,1511.0,-0.03388899937272072,1.0631072521209717,2.086162567138672e-7,0.47779402136802673,0.0006789267063140869
23.999984741210938,103.66363525390625,1.0206989600192173e-6,0.0,0.0,0.0,0.0,-0.08997000217318529,-0.0,0.0,5.147071375165667,4.075642803737095,0.0,0.0,0.29989999532699585,0.0,0.0,0.0,0.0,0.0,0.0,0.0,0.0,0.0,1512.0,0.0,0.0,0.0,0.858017086982727,7.838010787963867e-6
23.993234634399414,102.9924087524414,1.0206683782598702e-6,0.0,0.0,0.0,0.0,-0.07989450712579504,-0.0,0.0,5.118571363176618,4.047142791748047,0.0,0.0,0.2663150131702423,0.0,0.0,0.0,0.0,0.0,0.0,0.0,0.0,0.0,1513.0,0.0,0.0,6.490945816040039e-5,0.6919011473655701,5.960464477539063e-8
23.98648452758789,102.32118225097656,1.0206377965005231e-6,0.0,0.0,0.0,0.0,-0.05670780168802736,-0.0,0.0,5.089999961853027,4.018571390424456,0.0,0.0,0.18902599811553955,0.0,0.0,0.0,0.0,0.0,0.0,0.0,0.0,0.0,1514.0,0.0,0.0,3.2186508178710938e-6,0.6650272607803345,0.0
23.979734420776367,101.64995574951172,1.020607214741176e-6,0.0,0.0,0.0,0.0,-0.051677103903973176,-0.0,0.0,5.064142853873117,3.9927142824445454,0.0,0.0,0.17225700616836548,0.0,0.0,0.0,0.0,0.0,0.0,0.0,0.0,0.0,1515.0,0.0,0.0,0.03990316390991211,0.2294342815876007,0.0
23.972984313964844,100.97872924804688,1.0205766329818289e-6,0.0,0.0,0.0,0.0,-0.0479028020462513,-0.0,0.0,5.043142809186663,3.9717142377580914,0.0,0.0,0.15967600047588348,0.0,0.0,0.0,0.0,0.0,0.0,0.0,0.0,0.0,1516.0,0.0,0.0,0.9338781833648682,0.13608920574188232,0.0
23.96623420715332,100.30750274658203,1.0205460512224818e-6,0.0,0.0,0.0,0.0,-0.04659600294017796,-0.0,0.0,5.039000047956194,3.9675714765276227,0.0,0.0,0.15532000362873077,0.0,0.0,0.0,0.0,0.0,0.0,0.0,0.0,0.0,1517.0,0.0,0.0,0.9979476928710938,0.3275003731250763,0.0
23.959484100341797,99.63627624511719,1.0205154694631347e-6,0.0,0.0,0.0,0.0,-0.06691812174468385,-0.0,0.0,5.039500045776367,3.968071474347796,0.0009500000160187483,0.0,0.1605530083179474,0.0,0.0,0.0,0.06250738863404166,0.0,0.0,0.0,0.06250738863404166,0.0,1518.0,0.0,0.9388454556465149,0.9979844689369202,0.49900493025779724,1.1920928955078125e-7
23.999984741210938,91.44391632080078,1.0204848877037875e-6,0.0,0.0,0.0,0.0,-0.01,-0.0,-0.01,5.082999992370605,4.011571420942034,0.18425999581813812,0.0,0.0,0.3109931636779777,0.0,0.0,0.0,0.0,0.0,0.0,0.0,0.0,1519.0,0.34373998641967773,0.0,0.9999784231185913,0.8558493256568909,1.7881393432617188e-7
23.993234634399414,90.77268981933594,0.31098484992980957,0.0,0.0,0.0,0.0,-0.01,-0.0,-0.01,5.165142822265625,4.093714250837054,0.2739329934120178,0.0,0.0,1.514092253578214,0.0,0.017424964916279866,0.0,0.0,0.0,0.0,0.017424964916279866,0.0,1520.0,1.659066915512085,0.46267470717430115,0.31589245796203613,0.061369478702545166,0.0020013749599456787
23.999984741210938,56.64253234863281,1.8250223398208618,0.0,0.0,0.0,0.0,-0.01,-0.0,-0.01,5.316714232308524,4.2452856608799525,0.3082900047302246,0.0,0.0,1.031530405093804,0.0,2.3222780227661133,0.0,0.0,0.0,0.0,0.0,2.3222780227661133,1521.0,3.5687100887298584,-2.3222780227661133,0.9151523113250732,0.015259355306625366,0.9988669157028198
23.993234634399414,179.81678771972656,2.8564670085906982,0.0,0.0,0.0,0.0,0.44221476810890364,-0.0,-0.01,5.42542860848563,4.354000037057059,0.31154200434684753,0.0,0.0,0.0,5.024608135223389,0.0,0.0,0.0,0.0,0.0,0.0,0.0,1522.0,-2.856381416320801,4.486852560603438e-7,0.0,1.0,1.7881393432617188e-7
23.999984741210938,179.1455535888672,2.856381416320801,0.006734741851687431,0.0,0.0,0.0,0.5500452075574729,-0.006734741851687431,-0.01,5.481214332580566,4.409785761151995,0.3106450140476227,0.0,0.0,0.0,6.2975544929504395,0.0,0.0,0.0,0.0,0.0,0.0,0.0,1523.0,-2.8562958240509033,-0.00820954516530037,0.0,1.0,2.384185791015625e-7
24.00673484802246,178.4743194580078,2.8562958240509033,0.013484848663210869,0.0,0.0,0.0,0.6183685491713571,-0.013484848663210869,-0.01,5.5162143162318635,4.444785744803292,0.3001460134983063,0.0,0.0,0.0,7.131703853607178,0.0,0.0,0.0,0.0,0.0,0.0,0.0,1524.0,-2.856210231781006,0.0,0.0,1.0,8.940696716308594e-8
24.013484954833984,177.80308532714844,2.856210231781006,0.0,0.0,0.0,0.0,0.6668151089351566,-0.0,-0.01,5.543571417672293,4.472142846243722,0.3103350102901459,0.0,0.0,0.0,7.520167279408085,-0.024352479145633446,0.0,0.0,0.0,0.0,-0.024352479145633446,0.0,1525.0,-2.8561246395111084,1.8022162914276123,0.0,1.0,0.0
23.999984741210938,174.5682830810547,2.8561246395111084,0.0,0.0,0.0,0.0,0.6583842103047582,-0.0,-0.01,5.561642864772251,4.49021429334368,0.3222000002861023,0.0,0.0,0.0,7.426490635403964,-0.008090824612948935,0.0,0.0,0.0,0.0,-0.008090824612948935,0.0,1526.0,-2.856039047241211,1.7218825817108154,0.0,1.0,0.0
23.999984741210938,168.2750701904297,2.856039047241211,0.006734741851687431,0.0,0.0,0.0,0.6057629329709321,-0.006734741851687431,-0.01,5.570928519112723,4.499499947684152,0.30810999870300293,0.0,0.0,0.0,6.916640281677246,0.0,0.0,0.0,0.0,0.0,0.0,0.0,1527.0,-2.8559534549713135,-0.008077338337898254,0.0,1.0,0.0
24.00673484802246,167.6038360595703,2.8559534549713135,0.0,0.0,0.0,0.0,0.5266014807407445,-0.0,-0.01,5.568785749162946,4.497357177734375,0.3182229995727539,0.0,0.0,0.0,5.962238201061032,-0.016161331096432544,0.0,0.0,0.0,0.0,-0.016161331096432544,0.0,1528.0,-2.855867862701416,1.535031795501709,0.0,1.0,0.0
23.999984741210938,152.39501953125,2.855867862701416,0.006734741851687431,0.0,0.0,0.0,0.39458539066772524,-0.006734741851687431,-0.01,5.5503570829118996,4.478928511483328,0.3080269992351532,0.0,0.0,0.0,4.570223331451416,0.0,0.0,0.0,0.0,0.0,0.0,0.0,1529.0,-2.8557822704315186,-0.008107275702059269,0.0,1.0,2.384185791015625e-7
24.00673484802246,151.72378540039062,2.8557822704315186,0.013484848663210869,0.0,0.0,0.0,0.22693736285843025,-0.013484848663210869,-0.01,5.521642902919224,4.450214331490653,0.37723100185394287,0.0,0.0,0.0,2.782468795776367,0.0,0.0,0.0,0.0,0.0,0.0,0.0,1530.0,-2.855696678161621,0.0,0.16707837581634521,1.0,0.019955486059188843
24.013484954833984,151.05255126953125,2.855696678161621,0.020234955474734306,0.0,0.0,0.0,-0.03023495547473431,-0.020234955474734306,-0.01,5.4989285605294365,4.427499989100864,0.49322599172592163,0.0,0.0,0.7659723943539518,0.0,0.12451958656311035,0.0,0.0,0.0,0.0,0.0,0.12451958656311035,1531.0,0.9797740578651428,-0.12451958656311035,1.0,1.0,0.880976676940918
24.020235061645508,160.954345703125,3.621560573577881,0.0,0.0,0.0,0.0,-0.01,-0.0,-0.01,5.397428594316755,4.326000022888183,0.30685001611709595,0.13864797353744507,0.0,0.0,0.0,0.0,0.0,0.0,-0.033349289636446844,0.0,-0.033349289636446844,0.0,1532.0,-3.6214520931243896,0.6469122767448425,0.999995231628418,1.0,0.49212783575057983
23.999984741210938,152.4089813232422,3.514007568359375,0.0,0.0,0.0,0.0,-0.01,-0.0,-0.01,5.295785713195801,4.224357141767229,0.0,0.37415799498558044,0.0,0.0,0.0,0.0,0.0,0.0,0.0,0.0,0.0,0.0,1533.0,-3.513902187347412,0.0,2.467632293701172e-5,0.9996247291564941,0.009615480899810791
23.993234634399414,151.7377471923828,3.13211989402771,0.0,0.0,0.0,0.0,-0.01,-0.0,-0.01,5.250857162475586,4.179428591047015,0.0,0.6204410195350647,0.0,0.0,0.0,0.0,0.0,0.0,0.017140521953013944,0.0,0.017140521953013944,0.0,1534.0,-3.132025957107544,1.5539807081222534,0.00041344761848449707,0.06004875898361206,0.0002459585666656494
23.999984741210938,144.59373474121094,2.481451988220215,0.0,0.0,0.0,0.0,-0.01,-0.0,-0.01,5.220285769871303,4.148857198442732,0.0,0.8271250128746033,0.0,0.0,0.0,0.0,0.0,0.0,0.008620548487455117,0.0,0.008620548487455117,0.0,1535.0,-2.481377601623535,1.382063627243042,0.006590515375137329,0.025141924619674683,0.0003394484519958496
23.999984741210938,130.01870727539062,1.6286015510559082,0.0,0.0,0.0,0.0,-0.01,-0.0,-0.01,5.193428530011858,4.121999958583286,0.0,0.29989999532699585,0.0,0.0,0.0,0.0,0.0,0.0,0.0,0.0,0.0,0.0,1536.0,-1.6285526752471924,0.0,0.0,0.691267728805542,3.2782554626464844e-7
23.993234634399414,129.34747314453125,1.3225414752960205,0.0,0.0,0.0,0.0,-0.01,-0.0,-0.01,5.166142817905971,4.0947142464774,0.0,0.22134600579738617,0.0,0.0,0.0,0.0,0.0,0.0,0.0,0.0,0.0,0.0,1537.0,-1.3225017786026,0.0,2.9802322387695312e-8,0.22438916563987732,0.0
23.98648452758789,128.67623901367188,1.0966453552246094,0.0,0.0,0.0,0.0,-0.01,-0.0,-0.01,5.13721433367048,4.065785762241909,0.0,0.18902599811553955,0.0,0.0,0.0,0.0,0.0,0.0,0.0,0.0,0.0,0.0,1538.0,-1.0966124534606934,0.0,2.9802322387695312e-8,0.285243421792984,0.0
23.979734420776367,128.0050048828125,0.903734564781189,0.0,0.0,0.0,0.0,-0.01,-0.0,-0.01,5.1067857197352815,4.03535714830671,0.0,0.17225700616836548,0.0,0.0,0.0,0.0,0.0,0.0,0.0,0.0,0.0,0.0,1539.0,-0.9037074446678162,0.0,0.0003377199172973633,0.07799926400184631,0.0
23.972984313964844,127.33377838134766,0.7279402613639832,0.0,0.0,0.0,0.0,-0.01,-0.0,-0.01,5.075785718645368,4.004357147216797,0.0,0.15967600047588348,0.0,0.0,0.0,0.0,0.0,0.0,0.0,0.0,0.0,0.0,1540.0,-0.7279184460639954,0.0,0.3763542175292969,0.09009087085723877,0.0
23.96623420715332,126.66255187988281,0.5649886131286621,0.0,0.0,0.0,0.0,-0.01,-0.0,-0.01,5.062214251926967,3.9907856804983957,0.0,0.15532000362873077,0.0,0.0,0.0,0.0,0.0,0.0,0.0,0.0,0.0,0.0,1541.0,-0.5649716854095459,0.0,0.9330806136131287,0.3276156783103943,0.0
23.959484100341797,125.99132537841797,0.4064866304397583,0.0,0.0,0.0,0.0,-0.01,-0.0,-0.01,5.071071434020996,3.9996428625924247,0.0,0.16150300204753876,0.0,0.0,0.0,0.0,0.0,0.0,0.0,0.0,0.0,0.0,1542.0,-0.40647444128990173,0.0,0.9927341341972351,0.7043809294700623,0.0
23.952733993530273,125.32009887695312,0.24168039858341217,0.0,0.0,0.0,0.0,-0.01,-0.0,-0.01,5.143142918178013,4.071714346749442,0.18425999581813812,0.0,0.0,0.24332673130952076,0.0,0.06999741705703687,0.0,0.0,0.0,0.0,0.06999741705703687,0.0,1543.0,0.34473997354507446,1.2438663244247437,0.9993281364440918,0.5480726361274719,0.0
23.999984741210938,117.12825775146484,0.4849925935268402,0.0,0.0,0.0,0.0,0.1319000261545195,-0.0,-0.01,5.238571384974888,4.167142813546317,0.2739329934120178,0.0,0.0,0.0,1.5766668319702148,0.0,0.0,0.0,0.0,0.0,0.0,0.0,1544.0,-0.484978049993515,0.0,5.346536636352539e-5,0.9999833106994629,0.0
23.993234634399414,116.45703125,0.484978049993515,0.0,0.0,0.0,0.0,0.2970021773117651,-0.0,-0.01,5.31771422794887,4.246285656520298,0.3082900047302246,0.0,0.0,0.0,3.411135032371395,0.016925022407657416,0.0,0.0,0.0,0.0,0.016925022407657416,0.0,1545.0,-0.4849635064601898,0.08749955892562866,3.5762786865234375e-7,0.10982885956764221,0.11400312185287476
23.999984741210938,45.364131927490234,0.4849635064601898,0.006734741851687431,0.0,0.0,0.0,-0.016734741851687433,-0.006734741851687431,-0.01,5.434642873491559,4.363214302062988,0.31154200434684753,0.0,0.0,3.0655366945857736,0.0,1.9734591245651245,0.0,0.0,0.0,0.0,0.0,1.9734591245651245,1546.0,4.599999904632568,-1.9734591245651245,0.9971240758895874,0.10857024788856506,0.9990431070327759
24.00673484802246,179.844970703125,3.55039381980896,0.013484848663210869,0.0,0.0,0.0,0.5475701131019932,-0.013484848663210869,-0.01,5.49478566305978,4.423357091631208,0.3106450140476227,0.0,0.0,0.0,6.345054626464844,0.0,0.0,0.0,0.0,0.0,0.0,0.0,1547.0,-3.5502874851226807,0.0,0.0,1.0,4.470348358154297e-7
24.013484954833984,179.17373657226562,3.5502874851226807,0.020234955474734306,0.0,0.0,0.0,0.6123024271706616,-0.020234955474734306,-0.01,5.5292856488909035,4.457857077462332,0.3001460134983063,0.0,0.0,0.0,7.139303684234619,0.0,0.0,0.0,0.0,0.0,0.0,0.0,1548.0,-3.5501811504364014,0.0,0.0,1.0,2.384185791015625e-7
24.020235061645508,178.50250244140625,3.5501811504364014,0.0,0.0,0.0,0.0,0.5597021153686587,-0.0,-0.01,5.549714306422642,4.478285734994071,0.9803609848022461,0.0,0.0,0.0,6.330023001031168,-0.032434175805337674,0.0,0.0,0.0,0.0,-0.032434175805337674,0.0,1549.0,-3.550074815750122,1.5457472801208496,0.0,1.0,2.86102294921875e-6
23.999984741210938,152.7543182373047,3.550074815750122,0.006734741851687431,0.0,0.0,0.0,0.5408099964048231,-0.006734741851687431,-0.01,5.558428573608398,4.487000002179827,0.37525901198387146,0.0,0.0,0.0,6.19494104385376,0.0,0.0,0.0,0.0,0.0,0.0,0.0,1550.0,-3.5499684810638428,-0.00809550378471613,0.0,1.0,0.0
24.00673484802246,152.0830841064453,3.5499684810638428,0.013484848663210869,0.0,0.0,0.0,0.46110126658468137,-0.013484848663210869,-0.01,5.543142809186663,4.471714237758091,0.30810999870300293,0.0,0.0,0.0,5.384289741516113,0.0,0.0,0.0,0.0,0.0,0.0,0.0,1551.0,-3.5498621463775635,0.0,0.0,1.0,0.0
24.013484954833984,151.41184997558594,3.5498621463775635,0.020234955474734306,0.0,0.0,0.0,0.25097700096364334,-0.020234955474734306,-0.01,5.4672142573765345,4.395785685947963,0.3182229995727539,0.0,0.0,0.0,3.124577045440674,0.0,0.0,0.0,0.0,0.0,0.0,0.0,1552.0,-3.549755811691284,0.0,0.0,1.0,4.500150680541992e-6
24.020235061645508,150.74061584472656,3.549755811691284,0.026985062286257744,0.0,0.0,0.0,0.19256202979759998,-0.026985062286257744,-0.01,5.4387142453874855,4.367285673958914,0.3080269992351532,0.0,0.0,0.0,2.550523042678833,0.0,0.0,0.0,0.0,0.0,0.0,0.0,1553.0,-3.549649477005005,0.0,8.681416511535645e-5,1.0,0.0016067326068878174
24.02698516845703,150.0693817138672,3.549649477005005,0.03373516909778118,0.0,0.0,0.0,-0.04373516909778118,-0.03373516909778118,-0.01,5.449214335850307,4.377785764421735,0.37723100185394287,0.0,0.0,2.4661396697324562,0.0,0.0,0.0,0.0,0.0,0.0,0.0,0.0,1554.0,2.668768882751465,0.0,0.9343533515930176,1.0,0.07955679297447205
24.033735275268555,149.3981475830078,6.015608787536621,0.04048527590930462,0.0,0.0,0.0,-0.05048527590930462,-0.04048527590930462,-0.01,5.431785665239606,4.360357093811035,0.49322599172592163,0.0,0.0,0.48090678137724296,0.0,0.36600276827812195,0.0,0.0,0.0,0.0,0.0,0.36600276827812195,1555.0,0.9277740120887756,-0.36600276827812195,1.0,1.0,0.9958441257476807
24.040485382080078,179.3331298828125,6.496320724487305,0.0,0.0,0.0,0.0,-0.01,-0.0,-0.01,5.3619286128452845,4.290500041416713,0.3002000153064728,0.14529797434806824,0.0,0.0,0.0,0.0,0.0,0.0,-0.04196299005179485,0.0,-0.04196299005179485,0.0,1556.0,-4.599999904632568,0.9226714968681335,0.9999999403953552,1.0,0.4493998885154724
23.999984741210938,167.82241821289062,6.390685081481934,0.0,0.0,0.0,0.0,-0.01,-0.0,-0.01,5.282857159205845,4.211428587777274,0.0,0.37415799498558044,0.0,0.0,0.0,0.0,0.0,0.0,0.008518444705461712,0.0,0.008518444705461712,0.0,1557.0,-4.599999904632568,1.7059108018875122,3.1620264053344727e-5,0.13316386938095093,0.00021213293075561523
23.999984741210938,157.81288146972656,6.000019073486328,0.0,0.0,0.0,0.0,-0.01,-0.0,-0.01,5.263071414402553,4.191642842973982,0.0,0.3562360107898712,0.0,0.0,0.0,0.0,0.0,0.0,0.0,0.0,0.0,0.0,1558.0,-4.599999904632568,0.0,0.0,0.9920904040336609,0.0005655288696289062
23.993234634399414,157.1416473388672,5.636343955993652,0.0,0.0,0.0,0.0,-0.01,-0.0,-0.01,5.243499973842075,4.172071402413504,0.0,0.36024099588394165,0.0,0.0,0.0,0.0,0.0,0.0,0.0,0.0,0.0,0.0,1559.0,-4.599999904632568,0.0,0.0,0.9840211868286133,0.00047853589057922363
23.98648452758789,156.4704132080078,5.2685933113098145,0.0,0.0,0.0,0.0,-0.01,-0.0,-0.01,5.224714224679129,4.153285653250558,0.0,0.36514100432395935,0.0,0.0,0.0,0.0,0.0,0.0,0.025839336603662954,0.0,0.025839336603662954,0.0,1560.0,-4.599999904632568,1.5475341081619263,1.2218952178955078e-6,0.2974962592124939,0.00022581219673156738
23.999984741210938,143.29791259765625,4.869487762451172,0.0,0.0,0.0,0.0,-0.01,-0.0,-0.01,5.202571405683245,4.131142834254673,0.0,0.5430920124053955,0.0,0.0,0.0,0.0,0.0,0.0,0.008649900806433531,0.0,0.008649900806433531,0.0,1561.0,-4.599999904632568,1.3793351650238037,0.027774184942245483,0.022371232509613037,0.00020834803581237793
23.999984741210938,129.3120574951172,4.306356906890869,0.0,0.0,0.0,0.0,-0.01,-0.0,-0.01,5.175999995640346,4.104571424211775,0.0,0.18902599811553955,0.0,0.0,0.0,0.0,0.0,0.0,0.008694305764190823,0.0,0.008694305764190823,0.0,1562.0,-4.306227684020996,1.3286669254302979,0.0,0.022368788719177246,0.0
23.999984741210938,124.58734893798828,4.104478359222412,0.0,0.0,0.0,0.0,-0.01,-0.0,-0.01,5.149785668509347,4.078357097080776,0.0,0.17225700616836548,0.0,0.0,0.0,0.0,0.0,0.0,0.0,0.0,0.0,0.0,1563.0,-4.104355335235596,0.0,0.0,0.0009113848209381104,0.0
23.993234634399414,123.91612243652344,3.9285881519317627,0.0,0.0,0.0,0.0,-0.01,-0.0,-0.01,5.129642840794155,4.058214269365584,0.0,0.15967600047588348,0.0,0.0,0.0,0.0,0.0,0.0,0.0,0.0,0.0,0.0,1564.0,-3.9284703731536865,0.0,8.940696716308594e-8,0.001430124044418335,0.0
23.98648452758789,123.2448959350586,3.765540599822998,0.0,0.0,0.0,0.0,-0.01,-0.0,-0.01,5.1239285605294365,4.052499989100864,0.0,0.15532000362873077,0.0,0.0,0.0,0.0,0.0,0.0,0.0,0.0,0.0,0.0,1565.0,-3.765427589416504,0.0,1.9371509552001953e-6,0.014130830764770508,0.0
23.979734420776367,122.57366943359375,3.606942653656006,0.0,0.0,0.0,0.0,-0.01,-0.0,-0.01,5.132642827715192,4.061214256286621,0.0,0.16150300204753876,0.0,0.0,0.0,0.0,0.0,0.0,0.0,0.0,0.0,0.0,1566.0,-3.6068344116210938,0.0,3.3736228942871094e-5,0.04397901892662048,0.0
23.972984313964844,121.9024429321289,3.44204044342041,0.0,0.0,0.0,0.0,0.011913204459811378,-0.0,-0.01,5.17728568485805,4.105857113429478,0.18425999581813812,0.0,0.0,0.0,0.24348003020340508,0.043459948396143255,0.0,0.0,0.0,0.0,0.043459948396143255,0.0,1567.0,-3.441937208175659,1.1549960374832153,1.0251998901367188e-5,0.017498493194580078,0.0
23.999984741210938,110.94488525390625,3.441937208175659,0.0,0.0,0.0,0.0,0.09727029621849007,-0.0,-0.01,5.247999954223633,4.1765713827950615,0.2739329934120178,0.0,0.0,0.0,1.1918920854823707,0.008575024197805066,0.0,0.0,0.0,0.0,0.008575024197805066,0.0,1568.0,-3.441833972930908,0.6243963241577148,5.960464477539063e-8,0.03450629115104675,0.0
23.999984741210938,70.01114654541016,3.441833972930908,0.0,0.0,0.0,0.0,0.1942154283694757,-0.0,-0.01,5.353285734994071,4.281857163565499,0.3082900047302246,0.0,0.0,0.0,2.2690601348876953,0.0,0.0,0.0,0.0,0.0,0.0,0.0,1569.0,-3.4417307376861572,0.008392123505473137,0.0,0.9999974966049194,8.940696716308594e-8
23.993234634399414,69.33992004394531,3.4417307376861572,0.0,0.0,0.0,0.0,0.2830992502450333,-0.0,-0.01,5.46285719190325,4.391428620474679,0.31154200434684753,0.0,0.0,0.0,3.2566580772399902,0.0,0.0,0.0,0.0,0.0,0.0,0.0,1570.0,-3.4416275024414062,-6.537359695357736e-6,0.0,0.9999989867210388,5.960464477539063e-8
23.999984741210938,68.66869354248047,3.4416275024414062,0.0,0.0,0.0,0.0,0.3828332603962929,-0.0,-0.01,5.549214308602469,4.477785737173898,0.3106450140476227,0.0,0.0,0.0,4.364813657519024,-0.008108945604961445,0.0,0.0,0.0,0.0,-0.008108945604961445,0.0,1571.0,-3.4415242671966553,0.45880553126335144,0.0,0.9999974370002747,2.086162567138672e-6
23.999984741210938,59.398319244384766,3.4415242671966553,0.006734741851687431,0.0,0.0,0.0,0.42462115584161847,-0.006734741851687431,-0.01,5.621857179914202,4.55042860848563,0.3001460134983063,0.0,0.0,0.0,4.903954029083252,0.0,0.0,0.0,0.0,0.0,0.0,0.0,1572.0,-3.4414210319519043,-0.008004166185855865,0.0,1.0,3.8743019104003906e-7
24.00673484802246,58.727088928222656,3.4414210319519043,0.013484848663210869,0.0,0.0,0.0,0.4467935471706285,-0.013484848663210869,-0.01,5.676785687037876,4.605357115609305,0.3103350102901459,0.0,0.0,0.0,5.225315093994141,0.0,0.0,0.0,0.0,0.0,0.0,0.0,1573.0,-3.4413177967071533,0.0,0.0,1.0,5.066394805908203e-7
24.013484954833984,58.05585861206055,3.4413177967071533,0.020234955474734306,0.0,0.0,0.0,0.4901901099175242,-0.020234955474734306,-0.01,5.706928607395717,4.635500035967145,0.3222000002861023,0.0,0.0,0.0,5.782500267028809,0.0,0.0,0.0,0.0,0.0,0.0,0.0,1574.0,-3.4412145614624023,0.0,0.0,1.0,5.662441253662109e-6
24.020235061645508,57.38462829589844,3.4412145614624023,0.0,0.0,0.0,0.0,0.4511854871657213,-0.0,-0.01,5.688499941144671,4.617071369716099,0.30810999870300293,0.0,0.0,0.0,5.124282783488822,-0.03164286039311955,0.0,0.0,0.0,0.0,-0.03164286039311955,0.0,1575.0,-3.4411113262176514,0.24160519242286682,0.0,0.9973434209823608,0.002733081579208374
23.999984741210938,41.828590393066406,3.4411113262176514,0.006734741851687431,0.0,0.0,0.0,0.42076034632782633,-0.006734741851687431,-0.01,5.665571430751255,4.594142859322684,0.3182229995727539,0.0,0.0,0.0,4.86105614900589,0.6508709788322449,0.0,0.0,0.0,0.0,0.0,0.6508709788322449,1576.0,-3.4410080909729004,-0.6508709788322449,0.0,0.7150270938873291,0.43493276834487915
24.00673484802246,89.58732604980469,3.4410080909729004,0.013484848663210869,0.0,0.0,0.0,0.36201427789025337,-0.013484848663210869,-0.01,5.608928625924246,4.537500054495675,0.3080269992351532,0.0,0.0,0.0,4.283323287963867,0.0,0.0,0.0,0.0,0.0,0.0,0.0,1577.0,-3.4409048557281494,0.0,0.0,1.0,7.599592208862305e-6
24.013484954833984,88.91609954833984,3.4409048557281494,0.020234955474734306,0.0,0.0,0.0,-0.03023495547473431,-0.020234955474734306,-0.01,5.536928531101772,4.4654999596732,0.37723100185394287,0.0,0.0,1.788814282661832,0.0,0.7756982445716858,0.0,0.0,0.0,0.0,0.0,0.7756982445716858,1578.0,2.7577691078186035,-0.7756982445716858,0.9999998211860657,1.0,0.8417316675186157
24.020235061645508,154.67515563964844,5.229562282562256,0.026985062286257744,0.0,0.0,0.0,-0.036985062286257746,-0.026985062286257744,-0.01,5.46007137298584,4.3886428015572685,0.49322599172592163,0.0,0.0,0.5681310341067416,0.0,0.3007484972476959,0.0,0.0,0.0,0.0,0.0,0.3007484972476959,1579.0,0.9527739882469177,-0.3007484972476959,1.0,1.0,0.9957402944564819
24.02698516845703,179.3165283203125,5.797519683837891,0.0,0.0,0.0,0.0,-0.01,-0.0,-0.01,5.35707141331264,4.2856428418840675,0.2859500050544739,0.15954798460006714,0.0,0.0,0.0,0.0,0.0,0.0,-0.0252005456966696,0.0,-0.0252005456966696,0.0,1580.0,-4.599999904632568,0.07708260416984558,1.0,1.0,0.9040806889533997
23.999984741210938,170.98641967773438,5.6602606773376465,0.0,0.0,0.0,0.0,-0.01,-0.0,-0.01,5.262000029427664,4.190571457999093,0.0,0.37415799498558044,0.0,0.0,0.0,0.0,0.0,0.0,0.0,0.0,0.0,0.0,1581.0,-4.599999904632568,0.0,0.007442653179168701,0.03160598874092102,0.00020694732666015625
23.993234634399414,170.315185546875,5.278308391571045,0.0,0.0,0.0,0.0,-0.01,-0.0,-0.01,5.220214244297573,4.148785672869002,0.0,0.3562360107898712,0.0,0.0,0.0,0.0,0.0,0.0,0.0,0.0,0.0,0.0,1582.0,-4.599999904632568,0.0,0.0,0.9896866679191589,0.0005301237106323242
23.98648452758789,169.64395141601562,4.914654731750488,0.0,0.0,0.0,0.0,-0.01,-0.0,-0.01,5.193285751342773,4.121857179914202,0.0,0.36024099588394165,0.0,0.0,0.0,0.0,0.0,0.0,0.0,0.0,0.0,0.0,1583.0,-4.599999904632568,0.0,0.0,0.9748153686523438,0.00043278932571411133
23.979734420776367,168.97271728515625,4.5469255447387695,0.0,0.0,0.0,0.0,-0.01,-0.0,-0.01,5.175071389334542,4.103642817905971,0.0,0.29989999532699585,0.0,0.0,0.0,0.0,0.0,0.0,0.0,0.0,0.0,0.0,1584.0,-4.546789169311523,0.0,0.0,0.4227801263332367,1.3709068298339844e-6
23.972984313964844,168.30148315429688,4.240777969360352,0.0,0.0,0.0,0.0,-0.01,-0.0,-0.01,5.157428550720215,4.0859999792916435,0.0,0.22134600579738617,0.0,0.0,0.0,0.0,0.0,0.0,0.0,0.0,0.0,0.0,1585.0,-4.240650653839111,0.0,0.0,0.009031474590301514,0.0
23.96623420715332,167.6302490234375,4.01479434967041,0.0,0.0,0.0,0.0,-0.01,-0.0,-0.01,5.1400000163487025,4.068571444920131,0.0,0.18902599811553955,0.0,0.0,0.0,0.0,0.0,0.0,0.0,0.0,0.0,0.0,1586.0,-4.014674186706543,0.0,0.0,0.011777013540267944,0.0
23.959484100341797,166.95901489257812,3.821796178817749,0.0,0.0,0.0,0.0,-0.01,-0.0,-0.01,5.1205714906964985,4.049142919267927,0.0,0.17225700616836548,0.0,0.0,0.0,0.0,0.0,0.0,0.0,0.0,0.0,0.0,1587.0,-3.821681499481201,0.0,2.9802322387695312e-8,0.000677943229675293,0.0
23.952733993530273,166.28778076171875,3.645914316177368,0.0,0.0,0.0,0.0,-0.01,-0.0,-0.01,5.098714229038784,4.0272856576102125,0.0,0.15967600047588348,0.0,0.0,0.0,0.0,0.0,0.0,0.0,0.0,0.0,0.0,1588.0,-3.6458051204681396,0.0,2.384185791015625e-7,0.0015075206756591797,0.0
23.94598388671875,165.61654663085938,3.482875108718872,0.0,0.0,0.0,0.0,-0.01,-0.0,-0.01,5.079785701206752,4.008357129778181,0.0,0.15532000362873077,0.0,0.0,0.0,0.0,0.0,0.0,0.0,0.0,0.0,0.0,1589.0,-3.4827706813812256,0.0,1.4901161193847656e-7,0.008627593517303467,0.0
23.939233779907227,164.9453125,3.3242857456207275,0.0,0.0,0.0,0.0,-0.01,-0.0,-0.01,5.068642834254673,3.997214262826102,0.0,0.16150300204753876,0.0,0.0,0.0,0.0,0.0,0.0,0.0,0.0,0.0,0.0,1590.0,-3.324186086654663,0.0,1.4901161193847656e-7,0.02440693974494934,0.0
23.932483673095703,164.27407836914062,3.1593921184539795,0.0,0.0,0.0,0.0,0.02001410365216747,-0.0,-0.01,5.1459286008562355,4.074500029427664,0.18425999581813812,0.0,0.0,0.0,0.3334900140762329,0.0,0.0,0.0,0.0,0.0,0.0,0.0,1591.0,-3.159297466278076,0.0,2.682209014892578e-7,0.03123992681503296,0.0
23.92573356628418,163.60284423828125,3.159297466278076,0.0,0.0,0.0,0.0,0.12056953484372514,-0.0,-0.01,5.237999997820173,4.166571426391601,0.2739329934120178,0.0,0.0,0.0,1.4507724940776825,0.10309460759162903,0.0,0.0,0.0,0.0,0.10309460759162903,0.0,1592.0,-3.159202814102173,0.10309460759162903,0.0,0.9999997615814209,0.0
23.999984741210938,162.93161010742188,3.159202814102173,0.0,0.0,0.0,0.0,0.28407591772682667,-0.0,-0.01,5.32971431187221,4.258285740443638,0.3082900047302246,0.0,0.0,0.0,3.267509937286377,0.0,0.0,0.0,0.0,0.0,0.0,0.0,1593.0,-3.1591081619262695,0.008443553000688553,0.0,1.0,5.364418029785156e-7
23.993234634399414,161.38780212402344,3.1591081619262695,0.0,0.0,0.0,0.0,0.4256276882942777,-0.0,-0.01,5.415428515842983,4.343999944414412,0.31154200434684753,0.0,0.0,0.0,4.8403072630411295,4.4951380225924786e-7,0.0,0.0,0.0,0.0,4.4951380225924786e-7,0.0,1594.0,-3.159013509750366,1.4204683303833008,0.0,0.9999999403953552,1.5735626220703125e-5
23.999984741210938,138.3386688232422,3.159013509750366,0.006734741851687431,0.0,0.0,0.0,0.5308932037008137,-0.006734741851687431,-0.01,5.482214328220913,4.4107857567923405,0.3106450140476227,0.0,0.0,0.0,6.084754467010498,0.0,0.0,0.0,0.0,0.0,0.0,0.0,1595.0,-3.158918857574463,-0.008208047598600388,0.0,1.0,9.119510650634766e-6
24.00673484802246,137.6674346923828,3.158918857574463,0.013484848663210869,0.0,0.0,0.0,0.540991061561376,-0.013484848663210869,-0.01,5.52028568812779,4.448857116699219,0.3001460134983063,0.0,0.0,0.0,6.27195405960083,0.0,0.0,0.0,0.0,0.0,0.0,0.0,1596.0,-3.1588242053985596,0.0,0.0,1.0,2.086162567138672e-7
24.013484954833984,136.99620056152344,3.1588242053985596,0.0,0.0,0.0,0.0,0.5849059909893712,-0.0,-0.01,5.543857111249651,4.472428539821079,0.3103350102901459,0.0,0.0,0.0,6.610066041227708,-0.024351224180589246,0.0,0.0,0.0,0.0,-0.024351224180589246,0.0,1597.0,-3.1587295532226562,1.257889986038208,0.0,1.0,0.0
23.999984741210938,127.89008331298828,3.1587295532226562,0.006734741851687431,0.0,0.0,0.0,0.5001848262832195,-0.006734741851687431,-0.01,5.550928606305804,4.479500034877232,0.3222000002861023,0.0,0.0,0.0,5.7435503005981445,0.0,0.0,0.0,0.0,0.0,0.0,0.0,1598.0,-3.158634901046753,-0.008106441237032413,0.0,1.0,0.0
24.00673484802246,127.21885681152344,3.158634901046753,0.013484848663210869,0.0,0.0,0.0,0.2809527651767012,-0.013484848663210869,-0.01,5.546714319501604,4.475285748073032,0.30810999870300293,0.0,0.0,0.0,3.3826398849487305,0.0,0.0,0.0,0.0,0.0,0.0,0.0,1599.0,-3.1585402488708496,0.0,0.0,1.0,0.0
24.013484954833984,126.5476303100586,3.1585402488708496,0.020234955474734306,0.0,0.0,0.0,0.22207799897594765,-0.020234955474734306,-0.01,5.557571492876325,4.486142921447754,0.3182229995727539,0.0,0.0,0.0,2.8034770488739014,0.0,0.0,0.0,0.0,0.0,0.0,0.0,1600.0,-3.1584455966949463,0.0,0.0,1.0,3.606081008911133e-6
24.020235061645508,125.87640380859375,3.1584455966949463,0.026985062286257744,0.0,0.0,0.0,0.146990522536681,-0.026985062286257744,-0.01,5.549857085091727,4.478428513663156,0.3080269992351532,0.0,0.0,0.0,2.044173002243042,0.0,0.0,0.0,0.0,0.0,0.0,0.0,1601.0,-3.158350944519043,0.0,0.0013571679592132568,1.0,0.003554016351699829
24.02698516845703,125.2051773071289,3.158350944519043,0.03373516909778118,0.0,0.0,0.0,-0.04373516909778118,-0.03373516909778118,-0.01,5.518214307512555,4.446785736083984,0.37723100185394287,0.0,0.0,1.320078720512754,0.0,0.0,0.0,0.0,0.0,0.0,0.0,0.0,1602.0,1.4377690553665161,0.0,0.9999738931655884,1.0,0.44391992688179016
24.033735275268555,124.53395080566406,4.47829532623291,0.0,0.0,0.0,0.0,0.02487332651710377,-0.0,-0.01,5.459285681588309,4.387857110159738,0.49322599172592163,0.0,0.0,0.0,0.3874813749513439,-0.04945735475633657,0.0,0.0,0.0,0.0,-0.04945735475633657,0.0,1603.0,-4.478160858154297,0.7627321481704712,0.007655739784240723,0.9852203130722046,0.006402403116226196
23.999984741210938,85.20659637451172,4.478160858154297,0.0,0.0,0.0,0.0,-0.01,-0.0,-0.01,5.3704285757882255,4.2990000043596535,0.1472499966621399,0.2982479929924011,0.0,0.0,0.0,0.0,0.0,0.0,0.0,0.0,0.0,0.0,1604.0,-4.478026390075684,0.00837243814021349,0.0002899169921875,0.999998927116394,0.019932836294174194
23.993234634399414,84.53536987304688,4.17370080947876,0.0,0.0,0.0,0.0,-0.01,-0.0,-0.01,5.298428617204938,4.227000045776367,0.0,0.47749099135398865,0.0,0.0,0.0,0.0,0.0,0.0,0.0,0.0,0.0,0.0,1605.0,-4.1735758781433105,0.0,0.0,0.7569866180419922,0.0007088184356689453
23.98648452758789,83.86414337158203,3.686354637145996,0.0,0.0,0.0,0.0,-0.01,-0.0,-0.01,5.267000007629394,4.195571436200823,0.0,0.3562360107898712,0.0,0.0,0.0,0.0,0.0,0.0,0.025631887092058887,0.0,0.025631887092058887,0.0,1606.0,-3.686244010925293,0.660458505153656,1.4901161193847656e-7,0.6683651208877563,0.001187145709991455
23.999984741210938,73.33026885986328,3.2965946197509766,0.0,0.0,0.0,0.0,-0.01,-0.0,-0.01,5.242571367536272,4.1711427961077,0.0,0.36024099588394165,0.0,0.0,0.0,0.0,0.0,0.0,0.008583903478398602,0.0,0.008583903478398602,0.0,1607.0,-3.2964956760406494,0.5471073985099792,5.662441253662109e-7,0.623008668422699,0.002007007598876953
23.999984741210938,64.0845947265625,2.9201550483703613,0.0,0.0,0.0,0.0,-0.01,-0.0,-0.01,5.226857130868094,4.155428559439523,0.0,0.29989999532699585,0.0,0.0,0.0,0.0,0.0,0.0,0.0,0.0,0.0,0.0,1608.0,-2.920067548751831,0.0,2.9802322387695312e-8,0.793141782283783,0.0014605820178985596
23.993234634399414,63.41336441040039,2.614056348800659,0.0,0.0,0.0,0.0,-0.01,-0.0,-0.01,5.21049998147147,4.139071410042899,0.0,0.22134600579738617,0.0,0.0,0.0,0.0,0.0,0.0,0.0,0.0,0.0,0.0,1609.0,-2.6139779090881348,0.0,0.0,0.8801267147064209,0.001024693250656128
23.98648452758789,62.74213409423828,2.3881213665008545,0.0,0.0,0.0,0.0,-0.01,-0.0,-0.01,5.197785731724331,4.126357160295759,0.0,0.18902599811553955,0.0,0.0,0.0,0.0,0.0,0.0,0.0,0.0,0.0,0.0,1610.0,-2.388049840927124,0.0,0.0,0.9147209525108337,0.0009995698928833008
23.979734420776367,62.07090377807617,2.19517183303833,0.0,0.0,0.0,0.0,-0.01,-0.0,-0.01,5.1874999455043245,4.116071374075753,0.0,0.17225700616836548,0.0,0.0,0.0,0.0,0.0,0.0,0.0,0.0,0.0,0.0,1611.0,-2.195106029510498,0.0,7.748603820800781e-7,0.9514064788818359,0.00015220046043395996
23.972984313964844,61.39967346191406,2.019338846206665,0.0,0.0,0.0,0.0,-0.01,-0.0,-0.01,5.175928606305804,4.104500034877232,0.0,0.15967600047588348,0.0,0.0,0.0,0.0,0.0,0.0,0.0,0.0,0.0,0.0,1612.0,-2.0192782878875732,0.0,0.7485456466674805,0.7534440755844116,0.000479280948638916
23.96623420715332,60.72844314575195,1.8563485145568848,0.0,0.0,0.0,0.0,-0.01,-0.0,-0.01,5.166714341299874,4.095285769871303,0.0,0.15532000362873077,0.0,0.0,0.0,0.0,0.0,0.0,0.0,0.0,0.0,0.0,1613.0,-1.8562928438186646,0.0,0.999966561794281,0.444072425365448,0.0007946491241455078
23.959484100341797,60.057212829589844,1.697807788848877,0.0,0.0,0.0,0.0,-0.01,-0.0,-0.01,5.162857137407575,4.091428565979004,0.0,0.16150300204753876,0.0,0.0,0.0,0.0,0.0,0.0,0.0,0.0,0.0,0.0,1614.0,-1.6977568864822388,0.0,0.9999527335166931,0.5932527780532837,0.0008487105369567871
23.952733993530273,59.385982513427734,1.5329627990722656,0.0,0.0,0.0,0.0,-0.01,-0.0,-0.01,5.216214261736188,4.144785690307617,0.18425999581813812,0.0,0.0,0.22999622941618014,0.0,0.0,0.0,0.0,0.0,0.0,0.0,0.0,1615.0,0.2567400336265564,0.0,0.999919056892395,0.7659193277359009,0.0015604794025421143
23.94598388671875,58.714752197265625,1.7629061937332153,0.0,0.0,0.0,0.0,-0.01,-0.0,-0.01,5.272499983651297,4.201071412222726,0.2739329934120178,0.0,0.0,1.0052859364926636,0.0,0.07681506932736208,0.0,0.0,0.0,0.0,0.07681506932736208,0.0,1616.0,1.1750669479370117,0.37401434779167175,0.9826841354370117,0.9598419070243835,0.0017948448657989502
23.999984741210938,50.418888092041016,2.768109083175659,0.0,0.0,0.0,0.0,0.1868624199916846,-0.0,-0.01,5.33007139478411,4.2586428233555385,0.3082900047302246,0.0,0.0,0.0,2.1873600482940674,0.0,0.0,0.0,0.0,0.0,0.0,0.0,1617.0,-2.768026113510132,0.0,5.099177360534668e-5,0.9997243881225586,4.1812658309936523e-5
23.993234634399414,49.747657775878906,2.768026113510132,0.0,0.0,0.0,0.0,0.17118971357263746,-0.0,-0.01,5.419000026157924,4.347571454729353,0.31154200434684753,0.0,0.0,0.0,2.013218879699707,1.5892388820648193,0.0,0.0,0.0,0.0,0.0,1.5892388820648193,1618.0,-2.7679431438446045,-1.5892388820648193,0.002621889114379883,0.5750059485435486,0.8422003388404846
23.999984741210938,154.75013732910156,2.7679431438446045,0.0,0.0,0.0,0.0,0.44397422068452463,-0.0,-0.01,5.485500008719308,4.414071437290737,0.3106450140476227,0.0,0.0,0.0,5.044157606732192,-0.008203131329360227,0.0,0.0,0.0,0.0,-0.008203131329360227,0.0,1619.0,-2.767860174179077,0.7589341998100281,0.0,0.30513250827789307,7.712841033935547e-5
23.999984741210938,84.25651550292969,2.767860174179077,0.006734741851687431,0.0,0.0,0.0,0.5129426579169327,-0.006734741851687431,-0.01,5.535071454729352,4.463642883300781,0.3001460134983063,0.0,0.0,0.0,5.885303974151611,0.0,0.0,0.0,0.0,0.0,0.0,0.0,1620.0,-2.76777720451355,-0.008129664696753025,0.0,1.0,4.172325134277344e-7
24.00673484802246,83.58528900146484,2.76777720451355,0.0,0.0,0.0,0.0,0.6063103197917789,-0.0,-0.01,5.580571392604282,4.509142821175711,0.3103350102901459,0.0,0.0,0.0,6.847891897909313,-0.01612719988074872,0.0,0.0,0.0,0.0,-0.01612719988074872,0.0,1621.0,-2.7676942348480225,0.5398226380348206,0.0,0.999996542930603,1.4543533325195312e-5
23.999984741210938,66.68228149414062,2.7676942348480225,0.006734741851687431,0.0,0.0,0.0,0.4207111492461654,-0.006734741851687431,-0.01,5.610928617204938,4.539500045776367,0.3222000002861023,0.0,0.0,0.0,4.860509514808655,1.95749032497406,0.0,0.0,0.0,0.0,0.0,1.95749032497406,1622.0,-2.767611265182495,-1.95749032497406,3.5762786865234375e-7,0.044117093086242676,0.9436821341514587
24.00673484802246,170.98721313476562,2.767611265182495,0.013484848663210869,0.0,0.0,0.0,0.5366832618797284,-0.013484848663210869,-0.01,5.6249999455043245,4.553571374075753,0.30810999870300293,0.0,0.0,0.0,6.224089622497559,0.0,0.0,0.0,0.0,0.0,0.0,0.0,1623.0,-2.7675282955169678,0.0,0.0,1.0,0.0
24.013484954833984,170.31597900390625,2.7675282955169678,0.0,0.0,0.0,0.0,0.4619844815910762,-0.0,-0.01,5.6262142453874855,4.554785673958914,0.3182229995727539,0.0,0.0,0.0,5.244271600901355,-0.023994768320788774,0.0,0.0,0.0,0.0,-0.023994768320788774,0.0,1624.0,-2.7674453258514404,1.546749234199524,0.0,1.0,0.0
23.999984741210938,155.1091766357422,2.7674453258514404,0.0,0.0,0.0,0.0,0.32697261300246183,-0.0,-0.01,5.6128570829118996,4.541428511483328,0.3080269992351532,0.0,0.0,0.0,3.7441398469142917,-0.008017000310898074,0.0,0.0,0.0,0.0,-0.008017000310898074,0.0,1625.0,-2.767362356185913,1.4293819665908813,0.0,1.0,2.0563602447509766e-5
23.999984741210938,144.4940948486328,2.767362356185913,0.006734741851687431,0.0,0.0,0.0,-0.016734741851687433,-0.006734741851687431,-0.01,5.593499946594238,4.522071375165667,0.37723100185394287,0.0,0.0,2.206390728977567,0.0,0.0,0.0,0.0,0.0,0.0,0.0,0.0,1626.0,2.3897690773010254,-0.008044743910431862,0.6072621941566467,1.0,0.0370345413684845
24.00673484802246,143.82286071777344,4.973604202270508,0.013484848663210869,0.0,0.0,0.0,-0.02348484866321087,-0.013484848663210869,-0.01,5.542142813546317,4.4707142421177455,0.49322599172592163,0.0,0.0,0.3452693285191657,0.0,0.40180835127830505,0.0,0.0,0.0,0.0,0.0,0.40180835127830505,1627.0,0.8197739720344543,-0.40180835127830505,1.0,1.0,0.9284377098083496
24.013484954833984,168.54811096191406,5.318714141845703,0.0,0.0,0.0,0.0,-0.01,-0.0,-0.01,5.423285702296665,4.351857130868094,0.2678999900817871,0.1775979995727539,0.0,0.0,0.0,0.0,0.0,0.0,-0.024892604732961822,0.0,-0.024892604732961822,0.0,1628.0,-4.599999904632568,1.4033304452896118,0.002753525972366333,0.9871439933776855,0.0025842785835266113
23.999984741210938,137.53335571289062,5.1627373695373535,0.0,0.0,0.0,0.0,-0.01,-0.0,-0.01,5.327642795017788,4.256214223589216,0.0,0.37415799498558044,0.0,0.0,0.0,0.0,0.0,0.0,0.008446836308100735,0.0,0.008446836308100735,0.0,1629.0,-4.599999904632568,0.8231312036514282,7.12275505065918e-6,0.1213437020778656,0.0012683570384979248
23.999984741210938,87.38965606689453,4.772181034088135,0.0,0.0,0.0,0.0,-0.01,-0.0,-0.01,5.305571365356445,4.234142793927874,0.0,0.3562360107898712,0.0,0.0,0.0,0.0,0.0,0.0,0.0,0.0,0.0,0.0,1630.0,-4.599999904632568,0.0,0.0,0.9720766544342041,0.00046384334564208984
23.993234634399414,86.71842956542969,4.408542633056641,0.0,0.0,0.0,0.0,-0.01,-0.0,-0.01,5.281857163565499,4.210428592136928,0.0,0.36024099588394165,0.0,0.0,0.0,0.0,0.0,0.0,0.0,0.0,0.0,0.0,1631.0,-4.408410549163818,0.0,0.0,0.960341215133667,0.00046128034591674805
23.98648452758789,86.04720306396484,4.040828704833984,0.0,0.0,0.0,0.0,-0.01,-0.0,-0.01,5.265214320591518,4.193785749162947,0.0,0.29989999532699585,0.0,0.0,0.0,0.0,0.0,0.0,0.025640580095942434,0.0,0.025640580095942434,0.0,1632.0,-4.040707588195801,0.7053593397140503,0.0,0.7037666440010071,0.0005750060081481934
23.999984741210938,76.82101440429688,3.70853328704834,0.0,0.0,0.0,0.0,-0.01,-0.0,-0.01,5.247357177734375,4.175928606305804,0.0,0.22134600579738617,0.0,0.0,0.0,0.0,0.0,0.0,0.008576074597799287,0.0,0.008576074597799287,0.0,1633.0,-3.7084221839904785,0.5950668454170227,0.0,0.6184870600700378,0.000299602746963501
23.999984741210938,67.7025146484375,3.4738147258758545,0.0,0.0,0.0,0.0,-0.01,-0.0,-0.01,5.228142820085798,4.156714248657226,0.0,0.18902599811553955,0.0,0.0,0.0,0.0,0.0,0.0,0.0,0.0,0.0,0.0,1634.0,-3.473710536956787,0.0,0.0,0.8991296887397766,0.00022134184837341309
23.993234634399414,67.03128814697266,3.2808327674865723,0.0,0.0,0.0,0.0,-0.01,-0.0,-0.01,5.200785718645368,4.129357147216797,0.0,0.17225700616836548,0.0,0.0,0.0,0.0,0.0,0.0,0.0,0.0,0.0,0.0,1635.0,-3.2807343006134033,0.0,0.0,0.8110809922218323,1.665949821472168e-5
23.98648452758789,66.36006164550781,3.1049671173095703,0.0,0.0,0.0,0.0,-0.01,-0.0,-0.01,5.173428617204938,4.102000045776367,0.0,0.15967600047588348,0.0,0.0,0.0,0.0,0.0,0.0,0.0,0.0,0.0,0.0,1636.0,-3.1048741340637207,0.0,1.9788742065429688e-5,0.5529339909553528,4.947185516357422e-6
23.979734420776367,65.68883514404297,2.941944122314453,0.0,0.0,0.0,0.0,-0.01,-0.0,-0.01,5.161071450369699,4.089642878941127,0.0,0.15532000362873077,0.0,0.0,0.0,0.0,0.0,0.0,0.0,0.0,0.0,0.0,1637.0,-2.9418559074401855,0.0,0.0005248486995697021,0.5413722395896912,4.0531158447265625e-6
23.972984313964844,65.01760864257812,2.7833709716796875,0.0,0.0,0.0,0.0,-0.01,-0.0,-0.01,5.158499935695103,4.0870713642665315,0.0,0.16150300204753876,0.0,0.0,0.0,0.0,0.0,0.0,0.0,0.0,0.0,0.0,1638.0,-2.783287525177002,0.0,0.0029045045375823975,0.6868013143539429,1.430511474609375e-6
23.96623420715332,64.34638214111328,2.6184935569763184,0.0,0.0,0.0,0.0,0.00727460089521407,-0.0,-0.01,5.218142863682338,4.146714292253767,0.18425999581813812,0.0,0.0,0.0,0.19193999469280243,0.0,0.0,0.0,0.0,0.0,0.0,0.0,1639.0,-2.618415117263794,0.0,0.07766443490982056,0.8413600921630859,4.112720489501953e-6
23.959484100341797,63.67515182495117,2.618415117263794,0.0,0.0,0.0,0.0,0.08504603664446124,-0.0,-0.01,5.293571417672293,4.222142846243722,0.2739329934120178,0.0,0.0,0.0,1.0560669898986816,0.0,0.0,0.0,0.0,0.0,0.0,0.0,1640.0,-2.6183366775512695,-0.0014264092314988375,0.16559985280036926,0.10525956749916077,0.09032082557678223
23.952733993530273,34.33391571044922,2.6183366775512695,0.0,0.0,0.0,0.0,-0.01,-0.0,-0.01,5.369142886570522,4.297714315141951,0.3082900047302246,0.0,0.0,0.6696656905809846,0.0,1.6199277639389038,0.0,0.0,0.0,0.0,0.0,1.6199277639389038,1641.0,2.4407100677490234,-1.6199277639389038,0.9959699511528015,0.8712630271911621,0.896132230758667
23.959484100341797,163.37924194335938,3.2879037857055664,0.0,0.0,0.0,0.0,0.29094161194682966,-0.0,-0.01,5.472928537641253,4.401499966212681,0.31154200434684753,0.0,0.0,0.0,3.3437954225571174,0.04111253833460605,0.0,0.0,0.0,0.0,0.04111253833460605,0.0,1642.0,-3.2878053188323975,1.6386501789093018,0.0,1.0,0.0
23.999984741210938,158.31971740722656,3.2878053188323975,0.006734741851687431,0.0,0.0,0.0,0.3672391303309877,-0.006734741851687431,-0.01,5.570000049046108,4.498571477617536,0.3363740146160126,0.0,0.0,0.0,4.26637601852417,0.0,0.0,0.0,0.0,0.0,0.0,0.0,1643.0,-3.2877068519592285,-0.008078685030341148,0.0,1.0,0.0
24.00673484802246,157.6484832763672,3.2877068519592285,0.0,0.0,0.0,0.0,0.4880272891462743,-0.0,-0.01,5.6312142235892155,4.559785652160644,0.3001460134983063,0.0,0.0,0.0,5.53363610629582,-0.01598216418766503,0.0,0.0,0.0,0.0,-0.01598216418766503,0.0,1644.0,-3.2876083850860596,1.0647714138031006,0.0,0.9999985694885254,5.960464477539063e-8
23.999984741210938,113.1097183227539,3.2876083850860596,0.006734741851687431,0.0,0.0,0.0,0.5847006382443781,-0.006734741851687431,-0.01,5.685357175554548,4.613928604125976,0.3103350102901459,0.0,0.0,0.0,6.682614803314209,0.0,0.0,0.0,0.0,0.0,0.0,0.0,1645.0,-3.2875099182128906,-0.007914766669273376,0.0,1.0,2.9802322387695312e-8
24.00673484802246,112.43849182128906,3.2875099182128906,0.0,0.0,0.0,0.0,0.5601065869781439,-0.0,-0.01,5.726857130868094,4.655428559439523,0.37964800000190735,0.0,0.0,0.0,6.334517129668287,-0.015715249785474426,0.0,0.0,0.0,0.0,-0.015715249785474426,0.0,1646.0,-3.2874114513397217,0.933165967464447,0.0,1.0,0.0
23.999984741210938,103.31279754638672,3.2874114513397217,0.006734741851687431,0.0,0.0,0.0,0.4562062938116795,-0.006734741851687431,-0.01,5.752642849513462,4.681214278084891,0.37575000524520874,0.0,0.0,0.0,5.254899978637695,0.0,0.0,0.0,0.0,0.0,0.0,0.0,1647.0,-3.2873129844665527,-0.007822192274034023,0.0,1.0,0.0
24.00673484802246,102.64157104492188,3.2873129844665527,0.013484848663210869,0.0,0.0,0.0,0.3489556096695213,-0.013484848663210869,-0.01,5.761642810276577,4.690214238848005,0.3182229995727539,0.0,0.0,0.0,4.1382269859313965,0.0,0.0,0.0,0.0,0.0,0.0,0.0,1648.0,-3.287214517593384,0.0,0.0,1.0,0.0
24.013484954833984,101.97034454345703,3.287214517593384,0.020234955474734306,0.0,0.0,0.0,0.23111813841585938,-0.020234955474734306,-0.01,5.747142873491559,4.675714302062988,0.3080269992351532,0.0,0.0,0.0,2.9039230346679688,0.0,0.0,0.0,0.0,0.0,0.0,0.0,1649.0,-3.287116050720215,0.0,0.0,1.0,2.9027462005615234e-5
24.020235061645508,101.29911804199219,3.287116050720215,0.026985062286257744,0.0,0.0,0.0,-0.036985062286257746,-0.026985062286257744,-0.01,5.716285651070731,4.6448570796421595,0.37723100185394287,0.0,0.0,1.3982826147426408,0.0,0.0,0.0,0.0,0.0,0.0,0.0,0.0,1650.0,1.5217690467834473,0.0,0.9999616742134094,1.0,0.26657330989837646
24.02698516845703,100.62789154052734,4.685258388519287,0.0,0.0,0.0,0.0,-0.01,-0.0,-0.01,5.6692857197352815,4.59785714830671,0.49322599172592163,0.0,0.0,0.2891605229986575,0.0,-0.039687738041590946,0.0,0.0,0.0,0.0,-0.039687738041590946,0.0,1651.0,0.29477399587631226,0.6196824908256531,0.9096754789352417,1.0,0.09990549087524414
23.999984741210938,90.62512969970703,4.974269866943359,0.006734741851687431,0.0,0.0,0.0,-0.016734741851687433,-0.006734741851687431,-0.01,5.598857143947056,4.527428572518485,0.11969999969005585,0.325797975063324,0.0,0.0,0.0,0.0,0.0,0.0,0.0,0.0,0.0,0.0,1652.0,-4.599999904632568,-0.00804158952087164,2.1457672119140625e-6,0.9999994039535522,0.01230531930923462
24.00673484802246,89.95390319824219,4.641683578491211,0.013484848663210869,0.0,0.0,0.0,-0.02348484866321087,-0.013484848663210869,-0.01,5.547071402413504,4.475642830984933,0.0,0.37415799498558044,0.0,0.0,0.0,0.0,0.0,0.0,0.0,0.0,0.0,0.0,1653.0,-4.599999904632568,0.0,0.0,0.9762053489685059,0.00045812129974365234
24.013484954833984,89.28267669677734,4.259761810302734,0.020234955474734306,0.0,0.0,0.0,-0.03023495547473431,-0.020234955474734306,-0.01,5.527285657610212,4.4558570861816404,0.0,0.3562360107898712,0.0,0.0,0.0,0.0,0.0,0.0,1.5651699304580688,0.0,0.0,1.5651699304580688,1654.0,-4.259634017944336,-1.5651699304580688,0.0004939138889312744,0.13916048407554626,0.7189201712608337
24.020235061645508,135.02529907226562,2.299074649810791,0.0,0.0,0.0,0.0,-0.01,-0.0,-0.01,5.505071449279785,4.433642877851214,0.0,0.36024099588394165,0.0,0.0,0.0,0.0,0.0,0.0,-0.0326971976916773,0.0,-0.0326971976916773,0.0,1655.0,-2.2990057468414307,1.1150093078613281,0.0,0.7217528820037842,0.00039824843406677246
23.999984741210938,114.86922454833984,1.9647873640060425,0.006734741851687431,0.0,0.0,0.0,-0.016734741851687433,-0.006734741851687431,-0.01,5.47514283316476,4.403714261736188,0.0,0.29989999532699585,0.0,0.0,0.0,0.0,0.0,0.0,0.0,0.0,0.0,0.0,1656.0,-1.9647284746170044,0.0,0.0,0.9347192049026489,7.897615432739258e-6
24.00673484802246,114.197998046875,1.6587172746658325,0.013484848663210869,0.0,0.0,0.0,-0.02348484866321087,-0.013484848663210869,-0.01,5.445785740443638,4.374357169015067,0.0,0.22134600579738617,0.0,0.0,0.0,0.0,0.0,0.0,0.0,0.0,0.0,0.0,1657.0,-1.6586675643920898,0.0,0.0,0.5758461356163025,0.0
24.013484954833984,113.52677154541016,1.4328110218048096,0.020234955474734306,0.0,0.0,0.0,-0.03023495547473431,-0.020234955474734306,-0.01,5.417142813546317,4.3457142421177455,0.0,0.18902599811553955,0.0,0.0,0.0,0.0,0.0,0.0,0.0,0.0,0.0,0.0,1658.0,-1.4327681064605713,0.0,0.0,0.5785614848136902,0.0
24.020235061645508,112.85554504394531,1.239890217781067,0.026985062286257744,0.0,0.0,0.0,-0.036985062286257746,-0.026985062286257744,-0.01,5.3936429159981865,4.322214344569614,0.0,0.17225700616836548,0.0,0.0,0.0,0.0,0.0,0.0,0.0,0.0,0.0,0.0,1659.0,-1.239853024482727,0.0,9.804964065551758e-6,0.31058162450790405,0.0
24.02698516845703,112.18431854248047,1.064085841178894,0.03373516909778118,0.0,0.0,0.0,-0.04373516909778118,-0.03373516909778118,-0.01,5.377714238848005,4.306285667419433,0.0,0.15967600047588348,0.0,0.0,0.0,0.0,0.0,0.0,0.0,0.0,0.0,0.0,1660.0,-1.0640538930892944,0.0,0.008031189441680908,0.18015968799591064,0.0
24.033735275268555,111.51309204101562,0.901124119758606,0.026985274627804756,0.0,0.0,0.0,-0.03698527462780476,-0.026985274627804756,-0.01,5.3678571973528175,4.296428625924246,0.0,0.15532000362873077,0.0,0.0,0.0,0.0,0.0,0.0,0.0,0.0,0.0,0.0,1661.0,-0.9010971188545227,0.0,0.8795418739318848,0.2890315055847168,0.0
24.02698516845703,110.84186553955078,0.7426120638847351,0.02023516781628132,0.0,0.0,0.0,-0.03023516781628132,-0.02023516781628132,-0.01,5.366857201712472,4.295428630283901,0.0,0.16150300204753876,0.0,0.0,0.0,0.0,0.0,0.0,0.0,0.0,0.0,0.0,1662.0,-0.7425897717475891,0.0,0.9922053813934326,0.5721061825752258,0.0
24.020235061645508,110.17063903808594,0.5777957439422607,0.026985062286257744,0.0,0.0,0.0,-0.036985062286257746,-0.026985062286257744,-0.01,5.382714353288923,4.311285781860351,0.11399999260902405,0.07026000320911407,0.0,0.0,0.0,0.0,0.0,0.0,0.0,0.0,0.0,0.0,1663.0,-0.5777783989906311,0.0,0.9994313716888428,0.7742729187011719,0.0
24.02698516845703,109.4994125366211,0.5060867071151733,0.0,0.0,0.0,0.0,-0.008243020554006148,-0.0,-0.01,5.408428546360561,4.33699997493199,0.2739329934120178,0.0,0.0,0.11906701326370239,0.019521992292907547,-0.04160194122915685,0.0,0.0,0.0,0.0,-0.04160194122915685,0.0,1664.0,0.11906701326370239,0.9775615930557251,0.999961793422699,0.608695387840271,5.960464477539063e-8
23.999984741210938,101.30672454833984,0.6251350045204163,0.0,0.0,0.0,0.0,-0.01,-0.0,-0.01,5.4315713609967915,4.36014278956822,0.3082900047302246,0.0,0.0,0.4694146755874004,0.0,-0.008284578069222524,0.0,0.0,0.0,0.0,-0.008284578069222524,0.0,1665.0,0.511709988117218,0.6001541614532471,0.7550525069236755,0.3719518482685089,2.9802322387695312e-8
23.999984741210938,70.18225860595703,1.0945168733596802,0.006734741851687431,0.0,0.0,0.0,0.11305947627478523,-0.006734741851687431,-0.01,5.437571471078055,4.366142899649484,0.31154200434684753,0.0,0.0,0.0,1.4421578645706177,0.0,0.0,0.0,0.0,0.0,0.0,0.0,1666.0,-1.0944840908050537,-0.008275436237454414,0.0,0.9999998807907104,0.0
24.00673484802246,69.51103210449219,1.0944840908050537,0.0,0.0,0.0,0.0,0.1877209022922308,-0.0,-0.01,5.407357161385672,4.335928589957101,0.3106450140476227,0.0,0.0,0.0,2.196898739764291,-0.01664380354602925,0.0,0.0,0.0,0.0,-0.01664380354602925,0.0,1667.0,-1.0944513082504272,0.40522199869155884,0.0,0.9999996423721313,0.0
23.999984741210938,53.69407653808594,1.0944513082504272,0.006734741851687431,0.0,0.0,0.0,0.2140346222485582,-0.006734741851687431,-0.01,5.402428572518485,4.3310000010899135,0.3001460134983063,0.0,0.0,0.0,2.564103841781616,0.0,0.0,0.0,0.0,0.0,0.0,0.0,1668.0,-1.0944185256958008,-0.008329268544912338,0.0,1.0,0.0
24.00673484802246,53.02284622192383,1.0944185256958008,0.0,0.0,0.0,0.0,0.3322245672447685,-0.0,-0.01,5.477714347839355,4.406285776410784,0.3103350102901459,0.0,0.0,0.0,3.8024948894133903,-0.016430026208434353,0.0,0.0,0.0,0.0,-0.016430026208434353,0.0,1669.0,-1.0943857431411743,0.21345826983451843,0.0,0.9999175071716309,0.0001482069492340088
23.999984741210938,38.059810638427734,1.0943857431411743,0.006734741851687431,0.0,0.0,0.0,0.42915113900688123,-0.006734741851687431,-0.01,5.580428613935198,4.509000042506626,0.3222000002861023,0.0,0.0,0.0,4.954287171363831,1.2937129735946655,0.0,0.0,0.0,0.0,0.0,1.2937129735946655,1670.0,-1.0943529605865479,-1.2937129735946655,7.450580596923828e-7,0.7792127132415771,0.694527804851532
24.00673484802246,131.1225128173828,1.0943529605865479,0.013484848663210869,0.0,0.0,0.0,0.5936262633839111,-0.013484848663210869,-0.01,5.627071462358747,4.555642890930176,0.30810999870300293,0.0,0.0,0.0,6.856789588928223,0.0,0.0,0.0,0.0,0.0,0.0,0.0,1671.0,-1.0943201780319214,0.0,0.0,1.0,0.0
24.013484954833984,130.45127868652344,1.0943201780319214,0.020234955474734306,0.0,0.0,0.0,0.5153430097512748,-0.020234955474734306,-0.01,5.632714353288923,4.561285781860351,0.3182229995727539,0.0,0.0,0.0,6.061976909637451,0.0,0.0,0.0,0.0,0.0,0.0,0.0,1672.0,-1.094287395477295,0.0,0.0,1.0,0.0
24.020235061645508,129.78004455566406,1.094287395477295,0.026985062286257744,0.0,0.0,0.0,0.38459505697231244,-0.026985062286257744,-0.01,5.612642914908273,4.541214343479702,0.3080269992351532,0.0,0.0,0.0,4.684223175048828,0.0,0.0,0.0,0.0,0.0,0.0,0.0,1673.0,-1.0942546129226685,0.0,0.0,1.0,1.1920928955078125e-7
24.02698516845703,129.1088104248047,1.0942546129226685,0.0,0.0,0.0,0.0,-0.01,-0.0,-0.01,5.572142818995884,4.500714247567313,0.37723100185394287,0.0,0.0,2.8436647872993346,0.0,-0.040379640981336534,0.0,0.0,0.0,0.0,-0.040379640981336534,0.0,1674.0,3.031768798828125,1.1055251359939575,0.971238374710083,1.0,0.026156336069107056
23.999984741210938,119.60611724853516,3.9378013610839844,0.006734741851687431,0.0,0.0,0.0,-0.016734741851687433,-0.006734741851687431,-0.01,5.507500049046108,4.436071477617536,0.49322599172592163,0.0,0.0,0.2422139012271316,0.0,0.682716965675354,0.0,0.0,0.0,0.0,0.0,0.682716965675354,1675.0,1.0047740936279297,-0.682716965675354,1.0,1.0,0.9692802429199219
24.00673484802246,175.08291625976562,4.179890155792236,0.013484848663210869,0.0,0.0,0.0,-0.02348484866321087,-0.013484848663210869,-0.01,5.404142870221819,4.332714298793247,0.23274999856948853,0.2127479910850525,0.0,0.0,0.0,0.0,0.0,0.0,0.047197286039590836,0.0,0.0,0.047197286039590836,1676.0,-4.179764747619629,-0.047197286039590836,1.0,1.0,0.9895960092544556
24.013484954833984,178.33343505859375,3.914522409439087,0.0,0.0,0.0,0.0,-0.01,-0.0,-0.01,5.3126428604125975,4.241214288984026,0.0,0.37415799498558044,0.0,0.0,0.0,0.0,0.0,0.0,-0.008470303292858658,0.0,-0.008470303292858658,0.0,1677.0,-3.914405107498169,1.8223211765289307,6.4849853515625e-5,0.9475171566009521,0.005150914192199707
23.999984741210938,169.046142578125,3.5412654876708984,0.0,0.0,0.0,0.0,-0.01,-0.0,-0.01,5.258714348929269,4.187285777500698,0.0,0.3562360107898712,0.0,0.0,0.0,0.0,0.0,0.0,0.008557552970472787,0.0,0.008557552970472787,0.0,1678.0,-3.5411593914031982,1.7393463850021362,0.0,0.7067450284957886,0.00027057528495788574
23.999984741210938,159.71737670898438,3.1689321994781494,0.0,0.0,0.0,0.0,-0.01,-0.0,-0.01,5.208642905099051,4.13721433367048,0.0,0.36024099588394165,0.0,0.0,0.0,0.0,0.0,0.0,0.0,0.0,0.0,0.0,1679.0,-3.168837308883667,0.0,0.0,0.8953018188476562,0.0001571178436279297
23.993234634399414,159.046142578125,2.801255464553833,0.0,0.0,0.0,0.0,-0.01,-0.0,-0.01,5.166714341299874,4.095285769871303,0.0,0.29989999532699585,0.0,0.0,0.0,0.0,0.0,0.0,0.0,0.0,0.0,0.0,1680.0,-2.8011715412139893,0.0,0.0,0.28116708993911743,1.4901161193847656e-7
23.98648452758789,158.37490844726562,2.4951603412628174,0.0,0.0,0.0,0.0,-0.01,-0.0,-0.01,5.128142847333636,4.056714275905064,0.0,0.22134600579738617,0.0,0.0,0.0,0.0,0.0,0.0,0.0,0.0,0.0,0.0,1681.0,-2.4950854778289795,0.0,0.0,0.017179042100906372,0.0
23.979734420776367,157.70367431640625,2.269228935241699,0.0,0.0,0.0,0.0,-0.01,-0.0,-0.01,5.09242856161935,4.020999990190779,0.0,0.18902599811553955,0.0,0.0,0.0,0.0,0.0,0.0,0.0,0.0,0.0,0.0,1682.0,-2.2691609859466553,0.0,0.0,0.021969348192214966,0.0
23.972984313964844,157.03244018554688,2.0762829780578613,0.0,0.0,0.0,0.0,-0.01,-0.0,-0.01,5.0580714906964985,3.986642919267927,0.0,0.17225700616836548,0.0,0.0,0.0,0.0,0.0,0.0,0.044484260277831464,0.0,0.044484260277831464,0.0,1683.0,-2.076220750808716,1.6394495964050293,8.940696716308594e-8,0.004545629024505615,0.0
23.999984741210938,145.34353637695312,1.8550628423690796,0.0,0.0,0.0,0.0,-0.01,-0.0,-0.01,5.027428572518485,3.9560000010899135,0.0,0.15967600047588348,0.0,0.0,0.0,0.0,0.0,0.0,0.0,0.0,0.0,0.0,1684.0,-1.8550071716308594,0.0,0.0005690157413482666,0.004852771759033203,0.0
23.993234634399414,144.67230224609375,1.692077398300171,0.0,0.0,0.0,0.0,-0.01,-0.0,-0.01,4.996571486336844,3.925142914908273,0.0,0.15532000362873077,0.0,0.0,0.0,0.0,0.0,0.0,0.0,0.0,0.0,0.0,1685.0,-1.6920266151428223,0.0,0.0023940205574035645,0.05471521615982056,0.0
23.98648452758789,144.00106811523438,1.5335416793823242,0.0,0.0,0.0,0.0,-0.01,-0.0,-0.01,4.97049993787493,3.8990713664463588,0.0,0.16150300204753876,0.0,0.0,0.0,0.0,0.0,0.0,0.027160879427985406,0.0,0.027160879427985406,0.0,1686.0,-1.5334956645965576,1.5264016389846802,0.0025228261947631836,0.03053697943687439,0.0
23.999984741210938,134.1368408203125,1.3409873247146606,0.0,0.0,0.0,0.0,-0.01,-0.0,-0.01,5.014571407863071,3.9431428364345003,0.18425999581813812,0.0,0.0,0.2188241861136433,0.0,0.0,0.0,0.0,0.0,0.0,0.0,0.0,1687.0,0.24473999440670013,0.0,0.8066807985305786,0.6087117195129395,0.0
23.993234634399414,133.46560668945312,1.5597647428512573,0.0,0.0,0.0,0.0,0.12749230730596575,-0.0,-0.01,5.104428509303501,4.03299993787493,0.2739329934120178,0.0,0.0,0.0,1.5276921819895506,0.0176247525960207,0.0,0.0,0.0,0.0,0.0176247525960207,0.0,1688.0,-1.5597180128097534,0.0176247525960207,0.0,0.9999988675117493,0.0
23.99997901916504,132.79437255859375,1.5597180128097534,0.0,0.0,0.0,0.0,0.3050234138984199,-0.0,-0.01,5.255071449279785,4.183642877851214,0.3082900047302246,0.0,0.0,0.0,3.5002598762512207,0.0,0.0,0.0,0.0,0.0,0.0,0.0,1689.0,-1.5596712827682495,0.008570744656026363,0.0,1.0,2.086162567138672e-7
23.993228912353516,132.12313842773438,1.5596712827682495,0.0,0.0,0.0,0.0,0.45837361173990754,-0.0,-0.01,5.426642908368792,4.35521433694022,0.31154200434684753,0.0,0.0,0.0,5.204150827965772,7.478156054212928e-6,0.0,0.0,0.0,0.0,7.478156054212928e-6,0.0,1690.0,-1.5596245527267456,1.2056636810302734,0.0,1.0,9.47713851928711e-6
23.999984741210938,120.7017822265625,1.5596245527267456,0.0,0.0,0.0,0.0,0.5746141129141641,-0.0,-0.01,5.516642924717495,4.445214353288923,0.3106450140476227,0.0,0.0,0.0,6.495711849480128,-0.008156822472071727,0.0,0.0,0.0,0.0,-0.008156822472071727,0.0,1691.0,-1.5595778226852417,1.08285653591156,0.0,1.0,1.043081283569336e-6
23.999984741210938,112.31208038330078,1.5595778226852417,0.0,0.0,0.0,0.0,0.649595157240546,-0.0,-0.01,5.568785749162946,4.497357177734375,0.3001460134983063,0.0,0.0,0.0,7.328834498007064,-0.00808044679856734,0.0,0.0,0.0,0.0,-0.00808044679856734,0.0,1692.0,-1.5595310926437378,0.6853662729263306,0.0,0.9999980926513672,2.950429916381836e-6
23.999984741210938,79.1115951538086,1.5595310926437378,0.0,0.0,0.0,0.0,0.6799662878605083,-0.0,-0.01,5.605642809186663,4.534214237758091,0.3103350102901459,0.0,0.0,0.0,7.666291478076862,-0.008027317920611511,0.0,0.0,0.0,0.0,-0.008027317920611511,0.0,1693.0,-1.5594843626022339,0.4947547912597656,0.0,0.9999980926513672,6.076693534851074e-5
23.999984741210938,63.0302734375,1.5594843626022339,0.006734741851687431,0.0,0.0,0.0,0.6617797783575042,-0.006734741851687431,-0.01,5.628714234488351,4.55728566305978,0.3222000002861023,0.0,0.0,0.0,7.5390496253967285,0.0,0.0,0.0,0.0,0.0,0.0,0.0,1694.0,-1.55943763256073,-0.007994415238499641,0.0,0.9999999403953552,3.218650817871094e-5
24.00673484802246,62.35904312133789,1.55943763256073,0.013484848663210869,0.0,0.0,0.0,0.6064512575366949,-0.013484848663210869,-0.01,5.642071396963937,4.570642825535366,0.30810999870300293,0.0,0.0,0.0,6.999289512634277,0.0,0.0,0.0,0.0,0.0,0.0,0.0,1695.0,-1.559390902519226,0.0,0.0,0.9999998807907104,3.24249267578125e-5
24.013484954833984,61.68781280517578,1.559390902519226,0.020234955474734306,0.0,0.0,0.0,0.4979010108370332,-0.020234955474734306,-0.01,5.646928596496582,4.575500025068011,0.3182229995727539,0.0,0.0,0.0,5.8681769371032715,0.0,0.0,0.0,0.0,0.0,0.0,0.0,1696.0,-1.5593441724777222,0.0,0.0,0.9999990463256836,6.970763206481934e-5
24.020235061645508,61.01658248901367,1.5593441724777222,0.026985062286257744,0.0,0.0,0.0,0.37450604497818807,-0.026985062286257744,-0.01,5.641857092721121,4.57042852129255,0.3080269992351532,0.0,0.0,0.0,4.572123050689697,0.0,0.0,0.0,0.0,0.0,0.0,0.0,1697.0,-1.5592974424362183,0.0,0.0,1.0,0.008752018213272095
24.02698516845703,60.34535217285156,1.5592974424362183,0.03373516909778118,0.0,0.0,0.0,-0.04373516909778118,-0.03373516909778118,-0.01,5.6178571973528175,4.546428625924246,0.37723100185394287,0.0,0.0,1.5114435013254024,0.0,1.2221298217773438,0.0,0.0,0.0,0.0,0.0,1.2221298217773438,1698.0,2.9297690391540527,-1.2221298217773438,0.9507670998573303,1.0,0.9139702320098877
24.033735275268555,166.23330688476562,3.0706489086151123,0.04048527590930462,0.0,0.0,0.0,-0.05048527590930462,-0.04048527590930462,-0.01,5.565785762241909,4.494357190813337,0.49322599172592163,0.0,0.0,0.8051424505057128,0.0,0.0,0.0,0.0,0.0,0.0,0.0,0.0,1699.0,0.8907739520072937,0.0,0.9999996423721313,1.0,0.7569767236709595
24.040485382080078,165.56207275390625,3.8756752014160156,0.047235382720828056,0.0,0.0,0.0,-0.05723538272082806,-0.047235382720828056,-0.01,5.453285707746233,4.381857136317661,0.22894999384880066,0.21654799580574036,0.0,0.0,0.0,0.0,0.0,0.0,0.1257103979587555,0.0,0.0,0.1257103979587555,1700.0,-3.875559091567993,-0.1257103979587555,1.0,1.0,0.9716054201126099
24.0472354888916,175.45494079589844,3.5263261795043945,0.0,0.0,0.0,0.0,-0.01,-0.0,-0.01,5.351857130868094,4.280428559439523,0.0,0.37415799498558044,0.0,0.0,0.0,0.0,0.0,0.0,-0.050450380639338606,0.0,-0.050450380639338606,0.0,1701.0,-3.5262205600738525,1.7600284814834595,5.125999450683594e-5,0.9825192093849182,0.007280290126800537
23.999984741210938,165.64370727539062,3.1959164142608643,0.0,0.0,0.0,0.0,-0.01,-0.0,-0.01,5.310785647800991,4.2393570763724195,0.0,0.3562360107898712,0.0,0.0,0.0,0.0,0.0,0.0,0.008473647701481072,0.0,0.008473647701481072,0.0,1702.0,-3.1958205699920654,1.4783847332000732,2.9802322387695312e-8,0.5394023656845093,0.0003838539123535156
23.999984741210938,140.25567626953125,2.823678970336914,0.0,0.0,0.0,0.0,-0.01,-0.0,-0.01,5.269357081821987,4.197928510393416,0.0,0.38027098774909973,0.0,0.0,0.0,0.0,0.0,0.0,0.008540268935804835,0.0,0.008540268935804835,0.0,1703.0,-2.823594331741333,1.0694372653961182,3.5762786865234375e-7,0.3634127378463745,0.00047403573989868164
23.999984741210938,106.17202758789062,2.4268600940704346,0.0,0.0,0.0,0.0,-0.01,-0.0,-0.01,5.224571446010044,4.153142874581473,0.0,0.29989999532699585,0.0,0.0,0.0,0.0,0.0,0.0,0.008613477117231295,0.0,0.008613477117231295,0.0,1704.0,-2.4267873764038086,0.3213721513748169,2.193450927734375e-5,0.13325682282447815,0.03523549437522888
23.999984741210938,51.23271560668945,2.1119871139526367,0.0,0.0,0.0,0.0,-0.01,-0.0,-0.01,5.175571387154715,4.104142815726144,0.0,0.22134600579738617,0.0,0.0,0.0,0.0,0.0,0.0,0.0,0.0,0.0,0.0,1705.0,-2.1119236946105957,0.0,5.066394805908203e-7,0.8303424119949341,0.009919941425323486
23.993234634399414,50.561485290527344,1.886067271232605,0.0,0.0,0.0,0.0,-0.01,-0.0,-0.01,5.1306428364345,4.059214265005929,0.0,0.18902599811553955,0.0,0.0,0.0,0.0,0.0,0.0,0.0,0.0,0.0,0.0,1706.0,-1.886010766029358,0.0,6.258487701416016e-7,0.8254928588867188,0.011041373014450073
23.98648452758789,49.890254974365234,1.6931328773498535,0.0,0.0,0.0,0.0,-0.01,-0.0,-0.01,5.090214266095843,4.018785694667271,0.0,0.17225700616836548,0.0,0.0,0.0,0.0,0.0,0.0,0.0,0.0,0.0,0.0,1707.0,-1.6930820941925049,0.0,0.09182408452033997,0.8885273933410645,0.03312653303146362
23.979734420776367,49.219024658203125,1.5173149108886719,0.0,0.0,0.0,0.0,-0.01,-0.0,-0.01,5.056714275905064,3.9852857044764924,0.0,0.15967600047588348,0.0,0.0,0.0,0.0,0.0,0.0,0.5952408313751221,0.0,0.0,0.5952408313751221,1708.0,-1.5172693729400635,-0.5952408313751221,0.9999984502792358,0.6652528047561646,0.46277397871017456
23.972984313964844,94.04192352294922,0.7469692230224609,0.0,0.0,0.0,0.0,-0.01,-0.0,-0.01,5.024785668509347,3.953357097080776,0.0,0.15532000362873077,0.0,0.0,0.0,0.0,0.0,0.0,0.0,0.0,0.0,0.0,1709.0,-0.7469468116760254,0.0,0.9360612630844116,0.2608439028263092,0.0
23.96623420715332,93.37069702148438,0.5884617567062378,0.0,0.0,0.0,0.0,-0.01,-0.0,-0.01,5.00064285823277,3.929214286804199,0.0,0.16150300204753876,0.0,0.0,0.0,0.0,0.0,0.0,0.0,0.0,0.0,0.0,1710.0,-0.5884441137313843,0.0,0.9928569793701172,0.7202713489532471,2.9802322387695312e-8
23.959484100341797,92.69947052001953,0.4236500859260559,0.0,0.0,0.0,0.0,-0.01,-0.0,-0.01,5.056428582327706,3.9850000108991352,0.18425999581813812,0.0,0.0,0.1596340455785284,0.0,0.06229811867284446,0.0,0.0,0.0,0.0,0.06229811867284446,0.0,1711.0,0.24673999845981598,0.85322505235672,0.9994896650314331,0.5208649039268494,2.9802322387695312e-8
23.999984741210938,85.20523071289062,0.5832666158676147,0.0,0.0,0.0,0.0,0.12529967541272816,-0.0,-0.01,5.150428581237793,4.079000009809222,0.2739329934120178,0.0,0.0,0.0,1.5033296073341853,0.008737472209882066,0.0,0.0,0.0,0.0,0.008737472209882066,0.0,1712.0,-0.5832491517066956,0.7916830778121948,0.0004481673240661621,0.999022364616394,8.344650268554688e-7
23.999984741210938,81.92924499511719,0.5832491517066956,0.0,0.0,0.0,0.0,0.2970719080823175,-0.0,-0.01,5.297071402413504,4.225642830984933,0.3082900047302246,0.0,0.0,0.0,3.411909818649292,0.0,0.0,0.0,0.0,0.0,0.0,0.0,1713.0,-0.5832316875457764,0.008483583107590675,0.0,0.9999980926513672,7.450580596923828e-7
23.993234634399414,81.25801849365234,0.5832316875457764,0.0,0.0,0.0,0.0,0.44708823498791117,-0.0,-0.01,5.476571437290737,4.405142865862165,0.31154200434684753,0.0,0.0,0.0,5.0787577629089355,0.0,0.0,0.0,0.0,0.0,0.0,0.0,1714.0,-0.5832142233848572,4.4449521396927594e-7,0.0,1.0,1.8477439880371094e-6
23.999984741210938,80.5867919921875,0.5832142233848572,0.0,0.0,0.0,0.0,0.5619523997612765,-0.0,-0.01,5.57507141658238,4.503642845153808,0.3106450140476227,0.0,0.0,0.0,6.355026158962072,-0.008071336421788105,0.0,0.0,0.0,0.0,-0.008071336421788105,0.0,1715.0,-0.583196759223938,0.6066127419471741,0.0,0.9999998807907104,3.0279159545898438e-5
23.999984741210938,72.3965835571289,0.583196759223938,0.006734741851687431,0.0,0.0,0.0,0.630419688470514,-0.006734741851687431,-0.01,5.6205714906964985,4.5491429192679265,0.3001460134983063,0.0,0.0,0.0,7.190604209899902,0.0,0.0,0.0,0.0,0.0,0.0,0.0,1716.0,-0.5831792950630188,-0.00800599716603756,0.0,1.0,6.5267086029052734e-6
24.00673484802246,71.72535705566406,0.5831792950630188,0.013484848663210869,0.0,0.0,0.0,0.6581495314893595,-0.013484848663210869,-0.01,5.6386428015572685,4.567214230128696,0.3103350102901459,0.0,0.0,0.0,7.573714733123779,0.0,0.0,0.0,0.0,0.0,0.0,0.0,1717.0,-0.5831618309020996,0.0,0.0,1.0,2.682209014892578e-6
24.013484954833984,71.05413055419922,0.5831618309020996,0.020234955474734306,0.0,0.0,0.0,0.6480231455322553,-0.020234955474734306,-0.01,5.637285723005022,4.56585715157645,0.3222000002861023,0.0,0.0,0.0,7.536200523376465,0.0,0.0,0.0,0.0,0.0,0.0,0.0,1718.0,-0.5831443667411804,0.0,0.0,1.0,1.6093254089355469e-6
24.020235061645508,70.38290405273438,0.5831443667411804,0.0,0.0,0.0,0.0,0.6281158723944028,-0.0,-0.01,5.62757146017892,4.556142888750348,0.30810999870300293,0.0,0.0,0.0,7.090175796461251,-0.031985450697091064,0.0,0.0,0.0,0.0,-0.031985450697091064,0.0,1719.0,-0.5831269025802612,0.468808650970459,0.0,0.9999985098838806,7.62641429901123e-5
23.999984741210938,60.97370147705078,0.5831269025802612,0.006734741851687431,0.0,0.0,0.0,0.5306387156892558,-0.006734741851687431,-0.01,5.615928595406668,4.544500023978097,0.3182229995727539,0.0,0.0,0.0,6.0819268226623535,0.0,0.0,0.0,0.0,0.0,0.0,0.0,1720.0,-0.583109438419342,-0.008019408211112022,0.0,0.999998927116394,8.729100227355957e-5
24.00673484802246,60.30247116088867,0.583109438419342,0.013484848663210869,0.0,0.0,0.0,0.3963852656529418,-0.013484848663210869,-0.01,5.59821423121861,4.526785659790039,0.3080269992351532,0.0,0.0,0.0,4.665223121643066,0.0,0.0,0.0,0.0,0.0,0.0,0.0,1721.0,-0.5830919742584229,0.0,0.0,1.0,0.011369645595550537
24.013484954833984,59.63124084472656,0.5830919742584229,0.020234955474734306,0.0,0.0,0.0,-0.03023495547473431,-0.020234955474734306,-0.01,5.563928549630301,4.49249997820173,0.37723100185394287,0.0,0.0,1.622125475983239,0.0,1.1585888862609863,0.0,0.0,0.0,0.0,0.0,1.1585888862609863,1722.0,2.98176908493042,-1.1585888862609863,0.9939038753509521,1.0,0.8673914670944214
24.020235061645508,158.7807159423828,2.205151319503784,0.026985062286257744,0.0,0.0,0.0,-0.036985062286257746,-0.026985062286257744,-0.01,5.502357155936105,4.430928584507534,0.49322599172592163,0.0,0.0,0.8284175163807674,0.0,0.0,0.0,0.0,0.0,0.0,0.0,0.0,1723.0,0.9157740473747253,0.0,0.9999997615814209,1.0,0.7113093137741089
24.02698516845703,158.10948181152344,3.033477783203125,0.03373516909778118,0.0,0.0,0.0,-0.04373516909778118,-0.03373516909778118,-0.01,5.384285736083984,4.312857164655413,0.22704999148845673,0.2184479981660843,0.0,0.0,0.0,0.0,0.0,0.0,0.12260593473911285,0.0,0.0,0.12260593473911285,1724.0,-3.0333869457244873,-0.12260593473911285,1.0,1.0,0.922382116317749
24.033735275268555,167.5792236328125,2.6853830814361572,0.026985274627804756,0.0,0.0,0.0,-0.03698527462780476,-0.026985274627804756,-0.01,5.267714309692383,4.1962857382638115,0.0,0.37415799498558044,0.0,0.0,0.0,0.0,0.0,0.0,0.0,0.0,0.0,0.0,1725.0,-2.685302495956421,0.0,0.004304945468902588,0.9960436820983887,0.04002067446708679
24.02698516845703,166.90798950195312,2.3035202026367188,0.02023516781628132,0.0,0.0,0.0,-0.03023516781628132,-0.02023516781628132,-0.01,5.208214296613421,4.136785725184849,0.0,0.3562360107898712,0.0,0.0,0.0,0.0,0.0,0.0,0.0,0.0,0.0,0.0,1726.0,-2.3034510612487793,0.0,0.0,0.580053985118866,0.000984281301498413
24.020235061645508,166.23675537109375,1.9399559497833252,0.013485061004757881,0.0,0.0,0.0,-0.023485061004757883,-0.013485061004757881,-0.01,5.1459286008562355,4.074500029427664,0.0,0.36024099588394165,0.0,0.0,0.0,0.0,0.0,0.0,0.0,0.0,0.0,0.0,1727.0,-1.9398977756500244,0.0,0.0,0.29852718114852905,0.00023642182350158691
24.013484954833984,165.56552124023438,1.5723159313201904,0.0,0.0,0.0,0.0,-0.01,-0.0,-0.01,5.089214270455496,4.017785699026925,0.0,0.9728389978408813,0.0,0.0,0.0,0.0,0.0,0.0,-0.008842169718726992,0.0,-0.008842169718726992,0.0,1728.0,-1.5722688436508179,1.6032675504684448,0.037279099225997925,0.015449762344360352,0.00031173229217529297
23.999984741210938,143.5846405029297,0.5886280536651611,0.0,0.0,0.0,0.0,-0.01,-0.0,-0.01,5.044071415492466,3.972642844063895,0.0,0.30988699197769165,0.0,0.0,0.0,0.0,0.0,0.0,0.0,0.0,0.0,0.0,1729.0,-0.5886104106903076,0.0,1.8924474716186523e-5,0.09875696897506714,0.0
23.993234634399414,142.9134063720703,0.272408664226532,0.0,0.0,0.0,0.0,-0.01,-0.0,-0.01,4.806642886570522,3.7352143151419503,0.0,0.18902599811553955,0.0,0.0,0.0,0.0,0.0,0.0,0.0,0.0,0.0,0.0,1730.0,-0.27240049839019775,0.0,1.2189149856567383e-5,0.0743764340877533,0.0
23.98648452758789,142.24217224121094,0.07952260971069336,0.0,0.0,0.0,0.0,-0.03829815840610845,-0.0,-0.01,4.7810000147138325,3.709571511404855,0.0,0.0779298152295631,0.09432719093880237,0.0,0.0,0.0,0.0,0.0,0.0,0.0,0.0,0.0,1731.0,-0.07952022552490234,0.0,0.27135831117630005,0.04850378632545471,0.0
23.979734420776367,141.57093811035156,2.391564748904784e-6,0.0,0.0,0.0,0.0,-0.0479028020462513,-0.0,0.0,4.757999978746686,3.686571339198521,0.0,0.0,0.15967600047588348,0.0,0.0,0.0,0.0,0.0,0.0,0.0,0.0,0.0,1732.0,0.0,0.0,0.9391238689422607,0.11774271726608276,0.0
23.972984313964844,140.8997039794922,2.3914931261970196e-6,0.0,0.0,0.0,0.0,-0.04659600294017796,-0.0,0.0,4.739071450914655,3.66764281136649,0.0,0.0,0.15532000362873077,0.0,0.0,0.0,0.0,0.0,0.0,0.0,0.0,0.0,1733.0,0.0,0.0,0.960324764251709,0.4539463520050049,0.0
23.96623420715332,140.2284698486328,2.391421503489255e-6,0.0,0.0,0.0,0.0,-0.04846650405591735,-0.0,0.0,4.724857139587402,3.653428568158831,0.0,0.0,0.16155500710010529,0.0,0.0,0.0,0.0,0.0,0.0,0.0,0.0,0.0,1734.0,0.0,0.0,0.9851381778717041,0.783000111579895,0.0
23.959484100341797,139.55723571777344,2.3913498807814904e-6,0.0,0.0,0.0,0.0,-0.016026002805471506,-0.0,0.0,4.759571429661342,3.6881428582327707,0.13109999895095825,0.0,0.05342000722885132,0.0,0.0,0.0,0.0,0.0,0.0,0.0,0.0,0.0,1735.0,0.0,0.0,0.9987248182296753,0.8885772228240967,0.0
23.952733993530273,138.88600158691406,2.3912782580737257e-6,0.0,0.0,0.0,0.0,-0.01,-0.0,-0.01,4.910571452549526,3.8391428811209543,0.2745420038700104,0.0,0.0,1.2764087949267946,0.0,0.0,0.0,0.0,0.0,0.0,0.0,0.0,1736.0,1.385457992553711,0.0,0.9999321103096008,0.9561847448348999,0.0
23.94598388671875,138.2147674560547,1.2763729095458984,0.0,0.0,0.0,0.0,0.2801893123006021,-0.0,-0.01,5.036571448189871,3.9651428767613,0.3090609908103943,0.0,0.0,0.0,3.2243254359825446,0.0804133240119622,0.0,0.0,0.0,0.0,0.0804133240119622,0.0,1737.0,-1.2763346433639526,0.0804133266210556,0.0,1.0,5.066394805908203e-7
23.999984741210938,137.5435333251953,1.2763346433639526,0.0,0.0,0.0,0.0,0.44706807044575525,-0.0,-0.01,5.236428615025112,4.165000043596541,0.3126719892024994,0.0,0.0,0.0,5.078533712458342,0.00859397308853254,0.0,0.0,0.0,0.0,0.00859397308853254,0.0,1738.0,-1.2762963771820068,0.8955337405204773,0.0,0.9382286071777344,6.899237632751465e-5
23.999984741210938,91.54109191894531,1.2762963771820068,0.0,0.0,0.0,0.0,0.5570903132911338,-0.0,-0.01,5.3640713827950615,4.292642811366489,0.31210699677467346,0.0,0.0,0.0,6.3010029802538625,0.00838947198612753,0.0,0.0,0.0,0.0,0.00838947198612753,0.0,1739.0,-1.276258111000061,0.8348470330238342,0.0,0.9999999403953552,6.586313247680664e-6
23.999984741210938,88.7273178100586,1.276258111000061,0.006734741851687431,0.0,0.0,0.0,0.6342561059735862,-0.006734741851687431,-0.01,5.424500002179827,4.353071430751255,0.331618994474411,0.0,0.0,0.0,7.233231067657471,0.0,0.0,0.0,0.0,0.0,0.0,0.0,1740.0,-1.2762198448181152,-0.008295377716422081,0.0,1.0,1.3113021850585938e-6
24.00673484802246,88.05609130859375,1.2762198448181152,0.0,0.0,0.0,0.0,0.6758952582709365,-0.0,-0.01,5.471142850603376,4.3997142791748045,0.31174200773239136,0.0,0.0,0.0,7.621057819565357,-0.01644976063591396,0.0,0.0,0.0,0.0,-0.01644976063591396,0.0,1741.0,-1.2761815786361694,0.6871271729469299,0.0,1.0,1.519918441772461e-6
23.999984741210938,77.9765396118164,1.2761815786361694,0.0,0.0,0.0,0.0,0.6100823738964312,-0.0,-0.01,5.5001428604125975,4.428714288984026,0.8342769742012024,0.0,0.0,0.0,6.889803606852384,-0.008181292399258803,0.0,0.0,0.0,0.0,-0.008181292399258803,0.0,1742.0,-1.2761433124542236,0.2675352096557617,0.0,0.9718118906021118,0.09258982539176941
23.999984741210938,57.53525161743164,1.2761433124542236,0.006734741851687431,0.0,0.0,0.0,0.5742109685646037,-0.006734741851687431,-0.01,5.511642810276577,4.440214238848005,0.34328699111938477,0.0,0.0,0.0,6.566062927246094,0.0,0.0,0.0,0.0,0.0,0.0,0.0,1743.0,-1.2761050462722778,-0.008173450827598572,0.0,0.9999984502792358,0.0003681778907775879
24.00673484802246,56.86402130126953,1.2761050462722778,0.013484848663210869,0.0,0.0,0.0,0.46399959750349656,-0.013484848663210869,-0.01,5.508000046866281,4.4365714754377095,0.3196069896221161,0.0,0.0,0.0,5.4164934158325195,0.0,0.0,0.0,0.0,0.0,0.0,0.0,1744.0,-1.276066780090332,0.0,0.0,0.9999985694885254,0.0004665851593017578
24.013484954833984,56.19279098510742,1.276066780090332,0.020234955474734306,0.0,0.0,0.0,0.23611723997510908,-0.020234955474734306,-0.01,5.4928571973528175,4.421428625924246,0.3094800114631653,0.0,0.0,0.0,2.9594686031341553,0.969001293182373,0.0,0.0,0.0,0.0,0.0,0.969001293182373,1745.0,-1.2760285139083862,-0.969001293182373,9.59634780883789e-6,0.9999926686286926,0.6765735149383545
24.020235061645508,128.24984741210938,1.2760285139083862,0.0,0.0,0.0,0.0,-0.01,-0.0,-0.01,5.458142907278878,4.386714335850307,0.37903499603271484,0.0,0.0,1.8924716500350847,0.0,-0.03297832477853674,0.0,0.0,0.0,0.0,-0.03297832477853674,0.0,1746.0,2.017965078353882,0.5197503566741943,0.55317622423172,0.9967546463012695,0.08247804641723633
23.999984741210938,76.92033386230469,3.168405055999756,0.0,0.0,0.0,0.0,-0.01,-0.0,-0.01,5.3947143009730745,4.323285729544503,0.4963169991970062,0.0,0.0,0.2665836919295624,0.0,-0.008341178877742342,0.0,0.0,0.0,0.0,-0.008341178877742342,0.0,1747.0,0.30368301272392273,0.40267428755760193,0.9832803010940552,0.9999997615814209,0.11644154787063599
23.999984741210938,72.0152359008789,3.4348857402801514,0.0,0.0,0.0,0.0,-0.01,-0.0,-0.01,5.29728570665632,4.2258571352277485,0.020899999886751175,0.4309319853782654,0.0,0.0,0.0,0.0,0.0,0.0,0.0,0.0,0.0,0.0,1748.0,-3.4347827434539795,0.0,0.0007868111133575439,0.9995099306106567,0.012534797191619873
23.993234634399414,71.34400939941406,2.9950695037841797,0.0,0.0,0.0,0.0,-0.01,-0.0,-0.01,5.248999949863979,4.177571378435408,0.0,0.38568899035453796,0.0,0.0,0.0,0.0,0.0,0.0,0.017146586649879007,0.0,0.017146586649879007,0.0,1749.0,-2.9949796199798584,0.5116738677024841,3.546476364135742e-6,0.4608815312385559,0.005434483289718628
23.999984741210938,61.861602783203125,2.583935260772705,0.0,0.0,0.0,0.0,-0.01,-0.0,-0.01,5.203500011989048,4.132071440560477,0.0,0.3717319965362549,0.0,0.0,0.0,0.0,0.0,0.0,0.0,0.0,0.0,0.0,1750.0,-2.583857774734497,0.0,8.046627044677734e-7,0.710309624671936,0.002753913402557373
23.993234634399414,61.190372467041016,2.2045507431030273,0.0,0.0,0.0,0.0,-0.01,-0.0,-0.01,5.150142887660435,4.0787143162318635,0.0,0.3732230067253113,0.0,0.0,0.0,0.0,0.0,0.0,0.0,0.0,0.0,0.0,1751.0,-2.204484701156616,0.0,1.6689300537109375e-6,0.6818044185638428,0.0027005672454833984
23.98648452758789,60.519142150878906,1.8236563205718994,0.0,0.0,0.0,0.0,-0.01,-0.0,-0.01,5.101285743713379,4.0298571722848076,0.0,0.30289798974990845,0.0,0.0,0.0,0.0,0.0,0.0,0.0,0.0,0.0,0.0,1752.0,-1.8236016035079956,0.0,8.940696716308594e-7,0.6751217246055603,0.0018481910228729248
23.979734420776367,59.8479118347168,1.5145313739776611,0.0,0.0,0.0,0.0,-0.01,-0.0,-0.01,5.052142906188965,3.9807143347603935,0.0,0.22134600579738617,0.0,0.0,0.0,0.0,0.0,0.0,0.0356292111873555,0.0,0.0356292111873555,0.0,1753.0,-1.5144859552383423,0.40099266171455383,8.016824722290039e-6,0.3846651315689087,0.006066381931304932
23.999984741210938,51.58133316040039,1.2522742748260498,0.0,0.0,0.0,0.0,-0.01,-0.0,-0.01,5.004142842973981,3.93271427154541,0.0,0.18902599811553955,0.0,0.0,0.0,0.0,0.0,0.0,0.0,0.0,0.0,0.0,1754.0,-1.2522367238998413,0.0,6.467103958129883e-6,0.7454707622528076,0.009470164775848389
23.993234634399414,50.91010284423828,1.059358835220337,0.0,0.0,0.0,0.0,-0.01,-0.0,-0.01,4.956357084001813,3.884928512573242,0.0,0.17225700616836548,0.0,0.0,0.0,0.0,0.0,0.0,0.0,0.0,0.0,0.0,1755.0,-1.0593271255493164,0.0,0.5021671652793884,0.8767144680023193,0.02294689416885376
23.98648452758789,50.23887252807617,0.8835598826408386,0.0,0.0,0.0,0.0,-0.09610350902228776,-0.0,-0.01,4.910571452549526,3.8391428811209543,0.0,0.15967600047588348,0.0,0.0,0.0,0.0,0.2870116853361395,0.0,0.7061866498346063,0.0,0.0,0.9931983351707458,1756.0,-0.8835334181785583,-0.9931983351707458,0.9999996423721313,0.7457867860794067,0.6418489217758179
23.979734420776367,122.69391632080078,2.6582396458252333e-5,0.0,0.0,0.0,0.0,-0.04659600294017796,-0.0,0.0,4.872357177734375,3.8009286063058036,0.0,0.0,0.15532000362873077,0.0,0.0,0.0,0.0,0.0,0.0,0.0,0.0,0.0,1757.0,0.0,0.0,0.9913814663887024,0.5357893705368042,0.0
23.972984313964844,122.02268981933594,2.658159974089358e-5,0.0,0.0,0.0,0.0,-0.04846650405591735,-0.0,0.0,4.846642848423549,3.7752142769949777,0.0,0.0,0.16155500710010529,0.0,0.0,0.0,0.0,0.0,0.0,0.0,0.0,0.0,1758.0,0.0,0.0,0.9978288412094116,0.8613150119781494,0.0
23.96623420715332,121.3514633178711,2.6580803023534827e-5,0.0,0.0,0.0,0.0,-0.016595999065875944,-0.0,0.0,4.8654285975864955,3.794000026157924,0.1292000114917755,0.0,0.05531999468803406,0.0,0.0,0.0,0.0,0.0,0.0,0.0,0.0,0.0,1759.0,0.0,0.0,0.9997730255126953,0.9378800392150879,1.1920928955078125e-7
23.959484100341797,120.68023681640625,2.6580006306176074e-5,0.0,0.0,0.0,0.0,-0.01,-0.0,-0.01,4.970999935695103,3.8995713642665315,0.2745420038700104,0.0,0.0,1.2400999024469002,0.0,0.0,0.0,0.0,0.0,0.0,0.0,0.0,1760.0,1.346458077430725,0.0,0.9999819993972778,0.9859814643859863,2.9802322387695312e-8
23.952733993530273,120.0090103149414,1.2400892972946167,0.0,0.0,0.0,0.0,0.2763612677493692,-0.0,-0.01,5.0922142573765345,4.020785685947963,0.3090609908103943,0.0,0.0,0.0,3.1817916110157967,0.07069747895002365,0.0,0.0,0.0,0.0,0.07069747895002365,0.0,1761.0,-1.2400521039962769,0.07069747895002365,0.0,0.9999997615814209,2.086162567138672e-7
23.999984741210938,119.33778381347656,1.2400521039962769,0.0,0.0,0.0,0.0,0.4435665157291483,-0.0,-0.01,5.292500032697405,4.221071461268833,0.3126719892024994,0.0,0.0,0.0,5.039627552032471,0.0,0.0,0.0,0.0,0.0,0.0,0.0,1762.0,-1.240014910697937,0.008502923883497715,0.0,0.9999999403953552,1.874566078186035e-5
23.993234634399414,118.66655731201172,1.240014910697937,0.0,0.0,0.0,0.0,0.5659679107640486,-0.0,-0.01,5.398785672869001,4.3273571014404295,0.31210699677467346,0.0,0.0,0.0,6.3996429443359375,0.0,0.0,0.0,0.0,0.0,0.0,0.0,1763.0,-1.2399777173995972,4.508995061769383e-7,0.0,1.0,1.1026859283447266e-6
23.999984741210938,117.99533081054688,1.2399777173995972,0.006734741851687431,0.0,0.0,0.0,0.6391821012381159,-0.006734741851687431,-0.01,5.448071425301688,4.376642853873117,0.30158498883247375,0.0,0.0,0.0,7.287964344024658,0.0,0.0,0.0,0.0,0.0,0.0,0.0,1764.0,-1.2399405241012573,-0.008259487338364124,0.0,1.0,1.4901161193847656e-7
24.00673484802246,117.32410430908203,1.2399405241012573,0.0,0.0,0.0,0.0,0.6806808256631162,-0.0,-0.01,5.480071422031948,4.408642850603376,0.31174200773239136,0.0,0.0,0.0,7.6742307863637675,-0.016422959367917676,0.0,0.0,0.0,0.0,-0.016422959367917676,0.0,1765.0,-1.2399033308029175,1.021399974822998,0.0,1.0,5.960464477539063e-8
23.999984741210938,106.35636138916016,1.2399033308029175,0.006734741851687431,0.0,0.0,0.0,0.65353269308447,-0.006734741851687431,-0.01,5.493428584507534,4.422000013078962,0.32358500361442566,0.0,0.0,0.0,7.447415351867676,0.0,0.0,0.0,0.0,0.0,0.0,0.0,1766.0,-1.2398661375045776,-0.00819129217416048,0.0,1.0,0.0
24.00673484802246,105.68513488769531,1.2398661375045776,0.013484848663210869,0.0,0.0,0.0,0.5548562808258212,-0.013484848663210869,-0.01,5.489142908368792,4.41771433694022,0.3094879984855652,0.0,0.0,0.0,6.42601203918457,0.0,0.0,0.0,0.0,0.0,0.0,0.0,1767.0,-1.2398289442062378,0.0,0.0,1.0,0.0
24.013484954833984,105.01390838623047,1.2398289442062378,0.020234955474734306,0.0,0.0,0.0,0.43202698216433605,-0.020234955474734306,-0.01,5.476714352199009,4.405285780770438,0.3196069896221161,0.0,0.0,0.0,5.1362433433532715,0.0,0.0,0.0,0.0,0.0,0.0,0.0,1768.0,-1.239791750907898,0.0,0.0,1.0,0.0
24.020235061645508,104.34268188476562,1.239791750907898,0.026985062286257744,0.0,0.0,0.0,0.27878625883331315,-0.026985062286257744,-0.01,5.450642803737095,4.379214232308524,0.3094800114631653,0.0,0.0,0.0,3.5085699558258057,0.0,0.0,0.0,0.0,0.0,0.0,0.0,1769.0,-1.239754557609558,0.0,0.0,1.0,1.4126300811767578e-5
24.02698516845703,103.67145538330078,1.239754557609558,0.03373516909778118,0.0,0.0,0.0,-0.04373516909778118,-0.03373516909778118,-0.01,5.40728577205113,4.335857200622558,0.37903499603271484,0.0,0.0,1.3560946156267164,0.0,0.2910950183868408,0.0,0.0,0.0,0.0,0.0,0.2910950183868408,1770.0,1.7829649448394775,-0.2910950183868408,0.9999998807907104,1.0,0.670047402381897
24.033735275268555,127.2056655883789,2.595771312713623,0.026985274627804756,0.0,0.0,0.0,-0.15209373640948365,-0.026985274627804756,-0.01,5.335642896379743,4.264214324951172,0.4963169991970062,0.0,0.0,0.0,0.0,0.18293294310569763,0.3836948573589325,0.0,0.0,0.0,0.0,0.5666278004646301,1771.0,0.21868297457695007,-0.5666278004646301,1.0,1.0,0.9554665684700012
24.02698516845703,172.8727264404297,2.595693588256836,0.0,0.0,0.0,0.0,-0.01,-0.0,-0.01,5.230928639003208,4.159500067574637,0.01615000143647194,0.4356819987297058,0.0,0.0,0.0,0.0,0.0,0.0,-0.02580825170217444,0.0,-0.02580825170217444,0.0,1772.0,-2.595615863800049,1.595981478691101,0.9893207550048828,0.9984840154647827,0.050302088260650635
23.999984741210938,155.3592529296875,2.1773898601531982,0.0,0.0,0.0,0.0,-0.01,-0.0,-0.01,5.172500010899135,4.101071439470564,0.0,0.38568899035453796,0.0,0.0,0.0,0.0,0.0,0.0,0.00870018878737999,0.0,0.00870018878737999,0.0,1773.0,-2.1773245334625244,1.3223527669906616,8.851289749145508e-6,0.1926913857460022,0.0013660192489624023
23.999984741210938,124.2201156616211,1.7748987674713135,0.0,0.0,0.0,0.0,-0.01,-0.0,-0.01,5.128500066484723,4.057071495056152,0.0,0.8561069965362549,0.0,0.0,0.0,0.0,0.0,0.0,0.008774832019919129,0.0,0.008774832019919129,0.0,1774.0,-1.7748456001281738,1.2015933990478516,0.07949137687683105,0.014567255973815918,0.001988530158996582
23.999984741210938,113.80802154541016,0.8923395276069641,0.0,0.0,0.0,0.0,-0.01,-0.0,-0.01,5.094142859322684,4.022714287894113,0.0,0.4614270031452179,0.0,0.0,0.0,0.0,0.0,0.0,0.00883401346218448,0.0,0.00883401346218448,0.0,1775.0,-0.89231276512146,1.1004539728164673,3.129243850708008e-6,0.2568705379962921,0.0005810260772705078
23.999984741210938,104.98841094970703,0.4124689996242523,0.0,0.0,0.0,0.0,-0.01,-0.0,-0.01,5.0761428015572685,4.004714230128696,0.0,0.30289798974990845,0.0,0.0,0.0,0.0,0.0,0.0,0.0,0.0,0.0,0.0,1776.0,-0.4124566316604614,0.0,0.0,0.7893960475921631,1.1205673217773438e-5
23.993234634399414,104.31718444824219,0.10338632762432098,0.0,0.0,0.0,0.0,-0.046009137873727235,-0.0,-0.01,5.045071411132812,3.973642839704241,0.0,0.10131555098787715,0.12003045480950902,0.0,0.0,0.0,0.0,0.0,0.0,0.0,0.0,0.0,1777.0,-0.10338322818279266,0.0,2.4020671844482422e-5,0.5842333436012268,0.0
23.98648452758789,103.64595794677734,3.114249238933553e-6,0.0,0.0,0.0,0.0,-0.05670780168802736,-0.0,0.0,5.007000051225934,3.935571479797363,0.0,0.0,0.18902599811553955,0.0,0.0,0.0,0.0,0.0,0.0,0.0,0.0,0.0,1778.0,0.0,0.0,1.3500452041625977e-5,0.5795283913612366,0.0
23.979734420776367,102.9747314453125,3.114155788352946e-6,0.0,0.0,0.0,0.0,-0.051677103903973176,-0.0,0.0,5.00178576878139,3.930357197352818,0.0,0.0,0.17225700616836548,0.0,0.0,0.0,0.0,0.0,0.0,0.0,0.0,0.0,1779.0,0.0,0.0,0.08491399884223938,0.22596338391304016,0.0
23.972984313964844,102.30350494384766,3.1140623377723387e-6,0.0,0.0,0.0,0.0,-0.0479028020462513,-0.0,0.0,5.0065000534057615,3.9350714819771904,0.0,0.0,0.15967600047588348,0.0,0.0,0.0,0.0,0.0,0.0,0.0,0.0,0.0,1780.0,0.0,0.0,0.9500395655632019,0.1322612166404724,0.0
23.96623420715332,101.63227844238281,3.1139688871917315e-6,0.0,0.0,0.0,0.0,-0.04659600294017796,-0.0,0.0,5.0136428015572685,3.942214230128697,0.0,0.0,0.15532000362873077,0.0,0.0,0.0,0.0,0.0,0.0,0.0,0.0,0.0,1781.0,0.0,0.0,0.9975839853286743,0.35239189863204956,0.0
23.959484100341797,100.96105194091797,3.1138754366111243e-6,0.0,0.0,0.0,0.0,-0.04846650405591735,-0.0,0.0,5.018999998910086,3.947571427481515,0.0,0.0,0.16155500710010529,0.0,0.0,0.0,0.0,0.0,0.0,0.0,0.0,0.0,1782.0,0.0,0.0,0.9990978837013245,0.8149439692497253,1.4901161193847656e-7
23.952733993530273,100.28982543945312,3.113781986030517e-6,0.0,0.0,0.0,0.0,-0.025146003321647736,-0.0,0.0,5.040785734994071,3.9693571635654994,0.1006999984383583,0.0,0.08382000774145126,0.0,0.0,0.0,0.0,0.0,0.0,0.0,0.0,0.0,1783.0,0.0,0.0,0.9999083280563354,0.8754160404205322,1.1920928955078125e-7
23.94598388671875,99.61859893798828,3.11368853544991e-6,0.0,0.0,0.0,0.0,-0.01,-0.0,-0.01,5.1086427961077,4.037214224679129,0.2745420038700104,0.0,0.0,0.6684657799169145,0.0,0.0,0.0,0.0,0.0,0.0,0.0,0.0,1784.0,0.7324579954147339,0.0,0.9999992251396179,0.9403188228607178,6.556510925292969e-7
23.939233779907227,98.94737243652344,0.6684488654136658,0.0,0.0,0.0,0.0,0.151655531110805,-0.0,-0.01,5.207142911638532,4.135714340209961,0.3090609908103943,0.0,0.0,0.0,1.7961724251508713,0.08641643822193146,0.0,0.0,0.0,0.0,0.08641643822193146,0.0,1785.0,-0.6684288382530212,0.08641643822193146,0.0,0.9999994039535522,0.0
23.999980926513672,98.2761459350586,0.6684288382530212,0.0,0.0,0.0,0.0,0.23862640329355825,-0.0,-0.01,5.2894285202026365,4.217999948774065,0.3126719892024994,0.0,0.0,0.0,2.7625153726056464,0.008512669233953435,0.0,0.0,0.0,0.0,0.008512669233953435,0.0,1786.0,-0.6684088110923767,0.8620103001594543,0.0,1.0,0.0
23.999984741210938,89.7284927368164,0.6684088110923767,0.0,0.0,0.0,0.0,0.22165938549513592,-0.0,-0.01,5.301357078552246,4.229928507123675,0.31210699677467346,0.0,0.0,0.0,2.573992967605591,0.0,0.0,0.0,0.0,0.0,0.0,0.0,1787.0,-0.6683887839317322,0.008488718420267105,0.0,1.0,0.0
23.993234634399414,89.05726623535156,0.6683887839317322,0.0,0.0,0.0,0.0,0.22910726361332331,-0.0,-0.01,5.273214285714285,4.201785714285714,0.30158498883247375,0.0,0.0,0.0,2.6567471623420715,0.01706784963607788,0.0,0.0,0.0,0.0,0.01706784963607788,0.0,1788.0,-0.6683687567710876,0.01706784963607788,0.0,1.0,0.0
23.999984741210938,88.38603973388672,0.6683687567710876,0.0,0.0,0.0,0.0,0.5137602745501394,-0.0,-0.01,5.3079285757882255,4.2365000043596535,0.31174200773239136,0.0,0.0,0.0,5.819558143615723,0.0,0.0,0.0,0.0,0.0,0.0,0.0,1789.0,-0.6683487296104431,0.00847820844501257,0.0,1.0,0.0
23.993234634399414,87.71481323242188,0.6683487296104431,0.0,0.0,0.0,0.0,0.6414875484549825,-0.0,-0.01,5.368428584507534,4.2970000130789625,0.32358500361442566,0.0,0.0,0.0,7.238749963104523,0.01676513546725509,0.0,0.0,0.0,0.0,0.01676513546725509,0.0,1790.0,-0.6683287024497986,0.016765136271715164,0.0,1.0,2.9802322387695312e-8
23.999984741210938,87.04358673095703,0.6683287024497986,0.006734741851687431,0.0,0.0,0.0,0.605467889955846,-0.006734741851687431,-0.01,5.397142900739397,4.325714329310825,0.3094879984855652,0.0,0.0,0.0,6.9133620262146,0.0,0.0,0.0,0.0,0.0,0.0,0.0,1791.0,-0.668308675289154,-0.00833742506802082,0.0,1.0,0.0
24.00673484802246,86.37236022949219,0.668308675289154,0.0,0.0,0.0,0.0,0.5215288766276894,-0.0,-0.01,5.3949999945504326,4.3235714231218605,0.335206001996994,0.0,0.0,0.0,5.905875937617468,-0.016681925929235734,0.0,0.0,0.0,0.0,-0.016681925929235734,0.0,1792.0,-0.6682886481285095,0.6683815121650696,0.0,1.0,9.238719940185547e-7
23.999984741210938,75.41871643066406,0.6682886481285095,0.0,0.0,0.0,0.0,0.38415849164238974,-0.0,-0.01,5.376857158115932,4.305428586687361,0.3094800114631653,0.0,0.0,0.0,4.379538447972101,-0.00836888086394668,0.0,0.0,0.0,0.0,-0.00836888086394668,0.0,1793.0,-0.668268620967865,0.20757436752319336,3.606081008911133e-6,0.9999999403953552,0.14696288108825684
23.999984741210938,60.651451110839844,0.668268620967865,0.0,0.0,0.0,0.0,-0.01,-0.0,-0.01,5.345999935695103,4.2745713642665315,0.37903499603271484,0.0,0.0,0.5118498091181891,0.0,1.9040193557739258,0.0,0.0,0.0,0.0,0.0,1.9040193557739258,1794.0,2.573965072631836,-1.9040193557739258,0.957086443901062,0.044698745012283325,0.8830495476722717
23.993234634399414,161.2860107421875,1.1800830364227295,0.0,0.0,0.0,0.0,-0.01,-0.0,-0.01,5.283785765511649,4.2123571940830775,0.4963169991970062,0.0,0.0,0.43908829430645036,0.0,0.017033702057531852,0.0,0.0,0.0,0.0,0.017033702057531852,0.0,1795.0,0.5156829357147217,1.2592490911483765,0.9992933869361877,0.9999450445175171,0.061432480812072754
23.999984741210938,131.55514526367188,1.6191227436065674,0.0,0.0,0.0,0.0,-0.01,-0.0,-0.01,5.156714248657226,4.085285677228655,0.020899999886751175,0.4309319853782654,0.0,0.0,0.0,0.0,0.0,0.0,0.008726821853521489,0.0,0.008726821853521489,0.0,1796.0,-1.6190742254257202,1.0409786701202393,0.012834429740905762,0.8527528047561646,0.007854700088500977
23.999984741210938,102.81298828125,1.1704561710357666,0.0,0.0,0.0,0.0,-0.01,-0.0,-0.01,5.0873571940830775,4.015928622654506,0.0,0.38568899035453796,0.0,0.0,0.0,0.0,0.0,0.0,0.0,0.0,0.0,0.0,1797.0,-1.1704211235046387,0.0,1.5348196029663086e-5,0.9047538638114929,0.006742417812347412
23.993234634399414,102.14176177978516,0.7768726944923401,0.0,0.0,0.0,0.0,-0.01,-0.0,-0.01,5.0199999945504326,3.948571423121861,0.0,0.3717319965362549,0.0,0.0,0.0,0.0,0.0,0.0,0.0,0.0,0.0,0.0,1798.0,-0.7768493890762329,0.0,2.086162567138672e-7,0.4139208197593689,0.0006926953792572021
23.98648452758789,101.47053527832031,0.39754241704940796,0.0,0.0,0.0,0.0,-0.01,-0.0,-0.01,4.953785705566406,3.882357134137835,0.0,0.3732230067253113,0.0,0.0,0.0,0.0,0.0,0.0,0.0,0.0,0.0,0.0,1799.0,-0.3975304961204529,0.0,8.940696716308594e-8,0.4804476797580719,0.00046637654304504395
23.979734420776367,100.79930877685547,0.01670212112367153,0.0,0.0,0.0,0.0,-0.0959591244915262,-0.0,-0.01,4.892357090541294,3.820928519112723,0.0,0.0163675861638497,0.28653040358605875,0.0,0.0,0.0,0.0,0.0,0.0,0.0,0.0,0.0,1800.0,-0.01670162007212639,0.0,2.9802322387695312e-8,0.599850058555603,1.1086463928222656e-5
23.972984313964844,100.12808227539062,5.028991267863603e-7,0.0,0.0,0.0,0.0,-0.08035881314406497,-0.0,0.0,4.8370713642665315,3.7656427928379603,0.0,0.0,0.22134600579738617,0.0,0.0,0.0,0.04651669403892298,0.0,0.0,0.0,0.04651669403892298,0.0,1801.0,0.0,0.9822242259979248,0.0001494884490966797,0.2791702151298523,1.6123056411743164e-5
23.999984741210938,90.93441772460938,5.028840632803622e-7,0.0,0.0,0.0,0.0,-0.05670780168802736,-0.0,0.0,4.792428575243268,3.721000071934291,0.0,0.0,0.18902599811553955,0.0,0.0,0.0,0.0,0.0,0.0,0.0,0.0,0.0,1802.0,0.0,0.0,0.0011343657970428467,0.3142246603965759,0.0
23.993234634399414,90.26319122314453,5.028689997743641e-7,0.0,0.0,0.0,0.0,-0.051677103903973176,-0.0,0.0,4.755214296068464,3.6837857927594864,0.0,0.0,0.17225700616836548,0.0,0.0,0.0,0.0,0.0,0.0,0.0,0.0,0.0,1803.0,0.0,0.0,0.9719563126564026,0.11311686038970947,0.0
23.98648452758789,89.59196472167969,5.028539362683659e-7,0.0,0.0,0.0,0.0,-0.0479028020462513,-0.0,0.0,4.719428552900042,3.6479999814714703,0.0,0.0,0.15967600047588348,0.0,0.0,0.0,0.0,0.0,0.0,0.0,0.0,0.0,1804.0,0.0,0.0,0.9973422288894653,0.1786271631717682,0.0
23.979734420776367,88.92073822021484,5.028388727623678e-7,0.0,0.0,0.0,0.0,-0.04659600294017796,-0.0,0.0,4.682357120513916,3.6109286172049386,0.0,0.0,0.15532000362873077,0.0,0.0,0.0,0.0,0.0,0.0,0.0,0.0,0.0,1805.0,0.0,0.0,0.9968616366386414,0.5943207740783691,0.0
23.972984313964844,88.24951171875,5.028238092563697e-7,0.0,0.0,0.0,0.0,-0.04846650405591735,-0.0,0.0,4.648999977111816,3.577571405683245,0.0,0.0,0.16155500710010529,0.0,0.0,0.0,0.0,0.0,0.0,0.0,0.0,0.0,1806.0,0.0,0.0,0.99904465675354,0.8944308161735535,6.854534149169922e-7
23.96623420715332,87.57828521728516,5.028087457503716e-7,0.0,0.0,0.0,0.0,-0.025431003687024223,-0.0,0.0,4.6349999019077845,3.563571330479213,0.09974999725818634,0.0,0.08477000892162323,0.0,0.0,0.0,0.0,0.0,0.0,0.0,0.0,0.0,1807.0,0.0,0.0,0.9999037981033325,0.9436362981796265,1.6093254089355469e-6
23.959484100341797,86.90705871582031,5.027936822443735e-7,0.0,0.0,0.0,0.0,-0.01,-0.0,-0.01,4.7110714367457796,3.6396429334368023,0.2745420038700104,0.0,0.0,1.2313631808894716,0.0,0.06686504166029113,0.0,0.0,0.0,0.0,0.06686504166029113,0.0,1808.0,1.4074580669403076,0.8143260478973389,0.32299932837486267,0.745956540107727,4.1037797927856445e-5
23.999984741210938,76.845458984375,1.2313268184661865,0.0,0.0,0.0,0.0,0.29802853409675883,-0.0,-0.01,4.886857114519391,3.81542854309082,0.3090609908103943,0.0,0.0,0.0,3.422538995742798,0.0,0.0,0.0,0.0,0.0,0.0,0.0,1809.0,-1.2312898635864258,0.0,0.0,0.9997941255569458,2.5719404220581055e-5
23.993234634399414,76.17423248291016,1.2312898635864258,0.0,0.0,0.0,0.0,0.2556368395198841,-0.0,-0.01,5.036500058855329,3.9650714874267576,0.3126719892024994,0.0,0.0,0.0,2.9515202045440674,2.348407506942749,0.0,0.0,0.0,0.0,0.0,2.348407506942749,1810.0,-1.231252908706665,-2.348407506942749,0.01817607879638672,0.013964205980300903,0.9853311777114868
23.98648452758789,177.6510772705078,1.231252908706665,0.0,0.0,0.0,0.0,0.5918093404569233,-0.0,-0.01,5.118999971662249,4.047571400233677,0.31210699677467346,0.0,0.0,0.0,6.686769918104632,0.026372953752057067,0.0,0.0,0.0,0.0,0.026372953752057067,0.0,1811.0,-1.2312159538269043,1.4769912958145142,0.0,0.9999895095825195,3.069639205932617e-5
23.999984741210938,134.65342712402344,1.2312159538269043,0.0,0.0,0.0,0.0,0.6754870192216438,-0.0,-0.01,5.176928601946149,4.105500030517578,0.30158498883247375,0.0,0.0,0.0,7.616521830489259,0.008692746231931836,0.0,0.0,0.0,0.0,0.008692746231931836,0.0,1812.0,-1.2311789989471436,1.3469277620315552,0.0,1.0,3.606081008911133e-6
23.999984741210938,126.04935455322266,1.2311789989471436,0.0,0.0,0.0,0.0,0.7094697951849105,-0.0,-0.01,5.228214345659528,4.156785774230957,0.31174200773239136,0.0,0.0,0.0,7.994108200073242,0.0,0.0,0.0,0.0,0.0,0.0,0.0,1813.0,-1.2311420440673828,0.008607475087046623,0.0,1.0,2.384185791015625e-7
23.993234634399414,125.37812805175781,1.2311420440673828,0.0,0.0,0.0,0.0,0.6969492645413324,-0.0,-0.01,5.271357209341867,4.199928637913295,0.32358500361442566,0.0,0.0,0.0,7.854991203978401,0.017073863312858314,0.0,0.0,0.0,0.0,0.017073863312858314,0.0,1814.0,-1.231105089187622,0.017073864117264748,0.0,1.0,2.9802322387695312e-8
23.999984741210938,124.70690155029297,1.231105089187622,0.0,0.0,0.0,0.0,0.6451201196607018,-0.0,-0.01,5.30235721043178,4.230928639003208,0.3094879984855652,0.0,0.0,0.0,7.279111862182617,0.0,0.0,0.0,0.0,0.0,0.0,0.0,1815.0,-1.2310681343078613,0.008487117476761341,0.0,1.0,0.0
23.993234634399414,124.03567504882812,1.2310681343078613,0.0,0.0,0.0,0.0,0.5447023097747884,-0.0,-0.01,5.314714241027832,4.243285669599261,0.3196069896221161,0.0,0.0,0.0,6.163358507677913,0.016934575513005257,0.0,0.0,0.0,0.0,0.016934575513005257,0.0,1816.0,-1.2310311794281006,0.016934575513005257,0.0,1.0,0.0
23.999984741210938,123.36444854736328,1.2310311794281006,0.0,0.0,0.0,0.0,0.3722903030944093,-0.0,-0.01,5.297785704476492,4.226357133047921,0.3094800114631653,0.0,0.0,0.0,4.247669696807861,0.0,0.0,0.0,0.0,0.0,0.0,0.0,1817.0,-1.2309942245483398,0.008494440466165543,0.0,1.0,1.817941665649414e-6
23.993234634399414,122.69322204589844,1.2309942245483398,0.0,0.0,0.0,0.0,-0.01,-0.0,-0.01,5.249285779680524,4.177857208251953,0.37903499603271484,0.0,0.0,1.804962155483686,0.0,0.15701697766780853,0.0,0.0,0.0,0.0,0.0,0.15701697766780853,1818.0,2.12396502494812,-0.15701697766780853,0.9999990463256836,1.0,0.7162785530090332
23.98648452758789,134.60264587402344,3.035865306854248,0.0,0.0,0.0,0.0,-0.1295178347634407,-0.0,-0.01,5.164214352199009,4.092785780770438,0.4963169991970062,0.0,0.0,0.0,0.0,0.1544329822063446,0.39839276671409607,0.0,0.0,0.0,0.0,0.5528257489204407,1819.0,0.18868300318717957,-0.5528257489204407,1.0,1.0,0.9832838177680969
23.979734420776367,177.32350158691406,3.0357742309570312,0.0,0.0,0.0,0.0,-0.01,-0.0,-0.01,5.056428582327706,3.9850000108991352,0.006650000344961882,0.4451819956302643,0.0,0.0,0.0,0.0,0.0,0.0,0.03559901294412083,0.0,0.03559901294412083,0.0,1820.0,-3.0356831550598145,1.4220678806304932,0.9997660517692566,0.9999843239784241,0.25038254261016846
23.999984741210938,168.73983764648438,2.54510498046875,0.0,0.0,0.0,0.0,-0.01,-0.0,-0.01,4.96557148524693,3.894142913818359,0.0,0.38568899035453796,0.0,0.0,0.0,0.0,0.0,0.0,0.0,0.0,0.0,0.0,1821.0,-2.5450286865234375,0.0,0.1788700819015503,0.09478205442428589,0.0084819495677948
23.993234634399414,168.068603515625,2.151480197906494,0.0,0.0,0.0,0.0,-0.01,-0.0,-0.01,4.887857110159738,3.8164285387311665,0.0,0.3717319965362549,0.0,0.0,0.0,0.0,0.0,0.0,0.0,0.0,0.0,0.0,1822.0,-2.1514155864715576,0.0,0.025844335556030273,0.016358792781829834,0.0003376603126525879
23.98648452758789,167.39736938476562,1.7721086740493774,0.0,0.0,0.0,0.0,-0.01,-0.0,-0.01,4.824357114519391,3.75292854309082,0.0,0.5420659780502319,0.0,0.0,0.0,0.0,0.0,0.0,0.027983655916168453,0.0,0.027983655916168453,0.0,1823.0,-1.7720555067062378,1.895249843597412,0.02777409553527832,0.022371113300323486,0.00020834803581237793
23.999984741210938,156.439453125,1.1903897523880005,0.0,0.0,0.0,0.0,-0.01,-0.0,-0.01,4.773357132502964,3.701928492954799,0.0,0.7003790140151978,0.0,0.0,0.0,0.0,0.0,0.0,0.009427689013905893,0.0,0.009427689013905893,0.0,1824.0,-1.1903541088104248,1.7810622453689575,0.027774006128311157,0.02237105369567871,0.00020834803581237793
23.999984741210938,146.47894287109375,0.46608322858810425,0.0,0.0,0.0,0.0,-0.01,-0.0,-0.01,4.747571413857596,3.676142774309431,0.0,0.24137599766254425,0.0,0.0,0.0,0.0,0.0,0.0,0.0,0.0,0.0,0.0,1825.0,-0.4660692512989044,0.0,4.3898820877075195e-5,0.008246541023254395,0.0
23.993234634399414,145.80770874023438,0.21977460384368896,0.0,0.0,0.0,0.0,-0.01,-0.0,-0.01,4.7380714552743095,3.666642815726144,0.0,0.18902599811553955,0.0,0.0,0.0,0.0,0.0,0.0,0.0,0.0,0.0,0.0,1826.0,-0.21976801753044128,0.0,1.055002212524414e-5,0.030715256929397583,0.0
23.98648452758789,145.136474609375,0.02689013071358204,0.0,0.0,0.0,0.0,-0.0537716432198715,-0.0,-0.01,4.730500030517578,3.6590714590890068,0.0,0.026351534566556367,0.1459054716018091,0.0,0.0,0.0,0.0,0.0,0.0,0.0,0.0,0.0,1827.0,-0.026889324188232422,0.0,0.45787981152534485,0.035838425159454346,0.0
23.979734420776367,144.46524047851562,8.102263677756127e-7,0.0,0.0,0.0,0.0,-0.0479028020462513,-0.0,0.0,4.722142846243722,3.6507142748151504,0.0,0.0,0.15967600047588348,0.0,0.0,0.0,0.0,0.0,0.0,0.0,0.0,0.0,1828.0,0.0,0.0,0.9032312631607056,0.10725712776184082,0.0
23.972984313964844,143.79400634765625,8.102020956357592e-7,0.0,0.0,0.0,0.0,-0.06061080040974609,-0.0,0.0,4.709928594316755,3.6385000228881834,0.0,0.0,0.20203599333763123,0.0,0.0,0.0,0.0,0.0,0.0,0.0,0.0,0.0,1829.0,0.0,0.0,0.9585424065589905,0.5410068035125732,0.0
23.96623420715332,143.12277221679688,8.101778234959056e-7,0.0,0.0,0.0,0.0,-0.06024750412493951,-0.0,0.0,4.6949999809265135,3.6235713413783484,0.0,0.0,0.20082500576972961,0.0,0.0,0.0,0.0,0.0,0.0,0.0,0.0,0.0,1830.0,0.0,0.0,0.9830843806266785,0.785319983959198,0.0
23.959484100341797,142.4515380859375,8.10153551356052e-7,0.0,0.0,0.0,0.0,-0.04269602214893274,-0.0,0.0,4.698071425301688,3.6266428538731166,0.10925000160932541,0.0,0.07527000457048416,0.0,0.0,0.0,0.06705006360400022,0.0,0.0,0.0,0.06705006360400022,0.0,1831.0,0.0,1.6428273916244507,0.993765115737915,0.7512750625610352,0.0
23.999984741210938,134.25958251953125,8.101292792161985e-7,0.0,0.0,0.0,0.0,-0.01,-0.0,-0.01,4.77857141494751,3.7071429116385324,0.2745420038700104,0.0,0.0,1.1684128631068802,0.0,0.0,0.0,0.0,0.0,0.0,0.0,0.0,1832.0,1.2694580554962158,0.0,0.9993453025817871,0.9574687480926514,0.0
23.993234634399414,133.58834838867188,1.1683785915374756,0.0,0.0,0.0,0.0,0.27977673732453345,-0.0,-0.01,4.865642901829311,3.7942143304007394,0.3090609908103943,0.0,0.0,0.0,3.2197412699460983,0.018497541546821594,0.0,0.0,0.0,0.0,0.018497541546821594,0.0,1833.0,-1.1683435440063477,0.018497541546821594,0.0,0.9999998807907104,3.933906555175781e-6
23.999984741210938,132.9171142578125,1.1683435440063477,0.0,0.0,0.0,0.0,0.45326163682707,-0.0,-0.01,4.930714280264718,3.859285708836147,0.3126719892024994,0.0,0.0,0.0,5.147351111226057,0.00912681693556405,0.0,0.0,0.0,0.0,0.00912681693556405,0.0,1834.0,-1.1683084964752197,1.4035242795944214,0.0,0.9999974370002747,0.0006920695304870605
23.999984741210938,123.98835754394531,1.1683084964752197,0.0,0.0,0.0,0.0,0.5781520124477314,-0.0,-0.01,4.988428606305804,3.917000034877232,0.31210699677467346,0.0,0.0,0.0,6.535021841173465,0.009021222943967058,0.0,0.0,0.0,0.0,0.009021222943967058,0.0,1835.0,-1.1682734489440918,1.2721701860427856,0.0,0.9999971389770508,0.00041180849075317383
23.999984741210938,115.62964630126953,1.1682734489440918,0.0,0.0,0.0,0.0,0.6595968826291436,-0.0,-0.01,5.0494286128452845,3.9780000414167134,0.30158498883247375,0.0,0.0,0.0,7.439964771270752,0.0,0.0,0.0,0.0,0.0,0.0,0.0,1836.0,-1.1682384014129639,0.008912241086363792,0.0,0.9999999403953552,1.4126300811767578e-5
23.993234634399414,114.95841979980469,1.1682384014129639,0.0,0.0,0.0,0.0,0.6579535467401634,-0.0,-0.01,5.1128570829118996,4.041428511483328,0.31174200773239136,0.0,0.0,0.0,7.421705485066534,0.017603158274530656,0.0,0.0,0.0,0.0,0.017603158274530656,0.0,1837.0,-1.168203353881836,0.017603158950805664,0.0,1.0,4.470348358154297e-7
23.999984741210938,114.28719329833984,1.168203353881836,0.0,0.0,0.0,0.0,0.6534991521591067,-0.0,-0.01,5.1711427961077,4.099714224679129,0.32358500361442566,0.0,0.0,0.0,7.372212215877053,0.00870247223329825,0.0,0.0,0.0,0.0,0.00870247223329825,0.0,1838.0,-1.168168306350708,0.7838618755340576,0.0,0.9999834299087524,1.6242265701293945e-5
23.999984741210938,81.63127136230469,1.168168306350708,0.0,0.0,0.0,0.0,0.6023701248463065,-0.0,-0.01,5.217285646711077,4.145857075282505,0.3094879984855652,0.0,0.0,0.0,6.804111957550049,0.0,0.0,0.0,0.0,0.0,0.0,0.0,1839.0,-1.16813325881958,0.008625505492091179,0.0,1.0,1.7881393432617188e-7
23.993234634399414,80.96004486083984,1.16813325881958,0.0,0.0,0.0,0.0,0.46336950153665624,-0.0,-0.01,5.238071387154715,4.166642815726144,0.3196069896221161,0.0,0.0,0.0,5.259660710184783,0.01718236079910358,0.0,0.0,0.0,0.0,0.01718236079910358,0.0,1840.0,-1.1680982112884521,0.0171823613345623,0.0,1.0,0.0
23.999984741210938,80.288818359375,1.1680982112884521,0.0,0.0,0.0,0.0,0.08018826789192356,-0.0,-0.01,5.23207141331264,4.1606428418840675,0.3094800114631653,0.0,0.0,2.3641295433044434,1.0020917858267158,0.008601130038677183,0.0,0.0,0.0,0.0,0.008601130038677183,0.0,1841.0,2.3641295433044434,0.5055226683616638,0.35321977734565735,1.0,0.0496496856212616
23.999984741210938,68.27909851074219,3.5321218967437744,0.0,0.0,0.0,0.0,-0.01,-0.0,-0.01,5.205928611755371,4.1345000403268,0.37903499603271484,0.0,0.0,0.34414736940709645,0.0,1.3379442691802979,0.0,0.0,0.0,0.0,0.0,1.3379442691802979,1842.0,1.7979650497436523,-1.3379442691802979,0.999995231628418,0.9999998807907104,0.9019852876663208
23.993234634399414,164.3157196044922,3.876152992248535,0.0,0.0,0.0,0.0,-0.01,-0.0,-0.01,5.1582142421177455,4.086785670689174,0.4963169991970062,0.0,0.0,0.02407049881576029,0.0,0.20017123222351074,0.0,0.0,0.0,0.0,0.0,0.20017123222351074,1843.0,0.2626830041408539,-0.20017123222351074,1.0,1.0,0.9958443641662598
23.98648452758789,179.3331756591797,3.90010666847229,0.0,0.0,0.0,0.0,-0.01,-0.0,-0.01,5.07507141658238,4.003642845153808,0.008549999445676804,0.44328200817108154,0.0,0.0,0.0,0.0,0.0,0.0,0.02660123072564602,0.0,0.02660123072564602,0.0,1844.0,-3.8999898433685303,0.02660123072564602,1.0,1.0,0.9919158220291138
23.999984741210938,178.6619415283203,3.4205315113067627,0.0,0.0,0.0,0.0,-0.01,-0.0,-0.01,5.0259285790579655,3.9545000076293944,0.0,0.38568899035453796,0.0,0.0,0.0,0.0,0.0,0.0,0.008953912871953788,0.0,0.008953912871953788,0.0,1845.0,-3.420428991317749,1.618714690208435,8.180737495422363e-5,0.05810973048210144,0.000541388988494873
23.999984741210938,142.84701538085938,3.017744302749634,0.0,0.0,0.0,0.0,-0.01,-0.0,-0.01,4.98285710471017,3.911428533281599,0.0,0.3717319965362549,0.0,0.0,0.0,0.0,0.0,0.0,0.009031309879428115,0.0,0.009031309879428115,0.0,1846.0,-3.0176539421081543,1.2377218008041382,3.814697265625e-6,0.18541860580444336,0.0003451108932495117
23.999984741210938,112.89896392822266,2.629131555557251,0.0,0.0,0.0,0.0,-0.01,-0.0,-0.01,4.942857142857143,3.8714285714285714,0.0,0.45596399903297424,0.0,0.0,0.0,0.0,0.0,0.0,0.0,0.0,0.0,0.0,1847.0,-2.6290526390075684,0.0,9.208917617797852e-6,0.18273794651031494,0.0002162456512451172
23.993234634399414,112.22773742675781,2.163797378540039,0.0,0.0,0.0,0.0,-0.01,-0.0,-0.01,4.908428546360561,3.8369999749319894,0.0,0.30501899123191833,0.0,0.0,0.0,0.0,0.0,0.0,0.01833630287483499,0.0,0.01833630287483499,0.0,1848.0,-2.1637325286865234,1.1415621042251587,2.175569534301758e-6,0.25997644662857056,0.00022265315055847168
23.999984741210938,104.0366439819336,1.8337880373001099,0.0,0.0,0.0,0.0,-0.01,-0.0,-0.01,4.8604286193847654,3.7890000479561943,0.0,0.22134600579738617,0.0,0.0,0.0,0.0,0.0,0.0,0.0,0.0,0.0,0.0,1849.0,-1.833733081817627,0.0,1.0132789611816406e-5,0.009219884872436523,0.0
23.993234634399414,103.36541748046875,1.6078765392303467,0.0,0.0,0.0,0.0,-0.01,-0.0,-0.01,4.814428547450474,3.742999976021903,0.0,0.23946499824523926,0.0,0.0,0.0,0.0,0.0,0.0,0.0,0.0,0.0,0.0,1850.0,-1.6078283786773682,0.0,0.000529855489730835,0.006372421979904175,0.0
23.98648452758789,102.6941909790039,1.3634836673736572,0.0,0.0,0.0,0.0,-0.01,-0.0,-0.01,4.783071395329067,3.7116428920200892,0.0,0.17225700616836548,0.0,0.0,0.0,0.0,0.0,0.0,0.0,0.0,0.0,0.0,1851.0,-1.3634427785873413,0.0,0.032829850912094116,0.010430902242660522,0.0
23.979734420776367,102.02296447753906,1.1876755952835083,0.0,0.0,0.0,0.0,-0.01,-0.0,-0.01,4.756999983106341,3.685571343558175,0.0,0.15967600047588348,0.0,0.0,0.0,0.0,0.0,0.0,0.0,0.0,0.0,0.0,1852.0,-1.1876399517059326,0.0,0.042668670415878296,0.06045722961425781,0.0
23.972984313964844,101.35173797607422,1.0247101783752441,0.0,0.0,0.0,0.0,-0.01,-0.0,-0.01,4.743714278084891,3.6722857066563197,0.0,0.15532000362873077,0.0,0.0,0.0,0.0,0.0,0.0,0.0,0.0,0.0,0.0,1853.0,-1.02467942237854,0.0,0.23425227403640747,0.25372177362442017,0.0
23.96623420715332,100.68051147460938,0.8661944270133972,0.0,0.0,0.0,0.0,-0.01,-0.0,-0.01,4.733714253561837,3.6622856140136717,0.0,0.16155500710010529,0.0,0.0,0.0,0.0,0.0,0.0,0.0,0.0,0.0,0.0,1854.0,-0.8661684393882751,0.0,0.8706158995628357,0.7370394468307495,0.0
23.959484100341797,100.00928497314453,0.7013213634490967,0.0,0.0,0.0,0.0,-0.01,-0.0,-0.01,4.745571422576904,3.674142783028739,0.08455000072717667,0.0999700054526329,0.0,0.0,0.0,0.0,0.0,0.0,0.0,0.0,0.0,0.0,1855.0,-0.701300323009491,0.0,0.996416449546814,0.907806396484375,2.9802322387695312e-8
23.952733993530273,99.33805847167969,0.5992931723594666,0.0,0.0,0.0,0.0,-0.01,-0.0,-0.01,4.82971431187221,3.7582857404436383,0.2745420038700104,0.0,0.0,0.6121745933644058,0.0,0.07453996169974235,0.0,0.0,0.0,0.0,0.07453996169974235,0.0,1856.0,0.7504580020904541,0.98212730884552,0.9999573826789856,0.7143146395683289,1.0728836059570312e-6
23.999984741210938,90.78643798828125,1.2114315032958984,0.0,0.0,0.0,0.0,0.14122151861361737,-0.0,-0.01,4.875857162475586,3.8044285910470146,0.3090609908103943,0.0,0.0,0.0,1.680238962173462,0.0,0.0,0.0,0.0,0.0,0.0,0.0,1857.0,-1.2113951444625854,0.0,0.0,0.9999800324440002,5.960464477539063e-8
23.993234634399414,90.1152114868164,1.2113951444625854,0.0,0.0,0.0,0.0,0.2198810205948656,-0.0,-0.01,4.91771433694022,3.8462857655116487,0.3221150040626526,0.0,0.0,0.0,2.5542333591729403,0.01830167882144451,0.0,0.0,0.0,0.0,0.01830167882144451,0.0,1858.0,-1.2113587856292725,0.01830167882144451,0.0,0.9999998211860657,0.0
23.999984741210938,89.44398498535156,1.2113587856292725,0.0,0.0,0.0,0.0,0.31822739808417233,-0.0,-0.01,4.96049998147147,3.8890714100428987,0.31210699677467346,0.0,0.0,0.0,3.646970799988933,0.009072014265827762,0.0,0.0,0.0,0.0,0.009072014265827762,0.0,1859.0,-1.2113224267959595,0.8196820020675659,0.0,1.0,6.258487701416016e-7
23.999984741210938,81.13383483886719,1.2113224267959595,0.0,0.0,0.0,0.0,0.46072385714243486,-0.0,-0.01,5.006428527832031,3.93499995640346,0.30158498883247375,0.0,0.0,0.0,5.230264663696289,0.0,0.0,0.0,0.0,0.0,0.0,0.0,1860.0,-1.2112860679626465,0.008988788351416588,0.0,1.0,5.066394805908203e-7
23.993234634399414,80.46260833740234,1.2112860679626465,0.0,0.0,0.0,0.0,0.505741365151412,-0.0,-0.01,5.042428507123675,3.970999935695103,0.31174200773239136,0.0,0.0,0.0,5.7304591573774815,0.017849024385213852,0.0,0.0,0.0,0.0,0.017849024385213852,0.0,1861.0,-1.2112497091293335,0.017849024385213852,0.0,1.0,2.980232238769531e-7
23.999984741210938,79.7913818359375,1.2112497091293335,0.0,0.0,0.0,0.0,0.507649858605848,-0.0,-0.01,5.065571457999093,3.994142886570522,0.32358500361442566,0.0,0.0,0.0,5.751664638519287,0.0,0.0,0.0,0.0,0.0,0.0,0.0,1862.0,-1.2112133502960205,0.008883840404450893,0.0,1.0,8.940696716308594e-8
23.993234634399414,79.12015533447266,1.2112133502960205,0.0,0.0,0.0,0.0,0.5488785082417202,-0.0,-0.01,5.084428596496582,4.013000025068011,0.3094879984855652,0.0,0.0,0.0,6.20976070917833,0.017701582539200043,0.0,0.0,0.0,0.0,0.017701582539200043,0.0,1863.0,-1.2111769914627075,0.6598691344261169,0.0,0.9999991059303284,1.9311904907226562e-5
23.999984741210938,70.78555297851562,1.2111769914627075,0.0,0.0,0.0,0.0,0.4682503937284442,-0.0,-0.01,5.087285668509347,4.015857097080776,0.3196069896221161,0.0,0.0,0.0,5.313892841339111,0.0,0.0,0.0,0.0,0.0,0.0,0.0,1864.0,-1.2111406326293945,0.008840921334922314,0.0,0.9999994039535522,3.1888484954833984e-6
23.993234634399414,70.11432647705078,1.2111406326293945,0.0,0.0,0.0,0.0,0.3554747673927885,-0.0,-0.01,5.0735714231218605,4.002142851693289,0.3094800114631653,0.0,0.0,0.0,4.060830426082948,0.017739462985656197,0.0,0.0,0.0,0.0,0.017739462985656197,0.0,1865.0,-1.2111042737960815,0.017739463597536087,5.662441253662109e-6,1.0,0.023874342441558838
23.999984741210938,69.44309997558594,1.2111042737960815,0.0,0.0,0.0,0.0,-0.01,-0.0,-0.01,5.035285758972168,3.9638571875435966,0.37903499603271484,0.0,0.0,0.5862099237093616,0.0,1.2904417514801025,0.0,0.0,0.0,0.0,0.0,1.2904417514801025,1866.0,2.007965087890625,-1.2904417514801025,1.0,1.0,0.9179478883743286
23.993234634399414,166.86973571777344,1.7972602844238281,0.0,0.0,0.0,0.0,-0.01,-0.0,-0.01,4.982142802647182,3.9107142312186105,0.4963169991970062,0.0,0.0,0.13374434582421912,0.0,0.16235916316509247,0.0,0.0,0.0,0.0,0.0,0.16235916316509247,1867.0,0.3406830132007599,-0.16235916316509247,1.0,1.0,0.9898581504821777
23.98648452758789,178.37538146972656,1.930946707725525,0.0,0.0,0.0,0.0,-0.01,-0.0,-0.01,4.8860714231218605,3.8146428516932893,0.008549999445676804,0.44328200817108154,0.0,0.0,0.0,0.0,0.0,0.0,0.027630203862876054,0.0,0.027630203862876054,0.0,1868.0,-1.9308887720108032,1.7204262018203735,0.9978989362716675,0.9996720552444458,0.1501913070678711
23.999984741210938,169.89024353027344,1.450380563735962,0.0,0.0,0.0,0.0,-0.01,-0.0,-0.01,4.837571362086704,3.7661427906581335,0.0,0.38568899035453796,0.0,0.0,0.0,0.0,0.0,0.0,0.0,0.0,0.0,0.0,1869.0,-1.4503370523452759,0.0,0.02556753158569336,0.004693776369094849,0.008102357387542725
23.993234634399414,169.21900939941406,1.056788682937622,0.0,0.0,0.0,0.0,-0.01,-0.0,-0.01,4.820285742623465,3.748857171194894,0.0,0.3717319965362549,0.0,0.0,0.0,0.0,0.0,0.0,0.0,0.0,0.0,0.0,1870.0,-1.0567569732666016,0.0,0.006498128175735474,0.005027323961257935,0.004638016223907471
23.98648452758789,168.5477752685547,0.6774500012397766,0.0,0.0,0.0,0.0,-0.01,-0.0,-0.01,4.816071455819266,3.7446428843906947,0.0,0.3732230067253113,0.0,0.0,0.0,0.0,0.0,0.0,0.0,0.0,0.0,0.0,1871.0,-0.6774296760559082,0.0,3.5762786865234375e-7,0.0022093653678894043,0.0009652376174926758
23.979734420776367,167.8765411376953,0.2966013252735138,0.0,0.0,0.0,0.0,-0.013671234308160574,-0.0,-0.01,4.811999947684152,3.74057137625558,0.0,0.29066054254231233,0.01223744720759612,0.0,0.0,0.0,0.0,0.0,0.0,0.0,0.0,0.0,1872.0,-0.29659244418144226,0.0,0.0,0.0031729936599731445,0.0
23.972984313964844,167.20530700683594,8.94042841537157e-6,0.0,0.0,0.0,0.0,-0.08044006345258532,-0.0,0.0,4.809071486336844,3.737642914908273,0.0,0.0,0.22134600579738617,0.0,0.0,0.0,0.0467875283898955,0.0,0.0,0.0,0.0467875283898955,0.0,1873.0,0.0,1.9374228715896606,2.9802322387695312e-8,0.01669442653656006,0.0
23.999984741210938,158.87350463867188,8.940160114434548e-6,0.0,0.0,0.0,0.0,-0.05670780168802736,-0.0,0.0,4.7990000043596535,3.7275714329310827,0.0,0.0,0.18902599811553955,0.0,0.0,0.0,0.0,0.0,0.0,0.0,0.0,0.0,1874.0,0.0,0.0,1.4901161193847656e-7,0.030603736639022827,0.0
23.993234634399414,158.2022705078125,8.939891813497525e-6,0.0,0.0,0.0,0.0,-0.051677103903973176,-0.0,0.0,4.787999984196254,3.7165714808872767,0.0,0.0,0.17225700616836548,0.0,0.0,0.0,0.0,0.0,0.0,0.0,0.0,0.0,1875.0,0.0,0.0,0.010234951972961426,0.03113490343093872,0.0
23.98648452758789,157.53103637695312,8.939623512560502e-6,0.0,0.0,0.0,0.0,-0.0479028020462513,-0.0,0.0,4.776928574698312,3.7055000032697403,0.0,0.0,0.15967600047588348,0.0,0.0,0.0,0.0,0.0,0.0,0.0,0.0,0.0,1876.0,0.0,0.0,0.6416626572608948,0.04891347885131836,0.0
23.979734420776367,156.85980224609375,8.939355211623479e-6,0.0,0.0,0.0,0.0,-0.04659600294017796,-0.0,0.0,4.757785742623465,3.686357171194894,0.0,0.0,0.15532000362873077,0.0,0.0,0.0,0.0,0.0,0.0,0.0,0.0,0.0,1877.0,0.0,0.0,0.9000310301780701,0.3428111970424652,0.0
23.972984313964844,156.18856811523438,8.939086910686456e-6,0.0,0.0,0.0,0.0,-0.04846650405591735,-0.0,0.0,4.744857120513916,3.6734286172049386,0.0,0.0,0.16155500710010529,0.0,0.0,0.0,0.0,0.0,0.0,0.0,0.0,0.0,1878.0,0.0,0.0,0.9640474915504456,0.7105218172073364,0.0
23.96623420715332,155.517333984375,8.938818609749433e-6,0.0,0.0,0.0,0.0,-0.02571600181722644,-0.0,0.0,4.750285707201276,3.678857203892299,0.09880000352859497,0.0,0.0857200026512146,0.0,0.0,0.0,0.0,0.0,0.0,0.0,0.0,0.0,1879.0,0.0,0.0,0.995186448097229,0.823509156703949,0.0
23.959484100341797,154.84609985351562,8.93855030881241e-6,0.0,0.0,0.0,0.0,-0.01,-0.0,-0.01,4.85707141331264,3.785642841884068,0.2745420038700104,0.0,0.0,0.9840748787719349,0.0,0.0,0.0,0.0,0.0,0.0,0.0,0.0,1880.0,1.0714579820632935,0.0,0.9837822914123535,0.7133155465126038,0.0
23.952733993530273,154.17486572265625,0.9840543270111084,0.0,0.0,0.0,0.0,0.2068300046462561,-0.0,-0.01,4.9440000534057615,3.8725714819771904,0.3090609908103943,0.0,0.0,0.0,2.4092220823795176,0.07281689238244547,0.0,0.0,0.0,0.0,0.07281689238244547,0.0,1881.0,-0.9840248227119446,0.0728168934583664,0.0,1.0,0.0
23.999984741210938,153.50363159179688,0.9840248227119446,0.0,0.0,0.0,0.0,0.350799026552757,-0.0,-0.01,5.010571425301688,3.9391428538731166,0.3126719892024994,0.0,0.0,0.0,4.008877754211426,0.0,0.0,0.0,0.0,0.0,0.0,0.0,1882.0,-0.9839953184127808,0.008981356397271156,0.0,1.0,1.4901161193847656e-7
23.993234634399414,152.8323974609375,0.9839953184127808,0.0,0.0,0.0,0.0,0.47391239676052277,-0.0,-0.01,5.073785727364676,4.002357155936105,0.31210699677467346,0.0,0.0,0.0,5.376803981140256,0.017738712951540947,0.0,0.0,0.0,0.0,0.017738712951540947,0.0,1883.0,-0.9839658141136169,0.017738712951540947,0.0,1.0,2.384185791015625e-7
23.999984741210938,152.16116333007812,0.9839658141136169,0.0,0.0,0.0,0.0,0.6381363763917556,-0.0,-0.01,5.135285731724331,4.063857160295759,0.30158498883247375,0.0,0.0,0.0,7.201514720916748,0.0,0.0,0.0,0.0,0.0,0.0,0.0,1884.0,-0.9839363098144531,0.008763236925005913,0.0,1.0,1.7881393432617188e-7
23.993234634399414,151.48992919921875,0.9839363098144531,0.0,0.0,0.0,0.0,0.672168769197334,-0.0,-0.01,5.185857173374721,4.11442860194615,0.31174200773239136,0.0,0.0,0.0,7.579652388704827,0.017355362760016736,0.0,0.0,0.0,0.0,0.017355362760016736,0.0,1885.0,-0.9839068055152893,1.5375583171844482,0.0,1.0,2.9802322387695312e-8
23.999984741210938,141.32139587402344,0.9839068055152893,0.0,0.0,0.0,0.0,0.6353868758985867,-0.0,-0.01,5.216142872401646,4.1447143009730745,0.32358500361442566,0.0,0.0,0.0,7.17096471786499,0.0,0.0,0.0,0.0,0.0,0.0,0.0,1886.0,-0.9838773012161255,0.008627395145595074,0.0,1.0,0.0
23.993234634399414,140.65016174316406,0.9838773012161255,0.0,0.0,0.0,0.0,0.5570479292684114,-0.0,-0.01,5.238857078552246,4.167428507123675,0.3094879984855652,0.0,0.0,0.0,6.300532046705484,0.017179783433675766,0.0,0.0,0.0,0.0,0.017179783433675766,0.0,1887.0,-0.9838477969169617,0.017179783433675766,0.0,1.0,0.0
23.999984741210938,139.9789276123047,0.9838477969169617,0.0,0.0,0.0,0.0,0.4297754112700927,-0.0,-0.01,5.250857162475586,4.179428591047015,0.3196069896221161,0.0,0.0,0.0,4.886393070220947,0.0,0.0,0.0,0.0,0.0,0.0,0.0,1888.0,-0.9838182926177979,0.008570358157157898,0.0,1.0,0.0
23.993234634399414,139.3076934814453,0.9838182926177979,0.0,0.0,0.0,0.0,0.2612198623866714,-0.0,-0.01,5.242999976021903,4.171571404593331,0.3094800114631653,0.0,0.0,0.0,3.013553787022829,0.01716620847582817,0.0,0.0,0.0,0.0,0.01716620847582817,0.0,1889.0,-0.983788788318634,0.01716620847582817,5.3942203521728516e-6,1.0,0.0005564987659454346
23.999984741210938,138.63645935058594,0.983788788318634,0.0,0.0,0.0,0.0,-0.01,-0.0,-0.01,5.215642874581473,4.144214303152902,0.39779698848724365,0.0,0.0,1.1904735466078549,0.0,0.16963408887386322,0.0,0.0,0.0,0.0,0.0,0.16963408887386322,1890.0,1.4782030582427979,-0.16963408887386322,1.0,1.0,0.7696579098701477
23.993234634399414,143.14334106445312,2.174197196960449,0.0,0.0,0.0,0.0,-0.10122158353414455,-0.0,-0.01,5.1510714939662385,4.079642922537667,0.4963169991970062,0.0,0.0,0.0,0.0,0.13353297114372253,0.30407193303108215,0.0,0.0,0.0,0.0,0.4376049041748047,1891.0,0.16668298840522766,-0.4376049041748047,1.0,1.0,0.9794497489929199
23.98648452758789,176.7100372314453,2.1741321086883545,0.0,0.0,0.0,0.0,-0.01,-0.0,-0.01,5.015571403503418,3.9441428320748466,0.00570000009611249,0.44613200426101685,0.0,0.0,0.0,0.0,0.0,0.0,0.026916803420469523,0.0,0.026916803420469523,0.0,1892.0,-2.1740670204162598,0.026916803792119026,0.9999949932098389,0.9999998807907104,0.8310022354125977
23.999984741210938,176.03880310058594,1.6913785934448242,0.0,0.0,0.0,0.0,-0.01,-0.0,-0.01,4.949857112339565,3.8784285409109933,0.0,0.38568899035453796,0.0,0.0,0.0,0.0,0.0,0.0,0.0,0.0,0.0,0.0,1893.0,-1.6913279294967651,0.0,0.08803153038024902,0.024363607168197632,0.016090482473373413
23.993234634399414,175.36756896972656,1.2977794408798218,0.0,0.0,0.0,0.0,-0.01,-0.0,-0.01,4.92999997820173,3.8585714067731587,0.0,0.3717319965362549,0.0,0.0,0.0,0.0,0.0,0.0,0.0,0.0,0.0,0.0,1894.0,-1.2977405786514282,0.0,0.0006290078163146973,0.0037406980991363525,0.02159520983695984
23.98648452758789,174.6963348388672,0.9184335470199585,0.0,0.0,0.0,0.0,-0.01,-0.0,-0.01,4.919857106889997,3.8484285354614256,0.0,0.3732230067253113,0.0,0.0,0.0,0.0,0.0,0.0,0.0,0.0,0.0,0.0,1895.0,-0.9184060096740723,0.0,0.0,0.0036080479621887207,0.000870048999786377
23.979734420776367,174.0251007080078,0.5375776290893555,0.0,0.0,0.0,0.0,-0.01,-0.0,-0.01,4.912214224679129,3.840785653250558,0.0,0.30289798974990845,0.0,0.0,0.0,0.0,0.0,0.0,0.0,0.0,0.0,0.0,1896.0,-0.5375615358352661,0.0,0.0,0.006081998348236084,2.9802322387695312e-8
23.972984313964844,173.35386657714844,0.22849120199680328,0.0,0.0,0.0,0.0,-0.02300218863068587,-0.0,-0.01,4.9010714939662385,3.8296429225376674,0.0,0.22134600579738617,0.0,0.0,0.0,0.0,0.04334062704675112,0.0,0.002568633606358617,0.0,0.04590926065310974,0.0,1897.0,-0.2284843474626541,1.9427045583724976,0.0,0.030666083097457886,0.0
23.999984741210938,162.6797637939453,6.880315140733728e-6,0.0,0.0,0.0,0.0,-0.05670780168802736,-0.0,0.0,4.886785725184849,3.8153571537562776,0.0,0.0,0.18902599811553955,0.0,0.0,0.0,0.0,0.0,0.0,0.0,0.0,0.0,1898.0,0.0,0.0,2.9802322387695312e-8,0.05439949035644531,0.0
23.993234634399414,162.00852966308594,6.880108685436426e-6,0.0,0.0,0.0,0.0,-0.051677103903973176,-0.0,0.0,4.8749999455043245,3.8035713740757533,0.0,0.0,0.17225700616836548,0.0,0.0,0.0,0.0,0.0,0.0,0.0,0.0,0.0,1899.0,0.0,0.0,0.0008238554000854492,0.043566763401031494,0.0
23.98648452758789,161.33729553222656,6.879902230139123e-6,0.0,0.0,0.0,0.0,-0.0479028020462513,-0.0,0.0,4.853357124328613,3.781928552900042,0.0,0.0,0.15967600047588348,0.0,0.0,0.0,0.0,0.0,0.0,0.0,0.0,0.0,1900.0,0.0,0.0,0.5749004483222961,0.03792491555213928,0.0
23.979734420776367,160.6660614013672,6.879695774841821e-6,0.0,0.0,0.0,0.0,-0.04659600294017796,-0.0,0.0,4.817857142857143,3.7464285714285714,0.0,0.0,0.15532000362873077,0.0,0.0,0.0,0.0,0.0,0.0,0.0,0.0,0.0,1901.0,0.0,0.0,0.8631934523582458,0.28399115800857544,0.0
23.972984313964844,159.9948272705078,6.879489319544518e-6,0.0,0.0,0.0,0.0,-0.04846650405591735,-0.0,0.0,4.790642888205392,3.7192142486572264,0.0,0.0,0.16155500710010529,0.0,0.0,0.0,0.0,0.0,0.0,0.0,0.0,0.0,1902.0,0.0,0.0,0.9620672464370728,0.6794542074203491,0.0
23.96623420715332,159.32359313964844,6.879282864247216e-6,0.0,0.0,0.0,0.0,-0.02771100213968758,-0.0,0.0,4.784714303697858,3.713285664149693,0.0921500027179718,0.0,0.09237000346183777,0.0,0.0,0.0,0.0,0.0,0.0,0.0,0.0,0.0,1903.0,0.0,0.0,0.9950264692306519,0.8104209899902344,0.0
23.959484100341797,158.65235900878906,6.8790764089499135e-6,0.0,0.0,0.0,0.0,-0.01,-0.0,-0.01,4.863499995640346,3.7920714242117746,0.2745420038700104,0.0,0.0,0.84349397155205,0.0,0.0,0.0,0.0,0.0,0.0,0.0,0.0,1904.0,0.9204580783843994,0.0,0.9857239723205566,0.6995012760162354,0.0
23.952733993530273,157.9811248779297,0.8434755802154541,0.0,0.0,0.0,0.0,0.15321771480879823,-0.0,-0.01,4.941142845153808,3.8697142737252372,0.3090609908103943,0.0,0.0,0.0,1.813530020415783,0.07285899668931961,0.0,0.0,0.0,0.0,0.07285899668931961,0.0,1905.0,-0.8434503078460693,0.07285899668931961,0.0,1.0,0.0
23.999984741210938,157.3098907470703,0.8434503078460693,0.0,0.0,0.0,0.0,0.1968135449738131,-0.0,-0.01,5.043428639003208,3.972000067574637,0.3126719892024994,0.0,0.0,0.0,2.2979280948638916,0.0,0.0,0.0,0.0,0.0,0.0,0.0,1906.0,-0.8434250354766846,0.00892284419387579,0.0,1.0,0.0
23.993234634399414,156.63865661621094,0.8434250354766846,0.0,0.0,0.0,0.0,0.24583037865428037,-0.0,-0.01,5.177499989100864,4.106071417672293,0.31210699677467346,0.0,0.0,0.0,2.8425595369189978,0.017383376136422157,0.0,0.0,0.0,0.0,0.017383376136422157,0.0,1907.0,-0.8433997631072998,0.017383376136422157,0.0,1.0,0.0
23.999984741210938,155.96742248535156,0.8433997631072998,0.0,0.0,0.0,0.0,0.23611537743531566,-0.0,-0.01,5.252642849513462,4.181214278084891,0.30158498883247375,0.0,0.0,0.0,2.7346150875091553,0.0,0.0,0.0,0.0,0.0,0.0,0.0,1908.0,-0.843374490737915,0.0085674449801445,0.0,1.0,0.0
23.993234634399414,155.2961883544922,0.843374490737915,0.0,0.0,0.0,0.0,0.18149313530781008,-0.0,-0.01,5.280071476527622,4.208642905099051,0.6967030167579651,0.0,0.0,0.0,2.1277013343255993,0.017045684488487707,0.0,0.0,0.0,0.0,0.017045684488487707,0.0,1909.0,-0.8433492183685303,1.5349830389022827,0.0,1.0,0.0
23.999984741210938,143.89166259765625,0.8433492183685303,0.0,0.0,0.0,0.0,0.14542457499160663,-0.0,-0.01,5.284714235578265,4.2132856641496925,0.4058449864387512,0.0,0.0,0.0,1.7269395848841327,0.008515451279197379,0.0,0.0,0.0,0.0,0.008515451279197379,0.0,1910.0,-0.8433239459991455,1.4378098249435425,0.0,1.0,1.1920928955078125e-7
23.999984741210938,136.17652893066406,0.8433239459991455,0.0,0.0,0.0,0.0,0.1054440876201058,-0.0,-0.01,5.277785655430385,4.206357084001814,0.3094879984855652,0.0,0.0,0.0,1.2827119827270508,0.0,0.0,0.0,0.0,0.0,0.0,0.0,1911.0,-0.8432986736297607,0.008526629768311977,0.0,1.0,1.537799835205078e-5
23.993234634399414,135.5052947998047,0.8432986736297607,0.0,0.0,0.0,0.0,0.07452421146699441,-0.0,-0.01,5.267857088361468,4.196428516932896,0.3196069896221161,0.0,0.0,0.0,0.9391578305512667,0.017085207626223564,0.0,0.0,0.0,0.0,0.017085207626223564,0.0,1912.0,-0.843273401260376,0.017085207626223564,0.00012168288230895996,1.0,0.0013496875762939453
23.999984741210938,134.8340606689453,0.843273401260376,0.0,0.0,0.0,0.0,-0.011424962701542972,-0.0,-0.01,5.252357155936105,4.180928584507534,0.882532000541687,0.0,0.0,0.0,0.0,0.003818035125732422,0.004749875483066813,0.0,0.0,0.0,0.008567910608799235,0.0,1913.0,0.05046802759170532,0.9425154328346252,0.9999957084655762,1.0,0.12607645988464355
23.999984741210938,115.74292755126953,0.8432481288909912,0.0,0.0,0.0,0.0,-0.17925132947172018,-0.0,-0.01,5.223571450369699,4.152142878941127,0.37903499603271484,0.0,0.0,0.0,0.0,0.07886499166488647,0.5641710758209229,0.0,0.0,0.0,0.0,0.6430360674858093,1914.0,0.10296499729156494,-0.6430360674858093,1.0,1.0,0.9142401814460754
23.993234634399414,166.27650451660156,0.8432228565216064,0.0,0.0,0.0,0.0,-0.01,-0.0,-0.01,5.177857208251953,4.106428636823382,0.1292000114917755,0.3671169877052307,0.0,0.0,0.0,0.0,0.0,0.0,0.0551370233297348,0.0,0.0,0.0551370233297348,1915.0,-0.8431975841522217,-0.0551370233297348,1.0,1.0,0.9371837377548218
23.98648452758789,169.94747924804688,0.41233906149864197,0.0,0.0,0.0,0.0,-0.031974545631786394,-0.0,-0.01,5.13335712977818,4.061928558349609,0.0,0.4040801383223851,0.047751858118502355,0.0,0.0,0.0,0.025496624410152435,0.0,0.0,0.0,0.025496624410152435,0.0,1916.0,-0.4123266935348511,0.025496624410152435,0.9992213845252991,0.9998764395713806,0.41644901037216187
23.999366760253906,169.2762451171875,1.2397394129948225e-5,0.0,0.0,0.0,0.0,-0.11858781448453358,-0.0,0.0,5.11485721043178,4.043428639003208,0.0,0.0,0.38568899035453796,0.0,0.0,0.0,0.009603708886386652,0.0,0.0,0.0,0.009603708886386652,0.0,1917.0,0.0,1.7945929765701294,0.00023758411407470703,0.10737442970275879,0.004745304584503174
23.999984741210938,159.91876220703125,1.23970221466152e-5,0.0,0.0,0.0,0.0,-0.11151960339226719,-0.0,0.0,5.098357146126883,4.026928574698312,0.0,0.0,0.3717319965362549,0.0,0.0,0.0,0.0,0.0,0.0,0.0,0.0,0.0,1918.0,0.0,0.0,0.0,0.12006485462188721,0.013162851333618164
23.993234634399414,159.24752807617188,1.2396650163282175e-5,0.0,0.0,0.0,0.0,-0.11196690646675833,-0.0,0.0,5.068071447099958,3.9966428756713865,0.0,0.0,0.3732230067253113,0.0,0.0,0.0,0.0,0.0,0.0,0.0,0.0,0.0,1919.0,0.0,0.0,0.0,0.1690487265586853,0.00033417344093322754
23.98648452758789,158.5762939453125,1.239627817994915e-5,0.0,0.0,0.0,0.0,-0.09086940053579795,-0.0,0.0,5.028714261736188,3.957285690307617,0.0,0.0,0.30289798974990845,0.0,0.0,0.0,0.0,0.0,0.0,0.0,0.0,0.0,1920.0,0.0,0.0,0.0,0.1039840579032898,5.960464477539063e-8
23.979734420776367,157.90505981445312,1.2395906196616124e-5,0.0,0.0,0.0,0.0,-0.06640380437786586,-0.0,0.0,4.991714286804199,3.920285715375628,0.0,0.0,0.22134600579738617,0.0,0.0,0.0,0.0,0.0,0.0,0.0,0.0,0.0,1921.0,0.0,0.0,5.960464477539063e-8,0.11470532417297363,0.0
23.972984313964844,157.23382568359375,1.23955342132831e-5,0.0,0.0,0.0,0.0,-0.05670780168802736,-0.0,0.0,4.963642883300781,3.89221431187221,0.0,0.0,0.18902599811553955,0.0,0.0,0.0,0.0,0.0,0.0,0.0,0.0,0.0,1922.0,0.0,0.0,5.960464477539063e-8,0.13066968321800232,0.0
23.96623420715332,156.56259155273438,1.2395162229950074e-5,0.0,0.0,0.0,0.0,-0.051677103903973176,-0.0,0.0,4.9431428364345,3.871714265005929,0.0,0.0,0.17225700616836548,0.0,0.0,0.0,0.0,0.0,0.0,0.0,0.0,0.0,1923.0,0.0,0.0,0.0006814002990722656,0.07084614038467407,0.0
23.959484100341797,155.891357421875,1.2394790246617049e-5,0.0,0.0,0.0,0.0,-0.0479028020462513,-0.0,0.0,4.930857195172991,3.8594286237444195,0.0,0.0,0.15967600047588348,0.0,0.0,0.0,0.0,0.0,0.0,0.0,0.0,0.0,1924.0,0.0,0.0,0.5905857682228088,0.06505414843559265,0.0
23.952733993530273,155.22012329101562,1.2394418263284024e-5,0.0,0.0,0.0,0.0,-0.04659600294017796,-0.0,0.0,4.924500002179827,3.8530714307512555,0.0,0.0,0.15532000362873077,0.0,0.0,0.0,0.0,0.0,0.0,0.0,0.0,0.0,1925.0,0.0,0.0,0.9627331495285034,0.3421728312969208,0.0
23.94598388671875,154.54888916015625,1.2394046279950999e-5,0.0,0.0,0.0,0.0,-0.04846650405591735,-0.0,0.0,4.912857137407575,3.8414285659790037,0.0,0.0,0.16155500710010529,0.0,0.0,0.0,0.0,0.0,0.0,0.0,0.0,0.0,1926.0,0.0,0.0,0.9888608455657959,0.7174878716468811,0.0
23.939233779907227,153.87765502929688,1.2393674296617974e-5,0.0,0.0,0.0,0.0,-0.05393100446188459,-0.0,0.0,4.911142839704241,3.8397142682756695,0.004749999847263098,0.0,0.17977000772953033,0.0,0.0,0.0,0.0,0.0,0.0,0.0,0.0,0.0,1927.0,0.0,0.0,0.9981288909912109,0.8176558613777161,0.0
23.932483673095703,153.2064208984375,1.2393302313284948e-5,0.0,0.0,0.0,0.0,-0.0586491175860667,-0.0,0.0,4.925214304242815,3.8537857328142437,0.17954999208450317,0.0,0.0949920117855072,0.0,0.0,0.0,0.1005050390663603,0.0,0.0,0.0,0.1005050390663603,0.0,1928.0,0.0,1.2687078714370728,0.5601081252098083,0.02944004535675049,3.159046173095703e-6
23.999984741210938,113.7660903930664,1.2392930329951923e-5,0.0,0.0,0.0,0.0,-0.01,-0.0,-0.01,4.953071403503418,3.8816428320748466,0.3090609908103943,0.0,0.0,0.20079122338083266,0.0,0.0,0.0,0.0,0.0,0.0,0.0,0.0,1929.0,0.23193901777267456,0.0,0.9999994039535522,0.9831538200378418,1.2218952178955078e-6
23.993234634399414,113.09486389160156,0.20079760253429413,0.0,0.0,0.0,0.0,0.10704670210181237,-0.0,-0.01,5.011500031607492,3.9400714601789204,0.3126719892024994,0.0,0.0,0.0,1.3005188088864088,0.01795917935669422,0.0,0.0,0.0,0.0,0.01795917935669422,0.0,1930.0,-0.20079158246517181,0.01795917935669422,0.0,1.0,0.0
23.999984741210938,112.42363739013672,0.20079158246517181,0.0,0.0,0.0,0.0,0.18589371235369842,-0.0,-0.01,5.0870713642665315,4.01564279283796,0.31210699677467346,0.0,0.0,0.0,2.1765966309496205,0.008846293549891257,0.0,0.0,0.0,0.0,0.008846293549891257,0.0,1931.0,-0.2007855623960495,1.076828956604004,0.0,1.0,0.0
23.999984741210938,102.92681121826172,0.2007855623960495,0.0,0.0,0.0,0.0,0.23494932452434777,-0.0,-0.01,5.15764285496303,4.086214283534458,0.3287909924983978,0.0,0.0,0.0,2.721658945083618,0.0,0.0,0.0,0.0,0.0,0.0,0.0,1932.0,-0.20077954232692719,0.008725251071155071,0.0,1.0,0.0
23.993234634399414,102.25558471679688,0.20077954232692719,0.0,0.0,0.0,0.0,0.2680228339960597,-0.0,-0.01,5.227928515842983,4.156499944414412,0.31174200773239136,0.0,0.0,0.0,3.0891423544532373,0.01721569684681137,0.0,0.0,0.0,0.0,0.01721569684681137,0.0,1933.0,-0.20077352225780487,0.017215697094798088,0.0,1.0,0.0
23.999984741210938,101.58435821533203,0.20077352225780487,0.0,0.0,0.0,0.0,0.33827435400282013,-0.0,-0.01,5.305642890930176,4.234214319501604,0.32358500361442566,0.0,0.0,0.0,3.8697147369384766,0.0,0.0,0.0,0.0,0.0,0.0,0.0,1934.0,-0.20076750218868256,0.008481861092150211,0.0,1.0,0.0
23.993234634399414,100.91313171386719,0.20076750218868256,0.0,0.0,0.0,0.0,0.30237883860927645,-0.0,-0.01,5.361714308602469,4.290285737173898,0.3094879984855652,0.0,0.0,0.0,3.4708757087070925,0.016786129824401707,0.0,0.0,0.0,0.0,0.016786129824401707,0.0,1935.0,-0.20076148211956024,0.8418731093406677,0.0,1.0,0.0
23.999984741210938,89.2666244506836,0.20076148211956024,0.006734741851687431,0.0,0.0,0.0,0.22938312467379188,-0.006734741851687431,-0.01,5.395142909458706,4.323714338030134,0.3196069896221161,0.0,0.0,0.0,2.734642744064331,0.0,0.0,0.0,0.0,0.0,0.0,0.0,1936.0,-0.20075546205043793,-0.00834051612764597,0.0,1.0,8.940696716308594e-7
24.00673484802246,88.59539794921875,0.20075546205043793,0.013484848663210869,0.0,0.0,0.0,0.1518099698410279,-0.013484848663210869,-0.01,5.392500005449567,4.321071434020996,0.3094800114631653,0.0,0.0,0.0,1.9477200508117676,0.0,0.0,0.0,0.0,0.0,0.0,0.0,1937.0,-0.2007494419813156,0.0,0.01362183690071106,1.0,0.0021491050720214844
24.013484954833984,87.9241714477539,0.2007494419813156,0.0,0.0,0.0,0.0,-0.01,-0.0,-0.01,5.344571467808315,4.273142896379744,0.37903499603271484,0.0,0.0,0.8713029701672038,0.0,-0.008419701483155243,0.0,0.0,0.0,0.0,-0.008419701483155243,0.0,1938.0,0.9469649791717529,0.17463569343090057,0.999996542930603,1.0,0.2714521884918213
23.999984741210938,77.74188232421875,1.0720202922821045,0.0,0.0,0.0,0.0,-0.01,-0.0,-0.01,5.2662143162318635,4.194785744803292,0.37049996852874756,0.12581703066825867,0.0,0.0,0.0,0.0,0.0,0.0,0.0,0.0,0.0,0.0,1939.0,-1.0719881057739258,0.00853570643812418,0.9995164275169373,0.9999986886978149,0.26119616627693176
23.993234634399414,77.0706558227539,0.9436072707176208,0.0,0.0,0.0,0.0,-0.01,-0.0,-0.01,5.177499989100864,4.106071417672293,0.0,0.45183199644088745,0.0,0.0,0.0,0.0,0.0,0.0,0.0,0.0,0.0,0.0,1940.0,-0.9435789585113525,0.0,0.06614851951599121,0.9986370205879211,0.04322555661201477
23.98648452758789,76.39942932128906,0.48253974318504333,0.0,0.0,0.0,0.0,-0.01,-0.0,-0.01,5.135428510393415,4.063999938964844,0.0,0.38568899035453796,0.0,0.0,0.0,0.0,0.0,0.0,0.0,0.0,0.0,0.0,1941.0,-0.4825252890586853,0.0,2.849102020263672e-5,0.7555582523345947,0.006002217531204224
23.979734420776367,75.72820281982422,0.0889768898487091,0.0,0.0,0.0,0.0,-0.09536118260716964,-0.0,-0.01,5.107785715375628,4.036357143947056,0.0,0.08719473248551779,0.2845372640507371,0.0,0.0,0.0,0.0,0.0,0.0,0.0,0.0,0.0,1942.0,-0.08897422254085541,0.0,5.036592483520508e-6,0.4939270615577698,0.0022578537464141846
23.972984313964844,75.05697631835938,2.674678171388223e-6,0.0,0.0,0.0,0.0,-0.11371410642918356,-0.0,0.0,5.091571480887277,4.020142909458706,0.0,0.0,0.3790470063686371,0.0,0.0,0.0,0.0,0.0,0.0,0.0,0.0,0.0,1943.0,0.0,0.0,3.159046173095703e-6,0.5842374563217163,0.0018443167209625244
23.96623420715332,74.38574981689453,2.6745979084807914e-6,0.0,0.0,0.0,0.0,-0.09086940053579795,-0.0,0.0,5.074642808096749,4.003214236668178,0.0,0.0,0.30289798974990845,0.0,0.0,0.0,0.0,0.0,0.0,0.0,0.0,0.0,1944.0,0.0,0.0,5.960464477539062e-7,0.7493082880973816,0.0010429322719573975
23.959484100341797,73.71452331542969,2.67451764557336e-6,0.0,0.0,0.0,0.0,-0.06640380437786586,-0.0,0.0,5.052999986921038,3.9815714154924664,0.0,0.0,0.22134600579738617,0.0,0.0,0.0,0.0,0.0,0.0,0.0,0.0,0.0,1945.0,0.0,0.0,5.066394805908203e-6,0.8277110457420349,3.159046173095703e-5
23.952733993530273,73.04329681396484,2.6744373826659285e-6,0.0,0.0,0.0,0.0,-0.05670780168802736,-0.0,0.0,5.0295714787074495,3.9581429072788783,0.0,0.0,0.18902599811553955,0.0,0.0,0.0,0.0,0.0,0.0,0.0,0.0,0.0,1946.0,0.0,0.0,2.3543834686279297e-6,0.8283419609069824,1.2159347534179688e-5
23.94598388671875,72.3720703125,2.674357119758497e-6,0.0,0.0,0.0,0.0,-0.051677103903973176,-0.0,0.0,5.010571425301688,3.9391428538731166,0.0,0.0,0.17225700616836548,0.0,0.0,0.0,0.0,0.0,0.0,0.0,0.0,0.0,1947.0,0.0,0.0,0.3574555516242981,0.7046211957931519,6.854534149169922e-7
23.939233779907227,71.70084381103516,2.6742768568510655e-6,0.0,0.0,0.0,0.0,-0.0479028020462513,-0.0,0.0,4.995928573608398,3.924500002179827,0.0,0.0,0.15967600047588348,0.0,0.0,0.0,0.0,0.0,0.0,0.0,0.0,0.0,1948.0,0.0,0.0,0.9964357614517212,0.46011772751808167,1.1920928955078125e-7
23.932483673095703,71.02961730957031,2.674196593943634e-6,0.0,0.0,0.0,0.0,-0.04659600294017796,-0.0,0.0,4.9867856979370115,3.9153571265084404,0.0,0.0,0.15532000362873077,0.0,0.0,0.0,0.0,0.0,0.0,0.0,0.0,0.0,1949.0,0.0,0.0,0.9999825954437256,0.25177687406539917,1.4901161193847656e-6
23.92573356628418,70.35839080810547,2.6741163310362026e-6,0.0,0.0,0.0,0.0,-0.04846650405591735,-0.0,0.0,4.981857109069824,3.910428537641253,0.0,0.0,0.16155500710010529,0.0,0.0,0.0,0.0,0.0,0.0,0.0,0.0,0.0,1950.0,0.0,0.0,0.999995231628418,0.47449013590812683,2.2798776626586914e-5
23.918983459472656,69.68716430664062,2.674036068128771e-6,0.0,0.0,0.0,0.0,-0.07512438147092831,-0.0,0.0,4.991785676138742,3.9203571047101704,0.05130000039935112,0.0,0.13322000205516815,0.0,0.0,0.0,0.11719459289734423,0.0,0.0,0.0,0.11719459289734423,0.0,1951.0,0.0,0.5454142093658447,0.9999986886978149,0.4907796084880829,0.003057330846786499
23.999984741210938,61.49399948120117,2.6739558052213397e-6,0.0,0.0,0.0,0.0,-0.01,-0.0,-0.01,5.059642873491559,3.988214302062988,0.2745420038700104,0.0,0.0,0.6172608686420062,0.0,0.0,0.0,0.0,0.0,0.0,0.0,0.0,1952.0,0.6774580478668213,0.0,0.9999989867210388,0.5917661786079407,0.03068283200263977
23.993234634399414,60.82276916503906,0.6172450184822083,0.0,0.0,0.0,0.0,-0.01,-0.0,-0.01,5.102142824445452,4.03071425301688,0.3090609908103943,0.0,0.0,1.8676827264690046,0.0,0.017640124073817078,0.0,0.0,0.0,0.0,0.017640124073817078,0.0,1953.0,2.0409388542175293,0.41942402720451355,0.9644677042961121,0.9398245811462402,0.000926673412322998
23.999984741210938,52.56825256347656,2.4848532676696777,0.0,0.0,0.0,0.0,0.3105285517794714,-0.0,-0.01,5.159142848423549,4.087714276994978,0.3126719892024994,0.0,0.0,0.0,3.5614280700683594,0.0,0.0,0.0,0.0,0.0,0.0,0.0,1954.0,-2.484778881072998,0.0,7.748603820800781e-7,0.9995824098587036,6.139278411865234e-5
23.993234634399414,51.89702224731445,2.484778881072998,0.0,0.0,0.0,0.0,0.4820166495306587,-0.0,-0.01,5.234142793927874,4.162714222499302,0.31210699677467346,0.0,0.0,0.0,5.466851226985455,0.0150914266705513,0.0,0.0,0.0,0.0,0.0150914266705513,0.0,1955.0,-2.4847044944763184,0.0150914266705513,2.9802322387695312e-8,0.9996697902679443,0.020067691802978516
23.998332977294922,51.225791931152344,2.4847044944763184,0.0,0.0,0.0,0.0,0.5800295917961642,-0.0,-0.01,5.3041428974696565,4.232714326041085,0.30158498883247375,0.0,0.0,0.0,6.5558838322758675,0.010080866515636444,0.0,0.0,0.0,0.0,0.010080866515636444,0.0,1956.0,-2.4846301078796387,0.010080866515636444,0.0,0.9999234676361084,0.011512786149978638
23.999603271484375,50.554561614990234,2.4846301078796387,0.0,0.0,0.0,0.0,0.6285867674022301,-0.0,-0.01,5.3615000043596535,4.290071432931082,0.31174200773239136,0.0,0.0,0.0,7.095407962799072,0.0,0.0,0.0,0.0,0.0,0.0,0.0,1957.0,-2.484555721282959,0.008706554770469666,0.0,0.9999740123748779,0.0041800737380981445
23.99285316467285,49.883331298828125,2.484555721282959,0.0,0.0,0.0,0.0,0.6409020228059642,-0.0,-0.01,5.41000006539481,4.3385714939662385,0.32358500361442566,0.0,0.0,0.0,7.232244123076913,0.0004705299382235277,0.0,0.0,0.0,0.0,0.0004705299382235277,0.0,1958.0,-2.4844813346862793,0.03219253942370415,0.0,0.9910569787025452,0.10861742496490479
23.999984741210938,40.05545425415039,2.4844813346862793,0.006734741851687431,0.0,0.0,0.0,0.06853577435117977,-0.006734741851687431,-0.01,5.44542852129255,4.373999949863979,0.3094879984855652,0.0,0.0,3.2929201126098633,0.947450104735287,2.297039270401001,0.0,0.0,0.0,0.0,0.0,2.297039270401001,1959.0,3.2929201126098633,-2.297039270401001,0.5777371525764465,0.005582571029663086,0.9943249225616455
24.00673484802246,179.09005737304688,5.777228355407715,0.0,0.0,0.0,0.0,0.485721039584885,-0.0,-0.01,5.4651428767613,4.393714305332729,0.3196069896221161,0.0,0.0,0.0,5.508011113205764,-0.016467820206496016,0.0,0.0,0.0,0.0,-0.016467820206496016,0.0,1960.0,-4.599999904632568,1.7136502265930176,0.0,0.999972939491272,3.2782554626464844e-7
23.999984741210938,164.3948211669922,5.777055263519287,0.0,0.0,0.0,0.0,0.25977849351309823,-0.0,-0.01,5.453857094900949,4.382428523472377,1.1603120565414429,0.0,0.0,0.0,2.997538578589235,-0.008250725348268114,0.0,0.0,0.0,0.0,-0.008250725348268114,0.0,1961.0,-4.599999904632568,1.4441211223602295,0.02778249979019165,0.022380828857421875,0.00020840764045715332
23.999984741210938,141.404296875,5.776882171630859,0.006734741851687431,0.0,0.0,0.0,-0.016734741851687433,-0.006734741851687431,-0.01,5.41000006539481,4.3385714939662385,0.4519079923629761,0.0,0.0,1.339749030916039,0.0,0.42965126037597656,0.0,0.0,0.0,0.0,0.0,0.42965126037597656,1962.0,1.91509211063385,-0.42965126037597656,1.0,1.0,0.9780260324478149
24.00673484802246,176.48223876953125,7.11641788482666,0.0,0.0,0.0,0.0,-0.010831824574145657,-0.0,-0.01,5.329428618294852,4.258000046866281,0.4963169991970062,0.0,0.0,0.0,0.0,0.1363830268383026,0.0027727484703063965,0.0,0.0,0.0,0.0,0.139155775308609,1963.0,0.16968300938606262,-0.139155775308609,1.0,1.0,0.995832085609436
23.999984741210938,179.33120727539062,7.116204738616943,0.0,0.0,0.0,0.0,-0.01,-0.0,-0.01,5.2151428767613,4.143714305332729,0.0,0.45183199644088745,0.0,0.0,0.0,0.0,0.0,0.0,0.0,0.0,0.0,0.0,1964.0,-4.599999904632568,-0.008459260687232018,1.0,1.0,0.9958383440971375
23.993234634399414,178.65997314453125,6.654952049255371,0.0,0.0,0.0,0.0,-0.01,-0.0,-0.01,5.135357121058872,4.063928549630301,0.0,0.926796019077301,0.0,0.0,0.0,0.0,0.0,0.0,0.017526031850146277,0.0,0.017526031850146277,0.0,1965.0,-4.599999904632568,1.6526073217391968,0.027773916721343994,0.02237093448638916,0.00020834803581237793
23.999984741210938,148.8323211669922,5.691187381744385,0.0,0.0,0.0,0.0,-0.01,-0.0,-0.01,5.0773571014404295,4.005928530011858,0.0,0.3717319965362549,0.0,0.0,0.0,0.0,0.0,0.0,0.0,0.0,0.0,0.0,1966.0,-4.599999904632568,0.0,1.2516975402832031e-6,0.29507336020469666,0.0002256631851196289
23.993234634399414,148.1610870361328,5.311709880828857,0.0,0.0,0.0,0.0,-0.01,-0.0,-0.01,5.05271429334368,3.9812857219151088,0.0,0.3732230067253113,0.0,0.0,0.0,0.0,0.0,0.0,0.01781268982180929,0.0,0.01781268982180929,0.0,1967.0,-4.599999904632568,1.5382907390594482,9.059906005859375e-6,0.18336135149002075,0.00021630525588989258
23.999984741210938,137.48590087890625,4.912546634674072,0.0,0.0,0.0,0.0,-0.01,-0.0,-0.01,5.039857128688267,3.9684285572596956,0.0,0.30289798974990845,0.0,0.0,0.0,0.0,0.0,0.0,0.0,0.0,0.0,0.0,1968.0,-4.599999904632568,0.0,6.854534149169922e-7,0.3376184105873108,0.00022923946380615234
23.993234634399414,136.81466674804688,4.603329181671143,0.0,0.0,0.0,0.0,-0.01,-0.0,-0.01,5.027714266095843,3.956285694667271,0.0,0.22134600579738617,0.0,0.0,0.0,0.0,0.0,0.0,0.0,0.0,0.0,0.0,1969.0,-4.599999904632568,0.0,0.0,0.0006660521030426025,0.0
23.98648452758789,136.1434326171875,4.3773345947265625,0.0,0.0,0.0,0.0,-0.01,-0.0,-0.01,5.019357081821987,3.947928510393415,0.0,0.18902599811553955,0.0,0.0,0.0,0.0,0.0,0.0,0.0,0.0,0.0,0.0,1970.0,-4.377203464508057,0.0,0.0,0.001591116189956665,0.0
23.979734420776367,135.47219848632812,4.184325695037842,0.0,0.0,0.0,0.0,-0.01,-0.0,-0.01,5.01335710797991,3.9419285365513392,0.0,0.17225700616836548,0.0,0.0,0.0,0.0,0.0,0.0,0.0,0.0,0.0,0.0,1971.0,-4.184200286865234,0.0,8.940696716308594e-8,0.00046631693840026855,0.0
23.972984313964844,134.80096435546875,4.008432865142822,0.0,0.0,0.0,0.0,-0.01,-0.0,-0.01,5.0098571232386995,3.9384285518101283,0.0,0.15967600047588348,0.0,0.0,0.0,0.0,0.0,0.0,0.0,0.0,0.0,0.0,1972.0,-4.008312702178955,0.0,5.960464477539063e-8,0.001901090145111084,0.0
23.96623420715332,134.12973022460938,3.8453829288482666,0.0,0.0,0.0,0.0,-0.01,-0.0,-0.01,5.009571429661342,3.9381428582327707,0.0,0.15532000362873077,0.0,0.0,0.0,0.0,0.0,0.0,0.0,0.0,0.0,0.0,1973.0,-3.8452675342559814,0.0,5.960464477539063e-8,0.010103464126586914,0.0
23.959484100341797,133.45849609375,3.6867825984954834,0.0,0.0,0.0,0.0,-0.01,-0.0,-0.01,5.018571390424456,3.9471428189958844,0.0,0.16155500710010529,0.0,0.0,0.0,0.0,0.0,0.0,0.0,0.0,0.0,0.0,1974.0,-3.6866719722747803,0.0,7.152557373046875e-7,0.02668192982673645,0.0
23.952733993530273,132.78726196289062,3.521825075149536,0.0,0.0,0.0,0.0,-0.01,-0.0,-0.01,5.03307146344866,3.9616428920200892,0.04844999685883522,0.13607001304626465,0.0,0.0,0.0,0.0,0.0,0.0,0.07152823528179657,0.0,0.07152823528179657,0.0,1975.0,-3.521719455718994,1.3766907453536987,1.3709068298339844e-6,0.010319143533706665,0.0
23.999984741210938,124.59403991699219,3.3098909854888916,0.0,0.0,0.0,0.0,0.050962216930565296,-0.0,-0.01,5.0820713860648015,4.01064281463623,0.2745420038700104,0.0,0.0,0.0,0.6773579120635986,0.0,0.0,0.0,0.0,0.0,0.0,0.0,1976.0,-3.3097918033599854,0.0,0.0,0.9911878108978271,0.0
23.993234634399414,123.92281341552734,3.3097918033599854,0.0,0.0,0.0,0.0,0.18385782832047837,-0.0,-0.01,5.168642807006836,4.097214235578265,0.3090609908103943,0.0,0.0,0.0,2.1539756990449255,0.017413165472286475,0.0,0.0,0.0,0.0,0.017413165472286475,0.0,1977.0,-3.309692621231079,0.8008390069007874,1.6689300537109375e-6,0.055914878845214844,5.960464477539063e-8
23.999984741210938,82.92509460449219,3.309692621231079,0.0,0.0,0.0,0.0,0.3222663285149184,-0.0,-0.01,5.314714241027832,4.243285669599261,0.35325199365615845,0.0,0.0,0.0,3.691847801208496,0.0,0.0,0.0,0.0,0.0,0.0,0.0,1978.0,-3.309593439102173,0.00846259854733944,0.0,0.9999991655349731,2.0265579223632812e-6
23.993234634399414,82.25386810302734,3.309593439102173,0.0,0.0,0.0,0.0,0.4384273599328465,-0.0,-0.01,5.418857111249651,4.347428539821079,0.34792399406433105,0.0,0.0,0.0,4.982525825500488,0.0,0.0,0.0,0.0,0.0,0.0,0.0,1979.0,-3.3094942569732666,4.492293896873889e-7,0.0,0.9999997615814209,1.5020370483398438e-5
23.999984741210938,81.5826416015625,3.3094942569732666,0.006734741851687431,0.0,0.0,0.0,0.5131551318031424,-0.006734741851687431,-0.01,5.49478566305978,4.423357091631208,0.30158498883247375,0.0,0.0,0.0,5.887664794921875,0.0,0.0,0.0,0.0,0.0,0.0,0.0,1980.0,-3.3093950748443604,-0.008189268410205841,0.0,1.0,2.2649765014648438e-6
24.00673484802246,80.91141510009766,3.3093950748443604,0.013484848663210869,0.0,0.0,0.0,0.5402894385426643,-0.013484848663210869,-0.01,5.563285773141043,4.491857201712472,0.31174200773239136,0.0,0.0,0.0,6.264158248901367,0.0,0.0,0.0,0.0,0.0,0.0,0.0,1981.0,-3.309295892715454,0.0,0.0,1.0,4.172325134277344e-7
24.013484954833984,80.24018859863281,3.309295892715454,0.0,0.0,0.0,0.0,0.5269128544561288,-0.0,-0.01,5.617214284624372,4.545785713195801,0.32358500361442566,0.0,0.0,0.0,5.965697908734793,-0.0240332129950463,0.0,0.0,0.0,0.0,-0.0240332129950463,0.0,1982.0,-3.309196710586548,0.5765756964683533,0.0,0.9999998807907104,5.066394805908203e-7
23.999984741210938,70.26348876953125,3.309196710586548,0.006734741851687431,0.0,0.0,0.0,0.47003589333757606,-0.006734741851687431,-0.01,5.651857185363769,4.580428613935198,0.3094879984855652,0.0,0.0,0.0,5.408562183380127,0.0,0.0,0.0,0.0,0.0,0.0,0.0,1983.0,-3.3090975284576416,-0.007961680181324482,0.0,1.0,5.960464477539063e-8
24.00673484802246,69.5922622680664,3.3090975284576416,0.013484848663210869,0.0,0.0,0.0,0.3743100399758311,-0.013484848663210869,-0.01,5.670642798287528,4.599214226858956,0.3196069896221161,0.0,0.0,0.0,4.419942855834961,0.0,0.0,0.0,0.0,0.0,0.0,0.0,1984.0,-3.3089983463287354,0.0,0.0,1.0,5.066394805908203e-7
24.013484954833984,68.92103576660156,3.3089983463287354,0.020234955474734306,0.0,0.0,0.0,0.24646286429049996,-0.020234955474734306,-0.01,5.672142791748047,4.6007142203194755,0.3094800114631653,0.0,0.0,0.0,3.0744199752807617,0.0,0.0,0.0,0.0,0.0,0.0,0.0,1985.0,-3.308899164199829,0.0,2.9802322387695312e-8,1.0,0.00021523237228393555
24.020235061645508,68.24980926513672,3.308899164199829,0.026985062286257744,0.0,0.0,0.0,-0.036985062286257746,-0.026985062286257744,-0.01,5.64757137298584,4.5761428015572685,0.37903499603271484,0.0,0.0,1.27703635019013,0.0,0.16086676716804504,0.0,0.0,0.0,0.0,0.0,0.16086676716804504,1986.0,1.5609650611877441,-0.16086676716804504,0.9976776838302612,1.0,0.3856147527694702
24.02698516845703,81.69644927978516,4.5857977867126465,0.03373516909778118,0.0,0.0,0.0,-0.052420532154455295,-0.03373516909778118,-0.01,5.558357184273856,4.4869286128452845,0.4963169991970062,0.0,0.0,0.0,0.0,0.023332983255386353,0.028951209038496017,0.0,0.0,0.0,0.0,0.05228419229388237,1987.0,0.05068299174308777,-0.05228419229388237,0.9974939823150635,1.0,0.40953880548477173
24.033735275268555,85.5242919921875,4.585660457611084,0.0,0.0,0.0,0.0,-0.01,-0.0,-0.01,5.447857121058872,4.376428549630301,0.0,0.9785529971122742,0.0,0.0,0.0,0.0,0.0,0.0,-0.04956110681148386,0.0,-0.04956110681148386,0.0,1988.0,-4.5855231285095215,0.5305662155151367,0.004456818103790283,0.11171647906303406,0.015441298484802246
23.999984741210938,66.99971008300781,3.6376004219055176,0.006734741851687431,0.0,0.0,0.0,-0.016734741851687433,-0.006734741851687431,-0.01,5.396142905099051,4.32471433367048,0.0,0.38568899035453796,0.0,0.0,0.0,0.0,0.0,0.0,0.0,0.0,0.0,0.0,1989.0,-3.637491464614868,0.0,2.9802322387695312e-8,0.8386096954345703,0.0015323758125305176
24.00673484802246,66.32848358154297,3.243942975997925,0.0,0.0,0.0,0.0,-0.01,-0.0,-0.01,5.351285743713379,4.2798571722848076,0.0,0.3717319965362549,0.0,0.0,0.0,0.0,0.0,0.0,0.0,0.0,0.0,0.0,1990.0,-3.2438457012176514,0.0,5.960464477539063e-8,0.8278070688247681,0.0017560720443725586
23.999984741210938,65.65725708007812,2.8645386695861816,0.0,0.0,0.0,0.0,-0.01,-0.0,-0.01,5.303928593226841,4.23250002179827,0.0,0.3732230067253113,0.0,0.0,0.0,0.0,0.0,0.0,0.4357042908668518,0.0,0.0,0.4357042908668518,1991.0,-2.864452838897705,-0.4357042908668518,1.0311603546142578e-5,0.2574344277381897,0.27704355120658875
23.993234634399414,64.32504272460938,2.039041519165039,0.0,0.0,0.0,0.0,-0.01,-0.0,-0.01,5.265571403503418,4.194142832074847,0.0,0.30289798974990845,0.0,0.0,0.0,0.0,0.0,0.0,0.01709262406083235,0.0,0.01709262406083235,0.0,1992.0,-2.038980484008789,0.4346289038658142,9.238719940185547e-7,0.5843228697776794,0.005190819501876831
23.999984741210938,55.78809356689453,1.7124691009521484,0.0,0.0,0.0,0.0,-0.01,-0.0,-0.01,5.237214306422642,4.165785734994071,0.0,0.22134600579738617,0.0,0.0,0.0,0.0,0.0,0.0,0.0,0.0,0.0,0.0,1993.0,-1.712417721748352,0.0,6.258487701416016e-7,0.8494351506233215,0.004385769367218018
23.993234634399414,55.11686325073242,1.4865612983703613,0.0,0.0,0.0,0.0,-0.01,-0.0,-0.01,4.687071405138288,3.6156427655901227,0.0,0.18981599807739258,0.0,0.0,0.0,0.0,0.0,0.0,0.019202274658518422,0.0,0.019202274658518422,0.0,1994.0,-1.4865167140960693,0.3200777769088745,0.36545130610466003,0.016139894723892212,0.01902925968170166
23.999984741210938,45.237205505371094,1.2732391357421875,0.0,0.0,0.0,0.0,-0.01,-0.0,-0.01,4.651214272635324,3.579785701206752,0.0,0.17299799621105194,0.0,0.0,0.0,0.0,0.0,0.0,0.0,0.0,0.0,0.0,1995.0,-1.2732009887695312,0.0,0.3356335759162903,0.06071043014526367,0.024742871522903442
23.993234634399414,44.565975189208984,1.0966776609420776,0.0,0.0,0.0,0.0,-0.01,-0.0,-0.01,4.614928599766323,3.543500028337751,0.0,0.16041800379753113,0.0,0.0,0.0,0.0,0.0,0.0,0.4913601875305176,0.0,0.0,0.4913601875305176,1996.0,-1.0966447591781616,-0.4913601875305176,0.49367251992225647,0.16127800941467285,0.3580508828163147
23.98648452758789,77.28621673583984,0.4315849542617798,0.0,0.0,0.0,0.0,-0.01,-0.0,-0.01,4.579142924717495,3.507714353288923,0.0,0.15603700280189514,0.0,0.0,0.0,0.0,0.0,0.0,0.0,0.0,0.0,0.0,1997.0,-0.4315720200538635,0.0,0.9999758005142212,0.9191184043884277,0.0022270381450653076
23.979734420776367,76.614990234375,0.2723553478717804,0.0,0.0,0.0,0.0,-0.01,-0.0,-0.01,4.544857243129185,3.473428671700614,0.0,0.16241399943828583,0.0,0.0,0.0,0.0,0.0,0.0,0.0,0.0,0.0,0.0,1998.0,-0.27234718203544617,0.0,0.9999770522117615,0.9945398569107056,0.09458330273628235
23.97195053100586,75.94376373291016,0.1066235825419426,0.0,0.0,0.0,0.0,-0.6219321006965137,-0.0,-0.01,4.514071410042899,3.4426429748535154,0.0,0.10448796594849341,0.08144903635272271,0.0,0.0,0.0,1.9583245515823364,0.0,0.0,0.0,0.0,1.9583245515823364,1999.0,-0.10662038624286652,-1.9583245515823364,0.021434366703033447,0.014929085969924927,0.8335508108139038
23.96519660949707,153.3662109375,3.2111040582094574e-6,0.0,0.0,0.0,0.0,-0.01,-0.0,-0.01,4.589142881120954,3.5177143096923826,0.27689701318740845,0.0,0.0,0.6950188998547162,0.0,0.0,0.0,0.0,0.0,0.0,0.0,0.0,2000.0,0.7611029744148254,0.0,0.5653543472290039,0.8428672552108765,0.006714373826980591
23.957048416137695,152.69497680664062,0.6950012445449829,0.0,0.0,0.0,0.0,-0.01,-0.0,-0.01,4.692999989645822,3.621571350097656,0.3118390142917633,0.0,0.0,2.9705867391817264,0.0,0.0,0.0,0.0,0.0,0.0,0.0,0.0,2001.0,3.2071609497070312,0.0,0.5653543472290039,0.8428672552108765,0.006714373826980591
23.949268341064453,152.02374267578125,3.665477991104126,0.0,0.0,0.0,0.0,0.4471596870300897,-0.0,-0.01,4.845357159205845,3.773928587777274,0.3164609968662262,0.0,0.0,0.0,5.079551674425602,0.0474872812628746,0.0,0.0,0.0,0.0,0.0474872812628746,0.0,2002.0,-3.66536808013916,0.0474872812628746,0.0,0.9954094886779785,0.3981802463531494
23.977031707763672,151.35250854492188,3.66536808013916,0.0,0.0,0.0,0.0,0.5849371074773031,-0.0,-0.01,5.004285757882254,3.932857186453683,0.33442598581314087,0.0,0.0,0.0,6.6104117799550295,0.022462232038378716,0.0,0.0,0.0,0.0,0.022462232038378716,0.0,2003.0,-3.6652581691741943,0.022462232038378716,0.0,0.9974315166473389,0.092831552028656
23.98714256286621,150.6812744140625,3.6652581691741943,0.0,0.0,0.0,0.0,0.64632693923392,-0.0,-0.01,5.083357075282505,4.011928503853934,0.5981339812278748,0.0,0.0,0.0,7.292520967486049,0.025694879529331954,0.0,0.0,0.0,0.0,0.025694879529331954,0.0,2004.0,-3.6651482582092285,1.5587804317474365,0.0,0.9999974966049194,0.0005086362361907959
23.999984741210938,140.01318359375,3.6651482582092285,0.0,0.0,0.0,0.0,0.7128194238996014,-0.0,-0.01,5.12749993460519,4.056071363176619,0.31632301211357117,0.0,0.0,0.0,8.031326293945312,0.0,0.0,0.0,0.0,0.0,0.0,0.0,2005.0,-3.6650383472442627,0.008766623213887215,0.0,0.9999984502792358,2.822279930114746e-5
23.993234634399414,139.34194946289062,3.6650383472442627,0.0,0.0,0.0,0.0,0.704206313961746,-0.0,-0.01,5.15535717010498,4.083928598676409,0.3280690014362335,0.0,0.0,0.0,7.935625080019236,0.0174555741250515,0.0,0.0,0.0,0.0,0.0174555741250515,0.0,2006.0,-3.664928436279297,0.0174555741250515,0.0,0.9999997019767761,8.642673492431641e-7
23.999982833862305,138.67071533203125,3.664928436279297,0.0,0.0,0.0,0.0,0.6512935353353417,-0.0,-0.01,5.167500032697405,4.096071461268833,0.3140439987182617,0.0,0.0,0.0,7.347705364227295,0.0,0.0,0.0,0.0,0.0,0.0,0.0,2007.0,-3.664818525314331,0.008711067028343678,0.0,0.9999998807907104,1.4901161193847656e-7
23.99323272705078,137.99948120117188,3.664818525314331,0.0,0.0,0.0,0.0,0.5431426369701486,-0.0,-0.01,5.166214343479702,4.0947857720511305,0.32409700751304626,0.0,0.0,0.0,6.146028811225824,0.017423814048834675,0.0,0.0,0.0,0.0,0.017423814048834675,0.0,2008.0,-3.6647086143493652,0.01742381416261196,0.0,1.0,2.9802322387695312e-8
23.999984741210938,137.3282470703125,3.6647086143493652,0.0,0.0,0.0,0.0,-0.01,-0.0,-0.01,5.1486428941999165,4.077214322771345,0.3145039975643158,0.0,0.0,4.334495943861981,0.0,0.008740502598897113,0.0,0.0,0.0,0.0,0.008740502598897113,0.0,2009.0,4.599999904632568,1.0616698265075684,0.999567985534668,1.0,0.15530693531036377
23.999984741210938,127.86210632324219,7.998964786529541,0.0,0.0,0.0,0.0,-0.01,-0.0,-0.01,5.10785710471017,4.036428533281599,0.3852519989013672,0.0,0.0,1.4220469441617638,0.0,0.6735795736312866,0.0,0.0,0.0,0.0,0.0,0.6735795736312866,2010.0,2.001065254211426,-0.6735795736312866,1.0,1.0,0.9958436489105225
23.993234634399414,179.33306884765625,9.420729637145996,0.0,0.0,0.0,0.0,-0.01,-0.0,-0.01,4.976857130868094,3.905428559439523,0.34200000762939453,0.16464996337890625,0.0,0.0,0.0,0.0,0.0,0.0,0.0,0.0,0.0,0.0,2011.0,-4.599999904632568,0.0,0.5653543472290039,0.8428672552108765,0.006714373826980591
23.98648452758789,178.66183471679688,9.252442359924316,0.0,0.0,0.0,0.0,-0.01,-0.0,-0.01,4.879000064304897,3.8075714928763253,0.0,0.4709460139274597,0.0,0.0,0.0,0.0,0.0,0.0,0.0,0.0,0.0,0.0,2012.0,-4.599999904632568,0.0,0.5653543472290039,0.8428672552108765,0.006714373826980591
23.979734420776367,177.9906005859375,8.771622657775879,0.0,0.0,0.0,0.0,-0.01,-0.0,-0.01,4.84821423121861,3.776785659790039,0.0,0.41366100311279297,0.0,0.0,0.0,0.0,0.0,0.0,0.0,0.0,0.0,0.0,2013.0,-4.599999904632568,0.0,0.5653543472290039,0.8428672552108765,0.006714373826980591
23.972984313964844,177.31936645507812,8.349268913269043,0.0,0.0,0.0,0.0,-0.01,-0.0,-0.01,4.821571431841169,3.7501428604125975,0.0,0.39861899614334106,0.0,0.0,0.0,0.0,0.0,0.0,0.0,0.0,0.0,0.0,2014.0,-4.599999904632568,0.0,0.5653543472290039,0.8428672552108765,0.006714373826980591
23.96623420715332,176.64813232421875,7.942276954650879,0.0,0.0,0.0,0.0,-0.01,-0.0,-0.01,4.792571422031948,3.721142850603376,0.0,0.3913840055465698,0.0,0.0,0.0,0.0,0.0,0.0,0.056338297704021406,0.0,0.056338297704021406,0.0,2015.0,-4.599999904632568,2.079780340194702,0.02777886390686035,0.022376596927642822,0.00020837783813476562
23.999984741210938,168.45298767089844,7.485193252563477,0.0,0.0,0.0,0.0,-0.01,-0.0,-0.01,4.7610714231218605,3.6896428516932898,0.0,0.30077099800109863,0.0,0.0,0.0,0.0,0.0,0.0,0.0,0.0,0.0,0.0,2016.0,-4.599999904632568,0.0,0.02780681848526001,0.02240896224975586,0.0002085864543914795
23.993234634399414,167.78175354003906,7.1780686378479,0.0,0.0,0.0,0.0,-0.01,-0.0,-0.01,4.7258571352277485,3.654428563799177,0.0,0.2221280038356781,0.0,0.0,0.0,0.0,0.0,0.0,0.0,0.0,0.0,0.0,2017.0,-4.599999904632568,0.0,0.02778947353363037,0.022388935089111328,0.00020843744277954102
23.98648452758789,167.1105194091797,6.951199054718018,0.0,0.0,0.0,0.0,-0.01,-0.0,-0.01,4.688000011444092,3.6165713718959265,0.0,0.18981599807739258,0.0,0.0,0.0,0.0,0.0,0.0,0.02879760008102977,0.0,0.02879760008102977,0.0,2018.0,-4.599999904632568,1.5036799907684326,0.027773022651672363,0.022369861602783203,0.00020834803581237793
23.999984741210938,124.32453155517578,6.727922439575195,0.0,0.0,0.0,0.0,-0.01,-0.0,-0.01,4.651142883300781,3.57971431187221,0.0,0.17299799621105194,0.0,0.0,0.0,0.0,0.0,0.0,0.0,0.0,0.0,0.0,2019.0,-4.599999904632568,0.0,0.027777910232543945,0.02237558364868164,0.00020837783813476562
23.993234634399414,123.65330505371094,6.551197528839111,0.0,0.0,0.0,0.0,-0.01,-0.0,-0.01,4.617285810198102,3.545857238769531,0.0,0.16041800379753113,0.0,0.0,0.0,0.0,0.0,0.0,0.2568124532699585,0.0,0.0,0.2568124532699585,2020.0,-4.599999904632568,-0.2568124532699585,0.0014239251613616943,0.003506988286972046,0.22737658023834229
23.98648452758789,56.37833023071289,6.125268459320068,0.0,0.0,0.0,0.0,-0.01,-0.0,-0.01,4.5907142639160154,3.5192856924874443,0.0,0.15603700280189514,0.0,0.0,0.0,0.0,0.0,0.0,1.841275930404663,0.0,0.0,1.841275930404663,2021.0,-4.599999904632568,-1.841275930404663,2.9802322387695312e-8,0.96848064661026,0.999887228012085
23.979734420776367,179.98004150390625,4.087071418762207,0.0,0.0,0.0,0.0,-0.01,-0.0,-0.01,4.57085712977818,3.499428558349609,0.0,0.16241399943828583,0.0,0.0,0.0,0.0,0.0,0.0,0.0,0.0,0.0,0.0,2022.0,-4.086948871612549,0.0,5.960464477539063e-8,0.018287062644958496,0.0
23.972984313964844,179.30880737304688,3.9212253093719482,0.0,0.0,0.0,0.0,-0.01,-0.0,-0.01,4.551999991280692,3.4805714198521205,0.0,0.18593700230121613,0.0,0.0,0.0,0.0,0.0,0.0,0.0,0.0,0.0,0.0,2023.0,-3.921107769012451,0.0,0.00023382902145385742,0.2865501642227173,0.0
23.96623420715332,178.6375732421875,3.731381893157959,0.0,0.0,0.0,0.0,-0.01,-0.0,-0.01,4.632642827715192,3.561214256286621,0.27689701318740845,0.0,0.0,0.6736059093447295,0.0,0.0,0.0,0.0,0.0,0.0,0.0,0.0,2024.0,0.7381029725074768,0.0,0.5653543472290039,0.8428672552108765,0.006714373826980591
23.959474563598633,177.96633911132812,4.404855728149414,0.0,0.0,0.0,0.0,0.26058600907214424,-0.0,-0.01,4.749428558349609,3.677999986921038,0.3118390142917633,0.0,0.0,0.0,3.0065109729766846,0.0,0.0,0.0,0.0,0.0,0.0,0.0,2025.0,-4.404723644256592,0.0,0.35314130783081055,0.6574164032936096,0.7089301943778992
23.952720642089844,177.29510498046875,4.404723644256592,0.0,0.0,0.0,0.0,0.43838508363548334,-0.0,-0.01,4.8837857382638115,3.81235716683524,0.3164609968662262,0.0,0.0,0.0,4.9820560889004515,0.07373290493499739,0.0,0.0,0.0,0.0,0.07373290493499739,0.0,2026.0,-4.4045915603637695,0.38610678911209106,2.980232238769531e-7,0.971738338470459,0.7392590641975403
23.999984741210938,166.50909423828125,4.4045915603637695,0.0,0.0,0.0,0.0,0.5774274243853401,-0.0,-0.01,5.089642878941127,4.018214307512556,0.31682899594306946,0.0,0.0,0.0,6.526970863342285,0.0,0.0,0.0,0.0,0.0,0.0,0.0,2027.0,-4.404459476470947,0.0,0.0,0.9577434062957764,0.48796600103378296
23.993234634399414,165.83786010742188,4.404459476470947,0.0,0.0,0.0,0.0,0.6589925178224771,-0.0,-0.01,5.230857113429478,4.1594285420009065,0.3062939941883087,0.0,0.0,0.0,7.4332496072859096,0.01720605830246919,0.0,0.0,0.0,0.0,0.01720605830246919,0.0,2028.0,-4.404327392578125,1.724740743637085,0.0,0.9999850988388062,0.00039145350456237793
23.999984741210938,157.6424102783203,4.404327392578125,0.0,0.0,0.0,0.0,0.693838437703323,-0.0,-0.01,5.296214321681431,4.22478575025286,0.31632301211357117,0.0,0.0,0.0,7.8204264640808105,0.0,0.0,0.0,0.0,0.0,0.0,0.0,2029.0,-4.404195308685303,0.008496960625052452,0.0,0.9999997615814209,3.2186508178710938e-6
23.993234634399414,156.97117614746094,4.404195308685303,0.0,0.0,0.0,0.0,0.6688846165823314,-0.0,-0.01,5.334428596496582,4.263000025068011,0.39716601371765137,0.0,0.0,0.0,7.543161806993697,0.016871991224076545,0.0,0.0,0.0,0.0,0.016871991224076545,0.0,2030.0,-4.4040632247924805,1.5343115329742432,0.0,0.9999997615814209,4.172325134277344e-7
23.999984741210938,145.43699645996094,4.4040632247924805,0.0,0.0,0.0,0.0,0.6100109220173586,-0.0,-0.01,5.359642791748047,4.2882142203194755,0.3140439987182617,0.0,0.0,0.0,6.889009697148006,0.0083964040788006,0.0,0.0,0.0,0.0,0.0083964040788006,0.0,2031.0,-4.403931140899658,1.3556922674179077,0.0,0.9999997019767761,2.086162567138672e-7
23.999984741210938,131.48936462402344,4.403931140899658,0.0,0.0,0.0,0.0,0.47817508113457263,-0.0,-0.01,5.379571451459612,4.30814288003104,0.32409700751304626,0.0,0.0,0.0,5.424167137087836,-0.00836465829755305,0.0,0.0,0.0,0.0,-0.00836465829755305,0.0,2032.0,-4.403799057006836,1.0182716846466064,0.0,1.0,2.5033950805664062e-6
23.999984741210938,104.12965393066406,4.403799057006836,0.0,0.0,0.0,0.0,-0.01,-0.0,-0.01,5.370999962942941,4.29957139151437,0.3145039975643158,0.0,0.0,2.919517753917688,0.0,0.5966461300849915,0.0,0.0,0.0,0.0,0.0,0.5966461300849915,2033.0,3.7804958820343018,-0.5966461300849915,0.9999999403953552,1.0,0.8291130065917969
23.993234634399414,152.65615844726562,7.323097229003906,0.0,0.0,0.0,0.0,-0.01,-0.0,-0.01,5.332999992370605,4.261571420942034,0.3852519989013672,0.0,0.0,1.3473766589140723,0.0,0.3346238136291504,0.0,0.0,0.0,0.0,0.0,0.3346238136291504,2034.0,1.8197479248046875,-0.3346238136291504,1.0,1.0,0.9958444237709045
23.98648452758789,179.33319091796875,8.67021369934082,0.0,0.0,0.0,0.0,-0.01,-0.0,-0.01,5.181285667419433,4.109857095990862,0.28404998779296875,0.22259998321533203,0.0,0.0,0.0,0.0,0.0,0.0,0.026055917039731365,0.0,0.026055917039731365,0.0,2035.0,-4.599999904632568,0.026055917143821716,1.0,1.0,0.9958423376083374
23.999984741210938,178.66195678710938,8.416231155395508,0.0,0.0,0.0,0.0,-0.01,-0.0,-0.01,5.065357153756278,3.9939285823277064,0.0,0.4709460139274597,0.0,0.0,0.0,0.0,0.0,0.0,0.00888421590650838,0.0,0.00888421590650838,0.0,2036.0,-4.599999904632568,1.9552276134490967,0.027780979871749878,0.022379040718078613,0.00020837783813476562
23.999984741210938,169.7931365966797,7.926370620727539,0.0,0.0,0.0,0.0,-0.01,-0.0,-0.01,5.003785760062081,3.9323571886335102,0.0,0.41366100311279297,0.0,0.0,0.0,0.0,0.0,0.0,0.0,0.0,0.0,0.0,2037.0,-4.599999904632568,0.0,0.02795785665512085,0.02258417010307312,0.00020962953567504883
23.993234634399414,169.1219024658203,7.504042625427246,0.0,0.0,0.0,0.0,-0.01,-0.0,-0.01,4.962642887660435,3.8912143162318635,0.0,0.39861899614334106,0.0,0.0,0.0,0.0,0.0,0.0,0.0,0.0,0.0,0.0,2038.0,-4.599999904632568,0.0,0.02784058451652527,0.02244815230369568,0.00020879507064819336
23.98648452758789,168.45066833496094,7.097075939178467,0.0,0.0,0.0,0.0,-0.01,-0.0,-0.01,4.928142901829311,3.8567143304007394,0.0,0.38435301184654236,0.0,0.0,0.0,0.0,0.0,0.0,0.0,0.0,0.0,0.0,2039.0,-4.599999904632568,0.0,0.02780267596244812,0.022404193878173828,0.0002085566520690918
23.979734420776367,167.77943420410156,6.704678058624268,0.0,0.0,0.0,0.0,-0.01,-0.0,-0.01,4.895071383884975,3.8236428124564035,0.0,0.30077099800109863,0.0,0.0,0.0,0.0,0.0,0.0,0.036772470192344045,0.0,0.036772470192344045,0.0,2040.0,-4.599999904632568,1.8959221839904785,0.027776241302490234,0.022373557090759277,0.00020834803581237793
23.999984741210938,159.0590057373047,6.360055446624756,0.0,0.0,0.0,0.0,-0.01,-0.0,-0.01,4.85978570665632,3.788357135227748,0.0,0.2221280038356781,0.0,0.0,0.0,0.0,0.0,0.0,0.0,0.0,0.0,0.0,2041.0,-4.599999904632568,0.0,0.02778109908103943,0.02237921953201294,0.00020837783813476562
23.993234634399414,158.3877716064453,6.133210182189941,0.0,0.0,0.0,0.0,-0.01,-0.0,-0.01,4.823500033787319,3.7520714623587472,0.0,0.18981599807739258,0.0,0.0,0.0,0.0,0.0,0.0,0.0,0.0,0.0,0.0,2042.0,-4.599999904632568,0.0,0.027780860662460327,0.022378891706466675,0.00020837783813476562
23.98648452758789,157.71653747558594,5.939342498779297,0.0,0.0,0.0,0.0,-0.01,-0.0,-0.01,4.788214288439069,3.716785648890904,0.0,0.17299799621105194,0.0,0.0,0.0,0.0,0.0,0.0,0.0,0.0,0.0,0.0,2043.0,-4.599999904632568,0.0,0.027782022953033447,0.02238026261329651,0.00020840764045715332
23.979734420776367,157.04530334472656,5.762640953063965,0.0,0.0,0.0,0.0,-0.01,-0.0,-0.01,4.756857136317661,3.6854285648890905,0.0,0.16041800379753113,0.0,0.0,0.0,0.0,0.0,0.0,0.0,0.0,0.0,0.0,2044.0,-4.599999904632568,0.0,1.6391277313232422e-6,0.0026230216026306152,1.1920928955078125e-7
23.972984313964844,156.3740692138672,5.598781108856201,0.0,0.0,0.0,0.0,-0.01,-0.0,-0.01,4.737285695757184,3.665857124328613,0.0,0.15603700280189514,0.0,0.0,0.0,0.0,0.0,0.0,0.0,0.0,0.0,0.0,2045.0,-4.599999904632568,0.0,4.470348358154297e-7,0.025611072778701782,5.960464477539063e-8
23.96623420715332,155.7028350830078,5.439396381378174,0.0,0.0,0.0,0.0,-0.01,-0.0,-0.01,4.727571432931082,3.656142861502511,0.0,0.16241399943828583,0.0,0.0,0.0,0.0,0.0,0.0,0.0,0.0,0.0,0.0,2046.0,-4.599999904632568,0.0,4.470348358154297e-7,0.025610893964767456,5.960464477539063e-8
23.959484100341797,155.03160095214844,5.273509502410889,0.0,0.0,0.0,0.0,-0.01,-0.0,-0.01,4.7173571722848076,3.645928600856236,0.0,0.3275200128555298,0.0,0.0,0.0,0.0,0.0,0.0,0.0,0.0,0.0,0.0,2047.0,-4.599999904632568,0.0,0.5653543472290039,0.8428672552108765,0.006714373826980591
23.95170021057129,154.36036682128906,4.939157485961914,0.0,0.0,0.0,0.0,0.025959921131301807,-0.0,-0.01,4.772928592136928,3.7015000207083566,0.3495500087738037,0.0,0.0,0.0,0.3995546474829357,0.07834532114117934,0.0,0.0,0.0,0.0,0.07834532114117934,0.0,2048.0,-4.599999904632568,1.4260116815567017,0.0273648202419281,0.021980971097946167,0.00023165345191955566
23.999984741210938,121.26392364501953,4.939009189605713,0.0,0.0,0.0,0.0,0.24194658931292684,-0.0,-0.01,4.900499970572335,3.829071399143764,0.3118390142917633,0.0,0.0,0.0,2.799406325444579,0.018054449930787086,0.0,0.0,0.0,0.0,0.0,0.018054449930787086,2049.0,-4.599999904632568,-0.018054449930787086,0.0,0.9817633628845215,0.5439969301223755
23.993234634399414,107.03759002685547,4.938860893249512,0.0,0.0,0.0,0.0,0.4318540161334665,-0.0,-0.01,5.004642840794155,3.933214269365583,0.3164609968662262,0.0,0.0,0.0,4.909488677978516,0.0,0.0,0.0,0.0,0.0,0.0,0.0,2050.0,-4.599999904632568,0.0,0.0,0.9513081312179565,0.2614338994026184
23.98648452758789,106.36636352539062,4.9387125968933105,0.0,0.0,0.0,0.0,0.5680223972020437,-0.0,-0.01,5.168428639003208,4.097000067574637,0.31682899594306946,0.0,0.0,0.0,6.422470569610596,0.0,0.0,0.0,0.0,0.0,0.0,0.0,2051.0,-4.599999904632568,0.009654240682721138,0.0,0.9974467754364014,0.019591480493545532
23.979734420776367,105.69513702392578,4.938564300537109,0.0,0.0,0.0,0.0,0.6565531357370293,-0.0,-0.01,5.275142887660435,4.2037143162318635,0.3062939941883087,0.0,0.0,0.0,7.406145364046097,0.032910555601119995,0.0,0.0,0.0,0.0,0.032910555601119995,0.0,2052.0,-4.599999904632568,0.032910555601119995,0.0,0.999808132648468,0.0026361942291259766
23.999025344848633,105.02391052246094,4.938416004180908,0.0,0.0,0.0,0.0,0.697258447588158,-0.0,-0.01,5.3176428386143275,4.246214267185756,0.31632301211357117,0.0,0.0,0.0,7.858426570892334,0.0,0.0,0.0,0.0,0.0,0.0,0.0,2053.0,-4.599999904632568,0.009397687390446663,0.0,0.9999573230743408,0.0003561973571777344
23.99227523803711,104.3526840209961,4.938267707824707,0.0,0.0,0.0,0.0,0.6837636229826569,-0.0,-0.01,5.338857187543597,4.2674286161150246,0.346560001373291,0.0,0.0,0.0,7.708484087192012,0.018056001461552066,0.0,0.0,0.0,0.0,0.018056001461552066,0.0,2054.0,-4.599999904632568,0.925338625907898,0.0,0.9999359250068665,2.4616718292236328e-5
23.999984741210938,95.73240661621094,4.938119888305664,0.0,0.0,0.0,0.0,0.6237732103485404,-0.0,-0.01,5.339357185363769,4.267928613935198,0.4079760015010834,0.0,0.0,0.0,7.041923999786377,0.0,0.0,0.0,0.0,0.0,0.0,0.0,2055.0,-4.599999904632568,0.0,0.0,0.9999013543128967,5.3942203521728516e-6
23.993234634399414,95.0611801147461,4.937972068786621,0.0,0.0,0.0,0.0,0.522533115273028,-0.0,-0.01,5.324214335850307,4.252785764421736,0.354110985994339,0.0,0.0,0.0,5.917034143901122,0.016904359364259023,0.0,0.0,0.0,0.0,0.016904359364259023,0.0,2056.0,-4.599999904632568,0.8018572926521301,0.0,0.9837198257446289,2.130866050720215e-5
23.999984741210938,85.4009017944336,4.937824249267578,0.0,0.0,0.0,0.0,-0.01,-0.0,-0.01,5.287000056675502,4.215571485246931,0.3145039975643158,0.0,0.0,3.054100451305942,0.0,1.140466570854187,0.0,0.0,0.0,0.0,0.0,1.140466570854187,2057.0,4.497495651245117,-1.140466570854187,1.0,1.0,0.9808374643325806
23.993234634399414,176.93206787109375,7.991684913635254,0.0,0.0,0.0,0.0,-0.01,-0.0,-0.01,5.215928568158831,4.144499996730259,0.3852519989013672,0.0,0.0,1.907418054585479,0.0,0.03865283355116844,0.0,0.0,0.0,0.0,0.0,0.03865283355116844,2058.0,2.008345127105713,-0.03865283355116844,1.0,1.0,0.9958438277244568
23.98648452758789,179.3330841064453,9.89880657196045,0.0,0.0,0.0,0.0,-0.01,-0.0,-0.01,5.067071451459612,3.9956428800310406,0.26980000734329224,0.23684996366500854,0.0,0.0,0.0,0.0,0.0,0.0,0.0,0.0,0.0,0.0,2059.0,-4.599999904632568,0.0,0.5653543472290039,0.8428672552108765,0.006714373826980591
23.979734420776367,178.66184997558594,9.65683364868164,0.0,0.0,0.0,0.0,-0.01,-0.0,-0.01,4.974571446010044,3.903142874581473,0.0,0.4709460139274597,0.0,0.0,0.0,0.0,0.0,0.0,0.0,0.0,0.0,0.0,2060.0,-4.599999904632568,0.0,0.5653543472290039,0.8428672552108765,0.006714373826980591
23.972984313964844,177.99061584472656,9.17600154876709,0.0,0.0,0.0,0.0,-0.01,-0.0,-0.01,4.950500025068011,3.879071453639439,0.0,0.41366100311279297,0.0,0.0,0.0,0.0,0.0,0.0,0.04545087719556792,0.0,0.04545087719556792,0.0,2061.0,-4.599999904632568,1.8116852045059204,0.02777409553527832,0.022371113300323486,0.00020834803581237793
23.999984741210938,154.80776977539062,8.707259178161621,0.0,0.0,0.0,0.0,-0.01,-0.0,-0.01,4.9339999607631135,3.8625713893345424,0.0,0.39861899614334106,0.0,0.0,0.0,0.0,0.0,0.0,0.009120739147834808,0.0,0.009120739147834808,0.0,2062.0,-4.599999904632568,1.0279793739318848,0.03577214479446411,0.010841578245162964,0.0007248222827911377
23.999984741210938,96.26303100585938,8.290949821472168,0.0,0.0,0.0,0.0,-0.01,-0.0,-0.01,4.921714319501604,3.850285748073033,0.0,0.4702349901199341,0.0,0.0,0.0,0.0,0.0,0.0,0.0,0.0,0.0,0.0,2063.0,-4.599999904632568,0.0,0.02777525782585144,0.022372454404830933,0.00020834803581237793
23.993234634399414,95.59180450439453,7.81088399887085,0.0,0.0,0.0,0.0,-0.01,-0.0,-0.01,4.908499935695103,3.8370713642665315,0.0,0.30077099800109863,0.0,0.0,0.0,0.0,0.0,0.0,0.0,0.0,0.0,0.0,2064.0,-4.599999904632568,0.0,0.02777513861656189,0.022372305393218994,0.00020834803581237793
23.98648452758789,94.92057800292969,7.503749847412109,0.0,0.0,0.0,0.0,-0.01,-0.0,-0.01,4.886642810276577,3.815214238848005,0.0,0.2221280038356781,0.0,0.0,0.0,0.0,0.0,0.0,0.0,0.0,0.0,0.0,2065.0,-4.599999904632568,0.0,0.027775347232818604,0.022372543811798096,0.00020834803581237793
23.979734420776367,94.24935150146484,7.276870250701904,0.0,0.0,0.0,0.0,-0.01,-0.0,-0.01,4.8566428048270085,3.7852142333984373,0.0,0.18981599807739258,0.0,0.0,0.0,0.0,0.0,0.0,0.0,0.0,0.0,0.0,2066.0,-4.599999904632568,0.0,0.027775168418884277,0.02237236499786377,0.00020834803581237793
23.972984313964844,93.578125,7.082968235015869,0.0,0.0,0.0,0.0,-0.01,-0.0,-0.01,4.821785736083984,3.750357164655413,0.0,0.17299799621105194,0.0,0.0,0.0,0.0,0.0,0.0,0.04666415743283517,0.0,0.04666415743283517,0.0,2067.0,-4.599999904632568,0.8994430899620056,0.0029550492763519287,0.01054731011390686,3.477931022644043e-5
23.999984741210938,84.69549560546875,6.858617782592773,0.0,0.0,0.0,0.0,-0.01,-0.0,-0.01,4.782571397508893,3.711142894199916,0.0,0.16041800379753113,0.0,0.0,0.0,0.0,0.0,0.0,0.0,0.0,0.0,0.0,2068.0,-4.599999904632568,0.0,1.1026859283447266e-6,0.002726525068283081,8.940696716308594e-8
23.993234634399414,84.0242691040039,6.694725036621094,0.0,0.0,0.0,0.0,-0.01,-0.0,-0.01,4.7477142606462746,3.676285689217704,0.0,0.15603700280189514,0.0,0.0,0.0,0.0,0.0,0.0,0.0,0.0,0.0,0.0,2069.0,-4.599999904632568,0.0,5.960464477539063e-8,0.03249543905258179,1.2814998626708984e-6
23.98648452758789,83.35304260253906,6.535307884216309,0.0,0.0,0.0,0.0,-0.01,-0.0,-0.01,4.722428539821079,3.6509999683925085,0.0,0.16241399943828583,0.0,0.0,0.0,0.0,0.0,0.0,0.0,0.0,0.0,0.0,2070.0,-4.599999904632568,0.0,0.0,0.22534283995628357,0.0009601414203643799
23.979734420776367,82.68181610107422,6.369388580322266,0.0,0.0,0.0,0.0,-0.01,-0.0,-0.01,4.706285694667271,3.6348571232387,0.0,0.18593700230121613,0.0,0.0,0.0,0.0,0.0,0.0,0.4048093259334564,0.0,0.0,0.4048093259334564,2071.0,-4.599999904632568,-0.4048093259334564,0.0,0.7352005839347839,0.5639466643333435
23.972984313964844,110.22954559326172,5.76641321182251,0.0,0.0,0.0,0.0,0.00458026942255247,-0.0,-0.01,4.769857147761753,3.698428508213588,0.27689701318740845,0.0,0.0,0.0,0.16200298070907593,0.0,0.0,0.0,0.0,0.0,0.0,0.0,2072.0,-4.599999904632568,0.0,0.5653543472290039,0.8428672552108765,0.006714373826980591
23.965194702148438,109.55831909179688,5.766240119934082,0.0,0.0,0.0,0.0,0.138097517544354,-0.0,-0.01,4.89064279283796,3.819214221409389,0.3118390142917633,0.0,0.0,0.0,1.6455278419402386,0.056633112535164246,0.0,0.0,0.0,0.0,0.056633112535164246,0.0,2073.0,-4.599999904632568,1.0986089706420898,0.12098145484924316,0.841129720211029,0.0013117492198944092
23.999984741210938,100.6754379272461,5.766067028045654,0.0,0.0,0.0,0.0,0.3159160157772697,-0.0,-0.01,5.004571451459612,3.9331428800310406,0.3164609968662262,0.0,0.0,0.0,3.621288776397705,0.0,0.0,0.0,0.0,0.0,0.0,0.0,2074.0,-4.599999904632568,0.0,0.0,0.999620258808136,0.019753575325012207
23.993234634399414,100.00421142578125,5.765893936157227,0.0,0.0,0.0,0.0,0.4477238971172865,-0.0,-0.01,5.118142890930176,4.046714319501604,0.31682899594306946,0.0,0.0,0.0,5.08582067489624,0.0,0.0,0.0,0.0,0.0,0.0,0.0,2075.0,-4.599999904632568,0.0,0.0,0.9554675221443176,0.08785450458526611
23.98648452758789,99.3329849243164,5.765720844268799,0.0,0.0,0.0,0.0,0.5188675871584857,-0.0,-0.01,5.191285760062081,4.11985718863351,0.3062939941883087,0.0,0.0,0.0,5.876306056976318,0.0,0.0,0.0,0.0,0.0,0.0,0.0,2076.0,-4.599999904632568,0.0,0.0,0.9913511276245117,0.005673050880432129
23.979734420776367,98.66175842285156,5.765547752380371,0.0,0.0,0.0,0.0,0.5482319846337598,-0.0,-0.01,5.2378570829118996,4.166428511483328,0.31632301211357117,0.0,0.0,0.0,6.202577114105225,0.0,0.0,0.0,0.0,0.0,0.0,0.0,2077.0,-4.599999904632568,0.0,0.0,0.9940990805625916,0.0003820955753326416
23.972984313964844,97.99053192138672,5.765374660491943,0.0,0.0,0.0,0.0,0.5305878115167443,-0.0,-0.01,5.268214307512555,4.196785736083984,0.3280690014362335,0.0,0.0,0.0,6.00653076171875,0.0,0.0,0.0,0.0,0.0,0.0,0.0,2078.0,-4.599999904632568,0.0,0.0,0.9652572870254517,3.0934810638427734e-5
23.96623420715332,97.31930541992188,5.765202045440674,0.0,0.0,0.0,0.0,0.4735390665959547,-0.0,-0.01,5.285214233398437,4.213785661969866,0.3140439987182617,0.0,0.0,0.0,5.372655868530273,0.0,0.0,0.0,0.0,0.0,0.0,0.0,2079.0,-4.599999904632568,0.0,0.0,0.9589197039604187,3.364682197570801e-5
23.959484100341797,96.64807891845703,5.765029430389404,0.0,0.0,0.0,0.0,-0.01,-0.0,-0.01,5.28264285496303,4.211214283534458,0.32409700751304626,0.0,0.0,3.0404121120445495,0.0,0.9728913903236389,0.0,0.0,0.0,0.0,0.0,0.9728913903236389,2080.0,4.234999656677246,-0.9728913903236389,0.9999999403953552,1.0,0.9659503102302551
23.952733993530273,174.5501251220703,8.805177688598633,0.0,0.0,0.0,0.0,0.11252187706885217,-0.0,-0.01,5.254571451459612,4.18314288003104,0.3145039975643158,0.0,0.0,1.1948223114013672,1.3613540814632088,0.06798548251390457,0.0,0.0,0.0,0.0,0.0,0.06798548251390457,2081.0,1.194852352142334,-0.06798548251390457,1.0,1.0,0.9958431124687195
23.94598388671875,179.33297729492188,9.999700546264648,0.0,0.0,0.0,0.0,0.10313953258212617,-0.0,0.0,5.1888571602957585,4.117428588867187,0.3852519989013672,0.0,0.0,0.0,1.1459947153925896,0.0780533030629158,0.0,0.0,0.0,0.0,0.0780533030629158,0.0,2082.0,0.00032945373095571995,0.0780533030629158,1.0,1.0,0.9958407878875732
23.999984741210938,178.6617431640625,9.999401092529297,0.0,0.0,0.0,0.0,-0.01,-0.0,-0.01,5.060571479797363,3.989142908368792,0.18619999289512634,0.32044997811317444,0.0,0.0,0.0,0.0,0.0,0.0,0.0,0.0,0.0,0.0,2083.0,-4.599999904632568,0.0,0.5653543472290039,0.8428672552108765,0.006714373826980591
23.993234634399414,177.99050903320312,9.672121047973633,0.0,0.0,0.0,0.0,-0.01,-0.0,-0.01,4.978714343479702,3.90728577205113,0.0,0.4709460139274597,0.0,0.0,0.0,0.0,0.0,0.0,0.018077444548194176,0.0,0.018077444548194176,0.0,2084.0,-4.599999904632568,1.9828288555145264,0.027780622243881226,0.022378653287887573,0.00020837783813476562
23.999984741210938,168.61253356933594,9.172842979431152,0.0,0.0,0.0,0.0,-0.01,-0.0,-0.01,4.959071377345493,3.887642805916922,0.0,0.41366100311279297,0.0,0.0,0.0,0.0,0.0,0.0,0.0,0.0,0.0,0.0,2085.0,-4.599999904632568,0.0,0.027892380952835083,0.022508203983306885,0.0002091825008392334
23.993234634399414,167.67047119140625,8.75047779083252,0.0,0.0,0.0,0.0,-0.01,-0.0,-0.01,4.947285733904157,3.8758571624755858,0.0,0.39861899614334106,0.0,0.0,0.0,0.0,0.0,0.0,0.018192285084477573,0.0,0.018192285084477573,0.0,2086.0,-4.599999904632568,1.8791871070861816,0.027776896953582764,0.022374361753463745,0.00020834803581237793
23.999984741210938,159.7135772705078,8.324910163879395,0.0,0.0,0.0,0.0,-0.01,-0.0,-0.01,4.939571462358747,3.8681428909301756,0.0,0.38435301184654236,0.0,0.0,0.0,0.0,0.0,0.0,0.0,0.0,0.0,0.0,2087.0,-4.599999904632568,0.0,0.027788281440734863,0.022387534379959106,0.00020843744277954102
23.993234634399414,159.04234313964844,7.932475566864014,0.0,0.0,0.0,0.0,-0.01,-0.0,-0.01,4.933928571428571,3.8625,0.0,0.30077099800109863,0.0,0.0,0.0,0.0,0.0,0.0,0.0,0.0,0.0,0.0,2088.0,-4.599999904632568,0.0,0.02778494358062744,0.022383689880371094,0.00020840764045715332
23.98648452758789,158.37110900878906,7.625337600708008,0.0,0.0,0.0,0.0,-0.01,-0.0,-0.01,4.915571430751255,3.844142859322684,0.0,0.2221280038356781,0.0,0.0,0.0,0.0,0.0,0.0,0.0,0.0,0.0,0.0,2089.0,-4.599999904632568,0.0,0.02778095006942749,0.022378981113433838,0.00020837783813476562
23.979734420776367,157.6998748779297,7.398454666137695,0.0,0.0,0.0,0.0,-0.01,-0.0,-0.01,4.880071449279785,3.808642877851214,0.0,0.18981599807739258,0.0,0.0,0.0,0.0,0.0,0.0,0.0,0.0,0.0,0.0,2090.0,-4.599999904632568,0.0,0.027780771255493164,0.0223788321018219,0.00020837783813476562
23.972984313964844,157.0286407470703,7.2045488357543945,0.0,0.0,0.0,0.0,-0.01,-0.0,-0.01,4.840071487426758,3.7686429159981865,0.0,0.17299799621105194,0.0,0.0,0.0,0.0,0.0,0.0,0.0,0.0,0.0,0.0,2091.0,-4.599999904632568,0.0,0.027782350778579712,0.022380709648132324,0.00020840764045715332
23.96623420715332,156.35740661621094,7.0278096199035645,0.0,0.0,0.0,0.0,-0.01,-0.0,-0.01,4.801071384974888,3.729642813546317,0.0,0.16041800379753113,0.0,0.0,0.0,0.0,0.0,0.0,0.0,0.0,0.0,0.0,2092.0,-4.599999904632568,0.0,3.2782554626464844e-7,0.004866123199462891,2.9802322387695312e-8
23.959484100341797,155.68617248535156,6.863912105560303,0.0,0.0,0.0,0.0,-0.01,-0.0,-0.01,4.768785694667271,3.6973571232387,0.0,0.15603700280189514,0.0,0.0,0.0,0.0,0.0,0.0,0.0,0.0,0.0,0.0,2093.0,-4.599999904632568,0.0,4.470348358154297e-7,0.02560889720916748,5.960464477539063e-8
23.951702117919922,155.0149383544922,6.704489707946777,0.0,0.0,0.0,0.0,-0.01,-0.0,-0.01,4.750500011444092,3.6790713718959265,0.0,0.16241399943828583,0.0,0.0,0.0,0.0,0.0,0.0,0.0,0.0,0.0,0.0,2094.0,-4.599999904632568,0.0,4.470348358154297e-7,0.02562236785888672,5.960464477539063e-8
23.761093139648438,154.3437042236328,6.538565158843994,0.0,0.0,0.0,0.0,-0.01,-0.0,-0.01,4.7426428249904085,3.6712141854422433,0.0,0.18593700230121613,0.0,0.0,0.0,0.0,0.0,0.0,0.0,0.0,0.0,0.0,2095.0,-4.599999904632568,0.0,4.470348358154297e-7,0.025609135627746582,5.960464477539063e-8
23.753284454345703,153.67247009277344,6.3486433029174805,0.0,0.0,0.0,0.0,0.00911176803602909,-0.0,-0.01,4.811999947684152,3.74057137625558,0.27689701318740845,0.0,0.0,0.0,0.2123529613018036,0.0,0.0,0.0,0.0,0.0,0.0,0.0,2096.0,-4.599999904632568,0.0,0.5653543472290039,0.8428672552108765,0.006714373826980591
23.74237823486328,153.00123596191406,6.348453044891357,0.0,0.0,0.0,0.0,0.12673769607048732,-0.0,-0.01,4.932499967302594,3.8610713958740233,0.3656480014324188,0.0,0.0,0.0,1.5193076133728027,0.1432943344116211,0.0,0.0,0.0,0.0,0.1432943344116211,0.0,2097.0,-4.599999904632568,0.1432943344116211,0.35313695669174194,0.6574111580848694,0.7089568376541138
23.83957290649414,144.04177856445312,6.348262786865234,0.0,0.0,0.0,0.0,0.3082210149940646,-0.0,-0.01,5.030571474347796,3.959142902919224,0.3164609968662262,0.0,0.0,0.0,3.5357887744903564,0.0,0.0,0.0,0.0,0.0,0.0,0.0,2098.0,-4.599999904632568,0.0,0.0020690560340881348,0.846759021282196,0.7711000442504883
23.831954956054688,143.37054443359375,6.348072528839111,0.0,0.0,0.0,0.0,0.44464592255321306,-0.0,-0.01,5.109928621564593,4.038500050136021,0.31682899594306946,0.0,0.0,0.0,5.051620960235596,0.0,0.0,0.0,0.0,0.0,0.0,0.0,2099.0,-4.599999904632568,0.0,2.384185791015625e-7,0.5702030658721924,0.7596359252929688
23.825204849243164,142.69931030273438,6.347882270812988,0.0,0.0,0.0,0.0,0.5256220766402916,-0.0,-0.01,5.152571487426758,4.0811429159981865,0.3062939941883087,0.0,0.0,0.0,5.951355934143066,0.0,0.0,0.0,0.0,0.0,0.0,0.0,2100.0,-4.599999904632568,0.0,1.2487173080444336e-5,0.008578687906265259,0.5804790258407593
23.81845474243164,142.028076171875,6.347692012786865,0.0,0.0,0.0,0.0,0.5625104786960637,-0.0,-0.01,5.181928580147879,4.110500008719308,0.31632301211357117,0.0,0.0,0.0,6.361227035522461,0.0,0.0,0.0,0.0,0.0,0.0,0.0,2101.0,-4.599999904632568,0.0,6.854534149169922e-7,0.06910821795463562,0.00873604416847229
23.811704635620117,141.35684204101562,6.347501754760742,0.0,0.0,0.0,0.0,0.541008827319657,-0.0,-0.01,5.203928620474679,4.132500049046108,0.37567999958992004,0.0,0.0,0.0,6.122319816993472,0.24985015447259204,0.0,0.0,0.0,0.0,0.24985015447259204,0.0,2102.0,-4.599999904632568,1.4230858087539673,0.0,0.9690502882003784,6.0170888900756836e-5
23.999984741210938,132.79161071777344,6.347311496734619,0.0,0.0,0.0,0.0,0.5286010884126867,-0.0,-0.01,5.2123571940830775,4.140928622654506,0.3140439987182617,0.0,0.0,0.0,5.9844560623168945,0.0,0.0,0.0,0.0,0.0,0.0,0.0,2103.0,-4.599999904632568,0.0,2.3245811462402344e-6,0.015609890222549438,0.0014105737209320068
23.993234634399414,132.12037658691406,6.347121238708496,0.0,0.0,0.0,0.0,0.43980232475616915,-0.0,-0.01,5.209285681588309,4.137857110159738,0.32409700751304626,0.0,0.0,0.0,4.997803211212158,0.0,0.0,0.0,0.0,0.0,0.0,0.0,2104.0,-4.599999904632568,0.0,0.002352505922317505,0.00017079710960388184,0.017772376537322998
23.98648452758789,131.4491424560547,6.346930980682373,0.0,0.0,0.0,0.0,-0.01,-0.0,-0.01,5.188214247567313,4.116785676138742,0.3145039975643158,0.0,0.0,2.739538689526512,0.0,0.6149985790252686,0.0,0.0,0.0,0.0,0.0,0.6149985790252686,2105.0,3.6064960956573486,-0.6149985790252686,1.0,1.0,0.995843768119812
23.979734420776367,179.3330841064453,9.086196899414062,0.0,0.0,0.0,0.0,0.020016238873457284,-0.0,-0.01,5.136142812456403,4.064714241027832,0.3852519989013672,0.0,0.0,0.9138031005859375,0.3335137387553454,0.10913212597370148,0.0,0.0,0.0,0.0,0.0,0.10913212597370148,2106.0,0.9138330817222595,-0.10913212597370148,1.0,1.0,0.9958425760269165
23.972984313964844,179.3328857421875,9.999700546264648,0.0,0.0,0.0,0.0,-0.01,-0.0,-0.01,5.044857106889997,3.9734285354614256,0.16910000145435333,0.33754998445510864,0.0,0.0,0.0,0.0,0.0,0.0,0.0,0.0,0.0,0.0,2107.0,-4.599999904632568,0.0,0.5653543472290039,0.8428672552108765,0.006714373826980591
23.96623420715332,178.66165161132812,9.654972076416016,0.0,0.0,0.0,0.0,-0.01,-0.0,-0.01,4.990571376255581,3.919142804827009,0.0,0.4709460139274597,0.0,0.0,0.0,0.0,0.0,0.0,0.0,0.0,0.0,0.0,2108.0,-4.599999904632568,0.0,0.5653543472290039,0.8428672552108765,0.006714373826980591
23.959484100341797,177.99041748046875,9.174139976501465,0.0,0.0,0.0,0.0,-0.01,-0.0,-0.01,4.9989285605294365,3.927499989100865,0.0,0.41366100311279297,0.0,0.0,0.0,0.0,0.0,0.0,0.0,0.0,0.0,0.0,2109.0,-4.599999904632568,0.0,0.5653543472290039,0.8428672552108765,0.006714373826980591
23.952733993530273,177.31918334960938,8.751774787902832,0.0,0.0,0.0,0.0,-0.01,-0.0,-0.01,4.99564288003104,3.924214308602469,0.0,0.39861899614334106,0.0,0.0,0.0,0.0,0.0,0.0,0.0720641423882996,0.0,0.0720641423882996,0.0,2110.0,-4.599999904632568,1.9672869443893433,0.027777105569839478,0.022374600172042847,0.00020834803581237793
23.999984741210938,168.0865936279297,8.271238327026367,0.0,0.0,0.0,0.0,-0.01,-0.0,-0.01,4.983214323861258,3.911785752432687,0.0,0.38435301184654236,0.0,0.0,0.0,0.0,0.0,0.0,0.0,0.0,0.0,0.0,2111.0,-4.599999904632568,0.0,0.027799218893051147,0.022400200366973877,0.0002085268497467041
23.993234634399414,167.4153594970703,7.878805160522461,0.0,0.0,0.0,0.0,-0.01,-0.0,-0.01,4.955785696847098,3.8843571254185267,0.0,0.30077099800109863,0.0,0.0,0.0,0.0,0.0,0.0,0.0,0.0,0.0,0.0,2112.0,-4.599999904632568,0.0,0.027790218591690063,0.02238979935646057,0.0002084672451019287
23.98648452758789,166.74412536621094,7.571669101715088,0.0,0.0,0.0,0.0,-0.01,-0.0,-0.01,4.9182143347603935,3.846785763331822,0.0,0.2221280038356781,0.0,0.0,0.0,0.0,0.0,0.0,0.0,0.0,0.0,0.0,2113.0,-4.599999904632568,0.0,0.027784019708633423,0.02238255739212036,0.00020840764045715332
23.979734420776367,166.07289123535156,7.34478759765625,0.0,0.0,0.0,0.0,-0.01,-0.0,-0.01,4.880714225769043,3.8092856543404716,0.0,0.18981599807739258,0.0,0.0,0.0,0.0,0.0,0.0,0.0,0.0,0.0,0.0,2114.0,-4.599999904632568,0.0,0.02778381109237671,0.022382289171218872,0.00020840764045715332
23.972984313964844,165.4016571044922,7.150883197784424,0.0,0.0,0.0,0.0,-0.01,-0.0,-0.01,4.846571459089007,3.775142887660435,0.0,0.17299799621105194,0.0,0.0,0.0,0.0,0.0,0.0,0.0,0.0,0.0,0.0,2115.0,-4.599999904632568,0.0,0.02778574824333191,0.022384613752365112,0.00020843744277954102
23.96623420715332,164.7304229736328,6.974145412445068,0.0,0.0,0.0,0.0,-0.01,-0.0,-0.01,4.819857134137835,3.7484285627092633,0.0,0.16041800379753113,0.0,0.0,0.0,0.0,0.0,0.0,0.0,0.0,0.0,0.0,2116.0,-4.599999904632568,0.0,2.980232238769531e-7,0.00564005970954895,2.9802322387695312e-8
23.959484100341797,164.05918884277344,6.810249328613281,0.0,0.0,0.0,0.0,-0.01,-0.0,-0.01,4.795285715375628,3.7238571439470562,0.0,0.15603700280189514,0.0,0.0,0.0,0.0,0.0,0.0,0.0,0.0,0.0,0.0,2117.0,-4.599999904632568,0.0,4.470348358154297e-7,0.025609135627746582,5.960464477539063e-8
23.951696395874023,163.38795471191406,6.6508283615112305,0.0,0.0,0.0,0.0,-0.01,-0.0,-0.01,4.771571445465088,3.7001429421561105,0.0,0.16241399943828583,0.0,0.0,0.0,0.0,0.0,0.0,0.0,0.0,0.0,0.0,2118.0,-4.599999904632568,0.0,4.470348358154297e-7,0.025608688592910767,5.960464477539063e-8
23.94389533996582,162.7167205810547,6.484905242919922,0.0,0.0,0.0,0.0,-0.01,-0.0,-0.01,4.756142834254673,3.6847142628261023,0.0,0.18593700230121613,0.0,0.0,0.0,0.0,0.0,0.0,0.0,0.0,0.0,0.0,2119.0,-4.599999904632568,0.0,4.470348358154297e-7,0.025610029697418213,5.960464477539063e-8
23.935062408447266,162.0454864501953,6.294984817504883,0.0,0.0,0.0,0.0,-0.01,-0.0,-0.01,4.791642883845737,3.7202142442975723,0.25459998846054077,0.022297024726867676,0.0,0.0,0.0,0.0,0.0,0.0,0.10407543216069215,0.0,0.10407543216069215,0.0,2120.0,-4.599999904632568,1.8537640571594238,0.5653543472290039,0.8428672552108765,0.006714373826980591
23.999984741210938,153.33148193359375,6.165848255157471,0.0,0.0,0.0,0.0,0.07248599111922473,-0.0,-0.01,4.873642866952078,3.802214295523507,0.3118390142917633,0.0,0.0,0.0,0.9165109395980835,0.0,0.0,0.0,0.0,0.0,0.0,0.0,2121.0,-4.599999904632568,0.0,0.35320132970809937,0.6574864387512207,0.7085626125335693
23.99116325378418,152.66024780273438,6.165663242340088,0.0,0.0,0.0,0.0,0.21438779004640593,-0.0,-0.01,4.963714272635324,3.8922857012067524,0.3164609968662262,0.0,0.0,0.0,2.4931974690407515,0.01754138059914112,0.0,0.0,0.0,0.0,0.01754138059914112,0.0,2122.0,-4.599999904632568,0.01754138059914112,2.384185791015625e-7,0.9994972944259644,0.018511712551116943
23.99747085571289,151.989013671875,6.165478229522705,0.0,0.0,0.0,0.0,0.3655751808812879,-0.0,-0.01,5.077571405683245,4.006142834254673,0.31682899594306946,0.0,0.0,0.0,4.173057233702845,0.01216348468094449,0.0,0.0,0.0,0.0,0.01216348468094449,0.0,2123.0,-4.599999904632568,0.05362708121538162,0.2799101769924164,0.5235397219657898,0.7183771133422852
23.999984741210938,139.05857849121094,6.165293216705322,0.0,0.0,0.0,0.0,0.4580770530761898,-0.0,-0.01,5.157357161385672,4.085928589957101,0.3062939941883087,0.0,0.0,0.0,5.200855731964111,0.0,0.0,0.0,0.0,0.0,0.0,0.0,2124.0,-4.599999904632568,0.0,0.022541731595993042,0.009994417428970337,0.6349059343338013
23.993234634399414,138.38734436035156,6.1651082038879395,0.0,0.0,0.0,0.0,0.49110491920351107,-0.0,-0.01,5.20085710797991,4.129428536551339,0.3630180060863495,0.0,0.0,0.0,5.567831993103027,0.0,0.0,0.0,0.0,0.0,0.0,0.0,2125.0,-4.599999904632568,0.0,0.0006544888019561768,0.0009165704250335693,0.12342476844787598
23.98648452758789,137.7161102294922,6.164923191070557,0.0,0.0,0.0,0.0,0.5010048032605467,-0.0,-0.01,5.225785745893206,4.154357174464634,0.3280690014362335,0.0,0.0,0.0,5.677830696105957,0.0,0.0,0.0,0.0,0.0,0.0,0.0,2126.0,-4.599999904632568,0.0,2.9802322387695312e-8,0.3348557949066162,0.00022777915000915527
23.979734420776367,137.0448760986328,6.164738178253174,0.0,0.0,0.0,0.0,0.4708885718098118,-0.0,-0.01,5.238499995640346,4.167071424211775,0.3140439987182617,0.0,0.0,0.0,5.34320592880249,0.0,0.0,0.0,0.0,0.0,0.0,0.0,2127.0,-4.599999904632568,0.0,2.9802322387695312e-8,0.28081458806991577,0.00025960803031921387
23.972984313964844,136.37364196777344,6.164553165435791,0.0,0.0,0.0,0.0,0.06825695064115801,-0.0,-0.01,5.240999984741211,4.16957141331264,0.32409700751304626,0.0,0.0,3.501833915710449,0.8695216046872747,0.04293161025588751,0.0,0.0,0.0,0.0,0.04293161025588751,0.0,2128.0,3.501833915710449,0.7561355233192444,0.9666357040405273,1.0,0.2672320604324341
23.999984741210938,123.21884155273438,9.666097640991211,0.0,0.0,0.0,0.0,0.23429865575746198,-0.0,-0.01,5.228642817905971,4.1572142464774,0.3145039975643158,0.0,0.0,0.33390235900878906,2.7144292926927815,0.0,0.0,0.0,0.0,0.0,0.0,0.0,2129.0,0.33393236994743347,0.00860677007585764,1.0,1.0,0.002809971570968628
23.993234634399414,122.54761505126953,9.999700546264648,0.0,0.0,0.0,0.0,0.09868821140699582,-0.0,-0.01,5.187071473257882,4.115642901829311,0.3852519989013672,0.0,0.0,0.0,1.2076466974359261,0.01735129984800938,0.0,0.0,0.0,0.0,0.01735129984800938,0.0,2130.0,-4.599999904632568,1.1425862312316895,0.9982191324234009,0.9999173879623413,0.010541409254074097
23.999984741210938,111.8687744140625,9.999401092529297,0.0,0.0,0.0,0.0,-0.01,-0.0,-0.01,5.080928611755371,4.0095000403268,0.15199999511241913,0.35464996099472046,0.0,0.0,0.0,0.0,0.0,0.0,0.0,0.0,0.0,0.0,2131.0,-4.599999904632568,0.0,0.027783215045928955,0.02238166332244873,0.00020840764045715332
23.993234634399414,111.19754791259766,9.637224197387695,0.0,0.0,0.0,0.0,-0.01,-0.0,-0.01,5.021357209341867,3.9499286379132954,0.0,0.4709460139274597,0.0,0.0,0.0,0.0,0.0,0.0,0.017923925487338434,0.0,0.017923925487338434,0.0,2132.0,-4.599999904632568,1.0709611177444458,0.027774125337600708,0.02237117290496826,0.00020834803581237793
23.999984741210938,101.15853881835938,9.138103485107422,0.0,0.0,0.0,0.0,-0.01,-0.0,-0.01,5.0052857535226005,3.933857182094029,0.0,0.41366100311279297,0.0,0.0,0.0,0.0,0.0,0.0,0.008990840645986374,0.0,0.008990840645986374,0.0,2133.0,-4.599999904632568,1.041169285774231,0.027774661779403687,0.022371768951416016,0.00020834803581237793
23.999984741210938,98.58086395263672,8.706564903259277,0.0,0.0,0.0,0.0,-0.01,-0.0,-0.01,4.99478566305978,3.923357091631208,0.0,0.39861899614334106,0.0,0.0,0.0,0.0,0.0,0.0,0.00900974128487021,0.0,0.00900974128487021,0.0,2134.0,-4.599999904632568,0.9513601064682007,0.028634756803512573,0.019137948751449585,0.0002212822437286377
23.999984741210938,91.61583709716797,8.290369033813477,0.0,0.0,0.0,0.0,-0.01,-0.0,-0.01,4.9867856979370115,3.9153571265084404,0.0,0.38435301184654236,0.0,0.0,0.0,0.0,0.0,0.0,0.0,0.0,0.0,0.0,2135.0,-4.599999904632568,0.0,0.027774661779403687,0.022371798753738403,0.00020834803581237793
23.993234634399414,90.94461059570312,7.897935390472412,0.0,0.0,0.0,0.0,-0.01,-0.0,-0.01,4.9657142639160154,3.8942856924874443,0.0,0.30077099800109863,0.0,0.0,0.0,0.0,0.0,0.0,0.0181247707141684,0.0,0.0181247707141684,0.0,2136.0,-4.599999904632568,0.6556999683380127,0.06192326545715332,0.012102276086807251,0.0010270476341247559
23.999984741210938,69.13309478759766,7.572304725646973,0.0,0.0,0.0,0.0,-0.01,-0.0,-0.01,4.941928536551339,3.870499965122768,0.0,0.2221280038356781,0.0,0.0,0.0,0.0,0.0,0.0,0.0,0.0,0.0,0.0,2137.0,-4.599999904632568,0.0,0.027774542570114136,0.022371679544448853,0.00020834803581237793
23.993234634399414,68.46186828613281,7.345423221588135,0.0,0.0,0.0,0.0,-0.01,-0.0,-0.01,4.917214339120047,3.845785767691476,0.0,0.18981599807739258,0.0,0.0,0.0,0.0,0.0,0.0,0.0,0.0,0.0,0.0,2138.0,-4.599999904632568,0.0,0.027774512767791748,0.022371619939804077,0.00020834803581237793
23.98648452758789,67.79064178466797,7.151518821716309,0.0,0.0,0.0,0.0,-0.01,-0.0,-0.01,4.885285731724331,3.813857160295759,0.0,0.17299799621105194,0.0,0.0,0.0,0.0,0.0,0.0,0.0,0.0,0.0,0.0,2139.0,-4.599999904632568,0.0,0.02701658010482788,0.022912293672561646,0.00018846988677978516
23.979734420776367,67.11941528320312,6.974781036376953,0.0,0.0,0.0,0.0,-0.01,-0.0,-0.01,4.853000041416713,3.7815714699881418,0.0,0.16041800379753113,0.0,0.0,0.0,0.0,0.0,0.0,0.0,0.0,0.0,0.0,2140.0,-4.599999904632568,0.0,3.3974647521972656e-6,0.036527156829833984,0.029353618621826172
23.972984313964844,66.44818878173828,6.810884952545166,0.0,0.0,0.0,0.0,-0.01,-0.0,-0.01,4.830214309692383,3.7587857382638115,0.0,0.15603700280189514,0.0,0.0,0.0,0.0,0.0,0.0,0.0,0.0,0.0,0.0,2141.0,-4.599999904632568,0.0,0.0,0.3090848922729492,0.10217002034187317
23.96623420715332,65.77696228027344,6.651463985443115,0.0,0.0,0.0,0.0,-0.01,-0.0,-0.01,4.812214251926967,3.7407856804983957,0.0,0.16241399943828583,0.0,0.0,0.0,0.0,0.0,0.0,0.504508376121521,0.0,0.0,0.504508376121521,2142.0,-4.599999904632568,-0.504508376121521,0.0,0.8581371307373047,0.5081341862678528
23.959484100341797,101.29954528808594,5.970751762390137,0.0,0.0,0.0,0.0,-0.01,-0.0,-0.01,4.798714310782296,3.7272857393537246,0.0,0.18593700230121613,0.0,0.0,0.0,0.0,0.0,0.0,0.0,0.0,0.0,0.0,2143.0,-4.599999904632568,0.0,5.066394805908203e-7,0.03026682138442993,5.960464477539063e-8
23.952733993530273,100.6283187866211,5.78084659576416,0.0,0.0,0.0,0.0,-0.01,-0.0,-0.01,4.850071443830218,3.778642872401646,0.27689701318740845,0.0,0.0,0.2788619369898413,0.0,0.0,0.0,0.0,0.0,0.0,0.0,0.0,2144.0,0.31410300731658936,0.0,0.9214833974838257,0.9425010085105896,0.0
23.94598388671875,99.95709228515625,6.0595269203186035,0.0,0.0,0.0,0.0,0.13516551061296478,-0.0,-0.01,4.94007146017892,3.868642888750349,0.3118390142917633,0.0,0.0,0.0,1.6129499897360802,0.08161089569330215,0.0,0.0,0.0,0.0,0.08161089569330215,0.0,2145.0,-4.599999904632568,0.08161089569330215,0.0,0.9999445676803589,3.8743019104003906e-7
23.99970817565918,99.2858657836914,6.059345245361328,0.0,0.0,0.0,0.0,0.21162299391404088,-0.0,-0.01,5.030999946594238,3.959571375165667,0.3164609968662262,0.0,0.0,0.0,2.462477514455876,0.009311368753352598,0.0,0.0,0.0,0.0,0.009311368753352598,0.0,2146.0,-4.599999904632568,0.9361007809638977,0.0,0.9999997019767761,6.607174873352051e-5
23.999984741210938,91.09298706054688,6.059163570404053,0.0,0.0,0.0,0.0,0.2542374129484015,-0.0,-0.01,5.08785719190325,4.016428620474679,0.31682899594306946,0.0,0.0,0.0,2.9359710216522217,0.0,0.0,0.0,0.0,0.0,0.0,0.0,2147.0,-4.599999904632568,0.008844926953315735,0.0,1.0,3.5762786865234375e-7
23.993234634399414,90.42176055908203,6.058981895446777,0.0,0.0,0.0,0.0,0.3191859880048488,-0.0,-0.01,5.133000046866281,4.0615714754377095,0.3062939941883087,0.0,0.0,0.0,3.657621798261095,0.01753407980592172,0.0,0.0,0.0,0.0,0.01753407980592172,0.0,2148.0,-4.599999904632568,0.7860031723976135,0.0,0.9953544735908508,0.00010591745376586914
23.999984741210938,81.239013671875,6.058800220489502,0.0,0.0,0.0,0.0,0.40082999633391475,-0.0,-0.01,5.176214299883161,4.10478572845459,0.31632301211357117,0.0,0.0,0.0,4.564777374267578,0.0,0.0,0.0,0.0,0.0,0.0,0.0,2149.0,-4.599999904632568,0.0,0.0,0.8227115869522095,0.00010877847671508789
23.993234634399414,80.56778717041016,6.058618545532227,0.0,0.0,0.0,0.0,0.4237983333109464,-0.0,-0.01,5.216571480887277,4.145142909458706,0.3280690014362335,0.0,0.0,0.0,4.819981098175049,0.0,0.0,0.0,0.0,0.0,0.0,0.0,2150.0,-4.599999904632568,0.0,1.7881393432617188e-7,0.22723951935768127,0.0005370974540710449
23.98648452758789,79.89656066894531,6.058436870574951,0.0,0.0,0.0,0.0,0.39872011898839943,-0.0,-0.01,5.248571477617536,4.177142906188965,0.3140439987182617,0.0,0.0,0.0,4.54133429451383,0.025721884532800797,0.0,0.0,0.0,0.0,0.025721884532800797,0.0,2151.0,-4.599999904632568,0.6208370923995972,9.506940841674805e-6,0.0059893131256103516,0.002390235662460327
23.999984741210938,70.11530303955078,6.058255195617676,0.0,0.0,0.0,0.0,-0.01,-0.0,-0.01,5.271071379525321,4.199642808096749,0.32409700751304626,0.0,0.0,3.9035391852036128,0.0,0.0,0.0,0.0,0.0,0.0,0.0,0.0,2152.0,3.9416308403015137,0.0,0.9999856352806091,0.9991214275360107,0.17034924030303955
23.993234634399414,69.44407653808594,9.961495399475098,0.0,0.0,0.0,0.0,0.22073056194818677,-0.0,-0.01,5.273214285714285,4.201785714285714,0.3145039975643158,0.0,0.0,0.03848787024617195,2.563672706793003,0.0,0.0,0.0,0.0,0.0,0.0,0.0,2153.0,0.03848787024617195,0.0,0.9999953508377075,0.7549848556518555,0.01063951849937439
23.98648452758789,68.7728500366211,9.999683380126953,0.0,0.0,0.0,0.0,0.08468263608081944,-0.0,-0.01,5.249214254106794,4.1777856826782225,0.3852519989013672,0.0,0.0,0.0,1.0520292061791114,0.025718734838039502,0.0,0.0,0.0,0.0,0.025718734838039502,0.0,2154.0,-4.599999904632568,0.42344576120376587,0.03865259885787964,0.0007134974002838135,0.013652175664901733
23.999984741210938,56.109561920166016,9.999383926391602,0.0,0.0,0.0,0.0,-0.01,-0.0,-0.01,5.154214259556362,4.082785688127791,0.13965000212192535,0.3669999837875366,0.0,0.0,0.0,0.0,0.0,0.0,0.0,0.0,0.0,0.0,2155.0,-4.599999904632568,0.0,0.7504020929336548,0.17817169427871704,0.00587153434753418
23.993234634399414,55.438331604003906,9.624605178833008,0.0,0.0,0.0,0.0,-0.01,-0.0,-0.01,5.079785701206752,4.008357129778181,0.0,0.4709460139274597,0.0,0.0,0.0,0.0,0.0,0.0,0.0,0.0,0.0,0.0,2156.0,-4.599999904632568,0.0,0.24097904562950134,0.10176491737365723,0.015208125114440918
23.98648452758789,54.7671012878418,9.143774032592773,0.0,0.0,0.0,0.0,-0.01,-0.0,-0.01,5.05728566305978,3.985857091631208,0.0,0.4277629852294922,0.0,0.0,0.0,0.0,0.0,0.0,0.0,0.0,0.0,0.0,2157.0,-4.599999904632568,0.0,0.25700199604034424,0.09226381778717041,0.02280929684638977
23.979734420776367,54.09587097167969,8.707019805908203,0.0,0.0,0.0,0.0,-0.01,-0.0,-0.01,5.042500032697405,3.9710714612688336,0.0,0.39861899614334106,0.0,0.0,0.0,0.0,0.0,0.0,0.0,0.0,0.0,0.0,2158.0,-4.599999904632568,0.0,0.23733246326446533,0.07701602578163147,0.02123919129371643
23.972984313964844,53.42464065551758,8.300017356872559,0.0,0.0,0.0,0.0,-0.01,-0.0,-0.01,5.029142870221819,3.9577142987932477,0.0,0.42986300587654114,0.0,0.0,0.0,0.0,0.0,0.0,0.8183802962303162,0.0,0.0,0.8183802962303162,2159.0,-4.599999904632568,-0.8183802962303162,0.03228592872619629,0.03397977352142334,0.4258565604686737
23.96623420715332,88.1351318359375,7.026089191436768,0.0,0.0,0.0,0.0,-0.01,-0.0,-0.01,5.011714335850307,3.9402857644217355,0.0,0.30077099800109863,0.0,0.0,0.0,0.0,0.0,0.0,0.09867648780345917,0.0,0.0,0.09867648780345917,2160.0,-4.599999904632568,-0.09867648780345917,0.016185373067855835,0.014334619045257568,0.1834971308708191
23.959484100341797,49.35762405395508,6.61829137802124,0.0,0.0,0.0,0.0,-0.01,-0.0,-0.01,4.992714282444545,3.921285711015974,0.0,0.2221280038356781,0.0,0.0,0.0,0.0,0.0,0.0,0.5654761791229248,0.0,0.0,0.5654761791229248,2161.0,-4.599999904632568,-0.5654761791229248,0.012322992086410522,0.015387654304504395,0.3272990584373474
23.952733993530273,72.36593627929688,5.814439296722412,0.0,0.0,0.0,0.0,-0.01,-0.0,-0.01,4.973500061035156,3.902071489606585,0.0,0.18981599807739258,0.0,0.0,0.0,0.0,0.0,0.0,0.0,0.0,0.0,0.0,2162.0,-4.599999904632568,0.0,0.022587567567825317,0.02771487832069397,9.450316429138184e-5
23.94598388671875,71.69470977783203,5.620581150054932,0.0,0.0,0.0,0.0,-0.01,-0.0,-0.01,4.9537143162318635,3.8822857448032924,0.0,0.17299799621105194,0.0,0.0,0.0,0.0,0.0,0.0,0.0,0.0,0.0,0.0,2163.0,-4.599999904632568,0.0,0.020301222801208496,0.0323294997215271,5.9723854064941406e-5
23.939233779907227,71.02348327636719,5.443889141082764,0.0,0.0,0.0,0.0,-0.01,-0.0,-0.01,4.930999973842075,3.859571402413504,0.0,0.16041800379753113,0.0,0.0,0.0,0.0,0.0,0.0,0.0,0.0,0.0,0.0,2164.0,-4.599999904632568,0.0,0.00034043192863464355,0.010063886642456055,5.304813385009766e-6
23.932483673095703,70.35225677490234,5.280038833618164,0.0,0.0,0.0,0.0,-0.01,-0.0,-0.01,4.90799993787493,3.8365713664463588,0.0,0.15603700280189514,0.0,0.0,0.0,0.0,0.0,0.0,0.0,0.0,0.0,0.0,2165.0,-4.599999904632568,0.0,0.0,0.13563749194145203,0.0008823573589324951
23.92573356628418,69.6810302734375,5.120663642883301,0.0,0.0,0.0,0.0,-0.01,-0.0,-0.01,4.88835710797991,3.8169285365513392,0.0,0.16241399943828583,0.0,0.0,0.0,0.0,0.0,0.0,0.0,0.0,0.0,0.0,2166.0,-4.599999904632568,0.0,0.0,0.7438551187515259,0.055147767066955566
23.918983459472656,69.00980377197266,4.95478630065918,0.0,0.0,0.0,0.0,-0.01,-0.0,-0.01,4.87749993460519,3.8060713631766183,0.0,0.18593700230121613,0.0,0.0,0.0,0.0,0.0,0.0,1.5539603233337402,0.0,0.0,1.5539603233337402,2167.0,-4.599999904632568,-1.5539603233337402,8.940696716308594e-8,0.2761974334716797,0.9107714891433716
23.912233352661133,165.7215118408203,3.1792855262756348,0.0,0.0,0.0,0.0,-0.008556288982244139,-0.0,-0.01,4.9253570829118996,3.8539285114833284,0.27689701318740845,0.0,0.0,0.0,0.016041232255778054,0.1279117334806111,0.0,0.0,0.0,0.0,0.1279117334806111,0.0,2168.0,-3.179190158843994,1.7654752731323242,0.027776002883911133,0.022373318672180176,0.00020834803581237793
23.999984741210938,150.51878356933594,3.179190158843994,0.0,0.0,0.0,0.0,0.1657280189424365,-0.0,-0.01,5.012785720825195,3.941357149396624,0.3118390142917633,0.0,0.0,0.0,1.9525333886314349,0.008977388842014862,0.0,0.0,0.0,0.0,0.008977388842014862,0.0,2169.0,-3.1790947914123535,0.08517836034297943,0.0007262527942657471,0.008462727069854736,0.11203780770301819
23.999984741210938,44.362545013427734,3.1790947914123535,0.0,0.0,0.0,0.0,0.19999740242937325,-0.0,-0.01,5.146499988010952,4.0750714165823805,0.3164609968662262,0.0,0.0,0.0,2.333304286003113,1.96438467502594,0.0,0.0,0.0,0.0,0.0,1.96438467502594,2170.0,-3.178999423980713,-1.96438467502594,0.00035250186920166016,0.11688029766082764,0.9496187567710876
23.993234634399414,171.93707275390625,3.178999423980713,0.0,0.0,0.0,0.0,0.5215909465052417,-0.0,-0.01,5.2464999607631135,4.175071389334542,0.31682899594306946,0.0,0.0,0.0,5.906565602868795,0.0171547569334507,0.0,0.0,0.0,0.0,0.0171547569334507,0.0,2171.0,-3.1789040565490723,0.0171547569334507,0.0,1.0,1.7881393432617188e-7
23.999984741210938,171.26583862304688,3.1789040565490723,0.0,0.0,0.0,0.0,0.6121547763484425,-0.0,-0.01,5.309714262826102,4.238285691397531,0.3062939941883087,0.0,0.0,0.0,6.912830298933624,0.008475357499481584,0.0,0.0,0.0,0.0,0.008475357499481584,0.0,2172.0,-3.1788086891174316,1.7533750534057617,0.0,1.0,5.960464477539063e-8
23.999984741210938,162.51560974121094,3.1788086891174316,0.0,0.0,0.0,0.0,0.62082149273725,-0.0,-0.01,5.35478572845459,4.2833571570260185,0.31632301211357117,0.0,0.0,0.0,7.009127140045166,0.0,0.0,0.0,0.0,0.0,0.0,0.0,2173.0,-3.178713321685791,0.008404020220041275,0.0,1.0,0.0
23.993234634399414,161.84437561035156,3.178713321685791,0.0,0.0,0.0,0.0,0.5708582455954664,-0.0,-0.01,5.383714348929269,4.312285777500698,0.3280690014362335,0.0,0.0,0.0,6.453979993700036,4.521617799993193e-7,0.0,0.0,0.0,0.0,4.521617799993193e-7,0.0,2174.0,-3.1786179542541504,1.5382102727890015,0.0,1.0,2.9802322387695312e-8
23.999984741210938,147.2095947265625,3.1786179542541504,0.006734741851687431,0.0,0.0,0.0,0.47826130636004754,-0.006734741851687431,-0.01,5.399071366446359,4.327642795017788,0.3140439987182617,0.0,0.0,0.0,5.499955654144287,0.0,0.0,0.0,0.0,0.0,0.0,0.0,2175.0,-3.1785225868225098,-0.008334447629749775,0.0,1.0,5.960464477539063e-8
24.00673484802246,146.53836059570312,3.1785225868225098,0.013484848663210869,0.0,0.0,0.0,0.38142995364286725,-0.013484848663210869,-0.01,5.4048571722848076,4.3334286008562355,0.32409700751304626,0.0,0.0,0.0,4.499053001403809,0.0,0.0,0.0,0.0,0.0,0.0,0.0,2176.0,-3.178427219390869,0.0,0.02718445658683777,1.0,0.0028213858604431152
24.013484954833984,145.86712646484375,3.178427219390869,0.020234955474734306,0.0,0.0,0.0,-0.03023495547473431,-0.020234955474734306,-0.01,5.393857084001813,4.322428512573242,0.3145039975643158,0.0,0.0,2.399856901384993,0.0,0.25386255979537964,0.0,0.0,0.0,0.0,0.0,0.25386255979537964,2177.0,2.8614962100982666,-0.25386255979537964,1.0,1.0,0.9140117168426514
24.020235061645508,166.23995971679688,5.5781168937683105,0.013485061004757881,0.0,0.0,0.0,-0.023485061004757883,-0.013485061004757881,-0.01,5.357571411132812,4.286142839704241,0.3852519989013672,0.0,0.0,0.8017828233126778,0.0,0.16745224595069885,0.0,0.0,0.0,0.0,0.0,0.16745224595069885,2178.0,1.0577479600906372,-0.16745224595069885,1.0,1.0,0.9958447813987732
24.013484954833984,179.33323669433594,6.379708290100098,0.0,0.0,0.0,0.0,-0.01,-0.0,-0.01,5.2513571602957585,4.179928588867187,0.10260000079870224,0.40404996275901794,0.0,0.0,0.0,0.0,0.0,0.0,-0.008569155542221863,0.0,-0.008569155542221863,0.0,2179.0,-4.599999904632568,0.05029693618416786,1.0,1.0,0.9081405997276306
23.999984741210938,169.33250427246094,5.975977420806885,0.0,0.0,0.0,0.0,-0.01,-0.0,-0.01,5.181357192993164,4.109928621564593,0.0,0.4709460139274597,0.0,0.0,0.0,0.0,0.0,0.0,0.11679238826036453,0.0,0.0,0.11679238826036453,2180.0,-4.599999904632568,-0.11679238826036453,1.0,1.0,0.9866799712181091
23.993234634399414,177.8668670654297,5.3760833740234375,0.0,0.0,0.0,0.0,-0.01,-0.0,-0.01,5.149499974931989,4.078071403503418,0.0,0.4234369993209839,0.0,0.0,0.0,0.0,0.0,0.0,0.017477897447070477,0.0,0.017477897447070477,0.0,2181.0,-4.599999904632568,0.01747789792716503,0.9999994039535522,1.0,0.24376368522644043
23.999984741210938,177.1956329345703,4.926022529602051,0.0,0.0,0.0,0.0,-0.01,-0.0,-0.01,5.125785773141043,4.054357201712472,0.0,0.39861899614334106,0.0,0.0,0.0,0.0,0.0,0.0,0.0,0.0,0.0,0.0,2182.0,-4.599999904632568,0.0,0.027781516313552856,0.02237972617149353,0.00020840764045715332
23.993234634399414,176.52439880371094,4.5191330909729,0.0,0.0,0.0,0.0,-0.01,-0.0,-0.01,5.1066428048270085,4.035214233398437,0.0,0.38435301184654236,0.0,0.0,0.0,0.0,0.0,0.0,0.01762457957319421,0.0,0.01762457957319421,0.0,2183.0,-4.518997669219971,1.9082624912261963,0.027774959802627563,0.022372126579284668,0.00020834803581237793
23.999984741210938,167.70672607421875,4.108828544616699,0.0,0.0,0.0,0.0,-0.01,-0.0,-0.01,5.09242856161935,4.020999990190779,0.0,0.30077099800109863,0.0,0.0,0.0,0.0,0.0,0.0,0.0,0.0,0.0,0.0,2184.0,-4.108705520629883,0.0,0.02777761220932007,0.022375166416168213,0.00020837783813476562
23.993234634399414,167.03549194335938,3.8018054962158203,0.0,0.0,0.0,0.0,-0.01,-0.0,-0.01,5.077571405683245,4.006142834254673,0.0,0.2221280038356781,0.0,0.0,0.0,0.0,0.0,0.0,0.0,0.0,0.0,0.0,2185.0,-3.8016915321350098,0.0,0.027778595685958862,0.022376328706741333,0.00020837783813476562
23.98648452758789,166.3642578125,3.5750370025634766,0.0,0.0,0.0,0.0,-0.01,-0.0,-0.01,5.060714258466448,3.9892856870378766,0.0,0.18981599807739258,0.0,0.0,0.0,0.0,0.0,0.0,0.0,0.0,0.0,0.0,2186.0,-3.574929714202881,0.0,0.027778446674346924,0.022376149892807007,0.00020837783813476562
23.979734420776367,165.69302368164062,3.3812458515167236,0.0,0.0,0.0,0.0,-0.01,-0.0,-0.01,5.043500028337751,3.9720714569091795,0.0,0.17299799621105194,0.0,0.0,0.0,0.0,0.0,0.0,0.03569026777871016,0.0,0.03569026777871016,0.0,2187.0,-3.3811445236206055,1.7371469736099243,0.023006528615951538,0.02090996503829956,0.00017878413200378418
23.999984741210938,152.35623168945312,3.168203592300415,0.0,0.0,0.0,0.0,-0.01,-0.0,-0.01,5.026142883300781,3.95471431187221,0.0,0.16041800379753113,0.0,0.0,0.0,0.0,0.0,0.0,0.0,0.0,0.0,0.0,2188.0,-3.1681087017059326,0.0,1.6093254089355469e-6,0.002904564142227173,0.0
23.993234634399414,151.68499755859375,3.0044217109680176,0.0,0.0,0.0,0.0,-0.01,-0.0,-0.01,5.001499938964844,3.9300713675362724,0.0,0.15603700280189514,0.0,0.0,0.0,0.0,0.0,0.0,0.0,0.0,0.0,0.0,2189.0,-3.004331588745117,0.0,3.5762786865234375e-7,0.006270289421081543,0.0
23.98648452758789,151.01376342773438,2.8451149463653564,0.0,0.0,0.0,0.0,-0.01,-0.0,-0.01,4.986428615025112,3.91500004359654,0.0,0.16241399943828583,0.0,0.0,0.0,0.0,0.0,0.0,0.0,0.0,0.0,0.0,2190.0,-2.845029592514038,0.0,7.152557373046875e-7,0.024028658866882324,0.0
23.979734420776367,150.342529296875,2.6793060302734375,0.0,0.0,0.0,0.0,-0.01,-0.0,-0.01,4.956499998910086,3.885071427481515,0.0,0.18593700230121613,0.0,0.0,0.0,0.0,0.0,0.0,0.0,0.0,0.0,0.0,2191.0,-2.6792256832122803,0.0,8.764863014221191e-5,0.16130387783050537,0.0
23.972984313964844,149.67129516601562,2.489499807357788,0.0,0.0,0.0,0.0,-0.01,-0.0,-0.01,4.914642824445452,3.8432142530168805,0.097850002348423,0.17904701828956604,0.0,0.0,0.0,0.0,0.0,0.0,0.0,0.0,0.0,0.0,2192.0,-2.4894251823425293,0.0,0.00022467970848083496,0.284102201461792,0.0
23.96623420715332,149.00006103515625,2.306729555130005,0.0,0.0,0.0,0.0,0.017843535301023034,-0.0,-0.01,4.8924286161150246,3.8210000446864534,0.3118390142917633,0.0,0.0,0.0,0.30937258986908656,0.055188401656563496,0.0,0.0,0.0,0.0,0.055188401656563496,0.0,2193.0,-2.3066604137420654,1.6113545894622803,0.027782797813415527,0.022381186485290527,0.00020840764045715332
23.999984741210938,138.11004638671875,2.3066604137420654,0.0,0.0,0.0,0.0,0.09276101452199685,-0.0,-0.01,4.892857088361468,3.821428516932896,0.3164609968662262,0.0,0.0,0.0,1.1417889595031738,0.0,0.0,0.0,0.0,0.0,0.0,0.0,2194.0,-2.306591272354126,0.009197433479130268,0.0,1.0,0.0
23.993234634399414,137.43881225585938,2.306591272354126,0.0,0.0,0.0,0.0,0.15409136031052276,-0.0,-0.01,4.909071459089007,3.837642887660435,0.31682899594306946,0.0,0.0,0.0,1.8232371918857098,0.018333900719881058,0.0,0.0,0.0,0.0,0.018333900719881058,0.0,2195.0,-2.3065221309661865,0.018333900719881058,0.0,1.0,0.0
23.999984741210938,136.767578125,2.3065221309661865,0.0,0.0,0.0,0.0,0.21970306791488758,-0.0,-0.01,4.927428599766323,3.856000028337751,0.3062939941883087,0.0,0.0,0.0,2.5522561073303223,0.0,0.0,0.0,0.0,0.0,0.0,0.0,2196.0,-2.306452989578247,0.009132903069257736,0.0,1.0,0.0
23.993234634399414,136.09634399414062,2.306452989578247,0.0,0.0,0.0,0.0,0.29402643757239694,-0.0,-0.01,4.943642834254673,3.872214262826102,0.31632301211357117,0.0,0.0,0.0,3.3780712601171996,0.018205690718982225,0.0,0.0,0.0,0.0,0.018205690718982225,0.0,2197.0,-2.3063838481903076,0.018205691128969193,0.0,1.0,0.0
23.999984741210938,135.42510986328125,2.3063838481903076,0.0,0.0,0.0,0.0,0.3325221730244241,-0.0,-0.01,4.956428609575544,3.8850000381469725,0.3280690014362335,0.0,0.0,0.0,3.805801620035657,0.00907946631383063,0.0,0.0,0.0,0.0,0.00907946631383063,0.0,2198.0,-2.306314706802368,1.3847973346710205,0.0,1.0,1.4901161193847656e-7
23.999984741210938,123.17451477050781,2.306314706802368,0.0,0.0,0.0,0.0,0.2881750629882054,-0.0,-0.01,4.955928611755371,3.8845000403267997,0.3140439987182617,0.0,0.0,0.0,3.313055992126465,0.0,0.0,0.0,0.0,0.0,0.0,0.0,2199.0,-2.3062455654144287,0.009080382063984871,0.00013008713722229004,1.0,0.0005644261837005615
23.993234634399414,122.50328826904297,2.3062455654144287,0.0,0.0,0.0,0.0,-0.01,-0.0,-0.01,4.930499976021903,3.8590714045933314,0.32409700751304626,0.0,0.0,1.086612624812858,0.0,0.817664623260498,0.0,0.0,0.0,0.0,0.0,0.817664623260498,2200.0,2.044903039932251,-0.817664623260498,1.0,1.0,0.9481514692306519
23.98648452758789,171.70233154296875,3.392756462097168,0.0,0.0,0.0,0.0,-0.01,-0.0,-0.01,4.892500005449567,3.821071434020996,0.5026990175247192,0.0,0.0,0.7648981802024046,0.0,0.1132926419377327,0.0,0.0,0.0,0.0,0.0,0.1132926419377327,2201.0,0.9673010110855103,-0.1132926419377327,1.0,1.0,0.9958447813987732
23.979734420776367,179.33323669433594,4.157529830932617,0.0,0.0,0.0,0.0,-0.01,-0.0,-0.01,4.84285717010498,3.771428598676409,0.3852519989013672,0.0,0.0,0.12001824284730134,0.0,0.10978035628795624,0.0,0.0,0.0,0.0,0.0,0.10978035628795624,2202.0,0.2647479772567749,-0.10978035628795624,1.0,1.0,0.9942713975906372
23.972984313964844,179.0814971923828,4.2774200439453125,0.0,0.0,0.0,0.0,-0.01,-0.0,-0.01,4.794071415492466,3.7226428440638952,0.04560000076889992,0.46104997396469116,0.0,0.0,0.0,0.0,0.0,0.0,0.046933919191360474,0.0,0.046933919191360474,0.0,2203.0,-4.277291774749756,0.046933919191360474,1.0,1.0,0.9958440065383911
23.999984741210938,178.41026306152344,3.7589564323425293,0.0,0.0,0.0,0.0,-0.01,-0.0,-0.01,4.7626428740365165,3.691214370727539,0.0,0.4709460139274597,0.0,0.0,0.0,0.0,0.0,0.0,0.011557355523109436,0.0,0.0,0.011557355523109436,2204.0,-3.7588436603546143,-0.011557355523109436,1.0,1.0,0.9909943342208862
23.993234634399414,178.5571746826172,3.266508102416992,0.0,0.0,0.0,0.0,-0.01,-0.0,-0.01,4.737642846788678,3.6662142072405133,0.0,0.41366100311279297,0.0,0.0,0.0,0.0,0.0,0.0,0.0,0.0,0.0,0.0,2205.0,-3.2664101123809814,0.0,0.8546269536018372,0.9162476062774658,0.015774905681610107
23.98648452758789,177.8859405517578,2.8443198204040527,0.0,0.0,0.0,0.0,-0.01,-0.0,-0.01,4.714428574698312,3.6430000032697403,0.0,0.39861899614334106,0.0,0.0,0.0,0.0,0.0,0.0,0.0,0.0,0.0,0.0,2206.0,-2.8442344665527344,0.0,0.027779072523117065,0.022376835346221924,0.00020837783813476562
23.979734420776367,177.21470642089844,2.437492609024048,0.0,0.0,0.0,0.0,-0.01,-0.0,-0.01,4.694714287349155,3.6232857840401786,0.0,0.38435301184654236,0.0,0.0,0.0,0.0,0.0,0.0,0.03834181497228978,0.0,0.03834181497228978,0.0,2207.0,-2.4374194145202637,2.1237943172454834,0.027774542570114136,0.022371649742126465,0.00020834803581237793
23.999984741210938,167.60826110839844,2.0061111450195312,0.0,0.0,0.0,0.0,-0.01,-0.0,-0.01,4.675214304242815,3.6037857328142437,0.0,0.30077099800109863,0.0,0.0,0.0,0.0,0.0,0.0,0.0,0.0,0.0,0.0,2208.0,-2.0060510635375977,0.0,0.027777820825576782,0.02237546443939209,0.00020837783813476562
23.993234634399414,166.93702697753906,1.6991510391235352,0.0,0.0,0.0,0.0,-0.01,-0.0,-0.01,4.655214255196707,3.583785683768136,0.0,0.2221280038356781,0.0,0.0,0.0,0.0,0.0,0.0,0.0,0.0,0.0,0.0,2209.0,-1.699100136756897,0.0,0.027779221534729004,0.022377073764801025,0.00020837783813476562
23.98648452758789,166.2657928466797,1.4724457263946533,0.0,0.0,0.0,0.0,-0.01,-0.0,-0.01,4.629357147216797,3.5579285757882255,0.0,0.18981599807739258,0.0,0.0,0.0,0.0,0.0,0.0,0.029162396681922633,0.0,0.029162396681922633,0.0,2210.0,-1.4724016189575195,2.0144946575164795,0.02777460217475891,0.022371739149093628,0.00020834803581237793
23.999984741210938,157.48831176757812,1.2489609718322754,0.0,0.0,0.0,0.0,-0.01,-0.0,-0.01,4.600642830984933,3.5292142595563614,0.0,0.17299799621105194,0.0,0.0,0.0,0.0,0.0,0.0,0.009781617102389428,0.0,0.009781617102389428,0.0,2211.0,-1.2489235401153564,2.008619546890259,0.00895380973815918,0.016545861959457397,1.3440847396850586e-5
23.999984741210938,155.95013427734375,1.0624192953109741,0.0,0.0,0.0,0.0,-0.01,-0.0,-0.01,4.574928501674107,3.503499930245536,0.0,0.16041800379753113,0.0,0.0,0.0,0.0,0.0,0.0,0.009836596698960436,0.0,0.009836596698960436,0.0,2212.0,-1.062387466430664,1.6416335105895996,0.02777320146560669,0.022370100021362305,0.00020834803581237793
23.999984741210938,130.3329315185547,0.8886634707450867,0.0,0.0,0.0,0.0,-0.01,-0.0,-0.01,4.550357219151088,3.4789286477225168,0.0,0.15603700280189514,0.0,0.0,0.0,0.0,0.0,0.0,0.0,0.0,0.0,0.0,2213.0,-0.8886368274688721,0.0,0.00014093518257141113,0.1560409665107727,0.0
23.993234634399414,129.6616973876953,0.7294201850891113,0.0,0.0,0.0,0.0,-0.01,-0.0,-0.01,4.532000078473772,3.460571507045201,0.0,0.16241399943828583,0.0,0.0,0.0,0.0,0.0,0.0,0.0,0.0,0.0,0.0,2214.0,-0.7293983101844788,0.0,0.9826455116271973,0.8953012228012085,0.0
23.98648452758789,128.99046325683594,0.5636746883392334,0.0,0.0,0.0,0.0,-0.01,-0.0,-0.01,4.526571491786411,3.4551429203578405,0.0,0.18593700230121613,0.0,0.0,0.0,0.0,0.0,0.0,0.0,0.0,0.0,0.0,2215.0,-0.5636577606201172,0.0,0.9999786615371704,0.9868360161781311,2.709031105041504e-5
23.979734420776367,128.31922912597656,0.3739318549633026,0.0,0.0,0.0,0.0,-0.01,-0.0,-0.01,4.57778570992606,3.506357138497489,0.27689701318740845,0.0,0.0,0.20602314813571354,0.0,0.27857527136802673,0.0,0.0,0.0,0.0,0.27857527136802673,0.0,2216.0,0.5291029810905457,0.27857527136802673,0.9175627827644348,0.9959830045700073,0.5104093551635742
23.979900360107422,127.64800262451172,0.5799376368522644,0.0,0.0,0.0,0.0,0.24859661229120694,-0.0,-0.01,4.682571424756731,3.611142785208566,0.3118390142917633,0.0,0.0,0.0,2.8732954637755097,0.038215242172366284,0.0,0.0,0.0,0.0,0.038215242172366284,0.0,2217.0,-0.57992023229599,1.2416468858718872,0.042948514223098755,0.014026880264282227,0.00019413232803344727
23.999984741210938,106.01873779296875,0.57992023229599,0.0,0.0,0.0,0.0,0.4526329525920969,-0.0,-0.01,4.750428553989956,3.678999982561384,0.3164609968662262,0.0,0.0,0.0,5.140365731392615,0.009473193015343828,0.0,0.0,0.0,0.0,0.009473193015343828,0.0,2218.0,-0.5799028277397156,1.0868538618087769,0.0,0.9999997615814209,0.00013959407806396484
23.999984741210938,96.70431518554688,0.5799028277397156,0.0,0.0,0.0,0.0,0.6011963900881094,-0.0,-0.01,4.787571443830218,3.716142872401646,0.31682899594306946,0.0,0.0,0.0,6.791070461273193,0.0,0.0,0.0,0.0,0.0,0.0,0.0,2219.0,-0.5798854231834412,0.009399698115885258,0.0,0.9999998807907104,0.00010833144187927246
23.993234634399414,96.03308868408203,0.5798854231834412,0.0,0.0,0.0,0.0,0.6208119038392597,-0.0,-0.01,4.800571387154715,3.729142815726144,0.8031650185585022,0.0,0.0,0.0,7.00902059674263,0.3435647189617157,0.0,0.0,0.0,0.0,0.0,0.3435647189617157,2220.0,-0.5798680186271667,-0.3435647189617157,0.0,0.9999030828475952,0.5059024095535278
23.98648452758789,100.94245910644531,0.5798680186271667,0.0,0.0,0.0,0.0,0.5680000383059187,-0.0,-0.01,4.803428595406668,3.732000023978097,0.31632301211357117,0.0,0.0,0.0,6.422222137451172,1.9017047882080078,0.0,0.0,0.0,0.0,0.0,1.9017047882080078,2221.0,-0.5798506140708923,-1.9017047882080078,5.662441253662109e-7,0.038764625787734985,0.8987705111503601
23.979734420776367,163.8013458251953,0.5798506140708923,0.0,0.0,0.0,0.0,0.7289946643457508,-0.0,-0.01,4.802642904009137,3.7312143325805662,0.3280690014362335,0.0,0.0,0.0,8.211051173508167,0.03748016804456711,0.0,0.0,0.0,0.0,0.03748016804456711,0.0,2222.0,-0.5798332095146179,0.03748016804456711,0.0,1.0,2.9802322387695312e-8
23.999984741210938,163.13011169433594,0.5798332095146179,0.0,0.0,0.0,0.0,0.6761740943729125,-0.0,-0.01,4.798714310782296,3.7272857393537246,0.3140439987182617,0.0,0.0,0.0,7.6241559982299805,0.0,0.0,0.0,0.0,0.0,0.0,0.0,2223.0,-0.5798158049583435,0.00937787164002657,0.0,1.0,2.9802322387695312e-8
23.993234634399414,162.45887756347656,0.5798158049583435,0.0,0.0,0.0,0.0,0.5543471291452822,-0.0,-0.01,4.79035712650844,3.7189285550798687,0.41388899087905884,0.0,0.0,0.0,6.2705231588333845,0.018788250163197517,0.0,0.0,0.0,0.0,0.018788250163197517,0.0,2224.0,-0.5797984004020691,0.018788250163197517,0.0,1.0,2.205371856689453e-6
23.999984741210938,161.7876434326172,0.5797984004020691,0.0,0.0,0.0,0.0,-0.01,-0.0,-0.01,4.773642826080322,3.702214322771345,0.3145039975643158,0.0,0.0,4.2987696173000245,0.0,0.15064609050750732,0.0,0.0,0.0,0.0,0.0,0.15064609050750732,2225.0,4.599999904632568,-0.15064609050750732,1.0,1.0,0.9488397836685181
23.993234634399414,171.81243896484375,4.878421783447266,0.0,0.0,0.0,0.0,-0.01,-0.0,-0.01,4.744785731179373,3.673357227870396,0.3852519989013672,0.0,0.0,1.9216459469483027,0.0,0.11628478765487671,0.0,0.0,0.0,0.0,0.0,0.11628478765487671,2226.0,2.2067480087280273,-0.11628478765487671,1.0,1.0,0.9958444237709045
23.98648452758789,179.33319091796875,6.799863815307617,0.0,0.0,0.0,0.0,-0.01,-0.0,-0.01,4.69007146017892,3.618642888750349,0.17765000462532043,0.32899996638298035,0.0,0.0,0.0,0.0,0.0,0.0,0.02878488041460514,0.0,0.02878488041460514,0.0,2227.0,-4.599999904632568,0.02878488041460514,1.0,1.0,0.9958421587944031
23.999984741210938,178.66195678710938,6.434584140777588,0.0,0.0,0.0,0.0,-0.01,-0.0,-0.01,4.646642902919224,3.575214331490653,0.0,0.4709460139274597,0.0,0.0,0.0,0.0,0.0,0.0,0.009684782656587508,0.0,0.009684782656587508,0.0,2228.0,-4.599999904632568,2.101893901824951,0.027776986360549927,0.022374451160430908,0.00020834803581237793
23.999984741210938,164.14869689941406,5.943966388702393,0.0,0.0,0.0,0.0,-0.01,-0.0,-0.01,4.635642950875418,3.564214379446847,0.0,0.5317410230636597,0.0,0.0,0.0,0.0,0.0,0.0,0.009707763750236454,0.0,0.009707763750236454,0.0,2229.0,-4.599999904632568,1.9743068218231201,0.02777847647666931,0.022376179695129395,0.00020837783813476562
23.999984741210938,154.98414611816406,5.391305923461914,0.0,0.0,0.0,0.0,-0.01,-0.0,-0.01,4.625071334838867,3.553642763410296,0.0,0.45084699988365173,0.0,0.0,0.0,0.0,0.0,0.0,0.009729952975766449,0.0,0.009729952975766449,0.0,2230.0,-4.599999904632568,1.824292540550232,0.02777579426765442,0.022373080253601074,0.00020834803581237793
23.999984741210938,144.36013793945312,4.921181678771973,0.0,0.0,0.0,0.0,-0.01,-0.0,-0.01,4.603928647722516,3.532500076293945,0.0,0.38435301184654236,0.0,0.0,0.0,0.0,0.0,0.0,0.0,0.0,0.0,0.0,2231.0,-4.599999904632568,0.0,0.027784287929534912,0.022382915019989014,0.00020840764045715332
23.993234634399414,143.68890380859375,4.528849124908447,0.0,0.0,0.0,0.0,-0.01,-0.0,-0.01,4.570928519112723,3.4994999476841517,0.0,0.30077099800109863,0.0,0.0,0.0,0.0,0.0,0.0,0.0,0.0,0.0,0.0,2232.0,-4.528713226318359,0.0,0.02778223156929016,0.022380530834197998,0.00020840764045715332
23.98648452758789,143.01766967773438,4.221813201904297,0.0,0.0,0.0,0.0,-0.01,-0.0,-0.01,4.5257856641496925,3.454357092721122,0.0,0.2221280038356781,0.0,0.0,0.0,0.0,0.0,0.0,0.0,0.0,0.0,0.0,2233.0,-4.221686840057373,0.0,0.02778160572052002,0.02237984538078308,0.00020840764045715332
23.979734420776367,142.346435546875,3.99503231048584,0.0,0.0,0.0,0.0,-0.01,-0.0,-0.01,4.585785675048828,3.5143571036202568,0.0,0.20841699838638306,0.0,0.0,0.0,0.0,0.0,0.0,0.03925256854734929,0.0,0.03925256854734929,0.0,2234.0,-3.994912624359131,1.6540980339050293,0.027774453163146973,0.022371530532836914,0.00020834803581237793
23.999984741210938,131.51483154296875,3.7421960830688477,0.0,0.0,0.0,0.0,-0.01,-0.0,-0.01,4.560571343558175,3.4891427721296036,0.0,0.19043999910354614,0.0,0.0,0.0,0.0,0.0,0.0,0.27711257759866187,0.0,0.27711257759866187,0.0,2235.0,-3.742083787918091,1.6376783847808838,0.02782571315765381,0.02243092656135559,0.00020870566368103027
23.999984741210938,129.61631774902344,3.2650036811828613,0.0,0.0,0.0,0.0,-0.01,-0.0,-0.01,4.553571374075753,3.4821428026471817,0.0,0.17655999958515167,0.0,0.0,0.0,0.0,0.0,0.0,0.0,0.0,0.0,0.0,2236.0,-3.2649056911468506,0.0,0.004600197076797485,0.014460325241088867,2.592802047729492e-6
23.99217987060547,128.94508361816406,3.0847480297088623,0.0,0.0,0.0,0.0,-0.01,-0.0,-0.01,4.556285803658621,3.48485723223005,0.0,0.17167800664901733,0.0,0.0,0.0,0.0,0.0,0.0,0.0,0.0,0.0,0.0,2237.0,-3.084655523300171,0.0,9.998679161071777e-5,0.044040292501449585,0.0
23.98232078552246,128.2738494873047,2.9094791412353516,0.0,0.0,0.0,0.0,-0.01,-0.0,-0.01,4.553071376255581,3.481642804827009,0.0,0.17986400425434113,0.0,0.0,0.0,0.0,0.0,0.0,0.0,0.0,0.0,0.0,2238.0,-2.9093918800354004,0.0,0.00022464990615844727,0.28409653902053833,0.0
23.972457885742188,127.60262298583984,2.725862741470337,0.0,0.0,0.0,0.0,-0.01,-0.0,-0.01,4.557642882210867,3.486214447021484,0.0,0.20588499307632446,0.0,0.0,0.0,0.0,0.0,0.0,0.0,0.0,0.0,0.0,2239.0,-2.725780963897705,0.0,0.00022476911544799805,0.28412163257598877,0.0
23.963611602783203,126.931396484375,2.515700578689575,0.0,0.0,0.0,0.0,-0.01,-0.0,-0.01,4.555642890930176,3.4842144557407924,0.01994999870657921,0.3452329933643341,0.0,0.0,0.0,0.0,0.0,0.0,0.33519972774190193,0.0,0.33519972774190193,0.0,2240.0,-2.515625238418579,1.4456760883331299,0.5653543472290039,0.8428672552108765,0.006714373826980591
23.999984741210938,117.67279815673828,1.8213268518447876,0.0,0.0,0.0,0.0,-0.01,-0.0,-0.01,4.607928630283901,3.5365000588553293,0.37451601028442383,0.0,0.0,0.6440402203976419,0.0,0.0,0.0,0.0,0.0,0.0,0.0,0.0,2241.0,0.7114839553833008,0.0,0.5653543472290039,0.8428672552108765,0.006714373826980591
23.990123748779297,117.00157165527344,2.4652931690216064,0.0,0.0,0.0,0.0,0.2184281803411775,-0.0,-0.01,4.732142870766776,3.6607142312186105,0.3549250066280365,0.0,0.0,0.0,2.538090690970421,0.026334300637245178,0.0,0.0,0.0,0.0,0.026334300637245178,0.0,2242.0,-2.465219259262085,0.026334300637245178,0.0,1.0,2.9802322387695312e-8
23.999984741210938,116.3303451538086,2.465219259262085,0.0,0.0,0.0,0.0,0.34764472704289007,-0.0,-0.01,4.879785755702427,3.8083571842738557,0.35721999406814575,0.0,0.0,0.0,3.973829984664917,0.0,0.0,0.0,0.0,0.0,0.0,0.0,2243.0,-2.4651453495025635,0.009931732900440693,0.0,1.0,0.0
23.99271583557129,115.65911865234375,2.4651453495025635,0.0,0.0,0.0,0.0,0.3964171069219286,-0.0,-0.01,5.013000025068011,3.941571453639439,0.47686100006103516,0.0,0.0,0.0,4.515745273586676,0.018643745425775397,0.0,0.0,0.0,0.0,0.018643745425775397,0.0,2244.0,-2.465071439743042,1.1444674730300903,0.0,1.0,2.9802322387695312e-8
23.999984741210938,106.510009765625,2.465071439743042,0.0,0.0,0.0,0.0,0.4123962833401567,-0.0,-0.01,5.1116429192679265,4.040214347839355,0.35785800218582153,0.0,0.0,0.0,4.693291664123535,0.0,0.0,0.0,0.0,0.0,0.0,0.0,2245.0,-2.4649975299835205,0.008803769946098328,0.0,1.0,0.0
23.993234634399414,105.83878326416016,2.4649975299835205,0.0,0.0,0.0,0.0,0.4672747378738823,-0.0,-0.01,5.181928580147879,4.110500008719308,0.4128290116786957,0.0,0.0,0.0,5.303052221594403,0.017368520440508434,0.0,0.0,0.0,0.0,0.017368520440508434,0.0,2246.0,-2.464923620223999,0.9770057797431946,0.0,1.0,2.9802322387695312e-8
23.999984741210938,97.01656341552734,2.464923620223999,0.0,0.0,0.0,0.0,0.3684728970903456,-0.0,-0.01,5.213714272635324,4.142285701206752,0.354746013879776,0.0,0.0,0.0,4.205254077911377,0.0,0.0,0.0,0.0,0.0,0.0,0.0,2247.0,-2.4648497104644775,0.00863141380250454,0.0,1.0,1.9669532775878906e-6
23.993234634399414,96.3453369140625,2.4648497104644775,0.0,0.0,0.0,0.0,-0.01,-0.0,-0.01,5.209642900739397,4.138214329310825,0.3672589957714081,0.0,0.0,2.00092940736842,0.0,0.017276123177805407,0.0,0.0,0.0,0.0,0.017276123177805407,0.0,2248.0,2.1867408752441406,0.3452921211719513,0.9999814033508301,1.0,0.2546873986721039
23.999984741210938,88.1513671875,4.4656453132629395,0.0,0.0,0.0,0.0,-0.09044467292009471,-0.0,-0.01,5.183785656520298,4.112357085091727,0.3569149971008301,0.0,0.0,0.0,0.0,0.8961349725723267,0.26814889907836914,0.0,0.0,0.0,0.0,1.1642838716506958,2249.0,0.9620850086212158,-1.1642838716506958,1.0,1.0,0.9956585168838501
23.993234634399414,179.30343627929688,4.465511322021484,0.0,0.0,0.0,0.0,-0.01,-0.0,-0.01,5.125357164655413,4.053928593226841,0.4388999938964844,0.03908601403236389,0.0,0.0,0.0,0.0,0.0,0.0,0.017560226453331336,0.0,0.017560226453331336,0.0,2250.0,-4.465377330780029,1.3357644081115723,0.5652090311050415,0.6721922755241394,0.0014585256576538086
23.999984741210938,124.08206939697266,4.407577037811279,0.0,0.0,0.0,0.0,-0.01,-0.0,-0.01,5.024285670689174,3.9528570992606027,0.0,1.0554490089416504,0.0,0.0,0.0,0.0,0.0,0.0,0.00895684074257161,0.0,0.00895684074257161,0.0,2251.0,-4.407444953918457,1.1090588569641113,0.2239767611026764,0.09267756342887878,0.00186881422996521
23.999984741210938,104.37248229980469,3.3213491439819336,0.0,0.0,0.0,0.0,-0.01,-0.0,-0.01,4.9682857785906105,3.8968572071620393,0.0,0.8687559962272644,0.0,0.0,0.0,0.0,0.0,0.0,0.009057797518707448,0.0,0.009057797518707448,0.0,2252.0,-3.321249485015869,0.94572913646698,0.5887600779533386,0.3590247631072998,0.006573140621185303
23.999984741210938,91.72781372070312,2.4255480766296387,0.0,0.0,0.0,0.0,-0.01,-0.0,-0.01,4.905142865862165,3.8337142944335936,0.0,0.5217649936676025,0.0,0.0,0.0,0.0,0.0,0.0,0.0,0.0,0.0,0.0,2253.0,-2.4254753589630127,0.0,0.7842692136764526,0.6292333602905273,0.012092500925064087
23.993234634399414,91.05658721923828,1.893078088760376,0.0,0.0,0.0,0.0,-0.01,-0.0,-0.01,4.849142837524414,3.7777142660958427,0.0,0.949720025062561,0.0,0.0,0.0,0.0,0.0,0.0,0.01856048284844943,0.0,0.01856048284844943,0.0,2254.0,-1.8930213451385498,0.6709069609642029,0.217862069606781,0.02381753921508789,0.016192615032196045
23.999984741210938,71.1954345703125,0.9050096273422241,0.0,0.0,0.0,0.0,-0.01,-0.0,-0.01,4.812214251926967,3.7407856804983957,0.0,0.4041120111942291,0.0,0.0,0.0,0.0,0.0,0.0,0.04879334196448326,0.0,0.0,0.04879334196448326,2255.0,-0.9049825072288513,-0.04879334196448326,0.06701800227165222,0.03199934959411621,0.13791519403457642
23.993234634399414,42.064510345458984,0.4428480267524719,0.0,0.0,0.0,0.0,-0.746578831688219,-0.0,-0.01,4.788214288439069,3.716785648890904,0.0,0.31360501050949097,0.0,0.0,0.0,0.0,2.4552626747306903,0.0,0.12037299688491032,0.0,0.0,2.5756356716156006,2256.0,-0.442834734916687,-2.5756356716156006,0.3243234157562256,0.040076494216918945,0.8523029088973999
23.98648452758789,156.3665313720703,1.3333548849914223e-5,0.0,0.0,0.0,0.0,-0.07268850198143717,-0.0,0.0,4.755785683223179,3.684357179914202,0.0,0.0,0.24229499697685242,0.0,0.0,0.0,0.0,0.0,0.0,0.0,0.0,0.0,2257.0,0.0,0.0,0.027776509523391724,0.022373855113983154,0.00020834803581237793
23.979734420776367,155.69529724121094,1.3333148672245443e-5,0.0,0.0,0.0,0.0,-0.06252510200043915,-0.0,0.0,4.7122142791748045,3.6407857077462333,0.0,0.0,0.20841699838638306,0.0,0.0,0.0,0.0,0.0,0.0,0.0,0.0,0.0,2258.0,0.0,0.0,0.027776986360549927,0.022374451160430908,0.00020834803581237793
23.972984313964844,155.02406311035156,1.3332748494576663e-5,0.0,0.0,0.0,0.0,-0.05713200200128554,-0.0,0.0,4.662857137407575,3.5914285659790037,0.0,0.0,0.19043999910354614,0.0,0.0,0.0,0.0,0.0,0.0,0.0,0.0,0.0,2259.0,0.0,0.0,0.0011140108108520508,0.012441247701644897,5.960464477539063e-8
23.96623420715332,154.3528289794922,1.3332348316907883e-5,0.0,0.0,0.0,0.0,-0.05296800198030471,-0.0,0.0,4.608142798287528,3.5367142268589564,0.0,0.0,0.17655999958515167,0.0,0.0,0.0,0.0,0.0,0.0,0.0,0.0,0.0,2260.0,0.0,0.0,0.00010129809379577637,0.06622898578643799,0.0
23.959484100341797,153.6815948486328,1.3331949048733804e-5,0.0,0.0,0.0,0.0,-0.05150340404126652,-0.0,0.0,4.565714372907366,3.4942858014787945,0.0,0.0,0.17167800664901733,0.0,0.0,0.0,0.0,0.0,0.0,0.0,0.0,0.0,2261.0,0.0,0.0,0.00022459030151367188,0.2840733528137207,0.0
23.952733993530273,153.01036071777344,1.3331549780559726e-5,0.0,0.0,0.0,0.0,-0.053959203420448354,-0.0,0.0,4.5276428767613,3.4562143053327286,0.0,0.0,0.17986400425434113,0.0,0.0,0.0,0.0,0.0,0.0,0.0,0.0,0.0,2262.0,0.0,0.0,0.03720995783805847,0.39643871784210205,0.0
23.94598388671875,152.33912658691406,1.3331150512385648e-5,0.0,0.0,0.0,0.0,-0.061765500377237714,-0.0,0.0,4.5013571602957585,3.4299285888671873,0.0,0.0,0.20588499307632446,0.0,0.0,0.0,0.0,0.0,0.0,0.0,0.0,0.0,2263.0,0.0,0.0,0.9866718053817749,0.8758620023727417,0.0
23.939233779907227,151.6678924560547,1.333075124421157e-5,0.0,0.0,0.0,0.0,-0.0877221416149393,-0.0,0.0,4.49021429334368,3.4187858581542967,0.042750000953674316,0.0,0.26144900918006897,0.0,0.0,0.0,0.03095811791718006,0.0,0.0,0.0,0.03095811791718006,0.0,2264.0,0.0,0.03095811791718006,0.9999980926513672,0.9906699657440186,0.0002652406692504883
23.95333480834961,150.9966583251953,1.3330351976037491e-5,0.0,0.0,0.0,0.0,-0.01,-0.0,-0.01,4.548571395874023,3.477142824445452,0.34724798798561096,0.0,0.0,0.45104698522571596,0.0,0.0,0.0,0.0,0.0,0.0,0.0,0.0,2265.0,0.5027520656585693,0.0,0.5653543472290039,0.8428672552108765,0.006714373826980591
23.946584701538086,150.32542419433594,0.45104679465293884,0.0,0.0,0.0,0.0,-0.01,-0.0,-0.01,4.617285810198102,3.545857238769531,0.3549250066280365,0.0,0.0,1.871677571008206,0.0,0.0,0.0,0.0,0.0,0.0,0.0,0.0,2266.0,2.0290751457214355,0.0,0.5653543472290039,0.8428672552108765,0.006714373826980591
23.939834594726562,149.65419006347656,2.3226547241210938,0.0,0.0,0.0,0.0,0.1436847483169691,-0.0,-0.01,4.665214279719761,3.5937856401715957,0.35721999406814575,0.0,0.0,1.2126245498657227,1.7076081789244821,0.0,0.0,0.0,0.0,0.0,0.0,0.0,2267.0,1.2126245498657227,0.0,0.35352492332458496,0.6578638553619385,0.7065764665603638
23.93308448791504,148.9829559326172,3.535173177719116,0.0,0.0,0.0,0.0,0.287298071765745,-0.0,-0.01,4.6939285959516255,3.62249995640346,0.34515801072120667,0.0,0.0,0.0,3.3033116459846497,0.08028024435043335,0.0,0.0,0.0,0.0,0.08028024435043335,0.0,2268.0,-3.535067081451416,0.08028024435043335,0.35314905643463135,0.6574254035949707,0.7088830471038818
23.982858657836914,138.9966278076172,3.535067081451416,0.0,0.0,0.0,0.0,0.5071860233972897,-0.0,-0.01,4.740071446555001,3.6686428070068358,0.35785800218582153,0.0,0.0,0.0,5.746510914389332,0.0335808481533923,0.0,0.0,0.0,0.0,0.0335808481533923,0.0,2269.0,-3.534960985183716,1.5906503200531006,0.0,0.9999958276748657,3.719329833984375e-5
23.999984741210938,131.91773986816406,3.534960985183716,0.0,0.0,0.0,0.0,0.5843772123594378,-0.0,-0.01,4.771928596496582,3.7005000250680107,0.3717289865016937,0.0,0.0,0.0,6.604190723584265,0.00943051130953354,0.0,0.0,0.0,0.0,0.00943051130953354,0.0,2270.0,-3.5348548889160156,1.3100318908691406,0.0,0.9998358488082886,1.2576580047607422e-5
23.999984741210938,112.97064971923828,3.5348548889160156,0.0,0.0,0.0,0.0,0.5252018614512397,-0.0,-0.01,4.77857141494751,3.7071429116385324,0.354746013879776,0.0,0.0,0.0,5.9466868768579975,0.009417401706455789,0.0,0.0,0.0,0.0,0.009417401706455789,0.0,2271.0,-3.5347487926483154,0.859310507774353,0.0,0.6292205452919006,9.59634780883789e-6
23.999984741210938,81.0927963256836,3.5347487926483154,0.0,0.0,0.0,0.0,0.4663557240450935,-0.0,-0.01,4.766857160840716,3.69542852129255,0.3672589957714081,0.0,0.0,0.0,5.292840957641602,0.0,0.0,0.0,0.0,0.0,0.0,0.0,2272.0,-3.5346429347991943,0.0,4.4405460357666016e-6,0.011079460382461548,0.0008882284164428711
23.993234634399414,80.42156982421875,3.5346429347991943,0.0,0.0,0.0,0.0,-0.01,-0.0,-0.01,4.725999982016427,3.65457147870745,0.3569149971008301,0.0,0.0,2.12424573979564,0.0,1.4208372831344604,0.0,0.0,0.0,0.0,0.0,1.4208372831344604,2273.0,3.7960848808288574,-1.4208372831344604,1.0,1.0,0.9958436489105225
23.98648452758789,179.3330535888672,5.658719062805176,0.0,0.0,0.0,0.0,-0.01,-0.0,-0.01,4.638000025068011,3.566571453639439,0.44537198543548584,0.0,0.0,1.1605355746714328,0.0,0.02910805277700495,0.0,0.0,0.0,0.0,0.02910805277700495,0.0,2274.0,1.3006280660629272,0.02910805307328701,1.0,1.0,0.9958441257476807
23.999984741210938,178.6618194580078,6.819050312042236,0.0,0.0,0.0,0.0,-0.01,-0.0,-0.01,4.50292854309082,3.431499971662249,0.0,1.0638229846954346,0.0,0.0,0.0,0.0,0.0,0.0,0.009993879797758959,0.0,0.009993879797758959,0.0,2275.0,-4.599999904632568,2.1499037742614746,0.027778446674346924,0.02237612009048462,0.00020837783813476562
23.999984741210938,161.51504516601562,5.723147392272949,0.0,0.0,0.0,0.0,-0.01,-0.0,-0.01,4.4707142421177455,3.399285670689174,0.0,0.890097975730896,0.0,0.0,0.0,0.0,0.0,0.0,0.01006589197171111,0.0,0.01006589197171111,0.0,2276.0,-4.599999904632568,2.001242160797119,0.027778178453445435,0.02237585186958313,0.00020837783813476562
23.999984741210938,150.49534606933594,4.804468631744385,0.0,0.0,0.0,0.0,-0.01,-0.0,-0.01,4.453071403503418,3.3816426958356582,0.0,0.4875490069389343,0.0,0.0,0.0,0.0,0.0,0.0,0.010105772515154997,0.0,0.010105772515154997,0.0,2277.0,-4.599999904632568,1.7605353593826294,0.027774572372436523,0.02237170934677124,0.00020834803581237793
23.999984741210938,134.20762634277344,4.2965288162231445,0.0,0.0,0.0,0.0,-0.01,-0.0,-0.01,4.444571440560477,3.3731430053710936,0.0,0.44724398851394653,0.0,0.0,0.0,0.0,0.0,0.0,0.0,0.0,0.0,0.0,2278.0,-4.29640007019043,0.0,0.027782142162322998,0.022380441427230835,0.00020840764045715332
23.993234634399414,133.53639221191406,3.8400423526763916,0.0,0.0,0.0,0.0,-0.01,-0.0,-0.01,4.4485714231218605,3.3771429879324777,0.0,0.4041120111942291,0.0,0.0,0.0,0.0,0.0,0.0,0.0,0.0,0.0,0.0,2279.0,-3.8399271965026855,0.0,0.02777978777885437,0.022377699613571167,0.00020837783813476562
23.98648452758789,132.8651580810547,3.4275803565979004,0.0,0.0,0.0,0.0,-0.01,-0.0,-0.01,4.459999983651297,3.388571275983538,0.0,0.3581579923629761,0.0,0.0,0.0,0.0,0.0,0.0,0.0,0.0,0.0,0.0,2280.0,-3.4274775981903076,0.0,0.027779102325439453,0.022376924753189087,0.00020837783813476562
23.9797306060791,132.1939239501953,3.062021255493164,0.0,0.0,0.0,0.0,-0.01,-0.0,-0.01,4.468428557259696,3.3970001220703123,0.0,0.24229499697685242,0.0,0.0,0.0,0.0,0.0,0.0,0.043383547826311306,0.0,0.043383547826311306,0.0,2281.0,-3.06192946434021,1.5112214088439941,0.02777382731437683,0.022370845079421997,0.00020834803581237793
23.999984741210938,118.48394012451172,2.7704293727874756,0.0,0.0,0.0,0.0,-0.01,-0.0,-0.01,4.46821425301688,3.3967856815883093,0.0,0.20841699838638306,0.0,0.0,0.0,0.0,0.0,0.0,0.0,0.0,0.0,0.0,2282.0,-2.7703464031219482,0.0,0.027779102325439453,0.0223768949508667,0.00020837783813476562
23.991147994995117,117.81271362304688,2.5576822757720947,0.0,0.0,0.0,0.0,-0.01,-0.0,-0.01,4.469428552900042,3.3980001177106582,0.0,0.19043999910354614,0.0,0.0,0.0,0.0,0.0,0.0,0.0,0.0,0.0,0.0,2283.0,-2.557605504989624,0.0,0.0277826189994812,0.022380977869033813,0.00020840764045715332
23.981287002563477,117.14148712158203,2.3632848262786865,0.0,0.0,0.0,0.0,-0.01,-0.0,-0.01,4.4673571722848076,3.395928737095424,0.0,0.17655999958515167,0.0,0.0,0.0,0.0,0.0,0.0,0.0,0.0,0.0,0.0,2284.0,-2.3632140159606934,0.0,0.01845744252204895,0.019876211881637573,7.784366607666016e-5
23.971416473388672,116.47026062011719,2.183056116104126,0.0,0.0,0.0,0.0,-0.01,-0.0,-0.01,4.465214266095843,3.393785694667271,0.0,0.17167800664901733,0.0,0.0,0.0,0.0,0.0,0.0,0.8426852822303772,0.0,0.0,0.8426852822303772,2285.0,-2.182990550994873,-0.8426852822303772,0.5653543472290039,0.8428672552108765,0.006714373826980591
23.778736114501953,170.6460418701172,1.1479570865631104,0.0,0.0,0.0,0.0,-0.01,-0.0,-0.01,4.468571472167969,3.3971429007393974,0.0,0.17986400425434113,0.0,0.0,0.0,0.0,0.0,0.0,0.0,0.0,0.0,0.0,2286.0,-1.1479226350784302,0.0,0.00022456049919128418,0.28407150506973267,0.0
23.768844604492188,169.9748077392578,0.9643934965133667,0.0,0.0,0.0,0.0,-0.01,-0.0,-0.01,4.46235705784389,3.390928486415318,0.0,0.20588499307632446,0.0,0.0,0.0,0.0,0.0,0.0,0.0,0.0,0.0,0.0,2287.0,-0.9643645882606506,0.0,0.00022459030151367188,0.2840789556503296,0.0
23.7579402923584,169.30357360839844,0.754284143447876,0.0,0.0,0.0,0.0,-0.01,-0.0,-0.01,4.455214309692383,3.3837857382638115,0.0,0.3041990101337433,0.0,0.0,0.0,0.0,0.0,0.0,0.17514253458041204,0.0,0.0,0.17514253458041204,2288.0,-0.7542615532875061,-0.5236032605171204,0.5653543472290039,0.8428672552108765,0.006714373826980591
23.56423568725586,179.99807739257812,0.2651521861553192,0.0,0.0,0.0,0.0,-0.1519993070532496,-0.0,-0.01,4.476214218139648,3.404785646711077,0.2793000042438507,0.06794798374176025,0.0,0.0,0.0,0.0,0.4733310047023477,0.0,0.1918933341001896,0.0,0.6652243388025373,0.0,2289.0,-0.2651442289352417,2.2746856212615967,0.5653543472290039,0.8428672552108765,0.006714373826980591
23.999984741210938,169.6024169921875,7.989197001734283e-6,0.0,0.0,0.0,0.0,-0.03698491831654009,-0.0,-0.01,4.497357177734375,3.4259286063058036,0.45364001393318176,0.0,0.0,0.0,0.0,0.2047099769115448,0.0899497241475194,0.0,0.0,0.0,0.0,0.2946597010590642,2290.0,0.2393600046634674,-0.29465970396995544,0.9999701976776123,0.01999315619468689,1.0
23.62550926208496,179.99807739257812,7.988957804627717e-6,0.0,0.0,0.0,0.0,-0.01,-0.0,-0.01,4.533785629272461,3.4623570578438896,0.4463469982147217,0.0,0.0,0.6521843673193437,0.0,0.010108792697786426,0.0,0.0,0.0,0.0,0.0,0.010108792697786426,2291.0,0.7346529960632324,-0.010108793154358864,0.999975323677063,0.015280961990356445,1.0
23.432313919067383,179.99807739257812,0.6521728038787842,0.0,0.0,0.0,0.0,-0.01,-0.0,-0.01,4.598285620553153,3.5268570491245814,0.34515801072120667,0.0,0.0,1.2909952271908196,0.0,0.0,0.0,0.0,0.0,0.0,0.0,0.0,2292.0,1.4048420190811157,0.0,0.9106885194778442,0.005137413740158081,0.9462977647781372
23.422439575195312,179.32684326171875,1.9431097507476807,0.0,0.0,0.0,0.0,0.02764614663606684,-0.0,-0.01,4.66671427318028,3.595285633632115,0.35785800218582153,0.0,0.0,0.0,0.4182904849357788,0.8369513859443481,0.0,0.0,0.0,0.0,0.8369513859443481,0.0,2293.0,-1.9430514574050903,2.191917657852173,0.0,1.0,0.0
23.999984741210938,171.131591796875,1.9430514574050903,0.0,0.0,0.0,0.0,0.1731564974685698,-0.0,-0.01,4.763428565434047,3.6919999258858818,0.3717289865016937,0.0,0.0,0.0,2.0350720323622227,0.013799246400594711,0.0,0.0,0.0,0.0,0.013799246400594711,0.0,2294.0,-1.9429931640625,0.013799246400594711,0.004798084497451782,1.0,0.005056440830230713
23.999984741210938,170.46035766601562,1.9429931640625,0.0,0.0,0.0,0.0,-0.01,-0.0,-0.01,4.858785711015973,3.787357139587402,0.354746013879776,0.0,0.0,3.4002968345056197,0.0,0.010713320221459937,0.0,0.0,0.0,0.0,0.010713320221459937,0.0,2295.0,3.6822540760040283,1.4567099809646606,0.9998264312744141,1.0,0.20443043112754822
23.999984741210938,158.51348876953125,5.343129634857178,0.0,0.0,0.0,0.0,-0.01,-0.0,-0.01,4.897142900739397,3.825714329310826,0.3672589957714081,0.0,0.0,1.90971418998123,0.0,0.294653058052063,0.0,0.0,0.0,0.0,0.0,0.294653058052063,2296.0,2.3807408809661865,-0.294653058052063,1.0,1.0,0.9958442449569702
23.9921875,179.33316040039062,7.252626419067383,0.0,0.0,0.0,0.0,-0.01,-0.0,-0.01,4.886571420942034,3.8151428495134625,0.3569149971008301,0.0,0.0,0.4063085226064309,0.0,0.022684480843689566,0.0,0.0,0.0,0.0,0.022684480843689566,0.0,2297.0,0.4790850281715393,0.022684480994939804,1.0,1.0,0.995844304561615
23.999984741210938,178.66192626953125,7.658705234527588,0.0,0.0,0.0,0.0,-0.01,-0.0,-0.01,4.862428610665457,3.791000039236886,0.2773999869823456,0.16797199845314026,0.0,0.0,0.0,0.0,0.0,0.0,0.01846322976052761,0.0,0.0,0.01846322976052761,2298.0,-4.599999904632568,-0.01846322976052761,1.0,1.0,0.9958435297012329
23.99064826965332,179.33303833007812,7.468241214752197,0.0,0.0,0.0,0.0,-0.01,-0.0,-0.01,4.831428609575544,3.7600000381469725,0.0,0.5932930111885071,0.0,0.0,0.0,0.0,0.0,0.0,0.026514490670834757,0.0,0.026514490670834757,0.0,2299.0,-4.599999904632568,0.026514491066336632,1.0,1.0,0.9958401918411255
23.999984741210938,178.66180419921875,6.835579872131348,0.0,0.0,0.0,0.0,-0.01,-0.0,-0.01,4.805999973842075,3.7345714024135046,0.0,0.5601789951324463,0.0,0.0,0.0,0.0,0.0,0.0,0.01870385743677616,0.0,0.0,0.01870385743677616,2300.0,-4.599999904632568,-0.01870385743677616,1.0,1.0,0.9958255290985107
23.992162704467773,179.33016967773438,6.244695663452148,0.0,0.0,0.0,0.0,-0.01,-0.0,-0.01,4.771857139042446,3.70042849949428,0.0,0.5742419958114624,0.0,0.0,0.0,0.0,0.0,0.0,0.025415606220397048,0.0,0.025415606220397048,0.0,2301.0,-4.599999904632568,2.16079044342041,0.027789026498794556,0.022388368844985962,0.00020843744277954102
23.999984741210938,173.3758087158203,5.632631301879883,0.0,0.0,0.0,0.0,-0.01,-0.0,-0.01,4.7525000027247835,3.6810713631766183,0.0,0.6129140257835388,0.0,0.0,0.0,0.0,0.0,0.0,0.523846579326105,0.0,0.523846579326105,0.0,2302.0,-4.599999904632568,2.0747463703155518,0.5653543472290039,0.8428672552108765,0.006714373826980591
23.999984741210938,167.54025268554688,4.472537517547607,0.0,0.0,0.0,0.0,-0.01,-0.0,-0.01,4.769571454184396,3.6981429508754187,0.0,0.4041120111942291,0.0,0.0,0.0,0.0,0.0,0.0,0.015245127909185459,0.0,0.015245127909185459,0.0,2303.0,-4.472403526306152,1.9346245527267456,0.027775228023529053,0.022372424602508545,0.00020834803581237793
23.999984741210938,157.24072265625,4.044500827789307,0.0,0.0,0.0,0.0,-0.01,-0.0,-0.01,4.7758571216038295,3.704428482055664,0.0,0.31360501050949097,0.0,0.0,0.0,0.0,0.0,0.0,0.0,0.0,0.0,0.0,2304.0,-4.044379711151123,0.0,0.02785000205039978,0.022459059953689575,0.00020888447761535645
23.807809829711914,156.56948852539062,3.724384069442749,0.0,0.0,0.0,0.0,-0.01,-0.0,-0.01,4.771071447644915,3.6996429443359373,0.0,0.24229499697685242,0.0,0.0,0.0,0.0,0.0,0.0,0.33966503802898457,0.0,0.0,0.33966503802898457,2305.0,-3.7242724895477295,-0.5600279569625854,0.5653543472290039,0.8428672552108765,0.006714373826980591
23.6151123046875,179.99807739257812,3.13045334815979,0.0,0.0,0.0,0.0,-0.01,-0.0,-0.01,4.760142884935651,3.688714381626674,0.0,0.20841699838638306,0.0,0.0,0.0,0.0,0.0,0.0,1.1385869979858398,0.0,1.1385869979858398,0.0,2306.0,-3.130359411239624,1.1385869979858398,0.11530733108520508,0.9741655588150024,2.086162567138672e-6
23.870811462402344,179.32684326171875,1.7559068202972412,0.0,0.0,0.0,0.0,-0.01,-0.0,-0.01,4.753000000544956,3.681571360996791,0.0,0.19043999910354614,0.0,0.0,0.0,0.0,0.0,0.0,0.019013749910372153,0.0,0.0,0.019013749910372153,2307.0,-1.7558541297912598,-0.6491065621376038,0.5653543472290039,0.8428672552108765,0.006714373826980591
23.677101135253906,179.99807739257812,1.5421322584152222,0.0,0.0,0.0,0.0,-0.01,-0.0,-0.01,4.7662143162318635,3.6947857448032924,0.0,0.17655999958515167,0.0,0.0,0.0,0.0,0.0,0.0,0.0,0.0,0.0,0.0,2308.0,-1.5420860052108765,0.0,0.00010436773300170898,0.07679319381713867,0.0
23.667163848876953,179.32684326171875,1.361928105354309,0.0,0.0,0.0,0.0,-0.01,-0.0,-0.01,4.788857133047921,3.7174285616193496,0.0,0.17167800664901733,0.0,0.0,0.0,0.0,0.0,0.0,0.0,0.0,0.0,0.0,2309.0,-1.3618872165679932,0.0,0.00022453069686889648,0.2840627431869507,0.0
23.655235290527344,178.65560913085938,1.1867108345031738,0.0,0.0,0.0,0.0,-0.01,-0.0,-0.01,4.804428591047015,3.733000019618443,0.0,0.17986400425434113,0.0,0.0,0.0,0.0,0.0,0.0,0.0,0.0,0.0,0.0,2310.0,-1.1866753101348877,0.0,0.00022453069686889648,0.2840602993965149,0.0
23.644296646118164,177.984375,1.0031460523605347,0.0,0.0,0.0,0.0,-0.01,-0.0,-0.01,4.8190000534057615,3.7475714819771904,0.0,0.20588499307632446,0.0,0.0,0.0,0.0,0.0,0.0,0.5071948284769563,0.0,0.5071948284769563,0.0,2311.0,-1.0031160116195679,2.0700161457061768,0.0006802976131439209,0.01760271191596985,0.0
23.999984741210938,168.77198791503906,0.27550533413887024,0.0,0.0,0.0,0.0,-0.07661431097756756,-0.0,-0.01,4.833357075282505,3.7619285038539343,0.0,0.26998711336607073,0.034211896767672556,0.0,0.0,0.0,0.18783579766750336,0.0,0.0,0.0,0.18783579766750336,0.0,2312.0,-0.27549707889556885,0.18783579766750336,0.5653543472290039,0.8428672552108765,0.006714373826980591
23.21432113647461,168.1007537841797,8.284797331725713e-6,0.0,0.0,0.0,0.0,-0.27619407380398364,-0.0,0.0,4.852285739353725,3.7808571679251535,0.2565000057220459,0.0,0.09074798226356506,0.0,0.0,0.0,0.8298988938331604,0.0,0.0,0.0,0.8298988938331604,0.0,2313.0,0.0,0.8298988938331604,1.0,0.9612893462181091,0.0005232393741607666
23.80643081665039,167.4295196533203,8.284549039672129e-6,0.0,0.0,0.0,0.0,-0.01,-0.0,-0.01,4.87757146017892,3.806142888750349,0.3549250066280365,0.0,0.0,0.2080476546505344,0.0,0.18138147845368643,0.0,0.0,0.0,0.0,0.0,0.18138147845368643,2314.0,0.4330749809741974,-0.504003643989563,0.5653543472290039,0.8428672552108765,0.006714373826980591
23.58306884765625,179.99807739257812,0.2080496996641159,0.0,0.0,0.0,0.0,-0.01,-0.0,-0.01,4.897357204982212,3.825928633553641,0.35721999406814575,0.0,0.0,1.0091843324619276,0.0,0.0,0.0,0.0,0.0,0.0,0.0,0.0,2315.0,1.1027801036834717,-0.009148171171545982,0.9999731183052063,0.019169658422470093,1.0
23.389699935913086,179.32684326171875,1.2171975374221802,0.0,0.0,0.0,0.0,0.15499947320536867,-0.0,-0.01,4.901142883300781,3.82971431187221,0.34515801072120667,0.0,0.0,0.0,1.833327334359883,0.9669646807158004,0.0,0.0,0.0,0.0,0.9669646807158004,0.0,2316.0,-1.2171610593795776,1.793203592300415,0.0,0.9999864101409912,0.00014200806617736816
23.999984741210938,151.724853515625,1.2171610593795776,0.0,0.0,0.0,0.0,0.45280119850882095,-0.0,-0.01,4.899285670689174,3.8278570992606027,0.35785800218582153,0.0,0.0,0.0,5.142235130318761,0.012756496420741656,0.0,0.0,0.0,0.0,0.012756496420741656,0.0,2317.0,-1.217124581336975,1.644486665725708,0.0,1.0,2.9802322387695312e-8
23.999984741210938,140.7208709716797,1.217124581336975,0.0,0.0,0.0,0.0,0.4580750541597626,-0.0,-0.01,4.891571399143764,3.8201428277151925,0.3717289865016937,0.0,0.0,0.0,5.200833521783352,0.013437546789646149,0.0,0.0,0.0,0.0,0.013437546789646149,0.0,2318.0,-1.2170881032943726,0.013437546789646149,0.0,1.0,0.0
23.999984741210938,140.0496368408203,1.2170881032943726,0.0,0.0,0.0,0.0,-0.01,-0.0,-0.01,4.857428632463727,3.786000061035156,0.354746013879776,0.0,0.0,2.6962156069524603,0.0,0.010013472059818082,0.0,0.0,0.0,0.0,0.010013472059818082,0.0,2319.0,2.9252538681030273,1.3606855869293213,0.9697641730308533,1.0,0.020543038845062256
23.999984741210938,122.08146667480469,3.9131863117218018,0.0,0.0,0.0,0.0,-0.01,-0.0,-0.01,4.781500012534005,3.710071509225028,0.3672589957714081,0.0,0.0,0.7592326900583873,0.0,0.009413724805754873,0.0,0.0,0.0,0.0,0.009413724805754873,0.0,2320.0,0.8447409868240356,0.8887398838996887,0.9999639987945557,0.9999995231628418,0.05148717761039734
23.999984741210938,91.4714126586914,4.672278881072998,0.0,0.0,0.0,0.0,-0.08014076988461681,-0.0,-0.01,4.701357173919678,3.6299285343715124,0.3569149971008301,0.0,0.0,0.0,0.0,0.06678500771522522,0.23380255699157715,0.0,0.0,0.0,0.0,0.30058756470680237,2321.0,0.08908501267433167,-0.30058756470680237,0.9999997615814209,1.0,0.49287939071655273
23.993227005004883,98.85877990722656,4.672138690948486,0.0,0.0,0.0,0.0,-0.01,-0.0,-0.01,4.63178574698312,3.560357175554548,0.12729999423027039,0.31807199120521545,0.0,0.0,0.0,0.0,0.0,0.0,0.267374724149704,0.0,0.0,0.267374724149704,2322.0,-4.599999904632568,-0.267374724149704,0.9707909226417542,0.005086392164230347,0.28027576208114624
23.98647689819336,64.84220886230469,4.07462215423584,0.0,0.0,0.0,0.0,-0.01,-0.0,-0.01,4.574214335850307,3.5027857644217355,0.0,0.5932930111885071,0.0,0.0,0.0,0.0,0.0,0.0,0.0,0.0,0.0,0.0,2323.0,-4.07450008392334,0.0,0.970244288444519,0.8427513837814331,0.011593103408813477
23.978673934936523,64.17098236083984,3.4691171646118164,0.0,0.0,0.0,0.0,-0.01,-0.0,-0.01,4.53535714830671,3.463928440638951,0.0,0.5601789951324463,0.0,0.0,0.0,0.0,0.0,0.0,0.0,0.0,0.0,0.0,2324.0,-3.469013214111328,0.0,0.6908278465270996,0.5567487478256226,0.006429404020309448
23.97191619873047,63.499752044677734,2.897418975830078,0.0,0.0,0.0,0.0,-0.01,-0.0,-0.01,4.492071369716099,3.420642798287528,0.0,0.5100129842758179,0.0,0.0,0.0,0.0,0.0,0.0,0.0,0.0,0.0,0.0,2325.0,-2.897332191467285,0.0,0.3929840922355652,0.11905506253242493,0.004100531339645386
23.962068557739258,62.828521728515625,2.3769264221191406,0.0,0.0,0.0,0.0,-0.01,-0.0,-0.01,4.453642926897321,3.38221435546875,0.0,0.44724398851394653,0.0,0.0,0.0,0.0,0.0,0.0,0.0,0.0,0.0,0.0,2326.0,-2.3768551349639893,0.0,0.45032787322998047,0.1036016047000885,0.0012905597686767578
23.770423889160156,62.157291412353516,1.9204974174499512,0.0,0.0,0.0,0.0,-0.01,-0.0,-0.01,4.403000095912388,3.331571524483817,0.0,0.4041120111942291,0.0,0.0,0.0,0.0,0.0,0.0,0.3609853228780192,0.0,0.3609853228780192,0.0,2327.0,-1.9204398393630981,0.48329681158065796,0.4275158941745758,0.0265638530254364,0.012615025043487549
23.999984741210938,52.89570236206055,1.139751672744751,0.0,0.0,0.0,0.0,-0.01,-0.0,-0.01,4.362428610665457,3.291000039236886,0.0,0.31360501050949097,0.0,0.0,0.0,0.0,0.0,0.0,0.0,0.0,0.0,0.0,2328.0,-1.13971745967865,0.0,0.4668347239494324,0.11315876245498657,0.0024229586124420166
23.80832290649414,52.22447204589844,0.8197219967842102,0.0,0.0,0.0,0.0,-0.01,-0.0,-0.01,4.326214327130999,3.2547857557024273,0.0,0.24229499697685242,0.0,0.0,0.0,0.0,0.0,0.0,0.0,0.0,0.0,0.0,2329.0,-0.8196974396705627,0.0,0.3596819043159485,0.06466177105903625,0.001882314682006836
23.797422409057617,51.55324172973633,0.5724650621414185,0.0,0.0,0.0,0.0,-0.01,-0.0,-0.01,4.2961427961077,3.2247142246791296,0.0,0.20841699838638306,0.0,0.0,0.0,0.0,0.0,0.0,0.0,0.0,0.0,0.0,2330.0,-0.5724478960037231,0.0,0.21090543270111084,0.07876905798912048,0.002814948558807373
23.785512924194336,50.88201141357422,0.3597838580608368,0.0,0.0,0.0,0.0,-0.01,-0.0,-0.01,4.276214272635324,3.204785701206752,0.0,0.19043999910354614,0.0,0.0,0.0,0.0,0.0,0.0,0.04756486415863037,0.0,0.04756486415863037,0.0,2331.0,-0.35977306962013245,0.04756486415863037,0.6390846371650696,0.012710213661193848,0.11503913998603821
23.62232208251953,41.3277473449707,0.11691825091838837,0.0,0.0,0.0,0.0,-0.5814805509008887,-0.0,-0.01,4.2542143685477125,3.1827857971191404,0.0,0.11457644178943127,0.0619835577957204,0.0,0.0,0.0,1.8429515361785889,0.0,0.0,0.0,0.0,1.8429515361785889,2332.0,-0.11691474914550781,-1.8429515361785889,0.14755386114120483,0.21087145805358887,0.8321948647499084
23.611412048339844,153.14926147460938,3.5165685403626412e-6,0.0,0.0,0.0,0.0,-0.05150340404126652,-0.0,0.0,4.230428641183035,3.1590000697544642,0.0,0.0,0.17167800664901733,0.0,0.0,0.0,0.0,0.0,0.0,0.0,0.0,0.0,2333.0,0.0,0.0,0.00022485852241516113,0.28415006399154663,0.0
23.599496841430664,152.47802734375,3.5164630389772356e-6,0.0,0.0,0.0,0.0,-0.145354540461482,-0.0,0.0,4.21199997493199,3.140571539742606,0.0,0.0,0.17986400425434113,0.0,0.0,0.0,0.3046511113643646,0.0,0.0,0.0,0.0,0.3046511113643646,2334.0,0.0,-0.3046511113643646,0.5653543472290039,0.8428672552108765,0.006714373826980591
23.40679931640625,170.15589904785156,3.51635753759183e-6,0.0,0.0,0.0,0.0,-0.061765500377237714,-0.0,0.0,4.204857090541294,3.1334285191127234,0.0,0.0,0.20588499307632446,0.0,0.0,0.0,0.0,0.0,0.0,0.0,0.0,0.0,2335.0,0.0,0.0,0.00022473931312561035,0.2841165065765381,0.0
23.396892547607422,169.4846649169922,3.5162520362064242e-6,0.0,0.0,0.0,0.0,-0.16352699005711013,-0.0,0.0,4.209999983651297,3.138571275983538,0.06460000574588776,0.0,0.23959900438785553,0.0,0.0,0.0,0.3054909408092499,0.0,0.0,0.0,0.3054909408092499,0.0,2336.0,0.0,0.3054909408092499,0.5653543472290039,0.8428672552108765,0.006714373826980591
23.21432113647461,168.8134307861328,3.5161465348210186e-6,0.0,0.0,0.0,0.0,-0.01,-0.0,-0.01,4.322857121058872,3.2514285496303015,0.34724798798561096,0.0,0.0,1.292869043479044,0.0,0.5203978419303894,0.0,0.0,0.0,0.0,0.0,0.5203978419303894,2337.0,1.9547520875930786,-0.5203978419303894,0.9335023164749146,0.20923715829849243,0.9999415874481201
23.021636962890625,179.98873901367188,1.2928338050842285,0.0,0.0,0.0,0.0,0.30159531447055304,-0.0,-0.01,4.434214265005929,3.3627855573381695,0.3549250066280365,0.0,0.0,0.0,3.462169885635376,0.9585549831390381,0.0,0.0,0.0,0.0,0.9585549831390381,0.0,2338.0,-1.2927950620651245,0.9585549831390381,0.0009275078773498535,0.353426456451416,0.2681114673614502
23.649866104125977,124.71456146240234,1.2927950620651245,0.0,0.0,0.0,0.0,0.47860977458043363,-0.0,-0.01,4.562857164655413,3.4914285932268414,0.35721999406814575,0.0,0.0,0.0,5.428997063880221,0.7915825602958045,0.0,0.0,0.0,0.0,0.7915825602958045,0.0,2339.0,-1.2927563190460205,1.4699686765670776,0.0,0.9999997615814209,0.0003921985626220703
23.999984741210938,118.48786926269531,1.2927563190460205,0.0,0.0,0.0,0.0,0.6483718996256583,-0.0,-0.01,4.660214301518032,3.588785661969866,0.34515801072120667,0.0,0.0,0.0,7.315242747810709,0.01559879347957423,0.0,0.0,0.0,0.0,0.01559879347957423,0.0,2340.0,-1.2927175760269165,0.015598793514072895,0.0,0.9999997615814209,0.0002776980400085449
23.999984741210938,117.81664276123047,1.2927175760269165,0.0,0.0,0.0,0.0,0.6909357404949814,-0.0,-0.01,4.714071423666818,3.6426429203578405,0.35785800218582153,0.0,0.0,0.0,7.788174275440189,0.015416975933102267,0.0,0.0,0.0,0.0,0.015416975933102267,0.0,2341.0,-1.2926788330078125,0.015416976064443588,0.0,1.0,3.2961368560791016e-5
23.999984741210938,117.14541625976562,1.2926788330078125,0.0,0.0,0.0,0.0,0.6816181834955527,-0.0,-0.01,4.746142877851214,3.674714306422642,0.3717289865016937,0.0,0.0,0.0,7.684645872563124,0.013874787837266922,0.0,0.0,0.0,0.0,0.013874787837266922,0.0,2342.0,-1.2926400899887085,0.013874787837266922,0.0,1.0,8.046627044677734e-7
23.999984741210938,116.47418975830078,1.2926400899887085,0.0,0.0,0.0,0.0,0.6150058215718328,-0.0,-0.01,4.7574999809265135,3.6860713413783484,0.4326620101928711,0.0,0.0,0.0,6.944508576675953,0.013829683974681236,0.0,0.0,0.0,0.0,0.013829683974681236,0.0,2343.0,-1.2926013469696045,1.2379252910614014,0.0,1.0,5.960464477539063e-8
23.999984741210938,107.50881958007812,1.2926013469696045,0.0,0.0,0.0,0.0,0.48950885059188076,-0.0,-0.01,4.748714256286621,3.6772856848580497,0.5398539900779724,0.0,0.0,0.0,5.550097898827626,0.010947747839854933,0.0,0.0,0.0,0.0,0.010947747839854933,0.0,2344.0,-1.2925626039505005,0.9418526887893677,0.0,0.9999978542327881,2.980232238769531e-7
23.999984741210938,86.42037200927734,1.2925626039505005,0.0,0.0,0.0,0.0,-0.01,-0.0,-0.01,4.716214261736188,3.644785690307617,0.4752439856529236,0.0,0.0,2.2592640195917397,0.0,1.37753427028656,0.0,0.0,0.0,0.0,0.0,1.37753427028656,2345.0,3.9017558097839355,-1.37753427028656,1.0,1.0,0.9958442449569702
23.991167068481445,179.33316040039062,3.551720142364502,0.0,0.0,0.0,0.0,-0.01,-0.0,-0.01,4.612714304242815,3.5412857328142437,0.44537198543548584,0.0,0.0,1.1385380074690286,0.0,0.02400456741452217,0.0,0.0,0.0,0.0,0.02400456741452217,0.0,2346.0,1.2716280221939087,0.02400456741452217,1.0,1.0,0.9958446025848389
23.999984741210938,178.66192626953125,4.690117359161377,0.0,0.0,0.0,0.0,-0.01,-0.0,-0.01,4.473857143947056,3.4024284362792967,0.0,0.5932930111885071,0.0,0.0,0.0,0.0,0.0,0.0,0.28555866440599437,0.0,0.28555866440599437,0.0,2347.0,-4.599999904632568,0.34620898962020874,1.0,1.0,0.7918592095375061
23.999984741210938,169.2863006591797,3.7932162284851074,0.0,0.0,0.0,0.0,-0.01,-0.0,-0.01,4.426071384974888,3.354642813546317,0.0,0.5601789951324463,0.0,0.0,0.0,0.0,0.0,0.0,0.011719134065920718,0.0,0.011719134065920718,0.0,2348.0,-3.793102502822876,2.070905923843384,0.12024271488189697,0.11631464958190918,0.0008332431316375732
23.999984741210938,153.36376953125,3.209550380706787,0.0,0.0,0.0,0.0,-0.01,-0.0,-0.01,4.393142918178013,3.321714346749442,0.0,0.4875490069389343,0.0,0.0,0.0,0.0,0.0,0.0,0.01024362909099513,0.0,0.01024362909099513,0.0,2349.0,-3.20945405960083,1.491109013557434,0.03911346197128296,0.011162340641021729,0.0006080865859985352
23.999984741210938,115.08470153808594,2.7015178203582764,0.0,0.0,0.0,0.0,-0.01,-0.0,-0.01,4.367785808018276,3.2963572365897043,0.0,0.44724398851394653,0.0,0.0,0.0,0.0,0.0,0.0,0.0,0.0,0.0,0.0,2350.0,-2.701436758041382,0.0,0.027776122093200684,0.02237340807914734,0.00020834803581237793
23.99323081970215,114.4134750366211,2.2450790405273438,0.0,0.0,0.0,0.0,-0.01,-0.0,-0.01,4.3516428266252785,3.2802142551967077,0.0,0.8671470284461975,0.0,0.0,0.0,0.0,0.0,0.0,0.02071306767470735,0.0,0.02071306767470735,0.0,2351.0,-2.245011806488037,1.3333563804626465,0.07734906673431396,0.019934356212615967,0.0008943080902099609
23.999984741210938,104.01984405517578,1.3390592336654663,0.0,0.0,0.0,0.0,-0.01,-0.0,-0.01,4.336499977111816,3.265071541922433,0.0,0.5285080075263977,0.0,0.0,0.0,0.0,0.0,0.0,0.015152017245506185,0.0,0.015152017245506185,0.0,2352.0,-1.3390190601348877,1.1316921710968018,0.07434743642807007,0.02155911922454834,0.0006756186485290527
23.999984741210938,90.9699478149414,0.7842805981636047,0.0,0.0,0.0,0.0,-0.01,-0.0,-0.01,4.316571453639439,3.245143018450056,0.0,0.24229499697685242,0.0,0.0,0.0,0.0,0.0,0.0,0.0,0.0,0.0,0.0,2353.0,-0.7842571139335632,0.0,0.027777284383773804,0.022374778985977173,0.00020837783813476562
23.99114418029785,90.29872131347656,0.537024736404419,0.0,0.0,0.0,0.0,-0.01,-0.0,-0.01,4.2955000196184425,3.224071448189872,0.0,0.20841699838638306,0.0,0.0,0.0,0.0,0.0,0.0,0.0,0.0,0.0,0.0,2354.0,-0.5370086431503296,0.0,0.023806750774383545,0.026021569967269897,0.00011670589447021484
23.982288360595703,89.62749481201172,0.32434460520744324,0.0,0.0,0.0,0.0,-0.24109275439864591,-0.0,-0.01,4.27221429007394,3.2007857186453683,0.0,0.19043999910354614,0.0,0.0,0.0,0.0,0.7703091507194841,0.0,0.12740814635769482,0.0,0.0,0.897717297077179,2355.0,-0.32433488965034485,-0.897717297077179,0.5653543472290039,0.8428672552108765,0.006714373826980591
23.789608001708984,144.0623321533203,9.768919881025795e-6,0.0,0.0,0.0,0.0,-0.05296800198030471,-0.0,0.0,4.246428571428572,3.175,0.0,0.0,0.17655999958515167,0.0,0.0,0.0,0.0,0.0,0.0,0.0,0.0,0.0,2356.0,0.0,0.0,0.00022807717323303223,0.28501904010772705,0.0
23.77971649169922,143.39109802246094,9.768627023731824e-6,0.0,0.0,0.0,0.0,-0.2276394994115627,-0.0,0.0,4.22057146344866,3.1491428920200892,0.0,0.0,0.17167800664901733,0.0,0.0,0.0,0.5871202945709229,0.0,0.0,0.0,0.0,0.5871202945709229,2357.0,0.0,-0.5871202945709229,0.5653543472290039,0.8428672552108765,0.006714373826980591
23.58601951599121,178.17855834960938,9.768334166437853e-6,0.0,0.0,0.0,0.0,-0.2563791973583887,-0.0,0.0,4.197928510393416,3.1264999389648436,0.0,0.0,0.17986400425434113,0.0,0.0,0.0,0.674733286314976,0.0,0.0,0.0,0.674733286314976,0.0,2358.0,0.0,2.5014021396636963,0.00020557641983032227,0.2581901550292969,0.0
23.999984741210938,169.9821319580078,9.768041309143882e-6,0.0,0.0,0.0,0.0,-0.061765500377237714,-0.0,0.0,4.18271427154541,3.1112858363560267,0.0,0.0,0.20588499307632446,0.0,0.0,0.0,0.0,0.0,0.0,0.0,0.0,0.0,2359.0,0.0,0.0,0.00022467970848083496,0.28409940004348755,0.0
23.987064361572266,169.31089782714844,9.767748451849911e-6,0.0,0.0,0.0,0.0,-0.07871970847128651,-0.0,0.0,4.174785695757185,3.1033572605678015,0.04179999977350235,0.0,0.26239901781082153,0.0,0.0,0.0,0.0,0.0,0.0,0.0,0.0,0.0,2360.0,0.0,0.0,0.5653543472290039,0.8428672552108765,0.006714373826980591
23.976146697998047,168.63966369628906,9.76745559455594e-6,0.0,0.0,0.0,0.0,-0.01,-0.0,-0.01,4.2797142573765345,3.208285685947963,0.34724798798561096,0.0,0.0,1.206028185394941,0.0,0.33731105530421,0.0,0.0,0.0,0.0,0.33731105530421,0.0,2361.0,1.6687520742416382,2.2029144763946533,0.5653543472290039,0.8428672552108765,0.006714373826980591
23.999984741210938,156.61434936523438,1.2060017585754395,0.0,0.0,0.0,0.0,0.16063728829602494,-0.0,-0.01,4.3912143162318635,3.3197857448032924,0.3549250066280365,0.0,0.0,2.326231002807617,1.8959697192776943,0.0,0.0,0.0,0.0,0.0,0.0,0.0,2362.0,2.326231002807617,0.0,0.35322028398513794,0.657508373260498,0.7084472179412842
23.990083694458008,155.943115234375,3.5321269035339355,0.0,0.0,0.0,0.0,0.5135104911335675,-0.0,-0.01,4.550499997820173,3.4790714263916014,0.35721999406814575,0.0,0.0,0.0,5.816782772541046,0.2555972933769226,0.0,0.0,0.0,0.0,0.2555972933769226,0.0,2363.0,-3.5320210456848145,0.2555972933769226,0.0,0.9944728016853333,0.4576307535171509
23.972349166870117,155.27188110351562,3.5320210456848145,0.0,0.0,0.0,0.0,0.6284494329253352,-0.0,-0.01,4.671928555624826,3.6005000523158484,0.34515801072120667,0.0,0.0,0.0,7.0938820242881775,0.0422096848487854,0.0,0.0,0.0,0.0,0.0,0.0422096848487854,2364.0,-3.5319151878356934,-0.0422096848487854,0.0,0.9745966196060181,0.46567368507385254
23.90254783630371,157.51524353027344,3.5319151878356934,0.0,0.0,0.0,0.0,0.6539456314003937,-0.0,-0.01,4.73250002179827,3.6610714503696986,0.35785800218582153,0.0,0.0,0.0,7.377173095941544,0.23546871542930603,0.0,0.0,0.0,0.0,0.23546871542930603,0.0,2365.0,-3.5318093299865723,0.23546871542930603,0.0,0.9999871850013733,0.0013895928859710693
23.999919891357422,156.84400939941406,3.5318093299865723,0.0,0.0,0.0,0.0,0.6618682216679157,-0.0,-0.01,4.766285705566406,3.694857134137835,0.3717289865016937,0.0,0.0,0.0,7.465201869695888,0.012918457299961297,0.0,0.0,0.0,0.0,0.012918457299961297,0.0,2366.0,-3.531703472137451,1.801880955696106,0.0,0.9999896287918091,4.827976226806641e-6
23.999984741210938,147.6800537109375,3.531703472137451,0.0,0.0,0.0,0.0,0.5778624143491092,-0.0,-0.01,4.776214272635324,3.704785701206752,0.354746013879776,0.0,0.0,0.0,6.531804084777832,0.0,0.0,0.0,0.0,0.0,0.0,0.0,2367.0,-3.53159761428833,0.00945743266493082,0.0,1.0,5.960464477539063e-8
23.993209838867188,147.00881958007812,3.53159761428833,0.0,0.0,0.0,0.0,-0.01,-0.0,-0.01,4.762785720825195,3.691357149396624,0.3672589957714081,0.0,0.0,4.587931698522449,0.0,0.02037814677625958,0.0,0.0,0.0,0.0,0.02037814677625958,0.0,2368.0,4.599999904632568,1.4495025873184204,0.9835642576217651,1.0,0.04578635096549988
23.999984741210938,129.9382781982422,8.119285583496094,0.0,0.0,0.0,0.0,0.02156648454111719,-0.0,-0.01,4.712499972752163,3.641071401323591,0.3569149971008301,0.0,0.0,1.8807144165039062,0.35073868924931717,0.0,0.0,0.0,0.0,0.0,0.0,0.0,2369.0,1.880744457244873,0.009566201828420162,1.0,1.0,0.537180483341217
23.993223190307617,129.2670440673828,9.999700546264648,0.0,0.0,0.0,0.0,0.01709749260822865,-0.0,0.0,4.597714233398437,3.526285661969866,0.44537198543548584,0.0,0.0,0.0,0.18997212499380112,0.02110586315393448,0.0,0.0,0.0,0.0,0.02110586315393448,0.0,2370.0,0.00032945373095571995,0.02110586315393448,1.0,1.0,0.0028080642223358154
23.999984741210938,128.59580993652344,9.999401092529297,0.0,0.0,0.0,0.0,-0.01,-0.0,-0.01,4.483785711015973,3.4123570033482142,0.0,0.5932930111885071,0.0,0.0,0.0,0.0,0.0,0.0,0.0,0.0,0.0,0.0,2371.0,-4.599999904632568,0.0,0.5653543472290039,0.8428672552108765,0.006714373826980591
23.90024185180664,127.9245834350586,9.393718719482422,0.0,0.0,0.0,0.0,-0.01,-0.0,-0.01,4.4673571722848076,3.395928737095424,0.0,0.5601789951324463,0.0,0.0,0.0,0.0,0.0,0.0,0.29535389296340014,0.0,0.29535389296340014,0.0,2372.0,-4.599999904632568,1.2571123838424683,0.027773648500442505,0.022370576858520508,0.00020834803581237793
23.999984741210938,101.90349578857422,8.52047061920166,0.0,0.0,0.0,0.0,-0.01,-0.0,-0.01,4.468642861502511,3.3972142900739395,0.0,0.4875490069389343,0.0,0.0,0.0,0.0,0.0,0.0,0.0,0.0,0.0,0.0,2373.0,-4.599999904632568,0.0,0.027778208255767822,0.022375881671905518,0.00020837783813476562
23.99114990234375,101.23226928710938,8.022730827331543,0.0,0.0,0.0,0.0,-0.01,-0.0,-0.01,4.47250006539481,3.401071493966239,0.0,0.44724398851394653,0.0,0.0,0.0,0.0,0.0,0.0,0.0,0.0,0.0,0.0,2374.0,-4.599999904632568,0.0,0.027777165174484253,0.022374659776687622,0.00020834803581237793
23.981792449951172,100.56104278564453,7.566132545471191,0.0,0.0,0.0,0.0,-0.01,-0.0,-0.01,4.468000085013253,3.3965715135846817,0.0,0.4041120111942291,0.0,0.0,0.0,0.0,0.0,0.0,0.0,0.0,0.0,0.0,2375.0,-4.599999904632568,0.0,0.027776718139648438,0.022374123334884644,0.00020834803581237793
23.971914291381836,99.88981628417969,7.153558731079102,0.0,0.0,0.0,0.0,-0.01,-0.0,-0.01,4.4473571232386995,3.3759285518101283,0.0,0.31360501050949097,0.0,0.0,0.0,0.0,0.0,0.0,0.058421002263661946,0.0,0.058421002263661946,0.0,2376.0,-4.599999904632568,1.0669119358062744,0.027774125337600708,0.02237117290496826,0.00020834803581237793
23.999984741210938,89.10708618164062,6.77373743057251,0.0,0.0,0.0,0.0,-0.01,-0.0,-0.01,4.430214282444545,3.358785574776786,0.0,0.24229499697685242,0.0,0.0,0.0,0.0,0.0,0.0,0.0,0.0,0.0,0.0,2377.0,-4.599999904632568,0.0,0.0277765691280365,0.02237391471862793,0.00020834803581237793
23.98807144165039,88.43585968017578,6.526301860809326,0.0,0.0,0.0,0.0,-0.01,-0.0,-0.01,4.412500054495675,3.3410714830671036,0.0,0.20841699838638306,0.0,0.0,0.0,0.0,0.0,0.0,0.0,0.0,0.0,0.0,2378.0,-4.599999904632568,0.0,0.027776330709457397,0.02237364649772644,0.00020834803581237793
23.97615623474121,87.76463317871094,6.313442230224609,0.0,0.0,0.0,0.0,-0.01,-0.0,-0.01,4.395428603036063,3.3239998953683036,0.0,0.20841699838638306,0.0,0.0,0.0,0.0,0.0,0.0,0.0,0.0,0.0,0.0,2379.0,-4.599999904632568,0.0,0.027825474739074707,0.022430628538131714,0.00020870566368103027
23.782453536987305,87.0934066772461,6.100588798522949,0.0,0.0,0.0,0.0,-0.01,-0.0,-0.01,4.38721433367048,3.3157857622419082,0.0,0.17655999958515167,0.0,0.0,0.0,0.0,0.0,0.0,1.4715462923049927,0.0,0.0,1.4715462923049927,2380.0,-4.599999904632568,-1.4715462923049927,2.5331974029541016e-6,0.9927125573158264,0.9999994039535522
23.588748931884766,179.99798583984375,4.418715000152588,0.0,0.0,0.0,0.0,-0.01,-0.0,-0.01,4.383071436200823,3.3116430010114395,0.0,0.17167800664901733,0.0,0.0,0.0,0.0,0.0,0.0,0.01057028847301558,0.0,0.0,0.01057028847301558,2381.0,-4.418582439422607,-0.2748774588108063,0.5653543472290039,0.8428672552108765,0.006714373826980591
23.395042419433594,179.99807739257812,4.2326202392578125,0.0,0.0,0.0,0.0,-0.01,-0.0,-0.01,4.382428523472377,3.310999952043806,0.0,0.17986400425434113,0.0,0.0,0.0,0.0,0.0,0.0,0.02127431519329548,0.0,0.02127431519329548,0.0,2382.0,-4.2324934005737305,0.02127431519329548,0.5653543472290039,0.8428672552108765,0.006714373826980591
23.21432113647461,179.32684326171875,4.027256488800049,0.0,0.0,0.0,0.0,-0.01,-0.0,-0.01,4.384571429661342,3.3131427219935827,0.0,0.20588499307632446,0.0,0.0,0.0,0.0,0.0,0.0,0.019647013396024704,0.0,0.019647013396024704,0.0,2383.0,-4.027135848999023,0.019647013396024704,0.5653543472290039,0.8428672552108765,0.006714373826980591
23.21432113647461,178.65560913085938,3.7970080375671387,0.0,0.0,0.0,0.0,-0.01,-0.0,-0.01,4.389285714285714,3.3178571428571426,0.0,0.3041990101337433,0.0,0.0,0.0,0.0,0.0,0.0,0.018123159185051918,0.0,0.018123159185051918,0.0,2384.0,-3.7968943119049072,0.018123159185051918,0.5653543472290039,0.8428672552108765,0.006714373826980591
23.21432113647461,177.984375,3.468003988265991,0.0,0.0,0.0,0.0,-0.01,-0.0,-0.01,4.423857225690569,3.3524286542619977,0.24034999310970306,0.1068979948759079,0.0,0.0,0.0,0.0,0.0,0.0,0.15341898798942566,0.0,0.15341898798942566,0.0,2385.0,-3.467900037765503,0.15341898798942566,0.5653543472290039,0.8428672552108765,0.006714373826980591
23.21432113647461,177.31314086914062,3.2022783756256104,0.0,0.0,0.0,0.0,-0.23751832516397933,-0.0,-0.01,4.477000045776367,3.405571474347796,0.3549250066280365,0.0,0.0,0.0,0.0,0.5162249803543091,0.758394387077379,0.0,0.0,0.0,1.2746193674316881,0.0,2386.0,0.5620750188827515,2.2667288780212402,0.5653543472290039,0.8428672552108765,0.006714373826980591
23.999984741210938,169.11703491210938,3.2021822929382324,0.0,0.0,0.0,0.0,-0.01,-0.0,-0.01,4.520071520124163,3.4486429486955914,0.35721999406814575,0.0,0.0,1.0178833903488227,0.0,0.01202342155487952,0.0,0.0,0.0,0.0,0.01202342155487952,0.0,2387.0,1.1247799396514893,1.9700201749801636,0.5653543472290039,0.8428672552108765,0.006714373826980591
23.999984741210938,151.3656768798828,4.219939231872559,0.0,0.0,0.0,0.0,0.11202528073313396,-0.0,-0.01,4.55228568485805,3.48085697719029,0.34515801072120667,0.0,0.0,0.0,1.3558363448381836,0.010905670046765176,0.0,0.0,0.0,0.0,0.010905670046765176,0.0,2388.0,-4.219812870025635,0.28805598616600037,0.36633893847465515,0.6725298166275024,0.6228417158126831
23.999984741210938,138.88218688964844,4.219812870025635,0.0,0.0,0.0,0.0,-0.01,-0.0,-0.01,4.587285668509347,3.5158570970807754,0.35785800218582153,0.0,0.0,1.3685522520420061,0.0,0.009810099010505047,0.0,0.0,0.0,0.0,0.009810099010505047,0.0,2389.0,1.433760643005371,1.625672459602356,0.5653543472290039,0.8428672552108765,0.006714373826980591
23.999984741210938,130.6867218017578,5.588197708129883,0.0,0.0,0.0,0.0,0.13385249474453048,-0.0,-0.01,4.627999932425363,3.556571360996791,0.3717289865016937,0.0,0.0,0.06537576764822006,1.5983609256906892,0.0,0.0,0.0,0.0,0.0,0.0,0.0,2390.0,0.06537576764822006,0.0,0.5653543472290039,0.8428672552108765,0.006714373826980591
23.993234634399414,130.01548767089844,5.6534037590026855,0.0,0.0,0.0,0.0,-0.01,-0.0,-0.01,4.647714287894113,3.576285716465541,0.354746013879776,0.0,0.0,0.8356820519492487,0.0,0.7419173121452332,0.0,0.0,0.0,0.0,0.0,0.7419173121452332,2391.0,1.6972540616989136,-0.7419173121452332,1.0,1.0,0.9904413223266602
23.98648452758789,178.46868896484375,6.488891124725342,0.0,0.0,0.0,0.0,-0.01,-0.0,-0.01,4.61478568485805,3.543357113429478,0.3672589957714081,0.0,0.0,0.16657689552858201,0.0,0.11731459945440292,0.0,0.0,0.0,0.0,0.0,0.11731459945440292,2392.0,0.3217410147190094,-0.11731459945440292,1.0,1.0,0.9958432912826538
23.979734420776367,179.3330078125,6.655268669128418,0.0,0.0,0.0,0.0,-0.01,-0.0,-0.01,4.569857134137835,3.4984285627092633,0.16529999673366547,0.1916150003671646,0.0,0.0,0.0,0.0,0.0,0.0,0.03938938598509748,0.0,0.03938938598509748,0.0,2393.0,-4.599999904632568,0.039389386773109436,1.0,1.0,0.9958435893058777
23.999984741210938,178.66177368164062,6.4193572998046875,0.0,0.0,0.0,0.0,-0.01,-0.0,-0.01,4.525999968392508,3.454571533203125,0.004749999847263098,0.4406219720840454,0.0,0.0,0.0,0.0,0.0,0.0,0.1473647803068161,0.0,0.0,0.1473647803068161,2394.0,-4.599999904632568,-0.1473647803068161,1.0,1.0,0.9875848293304443
23.993234634399414,178.01165771484375,5.8191962242126465,0.0,0.0,0.0,0.0,-0.01,-0.0,-0.01,4.486857223510742,3.415428652082171,0.0,0.5932930111885071,0.0,0.0,0.0,0.0,0.0,0.0,0.020059125571000647,0.0,0.020059125571000647,0.0,2395.0,-4.599999904632568,2.045842170715332,0.027774930000305176,0.022372126579284668,0.00020834803581237793
23.999984741210938,154.0362548828125,5.19317102432251,0.0,0.0,0.0,0.0,-0.01,-0.0,-0.01,4.453000014168875,3.381571306501116,0.0,0.5601789951324463,0.0,0.0,0.0,0.0,0.0,0.0,0.010106383771668923,0.0,0.010106383771668923,0.0,2396.0,-4.599999904632568,1.861783504486084,0.027775824069976807,0.022373110055923462,0.00020834803581237793
23.999984741210938,140.77133178710938,4.611108779907227,0.0,0.0,0.0,0.0,-0.01,-0.0,-0.01,4.4277856826782225,3.3563572474888392,0.0,0.5109699964523315,0.0,0.0,0.0,0.0,0.0,0.0,0.0,0.0,0.0,0.0,2397.0,-4.599999904632568,0.0,0.027790963649749756,0.022390663623809814,0.0002084672451019287
23.99323272705078,140.10009765625,4.089588165283203,0.0,0.0,0.0,0.0,-0.01,-0.0,-0.01,4.41535712650844,3.343928418840681,0.0,0.45360898971557617,0.0,0.0,0.0,0.0,0.0,0.0,0.02196858616769229,0.0,0.02196858616769229,0.0,2398.0,-4.089465618133545,1.6297372579574585,0.02777397632598877,0.022371023893356323,0.00020834803581237793
23.999984741210938,124.54621124267578,3.604196786880493,0.0,0.0,0.0,0.0,-0.01,-0.0,-0.01,4.418000030517578,3.3465714590890068,0.0,0.4041120111942291,0.0,0.0,0.0,0.0,0.0,0.0,0.0,0.0,0.0,0.0,2399.0,-3.60408878326416,0.0,0.027778208255767822,0.022375881671905518,0.00020837783813476562
23.990123748779297,123.87498474121094,3.191741943359375,0.0,0.0,0.0,0.0,-0.01,-0.0,-0.01,4.429357201712472,3.3579286302839004,0.0,0.31360501050949097,0.0,0.0,0.0,0.0,0.0,0.0,0.029699494825444525,0.0,0.029699494825444525,0.0,2400.0,-3.1916463375091553,1.4559571743011475,0.02777421474456787,0.022371262311935425,0.00020834803581237793
23.999984741210938,113.79263305664062,2.841346025466919,0.0,0.0,0.0,0.0,-0.01,-0.0,-0.01,4.446857125418527,3.375428553989955,0.0,0.24229499697685242,0.0,0.0,0.0,0.0,0.0,0.0,0.28581459372076906,0.0,0.28581459372076906,0.0,2401.0,-2.8412609100341797,0.8952091336250305,0.14197859168052673,0.0036377012729644775,0.0007521212100982666
23.999984741210938,78.06884765625,2.302389621734619,0.0,0.0,0.0,0.0,-0.01,-0.0,-0.01,4.460785675048828,3.3893571036202568,0.0,0.20841699838638306,0.0,0.0,0.0,0.0,0.0,0.0,0.5316884517669678,0.0,0.0,0.5316884517669678,2402.0,-2.3023204803466797,-0.5316884517669678,0.048167258501052856,0.8903086185455322,1.0728836059570312e-6
23.807289123535156,111.95793914794922,1.5471335649490356,0.0,0.0,0.0,0.0,-0.01,-0.0,-0.01,4.470928546360561,3.3994998386928015,0.0,0.19043999910354614,0.0,0.0,0.0,0.0,0.0,0.0,0.3837384283542633,0.0,0.3837384283542633,0.0,2403.0,-1.5470871925354004,0.3837384283542633,0.11518716812133789,0.9741906523704529,2.086162567138672e-6
23.87093734741211,111.28671264648438,0.9612084031105042,0.0,0.0,0.0,0.0,-0.01,-0.0,-0.01,4.473000063214983,3.4015714917864117,0.0,0.17655999958515167,0.0,0.0,0.0,0.0,0.0,0.0,0.5611087083816528,0.0,0.5611087083816528,0.0,2404.0,-0.9611796140670776,0.5611087083816528,0.11520224809646606,0.9741874933242798,2.086162567138672e-6
23.870922088623047,110.61548614501953,0.20847900211811066,0.0,0.0,0.0,0.0,-0.04417134643107369,-0.0,-0.01,4.473500061035156,3.402071489606585,0.0,0.17167800664901733,0.0,0.0,0.0,0.0,0.11390448357742144,0.0,0.03262526545841382,0.0,0.0,0.14652974903583527,2405.0,-0.20847275853157043,-0.14652974903583527,0.5653543472290039,0.8428672552108765,0.006714373826980591
23.312646865844727,119.50457763671875,6.279346962401178e-6,0.0,0.0,0.0,0.0,-0.34899762914568644,-0.0,0.0,4.48207141331264,3.410642841884068,0.0,0.0,0.17986400425434113,0.0,0.0,0.0,0.9834613800048828,0.0,0.0,0.0,0.9834613800048828,0.0,2406.0,0.0,0.9834613800048828,0.999999463558197,0.9925844669342041,0.0013749003410339355
23.962905883789062,118.8333511352539,6.279158696997911e-6,0.0,0.0,0.0,0.0,-0.07322017953177995,-0.0,0.0,4.492428588867187,3.421000017438616,0.0,0.0,0.20588499307632446,0.0,0.0,0.0,0.03818226233124733,0.0,0.0,0.0,0.03818226233124733,0.0,2407.0,0.0,0.03818226233124733,0.9999985694885254,0.9955433011054993,0.016167938709259033
23.97770118713379,118.16212463378906,6.278970431594644e-6,0.0,0.0,0.0,0.0,-0.2598352803721138,-0.0,0.0,4.493142890930176,3.4217144557407924,0.0,0.0,0.3041990101337433,0.0,0.0,0.0,0.5619185566902161,0.0,0.0,0.0,0.5619185566902161,0.0,2408.0,0.0,0.5619185566902161,0.917621374130249,0.9959884881973267,0.5108643174171448
23.97992706298828,117.49089813232422,6.278782166191377e-6,0.0,0.0,0.0,0.0,-0.0842587744895129,-0.0,-0.01,4.515857097080776,3.4444285256522043,0.34724798798561096,0.0,0.0,0.0,0.0,0.03845199942588806,0.24752923846244812,0.0,0.0,0.0,0.2859812378883362,0.0,2409.0,0.05875200033187866,0.2859812378883362,0.9176235795021057,0.9959887266159058,0.5108810663223267
23.979928970336914,116.81967163085938,6.27859390078811e-6,0.0,0.0,0.0,0.0,-0.01,-0.0,-0.01,4.562214251926967,3.4907855442592077,0.3549250066280365,0.0,0.0,0.5013816249049351,0.0,0.044511032606592615,0.0,0.0,0.0,0.0,0.044511032606592615,0.0,2410.0,0.6040749549865723,1.2553311586380005,0.12223371863365173,0.07022535800933838,0.002141505479812622
23.999984741210938,104.38043975830078,0.5013728737831116,0.0,0.0,0.0,0.0,0.13790730855157965,-0.0,-0.01,4.617071369716099,3.545642798287528,0.35721999406814575,0.0,0.0,0.0,1.643414408855151,0.10076555521040065,0.0,0.0,0.0,0.0,0.10076555521040065,0.0,2411.0,-0.5013578534126282,1.221153974533081,0.0,1.0,0.0
23.999984741210938,103.03449249267578,0.5013578534126282,0.0,0.0,0.0,0.0,0.27580591659508874,-0.0,-0.01,4.663214288439069,3.591785648890904,0.34515801072120667,0.0,0.0,0.0,3.1756210431252954,0.09777091892609621,0.0,0.0,0.0,0.0,0.09777091892609621,0.0,2412.0,-0.5013428330421448,0.09777092188596725,0.0,1.0,0.0
23.999984741210938,102.36326599121094,0.5013428330421448,0.0,0.0,0.0,0.0,0.12300523920501356,-0.0,-0.01,4.664928586142404,3.5935000828334265,0.6661649942398071,0.0,0.0,0.0,1.477835873718972,0.009649177436118313,0.0,0.0,0.0,0.0,0.009649177436118313,0.0,2413.0,-0.5013278126716614,1.0445566177368164,0.0,0.9997093677520752,3.5762786865234375e-7
23.999984741210938,91.98493957519531,0.5013278126716614,0.0,0.0,0.0,0.0,0.026367762587792803,-0.0,-0.01,4.627999932425363,3.556571360996791,0.7347400188446045,0.0,0.0,0.0,0.40408621886158763,0.009723795863143802,0.0,0.0,0.0,0.0,0.009723795863143802,0.0,2414.0,-0.501312792301178,0.8815851211547852,0.03706538677215576,0.06682759523391724,0.0006518065929412842
23.999984741210938,80.23345184326172,0.501312792301178,0.0,0.0,0.0,0.0,-0.01,-0.0,-0.01,4.5859999792916435,3.514571407863072,0.354746013879776,0.0,0.0,0.4334579140864179,0.0,0.0,0.0,0.0,0.0,0.0,0.0,0.0,2415.0,0.48425397276878357,0.009812849573791027,0.9611779451370239,0.9999997615814209,0.010014981031417847
23.993234634399414,79.56222534179688,0.9347426891326904,0.0,0.0,0.0,0.0,-0.01,-0.0,-0.01,4.566571453639439,3.495143018450056,0.3672589957714081,0.0,0.0,0.31136252085384086,0.0,0.24032412469387054,0.0,0.0,0.0,0.0,0.0,0.24032412469387054,2416.0,0.6067409515380859,-0.24032412469387054,0.9982272386550903,0.9889689683914185,0.3206336498260498
23.98648452758789,71.29946899414062,1.2460678815841675,0.0,0.0,0.0,0.0,-0.5184379696225305,-0.0,-0.01,4.538785743713379,3.4673573085239955,0.3569149971008301,0.0,0.0,0.0,0.0,0.2225850224494934,1.694793164730072,0.0,0.0,0.0,0.0,1.9173781871795654,2417.0,0.25308501720428467,-1.9173781871795654,0.9998461008071899,0.003674060106277466,0.7272546291351318
23.979734420776367,136.35882568359375,1.246030569076538,0.0,0.0,0.0,0.0,-0.01,-0.0,-0.01,4.472571454729352,3.401142883300781,0.19949999451637268,0.24587199091911316,0.0,0.0,0.0,0.0,0.0,0.0,0.66757732629776,0.0,0.0,0.66757732629776,2418.0,-1.2459932565689087,-0.66757732629776,1.0,1.0,0.9952102899551392
23.972984313964844,179.23171997070312,0.31393003463745117,0.0,0.0,0.0,0.0,-0.11211641601913903,-0.0,-0.01,4.366071374075753,3.2946428026471817,0.0,0.3076421815427892,0.28565082964571786,0.0,0.0,0.0,0.054737210225606785,0.0,0.0,0.0,0.054737210225606785,0.0,2419.0,-0.31392061710357666,0.054737210273742676,1.0,1.0,0.9867444038391113
23.999984741210938,178.56048583984375,9.447053344047163e-6,0.0,0.0,0.0,0.0,-0.1680537052175879,-0.0,0.0,4.258285740443638,3.186857169015067,0.0,0.0,0.5601789951324463,0.0,0.0,0.0,0.0,0.0,0.0,0.0,0.0,0.0,2420.0,0.0,0.0,0.2782536745071411,0.08830073475837708,0.10902413725852966
23.992700576782227,177.88925170898438,9.446770491194911e-6,0.0,0.0,0.0,0.0,-0.14626470789371737,-0.0,0.0,4.171285711015974,3.0998570033482142,0.0,0.0,0.4875490069389343,0.0,0.0,0.0,0.0,0.0,0.0,0.0,0.0,0.0,2421.0,0.0,0.0,0.027951955795288086,0.00403103232383728,0.01839199662208557
23.983863830566406,177.218017578125,9.44648763834266e-6,0.0,0.0,0.0,0.0,-0.15194429688430988,-0.0,0.0,4.109214319501604,3.037785611833845,0.0,0.0,0.44724398851394653,0.0,0.0,0.0,0.059236980974674225,0.0,0.0,0.0,0.0,0.059236980974674225,2422.0,0.0,-0.059236980974674225,1.430511474609375e-6,0.0013616979122161865,0.9999985694885254
23.79220962524414,179.9978485107422,9.446204785490409e-6,0.0,0.0,0.0,0.0,-0.22830880997406885,-0.0,0.0,4.046500015258789,2.9750714438302177,0.0,0.0,0.4041120111942291,0.0,0.0,0.0,0.3569173251454115,0.0,0.0,0.0,0.3569173251454115,0.0,2423.0,0.0,2.740621328353882,0.02777692675590515,0.022374361753463745,0.00020834803581237793
23.999984741210938,176.40003967285156,9.445921932638157e-6,0.0,0.0,0.0,0.0,-0.19114797831194064,-0.0,0.0,3.9909999847412108,2.9195714133126396,0.0,0.0,0.31360501050949097,0.0,0.0,0.0,0.3235548918785181,0.0,0.0,0.0,0.3235548918785181,0.0,2424.0,0.0,2.692472219467163,0.027791231870651245,0.022390931844711304,0.0002084672451019287
23.999984741210938,170.78704833984375,9.445639079785906e-6,0.0,0.0,0.0,0.0,-0.07268850198143717,-0.0,0.0,3.9649285725184846,2.8934998648507255,0.0,0.0,0.24229499697685242,0.0,0.0,0.0,0.0,0.0,0.0,0.0,0.0,0.0,2425.0,0.0,0.0,0.5653543472290039,0.8428672552108765,0.006714373826980591
23.990083694458008,170.11581420898438,9.445356226933654e-6,0.0,0.0,0.0,0.0,-0.11974501506896504,-0.0,0.0,3.9565713882446287,2.8851429530552455,0.0,0.0,0.20841699838638306,0.0,0.0,0.0,0.19073303598270308,0.0,0.0,0.0,0.0,0.19073303598270308,2426.0,0.0,-0.9790570139884949,0.5653543472290039,0.8428672552108765,0.006714373826980591
23.795377731323242,179.99807739257812,9.445073374081403e-6,0.0,0.0,0.0,0.0,-0.060785745229661015,-0.0,0.0,3.945214353288923,2.8737857818603514,0.0,0.0,0.19043999910354614,0.0,0.0,0.0,0.012179143610629224,0.0,0.0,0.0,0.0,0.012179143610629224,2427.0,0.0,-0.6562517285346985,0.5653543472290039,0.8428672552108765,0.006714373826980591
23.602680206298828,179.99807739257812,9.444790521229152e-6,0.0,0.0,0.0,0.0,-0.05296800198030471,-0.0,0.0,3.929357201712472,2.857928630283901,0.0,0.0,0.17655999958515167,0.0,0.0,0.0,0.0,0.0,0.0,0.0,0.0,0.0,2428.0,0.0,0.0,0.5653543472290039,0.8428672552108765,0.006714373826980591
23.591766357421875,179.32684326171875,9.4445076683769e-6,0.0,0.0,0.0,0.0,-0.4508781105555484,-0.0,0.0,3.919642802647182,2.8482142312186105,0.0,0.0,0.17167800664901733,0.0,0.0,0.0,1.3312489688151916,0.0,0.0,0.0,1.3312489688151916,0.0,2429.0,0.0,2.7599964141845703,0.5653543472290039,0.8428672552108765,0.006714373826980591
23.999984741210938,171.83175659179688,9.444224815524649e-6,0.0,0.0,0.0,0.0,-0.15248963800798193,-0.0,0.0,3.9115000588553293,2.8400714874267576,0.0,0.0,0.17986400425434113,0.0,0.0,0.0,0.3284347689076201,0.0,0.0,0.0,0.3284347689076201,0.0,2430.0,0.0,2.714348793029785,0.5653543472290039,0.8428672552108765,0.006714373826980591
23.999984741210938,168.91445922851562,9.443941962672397e-6,0.0,0.0,0.0,0.0,-0.12665408088338742,-0.0,0.0,3.9052142551967073,2.833785683768136,0.0,0.0,0.20588499307632446,0.0,0.0,0.0,0.2162952597590309,0.0,0.0,0.0,0.0,0.2162952597590309,2431.0,0.0,-1.012259602546692,0.5653543472290039,0.8428672552108765,0.006714373826980591
23.80728530883789,179.99807739257812,9.443659109820146e-6,0.0,0.0,0.0,0.0,-0.08954970894454739,-0.0,0.0,3.9067142486572264,2.835285677228655,0.00570000009611249,0.0,0.2984990179538727,0.0,0.0,0.0,0.0,0.0,0.0,0.0,0.0,0.0,2432.0,0.0,0.0,0.5653543472290039,0.8428672552108765,0.006714373826980591
23.795366287231445,179.32684326171875,9.443376256967895e-6,0.0,0.0,0.0,0.0,-0.01,-0.0,-0.01,3.9392857687813896,2.867857197352818,0.34724798798561096,0.0,0.0,0.9714759920368579,0.0,0.0,0.0,0.0,0.0,0.0,0.0,0.0,2433.0,1.0617520809173584,0.0,0.5653543472290039,0.8428672552108765,0.006714373826980591
23.78443717956543,178.65560913085938,0.9714562892913818,0.0,0.0,0.0,0.0,-0.01,-0.0,-0.01,4.009571429661342,2.9381427219935827,0.3549250066280365,0.0,0.0,2.9036484213548945,0.0,0.17341838777065277,0.0,0.0,0.0,0.0,0.0,0.17341838777065277,2434.0,3.320075035095215,-0.17341838777065277,0.979495644569397,0.538794219493866,0.9999886751174927
23.773029327392578,179.9962615966797,3.874988555908203,0.0,0.0,0.0,0.0,0.45699919120464033,-0.0,-0.01,4.095214244297573,3.023785672869001,0.35721999406814575,0.0,0.0,0.0,5.188879489898682,0.0,0.0,0.0,0.0,0.0,0.0,0.0,2435.0,-3.8748724460601807,0.0,0.3531319499015808,0.6574054956436157,0.7089869976043701
23.6717472076416,179.3250274658203,3.8748724460601807,0.0,0.0,0.0,0.0,0.5894128226767211,-0.0,-0.01,4.190285764421736,3.118857192993164,0.34515801072120667,0.0,0.0,0.0,6.660141944885254,0.0,0.0,0.0,0.0,0.0,0.0,0.0,2436.0,-3.874756336212158,0.0,2.5391578674316406e-5,0.9241993427276611,0.9627458453178406
23.663421630859375,178.65379333496094,3.874756336212158,0.0,0.0,0.0,0.0,0.5907492924332027,-0.0,-0.01,4.265071405683245,3.1936429704938614,0.35785800218582153,0.0,0.0,0.0,6.674991607666016,0.0,0.0,0.0,0.0,0.0,0.0,0.0,2437.0,-3.8746402263641357,0.0,0.3531462550163269,0.6574221253395081,0.7089000940322876
23.655109405517578,177.98255920410156,3.8746402263641357,0.0,0.0,0.0,0.0,0.4965349149930386,-0.0,-0.01,4.3124999455043245,3.2410713740757533,0.4070050120353699,0.0,0.0,0.0,5.628165274858475,0.4913296401500702,0.0,0.0,0.0,0.0,0.4913296401500702,0.0,2438.0,-3.8745241165161133,0.4913296401500702,0.353176474571228,0.6574574112892151,0.70871502161026
23.9661865234375,163.93218994140625,3.8745241165161133,0.0,0.0,0.0,0.0,-0.01,-0.0,-0.01,4.333571515764509,3.2621429443359373,0.3781459927558899,0.0,0.0,2.643739123538836,0.0,0.6092111468315125,0.0,0.0,0.0,0.0,0.0,0.6092111468315125,2439.0,3.500854015350342,-0.6092111468315125,1.0,1.0,0.9957592487335205
23.959436416625977,179.31954956054688,6.518067836761475,0.0,0.0,0.0,0.0,-0.01,-0.0,-0.01,4.348785618373325,3.2773570469447546,0.41212400794029236,0.0,0.0,2.580602411198442,0.0,0.07250849932119528,0.0,0.0,0.0,0.0,0.07250849932119528,0.0,2440.0,2.8698761463165283,1.1333047151565552,1.0,1.0,0.4880799949169159
23.999984741210938,169.3226318359375,9.098397254943848,0.0,0.0,0.0,0.0,0.017915712144639016,-0.0,-0.01,4.348571450369699,3.277142878941127,0.39252400398254395,0.0,0.0,0.9016027450561523,0.3101745547344186,0.010348623015892186,0.0,0.0,0.0,0.0,0.010348623015892186,0.0,2441.0,0.9016327261924744,2.205209970474243,1.0,1.0,0.0028080642223358154
23.999984741210938,159.04266357421875,9.999700546264648,0.0,0.0,0.0,0.0,-0.01,-0.0,-0.01,4.316071455819266,3.2446427481515068,0.32774999737739563,0.11762198805809021,0.0,0.0,0.0,0.0,0.0,0.0,0.010426548090827522,0.0,0.010426548090827522,0.0,2442.0,-4.599999904632568,2.062912940979004,1.0,1.0,0.002808511257171631
23.999984741210938,148.813720703125,9.868742942810059,0.0,0.0,0.0,0.0,-0.01,-0.0,-0.01,4.260857118879046,3.189428547450474,0.0,0.5932930111885071,0.0,0.0,0.0,0.0,0.0,0.0,0.15605140977659618,0.0,0.15605140977659618,0.0,2443.0,-4.599999904632568,0.1560514122247696,1.0,1.0,0.002815157175064087
23.999984741210938,148.14248657226562,9.103833198547363,0.0,0.0,0.0,0.0,-0.01,-0.0,-0.01,4.232357243129185,3.160928671700614,0.0,0.5601789951324463,0.0,0.0,0.0,0.0,0.0,0.0,0.0,0.0,0.0,0.0,2444.0,-4.599999904632568,0.0,0.5653543472290039,0.8428672552108765,0.006714373826980591
23.99271011352539,147.47125244140625,8.531966209411621,0.0,0.0,0.0,0.0,-0.01,-0.0,-0.01,4.204357092721121,3.13292852129255,0.0,0.4875490069389343,0.0,0.0,0.0,0.0,0.0,0.0,0.0,0.0,0.0,0.0,2445.0,-4.599999904632568,0.0,0.5653543472290039,0.8428672552108765,0.006714373826980591
23.983875274658203,146.80001831054688,8.034226417541504,0.0,0.0,0.0,0.0,-0.01,-0.0,-0.01,4.178071376255581,3.106642804827009,0.0,0.44724398851394653,0.0,0.0,0.0,0.0,0.0,0.0,0.04145122293957041,0.0,0.04145122293957041,0.0,2446.0,-4.599999904632568,1.8740311861038208,0.027774900197982788,0.022372007369995117,0.00020834803581237793
23.999984741210938,131.6846466064453,7.535331726074219,0.0,0.0,0.0,0.0,-0.01,-0.0,-0.01,4.164857128688267,3.093428693498884,0.0,0.4041120111942291,0.0,0.0,0.0,0.0,0.0,0.0,0.3067871440004324,0.0,0.3067871440004324,0.0,2447.0,-4.599999904632568,1.5829452276229858,0.02777424454689026,0.0223713219165802,0.00020834803581237793
23.999984741210938,113.94084167480469,6.809720039367676,0.0,0.0,0.0,0.0,-0.01,-0.0,-0.01,4.159500067574637,3.088071496146066,0.0,0.31360501050949097,0.0,0.0,0.0,0.0,0.0,0.0,0.0,0.0,0.0,0.0,2448.0,-4.599999904632568,0.0,0.027778029441833496,0.022375673055648804,0.00020837783813476562
23.989084243774414,113.26961517333984,6.48952054977417,0.0,0.0,0.0,0.0,-0.01,-0.0,-0.01,4.155071476527622,3.0836429050990515,0.0,0.24229499697685242,0.0,0.0,0.0,0.0,0.0,0.0,0.0,0.0,0.0,0.0,2449.0,-4.599999904632568,0.0,0.027778029441833496,0.02237570285797119,0.00020837783813476562
23.978178024291992,112.598388671875,6.242093563079834,0.0,0.0,0.0,0.0,-0.01,-0.0,-0.01,4.157785633632114,3.0863570622035437,0.0,0.20841699838638306,0.0,0.0,0.0,0.0,0.0,0.0,0.0,0.0,0.0,0.0,2450.0,-4.599999904632568,0.0,0.027777880430221558,0.022375553846359253,0.00020837783813476562
23.96827507019043,111.92716217041016,6.029242515563965,0.0,0.0,0.0,0.0,-0.01,-0.0,-0.01,4.137428501674107,3.065999930245536,0.0,0.19043999910354614,0.0,0.0,0.0,0.0,0.0,0.0,0.36320904856822805,0.0,0.36320904856822805,0.0,2451.0,-4.599999904632568,1.3846700191497803,0.02777668833732605,0.022374123334884644,0.00020834803581237793
23.999984741210938,101.44963073730469,5.464130878448486,0.0,0.0,0.0,0.0,-0.01,-0.0,-0.01,4.122357177734375,3.0509286063058036,0.0,0.17655999958515167,0.0,0.0,0.0,0.0,0.0,0.0,0.6649553775787354,0.0,0.0,0.6649553775787354,2452.0,-4.599999904632568,-0.6649553775787354,0.5653543472290039,0.8428672552108765,0.006714373826980591
23.625499725341797,139.68539428710938,4.605303764343262,0.0,0.0,0.0,0.0,-0.01,-0.0,-0.01,4.101571437290737,3.030142865862165,0.0,0.17167800664901733,0.0,0.0,0.0,0.0,0.0,0.0,0.35348084568977356,0.0,0.0,0.35348084568977356,2453.0,-4.599999904632568,-0.35348084568977356,0.5653543472290039,0.8428672552108765,0.006714373826980591
23.431795120239258,159.5556640625,4.069305419921875,0.0,0.0,0.0,0.0,-0.01,-0.0,-0.01,4.093714250837054,3.022285679408482,0.0,0.17986400425434113,0.0,0.0,0.0,0.0,0.0,0.0,0.038708318024873734,0.0,0.0,0.038708318024873734,2454.0,-4.069183349609375,-0.038708318024873734,0.5653543472290039,0.8428672552108765,0.006714373826980591
23.23809051513672,161.12802124023438,3.8461570739746094,0.0,0.0,0.0,0.0,-0.01,-0.0,-0.01,4.092499950953892,3.021071515764509,0.0,0.20588499307632446,0.0,0.0,0.0,0.0,0.0,0.0,0.5745824575424194,0.0,0.5745824575424194,0.0,2455.0,-3.846041679382324,0.5745824575424194,0.5653543472290039,0.8428672552108765,0.006714373826980591
23.21432113647461,160.456787109375,3.0496702194213867,0.0,0.0,0.0,0.0,-0.01,-0.0,-0.01,4.096071461268833,3.0246428898402624,0.0,0.3041990101337433,0.0,0.0,0.0,0.0,0.0,0.0,0.021030817180871964,0.0,0.021030817180871964,0.0,2456.0,-3.049578905105591,0.021030817180871964,0.5653543472290039,0.8428672552108765,0.006714373826980591
23.21432113647461,159.78555297851562,2.717721462249756,0.0,0.0,0.0,0.0,-0.237456910945918,-0.0,-0.01,4.147285679408482,3.075857107979911,0.34724798798561096,0.0,0.0,0.0,0.0,0.5239019393920898,0.7581896730253093,0.0,0.0,0.0,1.282091612417399,0.0,2457.0,0.5697519779205322,2.149660110473633,0.5653543472290039,0.8428672552108765,0.006714373826980591
23.999984741210938,147.878173828125,2.717639923095703,0.0,0.0,0.0,0.0,0.11544697850546691,-0.0,-0.01,4.210428592136928,3.1389998844691687,0.3549250066280365,0.0,0.0,0.8138603568077087,1.3938552059537486,0.0,0.0,0.0,0.0,0.0,0.0,0.0,2458.0,0.8138603568077087,0.0,0.353147029876709,0.6574230194091797,0.7088953852653503
23.930530548095703,147.20693969726562,3.5313944816589355,0.0,0.0,0.0,0.0,0.35540067402032904,-0.0,-0.01,4.288428660801479,3.2170000893729074,0.35721999406814575,0.0,0.0,0.0,4.060007166454381,0.11902277510445686,0.0,0.0,0.0,0.0,0.11902277510445686,0.0,2459.0,-3.5312886238098145,1.1293061971664429,0.014583230018615723,0.003975242376327515,0.03237426280975342
23.999984741210938,94.85121154785156,3.5312886238098145,0.0,0.0,0.0,0.0,0.5853088279810581,-0.0,-0.01,4.41692864554269,3.3455000741141183,0.34515801072120667,0.0,0.0,0.0,6.614542007446289,0.0,0.0,0.0,0.0,0.0,0.0,0.0,2460.0,-3.5311827659606934,0.0,0.0,0.983801543712616,0.2608495354652405
23.993234634399414,94.17998504638672,3.5311827659606934,0.0,0.0,0.0,0.0,0.6305068000560412,-0.0,-0.01,4.512071418762207,3.4406429835728236,0.35785800218582153,0.0,0.0,0.0,7.11674165725708,0.0,0.0,0.0,0.0,0.0,0.0,0.0,2461.0,-3.5310769081115723,0.0,0.0,0.9978970289230347,0.045484721660614014
23.98648452758789,93.50875854492188,3.5310769081115723,0.0,0.0,0.0,0.0,0.6165703416497751,-0.0,-0.01,4.561714254106794,3.490285818917411,0.3717289865016937,0.0,0.0,0.0,6.961892131716013,0.014628883451223373,0.0,0.0,0.0,0.0,0.014628883451223373,0.0,2462.0,-3.530971050262451,0.014628883451223373,0.0,0.9979519844055176,0.0035244226455688477
23.989744186401367,92.83753204345703,3.530971050262451,0.0,0.0,0.0,0.0,0.5384470591725516,-0.0,-0.01,4.586214283534458,3.5147857121058874,0.354746013879776,0.0,0.0,0.0,6.0938557287322,0.024698386563209374,0.0,0.0,0.0,0.0,0.024698386563209374,0.0,2463.0,-3.53086519241333,0.9483727812767029,2.9802322387695312e-8,0.33338242769241333,0.00022849440574645996
23.999984741210938,83.96116638183594,3.53086519241333,0.0,0.0,0.0,0.0,0.3644397127183032,-0.0,-0.01,4.589857046944754,3.518428475516183,0.3672589957714081,0.0,0.0,0.0,4.160440921783447,0.0,0.0,0.0,0.0,0.0,0.0,0.0,2464.0,-3.530759334564209,0.0,0.0023572444915771484,0.00017136335372924805,0.017766863107681274
23.993234634399414,83.2899398803711,3.530759334564209,0.0,0.0,0.0,0.0,-0.01,-0.0,-0.01,4.562857164655413,3.4914285932268414,0.3569149971008301,0.0,0.0,0.44597633752971433,0.0,1.4376070499420166,0.0,0.0,0.0,0.0,0.0,1.4376070499420166,2465.0,2.011085033416748,-1.4376070499420166,1.0,1.0,0.9930048584938049
23.98648452758789,178.8788604736328,3.976616382598877,0.0,0.0,0.0,0.0,-0.01,-0.0,-0.01,4.4708571570260185,3.399428449358259,0.2688499987125397,0.17652198672294617,0.0,0.0,0.0,0.0,0.0,0.0,0.13043847680091858,0.0,0.0,0.13043847680091858,2466.0,-3.976497173309326,-0.13043847680091858,1.0,1.0,0.9949387907981873
23.979734420776367,179.1882781982422,3.6632816791534424,0.0,0.0,0.0,0.0,-0.01,-0.0,-0.01,4.394357081821987,3.322928510393415,0.0,0.5932930111885071,0.0,0.0,0.0,0.0,0.0,0.0,0.04096250236034393,0.0,0.04096250236034393,0.0,2467.0,-3.6631717681884766,0.04096250236034393,1.0,1.0,0.9958428144454956
23.999984741210938,178.5170440673828,3.015991687774658,0.0,0.0,0.0,0.0,-0.01,-0.0,-0.01,4.374642862592425,3.303214154924665,0.0,0.5601789951324463,0.0,0.0,0.0,0.0,0.0,0.0,0.010286948643624783,0.0,0.010286948643624783,0.0,2468.0,-3.0159013271331787,0.010286948643624783,1.0,1.0,0.9885417222976685
23.999984741210938,177.84580993652344,2.4338107109069824,0.0,0.0,0.0,0.0,-0.01,-0.0,-0.01,4.363071387154715,3.291642815726144,0.0,1.0978139638900757,0.0,0.0,0.0,0.0,0.0,0.0,0.010314231101062606,0.0,0.010314231101062606,0.0,2469.0,-2.4337377548217773,2.032710075378418,0.034475117921829224,0.006842553615570068,0.001402050256729126
23.999984741210938,148.54148864746094,1.3030285835266113,0.0,0.0,0.0,0.0,-0.01,-0.0,-0.01,4.331714303152902,3.26028573172433,0.0,0.44724398851394653,0.0,0.0,0.0,0.0,0.0,0.0,0.0,0.0,0.0,0.0,2470.0,-1.3029894828796387,0.0,0.023453593254089355,0.00601428747177124,0.0028931498527526855
23.993234634399414,147.87025451660156,0.8466317653656006,0.0,0.0,0.0,0.0,-0.01,-0.0,-0.01,4.308571352277483,3.2371427808489117,0.0,0.4041120111942291,0.0,0.0,0.0,0.0,0.0,0.0,0.0,0.0,0.0,0.0,2471.0,-0.8466063737869263,0.0,0.027776122093200684,0.02237340807914734,0.00020834803581237793
23.98545265197754,147.1990203857422,0.4342595636844635,0.0,0.0,0.0,0.0,-0.01,-0.0,-0.01,4.297785704476492,3.226357269287109,0.0,0.31360501050949097,0.0,0.0,0.0,0.0,0.0,0.0,0.0,0.0,0.0,0.0,2472.0,-0.4342465400695801,0.0,0.027777433395385742,0.022374987602233887,0.00020837783813476562
23.97661590576172,146.5277862548828,0.1142510324716568,0.0,0.0,0.0,0.0,-0.06508217503326427,-0.0,-0.01,4.286071450369699,3.214642878941127,0.0,0.11196264067645245,0.13033235630039997,0.0,0.0,0.0,0.053274886514584646,0.0,0.0,0.0,0.053274886514584646,0.0,2473.0,-0.11424760520458221,1.8598531484603882,0.027774184942245483,0.022371232509613037,0.00020834803581237793
23.999984741210938,134.69210815429688,3.4420650081301574e-6,0.0,0.0,0.0,0.0,-0.09181405000146414,-0.0,0.0,4.275071498325893,3.2036429268973214,0.0,0.0,0.20841699838638306,0.0,0.0,0.0,0.09762982279062271,0.0,0.0,0.0,0.09762982279062271,0.0,2474.0,0.0,0.09762982279062271,0.11519807577133179,0.9741883873939514,2.086162567138672e-6
23.870925903320312,134.0208740234375,3.441961780481506e-6,0.0,0.0,0.0,0.0,-0.27447183626778227,-0.0,0.0,4.269071524483817,3.1976429530552455,0.0,0.0,0.19043999910354614,0.0,0.0,0.0,0.72446608543396,0.0,0.0,0.0,0.0,0.72446608543396,2475.0,0.0,-0.72446608543396,0.5653543472290039,0.8428672552108765,0.006714373826980591
23.678241729736328,177.77706909179688,3.441858552832855e-6,0.0,0.0,0.0,0.0,-0.06712987852680757,-0.0,0.0,4.266142926897322,3.19471435546875,0.0,0.0,0.17655999958515167,0.0,0.0,0.0,0.04720625327920159,0.0,0.0,0.0,0.0,0.04720625327920159,2476.0,0.0,-0.42384737730026245,0.5653543472290039,0.8428672552108765,0.006714373826980591
23.485549926757812,179.99807739257812,3.4417553251842037e-6,0.0,0.0,0.0,0.0,-0.2979961277456713,-0.0,0.0,4.2625714165823805,3.1911427089146205,0.0,0.0,0.17167800664901733,0.0,0.0,0.0,0.8216423796988811,0.0,0.0,0.0,0.8216423796988811,0.0,2477.0,0.0,2.480483055114746,0.00115203857421875,0.012454807758331299,5.960464477539063e-8
23.999984741210938,171.80296325683594,3.4416520975355525e-6,0.0,0.0,0.0,0.0,-0.053959203420448354,-0.0,0.0,4.249499947684152,3.17807137625558,0.0,0.0,0.17986400425434113,0.0,0.0,0.0,0.0,0.0,0.0,0.0,0.0,0.0,2478.0,0.0,0.0,0.00022462010383605957,0.28408294916152954,0.0
23.987552642822266,171.13172912597656,3.4415488698869012e-6,0.0,0.0,0.0,0.0,-0.10871720247791093,-0.0,0.0,4.249071339198521,3.17764276776995,0.0,0.0,0.20588499307632446,0.0,0.0,0.0,0.15650566744993427,0.0,0.0,0.0,0.0,0.15650566744993427,2479.0,0.0,-0.9108527898788452,0.5653543472290039,0.8428672552108765,0.006714373826980591
23.794862747192383,179.99807739257812,3.44144564223825e-6,0.0,0.0,0.0,0.0,-0.09456362092676153,-0.0,0.0,4.249499947684152,3.17807137625558,0.0,0.0,0.3041990101337433,0.0,0.0,0.0,0.011013047096726658,0.0,0.0,0.0,0.0,0.011013047096726658,2480.0,0.0,-0.18062616884708405,0.5653543472290039,0.8428672552108765,0.006714373826980591
23.329456329345703,179.99807739257812,3.4413424145895988e-6,0.0,0.0,0.0,0.0,-0.39870955442971123,-0.0,0.0,4.259642955235073,3.188214383806501,0.08550000190734863,0.0,0.26174798607826233,0.0,0.0,0.0,1.0672838092097965,0.0,0.0,0.0,1.0672838092097965,0.0,2481.0,0.0,2.4371538162231445,0.5653543472290039,0.8428672552108765,0.006714373826980591
23.999984741210938,170.088623046875,3.4412391869409475e-6,0.0,0.0,0.0,0.0,-0.01,-0.0,-0.01,4.281857163565499,3.210428728376116,0.3549250066280365,0.0,0.0,0.05995149013853052,0.0,0.0,0.0,0.0,0.0,0.0,0.0,0.0,2482.0,0.08307498693466187,0.0,0.5653543472290039,0.8428672552108765,0.006714373826980591
23.899208068847656,169.41738891601562,0.05995313450694084,0.0,0.0,0.0,0.0,-0.01,-0.0,-0.01,4.293785721915109,3.2223572867257255,0.35721999406814575,0.0,0.0,0.04684906150320221,0.0,0.1820748114501423,0.0,0.0,0.0,0.0,0.0,0.1820748114501423,2483.0,0.2607799768447876,-0.18207481503486633,0.9999694228172302,0.02028641104698181,1.0
23.79844093322754,179.99807739257812,0.10679899156093597,0.0,0.0,0.0,0.0,-0.01,-0.0,-0.01,4.309785788399832,3.238357216971261,0.34515801072120667,0.0,0.0,0.4713692947203816,0.0,0.010802866891026497,0.0,0.0,0.0,0.0,0.0,0.010802866891026497,2484.0,0.5358419418334961,-0.010802866891026497,0.9998139142990112,0.00022605061531066895,0.9999979734420776
23.78857421875,179.9977569580078,0.5781509280204773,0.0,0.0,0.0,0.0,-0.01,-0.0,-0.01,4.332285690307617,3.260857118879046,0.35785800218582153,0.0,0.0,0.7168732914322294,0.0,0.010738574673424409,0.0,0.0,0.0,0.0,0.0,0.010738574673424409,2485.0,0.8001419901847839,-0.010738574899733067,0.9999614953994751,0.0006957948207855225,1.0
23.777687072753906,179.99807739257812,1.2949854135513306,0.0,0.0,0.0,0.0,-0.01,-0.0,-0.01,4.350500052315848,3.2790714808872767,0.3717289865016937,0.0,0.0,0.47783791726998714,0.0,0.11918129026889801,0.0,0.0,0.0,0.0,0.0,0.11918129026889801,2486.0,0.6582709550857544,-0.11918129026889801,1.0,1.0,0.9956228733062744
23.76987648010254,179.2977294921875,1.7727701663970947,0.0,0.0,0.0,0.0,-0.01,-0.0,-0.01,4.371714265005929,3.3002855573381695,0.354746013879776,0.0,0.0,0.0,0.0,0.2713039815425873,0.0,0.0,0.09147790452654575,0.0,0.36278188606913303,0.0,2487.0,-1.772716999053955,1.7065963745117188,0.03243011236190796,0.02070409059524536,0.0004165470600128174
23.999984741210938,128.080078125,1.6793750524520874,0.0,0.0,0.0,0.0,-0.18644745514581396,-0.0,-0.01,4.400428581237793,3.3289998735700332,0.3672589957714081,0.0,0.0,0.0,0.0,0.32434096932411194,0.5881581604480743,0.0,0.0,0.0,0.0,0.9124991297721863,2488.0,0.36074098944664,-0.9124991297721863,1.0,1.0,0.9958444833755493
23.993234634399414,179.3332061767578,1.679324746131897,0.0,0.0,0.0,0.0,-0.01,-0.0,-0.01,4.422428621564593,3.351000050136021,0.3569149971008301,0.0,0.0,0.030713718321730185,0.0,0.15894443913273326,0.0,0.0,0.0,0.0,0.15894443913273326,0.0,2489.0,0.2190849781036377,0.15894444286823273,1.0,1.0,0.9958444833755493
23.999984741210938,178.66197204589844,1.7099871635437012,0.0,0.0,0.0,0.0,-0.01,-0.0,-0.01,4.431357192993164,3.3599286215645927,0.0722000002861023,0.38111698627471924,0.0,0.0,0.0,0.0,0.0,0.0,0.020833205431699753,0.0,0.0,0.020833205431699753,2490.0,-1.7099359035491943,-0.020833205431699753,1.0,1.0,0.9958442449569702
23.991666793823242,179.33316040039062,1.2997949123382568,0.0,0.0,0.0,0.0,-0.01,-0.0,-0.01,4.440285764421735,3.368857192993164,0.0,0.6264680027961731,0.0,0.0,0.0,0.0,0.0,0.0,0.1638114537419361,0.0,0.1638114537419361,0.0,2491.0,-1.2997559309005737,2.1667346954345703,0.9998241066932678,0.9999946355819702,0.06103143095970154
23.999984741210938,169.7513427734375,0.49337252974510193,0.0,0.0,0.0,0.0,-0.03612176713285879,-0.0,-0.01,4.446714346749442,3.3752857753208705,0.0,0.4834905438348329,0.07668845129761337,0.0,0.0,0.0,0.01038410235196352,0.0,0.0,0.0,0.01038410235196352,0.0,2492.0,-0.49335774779319763,0.01038410235196352,0.9988998174667358,0.9997175931930542,0.6481935977935791
23.998573303222656,169.08010864257812,1.4841111806163099e-5,0.0,0.0,0.0,0.0,-0.14626470789371737,-0.0,0.0,4.442928532191685,3.371499960763114,0.0,0.0,0.4875490069389343,0.0,0.0,0.0,0.0,0.0,0.0,0.0,0.0,0.0,2493.0,0.0,0.0,0.028283536434173584,0.0040017664432525635,0.019789129495620728
23.98818016052246,168.40887451171875,1.4840667063253932e-5,0.0,0.0,0.0,0.0,-0.22644508527824692,-0.0,0.0,4.421285711015973,3.3498570033482142,0.0,0.0,0.44724398851394653,0.0,0.0,0.0,0.3075729324198135,0.0,0.0,0.0,0.3075729324198135,0.0,2494.0,0.0,2.1648619174957275,0.024288594722747803,0.011631518602371216,0.0006147027015686035
23.999984741210938,159.17481994628906,1.4840222320344765e-5,0.0,0.0,0.0,0.0,-0.1262067807171953,-0.0,0.0,4.387142944335937,3.315714372907366,0.0,0.0,0.4041120111942291,0.0,0.0,0.0,0.016577241146399607,0.0,0.0,0.0,0.016577241146399607,0.0,2495.0,0.0,1.9869929552078247,0.028835922479629517,0.008283764123916626,0.0007888674736022949
23.999984741210938,146.4746856689453,1.4839777577435598e-5,0.0,0.0,0.0,0.0,-0.09954383981736892,-0.0,0.0,4.363285691397531,3.2918572562081474,0.0,0.0,0.31360501050949097,0.0,0.0,0.0,0.018207775696683245,0.0,0.0,0.0,0.018207775696683245,0.0,2496.0,0.0,1.6179639101028442,0.039051204919815063,0.015472352504730225,0.0003291666507720947
23.999984741210938,122.19477081298828,1.483933283452643e-5,0.0,0.0,0.0,0.0,-0.07721306220876784,-0.0,0.0,4.34778562273298,3.2763570513044082,0.0,0.0,0.24229499697685242,0.0,0.0,0.0,0.015081866825135988,0.0,0.0,0.0,0.015081866825135988,0.0,2497.0,0.0,0.08931068331003189,0.27383971214294434,0.0028832554817199707,0.10858091711997986
23.999984741210938,42.98277282714844,1.4838888091617264e-5,0.0,0.0,0.0,0.0,-0.0698713023040215,-0.0,0.0,3.745857184273856,2.6744286128452845,0.0,0.0,0.20776399970054626,0.0,0.0,0.0,0.02514033205807209,0.0,0.0,0.0,0.0,0.02514033205807209,2498.0,0.0,-0.02514033205807209,0.9218841791152954,0.20723974704742432,0.14751821756362915
23.259923934936523,43.60099411010742,1.4838443348708097e-5,0.0,0.0,0.0,0.0,-0.6335696501958221,-0.0,0.0,3.7578571319580076,2.6864285605294365,0.0,0.0,0.18981799483299255,0.0,0.0,0.0,1.9220807552337646,0.0,0.0,0.0,0.0,1.9220807552337646,2499.0,0.0,-1.9220807552337646,0.13053447008132935,0.22510412335395813,0.7622368335723877
22.701648712158203,141.95596313476562,1.483799860579893e-5,0.0,0.0,0.0,0.0,-0.6205955945688713,-0.0,0.0,3.7722142900739395,2.7007857186453683,0.0,0.0,0.17595599591732025,0.0,0.0,0.0,1.8926959037780762,0.0,0.0,0.0,1.8926959037780762,0.0,2500.0,0.0,1.8926959037780762,0.5653543472290039,0.8428672552108765,0.006714373826980591
23.21432113647461,141.28472900390625,1.4837553862889763e-5,0.0,0.0,0.0,0.0,-0.3463158894108087,-0.0,0.0,3.7850714547293527,2.713642883300781,0.0,0.0,0.17109200358390808,0.0,0.0,0.0,0.9832942485809326,0.0,0.0,0.0,0.9832942485809326,0.0,2501.0,0.0,0.9832942485809326,0.5653543472290039,0.8428672552108765,0.006714373826980591
23.21432113647461,140.61349487304688,1.4837109119980596e-5,0.0,0.0,0.0,0.0,-0.3490397666509848,-0.0,0.0,3.7823571613856726,2.710928453717913,0.0,0.0,0.17946599423885345,0.0,0.0,0.0,0.9839998483657837,0.0,0.0,0.0,0.9839998483657837,0.0,2502.0,0.0,0.9839998483657837,0.5653543472290039,0.8428672552108765,0.006714373826980591
23.21432113647461,139.9422607421875,1.4836664377071429e-5,0.0,0.0,0.0,0.0,-0.06870862388198062,-0.0,0.0,3.7814285550798687,2.7100001198904855,0.0,0.0,0.20624800026416779,0.0,0.0,0.0,0.022780736908316612,0.0,0.0,0.0,0.022780736908316612,0.0,2503.0,0.0,0.022780736908316612,0.5653543472290039,0.8428672552108765,0.006714373826980591
23.21432113647461,139.27102661132812,1.4836219634162262e-5,0.0,0.0,0.0,0.0,-0.4835898591514365,-0.0,0.0,3.777285657610212,2.7058570861816404,0.0,0.0,0.3058069944381714,0.0,0.0,0.0,1.3061591386795044,0.0,0.0,0.0,1.3061591386795044,0.0,2504.0,0.0,1.3061591386795044,0.5653543472290039,0.8428672552108765,0.006714373826980591
23.21432113647461,138.59979248046875,1.4835774891253095e-5,0.0,0.0,0.0,0.0,-0.11167628352051095,-0.0,0.0,3.767285701206752,2.695857129778181,0.0,0.0,0.3493880033493042,0.0,0.0,0.0,0.02286626026034355,0.0,0.0,0.0,0.02286626026034355,0.0,2505.0,0.0,0.02286626026034355,0.5653543472290039,0.8428672552108765,0.006714373826980591
23.21432113647461,137.92855834960938,1.4835330148343928e-5,0.0,0.0,0.0,0.0,-0.3121779500367556,-0.0,0.0,3.7808571679251535,2.709428460257394,0.14059999585151672,0.0,0.21804499626159668,0.0,0.0,0.0,0.822548129178133,0.0,0.0,0.0,0.0,0.822548129178133,2506.0,0.0,-0.8225481510162354,0.9999701976776123,0.019999325275421143,1.0
22.474260330200195,179.99807739257812,1.4834885405434761e-5,0.0,0.0,0.0,0.0,-0.023128101124240963,-0.0,0.0,3.774428585597447,2.7029998779296873,0.29829999804496765,0.0,0.06414499878883362,0.0,0.0,0.0,0.01294866856187582,0.0,0.0,0.0,0.0,0.01294866856187582,2507.0,0.0,-0.01294866856187582,0.9999701976776123,0.01998993754386902,1.0
22.09725570678711,179.99807739257812,1.4834440662525594e-5,0.0,0.0,0.0,0.0,-0.01,-0.0,-0.01,3.7663570949009486,2.6949285234723774,0.3503029942512512,0.0,0.0,0.06478736318081957,0.0,0.012987449765205383,0.0,0.0,0.0,0.0,0.0,0.012987449765205383,2508.0,0.10169699788093567,-0.012987449765205383,0.9999844431877136,0.005059391260147095,1.0
21.90355682373047,179.99807739257812,0.06480025500059128,0.0,0.0,0.0,0.0,-0.01,-0.0,-0.01,3.761642810276576,2.690214375087193,0.36287298798561096,0.0,0.0,0.17533844540986568,0.0,0.01301020843081593,0.0,0.0,0.0,0.0,0.0,0.01301020843081593,2509.0,0.2211270034313202,-0.013010208494961262,0.999984622001648,0.004639178514480591,1.0
21.709327697753906,179.99807739257812,0.24013149738311768,0.0,0.0,0.0,0.0,-0.01,-0.0,-0.01,3.7610000337873184,2.6895713261195593,0.37663400173187256,0.0,0.0,0.3210506216129995,0.0,0.013013319038450273,0.0,0.0,0.0,0.0,0.0,0.013013319038450273,2510.0,0.37836599349975586,-0.013013319112360477,0.9999799132347107,0.0009521543979644775,1.0
21.69940948486328,179.99807739257812,0.5611652731895447,0.0,0.0,0.0,0.0,-0.01,-0.0,-0.01,3.761428506033761,2.68999993460519,0.35962700843811035,0.0,0.0,0.13406472407437775,0.0,0.16857221722602844,0.0,0.0,0.0,0.0,0.0,0.16857221722602844,2511.0,0.3403729796409607,-0.16857221722602844,0.9999701976776123,0.019991278648376465,1.0
21.50769805908203,179.99807739257812,0.6952091455459595,0.0,0.0,0.0,0.0,-0.010988265248089265,-0.0,-0.01,3.757714353288923,2.6862857818603514,0.375014990568161,0.0,0.0,0.0,0.0,0.009735018014907837,0.0032942173627304467,0.0,0.0,0.0,0.0,0.013029235377638284,2512.0,0.029985010623931885,-0.013029235415160656,0.9999701976776123,0.01999831199645996,1.0
21.312992095947266,179.99807739257812,0.6951882839202881,0.0,0.0,0.0,0.0,-0.775026425984179,-0.0,-0.01,3.7360713958740233,2.664642824445452,0.14534999430179596,0.23135201632976532,0.0,0.0,0.0,0.0,2.5500879852825378,0.0,0.4499120147174622,0.0,3.0,0.0,2513.0,-0.6951674222946167,3.0,0.5653543472290039,0.8428672552108765,0.006714373826980591
22.80198097229004,179.32684326171875,2.091820351779461e-5,0.0,0.0,0.0,0.0,-0.5717608589633638,-0.0,0.0,3.7001428059169226,2.628714370727539,0.0,0.0,0.48549601435661316,0.0,0.0,0.0,1.4203734397888184,0.0,0.0,0.0,1.4203734397888184,0.0,2514.0,0.0,1.4203734397888184,0.5653543472290039,0.8428672552108765,0.006714373826980591
23.21432113647461,178.65560913085938,2.0917575966450386e-5,0.0,0.0,0.0,0.0,-0.5996942341206157,-0.0,0.0,3.6589999335152763,2.587571498325893,0.0,0.0,0.6515340209007263,0.0,0.0,0.0,1.3474466800689697,0.0,0.0,0.0,1.3474466800689697,0.0,2515.0,0.0,1.3474466800689697,0.5653543472290039,0.8428672552108765,0.006714373826980591
23.21432113647461,177.984375,2.0916948415106162e-5,0.0,0.0,0.0,0.0,-0.7271051594975458,-0.0,0.0,3.6022857393537246,2.5308570316859655,0.0,0.0,0.6093360185623169,0.0,0.0,0.0,1.8143477501209622,0.0,0.0,0.0,1.8143477501209622,0.0,2516.0,0.0,2.9590039253234863,0.001973778009414673,0.007946133613586426,0.0337752103805542
23.999984741210938,169.02256774902344,2.091632086376194e-5,0.0,0.0,0.0,0.0,-0.2222052811465769,-0.0,0.0,3.5368571417672294,2.465428706577846,0.0,0.0,0.49435898661613464,0.0,0.0,0.0,0.24632525444030762,0.0,0.0,0.0,0.0,0.24632525444030762,2517.0,0.0,-0.24632525444030762,4.470348358154297e-7,0.010745763778686523,1.0
23.623493194580078,179.99807739257812,2.0915693312417716e-5,0.0,0.0,0.0,0.0,-0.12752568284308985,-0.0,0.0,3.4638570513044082,2.392428479875837,0.0,0.0,0.41045600175857544,0.0,0.0,0.0,0.0146295908270069,0.0,0.0,0.0,0.0,0.0146295908270069,2518.0,0.0,-0.014629591256380081,4.470348358154297e-7,0.010741323232650757,1.0
23.065217971801758,179.99807739257812,2.0915065761073492e-5,0.0,0.0,0.0,0.0,-0.7389461453336921,-0.0,0.0,3.3876429421561105,2.316214370727539,0.0,0.0,0.3555949926376343,0.0,0.0,0.0,2.1075587272644043,0.0,0.0,0.0,2.1075587272644043,0.0,2519.0,0.0,2.1075587272644043,0.5653543472290039,0.8428672552108765,0.006714373826980591
23.21432113647461,179.32684326171875,2.091443820972927e-5,0.0,0.0,0.0,0.0,-0.9020033946108317,-0.0,0.0,3.3209999084472654,2.2495713370186943,0.0,0.0,0.3088169991970062,0.0,0.0,0.0,2.6978608633644554,0.0,0.0,0.0,2.6978608633644554,0.0,2520.0,0.0,3.455432891845703,0.5653543472290039,0.8428672552108765,0.006714373826980591
23.999984741210938,170.1475830078125,2.0913810658385046e-5,0.0,0.0,0.0,0.0,-0.07248750170022245,-0.0,0.0,3.269428471156529,2.1979998997279577,0.0,0.0,0.24162499606609344,0.0,0.0,0.0,0.0,0.0,0.0,0.0,0.0,0.0,2521.0,0.0,0.0,0.9975181818008423,0.0001730024814605713,0.05038672685623169
23.078140258789062,169.47634887695312,2.0913183107040823e-5,0.0,0.0,0.0,0.0,-0.8294033886751873,-0.0,0.0,3.2325714111328123,2.161142839704241,0.0,0.0,0.20776399970054626,0.0,0.0,0.0,2.5569138526916504,0.0,0.0,0.0,2.5569138526916504,0.0,2522.0,0.0,2.5569138526916504,0.5653543472290039,0.8428672552108765,0.006714373826980591
23.21432113647461,168.80511474609375,2.09125555556966e-5,0.0,0.0,0.0,0.0,-0.4282659253782395,-0.0,0.0,3.206428473336356,2.1349999019077845,0.0,0.0,0.18981799483299255,0.0,0.0,0.0,1.2377350330352783,0.0,0.0,0.0,1.2377350330352783,0.0,2523.0,0.0,1.2377350330352783,0.9989954233169556,0.00044015049934387207,0.0005740523338317871
23.373912811279297,70.76901245117188,2.0911928004352376e-5,0.0,0.0,0.0,0.0,-0.9527868366355419,-0.0,0.0,3.1929999215262277,2.121571350097656,0.0,0.0,0.17595599591732025,0.0,0.0,0.0,3.0,0.0,0.0,0.0,3.0,0.0,2524.0,0.0,3.0,0.9999990463256836,0.9971491694450378,0.00019431114196777344
23.888917922973633,70.09778594970703,2.0911300453008153e-5,0.0,0.0,0.0,0.0,-0.4314079366687107,-0.0,0.0,3.1754286084856305,2.1040000370570593,0.0,0.0,0.17109200358390808,0.0,0.0,0.0,1.2669343948364258,0.0,0.0,0.0,1.2669343948364258,0.0,2525.0,0.0,1.2669343948364258,0.9999990463256836,0.9868234395980835,0.0003027915954589844
23.934101104736328,69.42655944824219,2.091067290166393e-5,0.0,0.0,0.0,0.0,-0.5538765009791247,-0.0,0.0,3.1563570295061383,2.084928458077567,0.0,0.0,0.17946599423885345,0.0,0.0,0.0,1.666788935661316,0.0,0.0,0.0,1.666788935661316,0.0,2526.0,0.0,1.666788935661316,0.9998085498809814,0.9602836966514587,0.001199871301651001
23.801403045654297,68.75533294677734,2.0910045350319706e-5,0.0,0.0,0.0,0.0,-0.4741284424713621,-0.0,0.0,3.141642924717494,2.070214353288923,0.0,0.0,0.20624800026416779,0.0,0.0,0.0,1.3741800785064697,0.0,0.0,0.0,0.0,1.3741800785064697,2527.0,0.0,-1.3741800785064697,0.8628405332565308,0.01207578182220459,0.429146945476532
23.424911499023438,88.6615982055664,2.0909417798975483e-5,0.0,0.0,0.0,0.0,-0.24094877306416684,-0.0,0.0,3.1349999019077845,2.0635713304792134,0.0,0.0,0.3058069944381714,0.0,0.0,0.0,0.49735555052757263,0.0,0.0,0.0,0.49735555052757263,0.0,2528.0,0.0,0.49735555052757263,0.7132744193077087,0.028323620557785034,0.06286102533340454
23.282302856445312,49.738765716552734,2.090879024763126e-5,0.0,0.0,0.0,0.0,-0.6856414324300053,-0.0,-0.01,3.1495001111711773,2.078071539742606,0.3493880033493042,0.0,0.0,0.0,0.0,0.7478619813919067,2.2521380186080933,0.0,0.0,0.0,0.0,3.0,2529.0,0.8056119680404663,-5.8158135414123535,0.6613094806671143,0.15894436836242676,0.0725533664226532
22.5422420501709,168.62725830078125,2.0908162696287036e-5,0.0,0.0,0.0,0.0,-0.01,-0.0,-0.01,3.2335714067731582,2.162142835344587,0.3586449921131134,0.0,0.0,3.3234682031308385,0.0,0.29041097919284886,0.0,0.0,0.0,0.0,0.0,0.29041097919284886,2530.0,3.894354820251465,-0.7868250608444214,0.9795060157775879,0.5387396812438965,0.9999886751174927
22.0753231048584,179.99807739257812,3.3233895301818848,0.0,0.0,0.0,0.0,0.0635516158257885,-0.0,-0.01,3.3561428070068358,2.2847142355782646,0.36244499683380127,0.0,0.0,4.599999904632568,0.8172401108936844,0.17033766210079193,0.0,0.0,0.0,0.0,0.17033766210079193,0.0,2531.0,4.599999904632568,0.17033766210079193,0.9795057773590088,0.5387411713600159,0.9999886751174927
21.69369125366211,179.32684326171875,7.923151969909668,0.0,0.0,0.0,0.0,0.2536981103512964,-0.0,-0.01,3.4568570818219864,2.385428510393415,0.3503029942512512,0.0,0.0,1.0503325462341309,2.9299787710494973,3.0,0.0,0.0,0.0,0.0,3.0,0.0,2532.0,1.0503325462341309,3.0,0.8973454236984253,0.7726411819458008,0.9977961778640747
22.782407760620117,178.65560913085938,8.973215103149414,0.0,0.0,0.0,0.0,0.6055285603228031,-0.0,-0.01,3.5300714765276227,2.4586429050990515,0.36287298798561096,0.0,0.0,0.0,6.839205682277679,0.3988714814186096,0.0,0.0,0.0,0.0,0.3988714814186096,0.0,2533.0,-4.599999904632568,0.3988714814186096,0.737821102142334,0.7597848176956177,0.9920010566711426
22.798908233642578,177.984375,8.972946166992188,0.0,0.0,0.0,0.0,0.5847814332271734,-0.0,-0.01,3.600285748073033,2.5288570404052733,0.37663400173187256,0.0,0.0,0.0,6.608682066202164,0.24703368544578552,0.0,0.0,0.0,0.0,0.0,0.24703368544578552,2534.0,-4.599999904632568,-0.24703368544578552,0.8223968148231506,0.49442729353904724,0.9998749494552612
22.785987854003906,179.9780731201172,8.972677230834961,0.0,0.0,0.0,0.0,0.3338350328405038,-0.0,-0.01,3.6488571984427316,2.577428490774972,0.691100001335144,0.0,0.0,0.822377622127533,3.8203889501661346,0.6030001044273376,0.0,0.0,0.0,0.0,0.0,0.6030001044273376,2535.0,0.822377622127533,-0.6030001044273376,0.9795024394989014,0.5387585163116455,0.9999886751174927
22.77505874633789,179.9962615966797,9.794761657714844,0.0,0.0,0.0,0.0,0.06485460837873086,-0.0,-0.01,3.6672857284545897,2.5958570207868306,0.4370810091495514,0.0,0.0,0.20523834228515625,0.8317178047757936,2.244824099934993,0.0,0.0,0.0,0.0,2.244824099934993,0.0,2536.0,0.20526833832263947,2.244824171066284,1.0,1.0,0.0028080642223358154
23.999984741210938,179.3250274658203,9.999700546264648,0.0,0.0,0.0,0.0,0.10563843617889636,-0.0,0.0,3.64992858341762,2.5784998757498605,0.3767020106315613,0.0,0.0,0.0,1.1737603087056472,0.021787748850505086,0.0,0.0,0.0,0.0,0.021787748850505086,0.0,2537.0,0.00032945373095571995,0.021787749603390694,1.0,1.0,0.0028079748153686523
23.999984741210938,178.65379333496094,9.999401092529297,0.0,0.0,0.0,0.0,-0.01,-0.0,-0.01,3.5817856924874443,2.5103571210588727,0.09974999725818634,0.3857460021972656,0.0,0.0,0.0,0.0,0.0,0.0,0.02220728282748421,0.0,0.02220728282748421,0.0,2538.0,-4.599999904632568,3.1029181480407715,0.5653543472290039,0.8428672552108765,0.006714373826980591
23.999984741210938,170.4580535888672,9.58283519744873,0.0,0.0,0.0,0.0,-0.01,-0.0,-0.01,3.540642820085798,2.4692142486572264,0.0,0.6515340209007263,0.0,0.0,0.0,0.0,0.0,0.0,1.3934577703475952,0.0,1.3934577703475952,0.0,2539.0,-4.599999904632568,1.3934577703475952,1.0,1.0,0.0027448534965515137
23.999984741210938,169.7868194580078,7.495883941650391,0.0,0.0,0.0,0.0,-0.01,-0.0,-0.01,3.5247142791748045,2.4532857077462333,0.0,0.6093360185623169,0.0,0.0,0.0,0.0,0.0,0.0,0.0,0.0,0.0,0.0,2540.0,-4.599999904632568,0.0,0.5653543472290039,0.8428672552108765,0.006714373826980591
23.987064361572266,169.11558532714844,6.87390661239624,0.0,0.0,0.0,0.0,-0.01,-0.0,-0.01,3.5105712890625,2.4391427176339286,0.0,0.49435898661613464,0.0,0.0,0.0,0.0,0.0,0.0,0.049074518687453494,0.0,0.049074518687453494,0.0,2541.0,-4.599999904632568,2.9719865322113037,0.027786165475845337,0.022385120391845703,0.00020843744277954102
23.999984741210938,159.0546112060547,6.319193363189697,0.0,0.0,0.0,0.0,-0.01,-0.0,-0.01,3.510428510393415,2.4389999389648436,0.0,0.41045600175857544,0.0,0.0,0.0,0.0,0.0,0.0,0.0,0.0,0.0,0.0,2542.0,-4.599999904632568,0.0,0.5653543472290039,0.8428672552108765,0.006714373826980591
23.987064361572266,158.3833770751953,5.90018367767334,0.0,0.0,0.0,0.0,-0.01,-0.0,-0.01,3.517285701206752,2.445857129778181,0.0,0.3555949926376343,0.0,0.0,0.0,0.0,0.0,0.0,0.0,0.0,0.0,0.0,2543.0,-4.599999904632568,0.0,0.5653543472290039,0.8428672552108765,0.006714373826980591
23.974143981933594,157.71214294433594,5.537165641784668,0.0,0.0,0.0,0.0,-0.01,-0.0,-0.01,3.531357165745326,2.459928458077567,0.0,0.4788079857826233,0.0,0.0,0.0,0.0,0.0,0.0,0.48662303136401497,0.0,0.0,0.48662303136401497,2544.0,-4.599999904632568,-1.0668543577194214,0.5653543472290039,0.8428672552108765,0.006714373826980591
23.779438018798828,179.99807739257812,4.551895618438721,0.0,0.0,0.0,0.0,-0.01,-0.0,-0.01,3.5355714525495254,2.4641428811209543,0.0,0.5775539875030518,0.0,0.0,0.0,0.0,0.0,0.0,0.4402272834887268,0.0,0.4402272834887268,0.0,2545.0,-4.551759243011475,3.1177053451538086,0.02778041362762451,0.022378474473953247,0.00020837783813476562
23.999984741210938,167.3657989501953,3.513237953186035,0.0,0.0,0.0,0.0,-0.01,-0.0,-0.01,3.5475714002336773,2.476142828805106,0.0,0.20776399970054626,0.0,0.0,0.0,0.0,0.0,0.0,0.3658958300379923,0.0,0.3658958300379923,0.0,2546.0,-3.5131325721740723,2.9299917221069336,0.02788829803466797,0.022503435611724854,0.0002091526985168457
23.999984741210938,159.16937255859375,2.9277830123901367,0.0,0.0,0.0,0.0,-0.01,-0.0,-0.01,3.563071468898228,2.4916427612304686,0.0,0.18981799483299255,0.0,0.0,0.0,0.0,0.0,0.0,0.3643041104951296,0.0,0.3643041104951296,0.0,2547.0,-2.9276952743530273,2.8427484035491943,0.5653543472290039,0.8428672552108765,0.006714373826980591
23.999984741210938,156.91229248046875,2.362281560897827,0.0,0.0,0.0,0.0,-0.01,-0.0,-0.01,3.5756428037370953,2.504214368547712,0.0,0.17595599591732025,0.0,0.0,0.0,0.0,0.0,0.0,0.7019552116478037,0.0,0.7019552116478037,0.0,2548.0,-2.362210750579834,2.683378219604492,0.5653543472290039,0.8428672552108765,0.006714373826980591
23.999984741210938,149.9437713623047,1.4664098024368286,0.0,0.0,0.0,0.0,-0.01,-0.0,-0.01,3.5915714808872767,2.5201429094587056,0.0,0.17109200358390808,0.0,0.0,0.0,0.0,0.0,0.0,0.6357277140896892,0.0,0.0,0.6357277140896892,2549.0,-1.4663658142089844,-1.0969336032867432,0.5653543472290039,0.8428672552108765,0.006714373826980591
23.805278778076172,179.99807739257812,0.6431050896644592,0.0,0.0,0.0,0.0,-0.01,-0.0,-0.01,3.59207147870745,2.5206429072788783,0.0,0.22925999760627747,0.0,0.0,0.0,0.0,0.0,0.0,0.013885445511695108,0.0,0.0,0.013885445511695108,2550.0,-0.6430858373641968,-0.7354184985160828,0.5653543472290039,0.8428672552108765,0.006714373826980591
23.610572814941406,179.99807739257812,0.3949856460094452,0.0,0.0,0.0,0.0,-0.2044850021157845,-0.0,-0.01,3.5587856565202984,2.487357221330915,0.0,0.28166699409484863,0.0,0.0,0.0,0.0,0.6482833146254838,0.0,0.10540729191414755,0.0,0.7536906065396314,0.0,2551.0,-0.3949738144874573,3.1598050594329834,0.5653543472290039,0.8428672552108765,0.006714373826980591
23.999984741210938,171.80303955078125,1.1892106158484239e-5,0.0,0.0,0.0,0.0,-0.5135663319993622,-0.0,0.0,3.5088571275983536,2.4374285561697824,0.0,0.0,0.3058069944381714,0.0,0.0,0.0,1.40608071086873,0.0,0.0,0.0,1.40608071086873,0.0,2552.0,0.0,3.04921555519104,0.5653543472290039,0.8428672552108765,0.006714373826980591
23.999984741210938,163.60794067382812,1.1891749636561144e-5,0.0,0.0,0.0,0.0,-0.01,-0.0,-0.01,3.4925713675362724,2.421142796107701,0.3493880033493042,0.0,0.0,0.5066944387274089,0.0,0.022776837307746153,0.0,0.0,0.0,0.0,0.022776837307746153,0.0,2553.0,0.5866119861602783,2.8471038341522217,0.5653543472290039,0.8428672552108765,0.006714373826980591
23.999984741210938,153.27098083496094,0.5066911578178406,0.0,0.0,0.0,0.0,0.014205065055793513,-0.0,-0.01,3.581428609575544,2.5099999019077845,0.3586449921131134,0.0,0.0,3.028895854949951,0.2689451459127543,0.0,0.0,0.0,0.0,0.0,0.0,0.0,2554.0,3.028895854949951,0.0,0.35355570912361145,0.6578999161720276,0.706386148929596
23.987064361572266,152.59974670410156,3.5354809761047363,0.0,0.0,0.0,0.0,0.48442954573472496,-0.0,-0.01,3.680357197352818,2.608928625924247,0.41022199392318726,0.0,0.0,0.0,5.493661182677749,0.045016986572739656,0.0,0.0,0.0,0.0,0.045016986572739656,0.0,2555.0,-3.535374879837036,0.06771508604288101,2.384185791015625e-7,0.9724462032318115,0.7373701930046082
23.999984741210938,141.36537170410156,3.535374879837036,0.0,0.0,0.0,0.0,0.5959558749461841,-0.0,-0.01,3.785785756792341,2.7143570491245814,0.3503029942512512,0.0,0.0,0.0,6.732842519879341,0.169154092669487,0.0,0.0,0.0,0.0,0.0,0.169154092669487,2556.0,-3.535268783569336,-0.169154092669487,2.9802322387695312e-8,0.5843178629875183,0.7155128121376038
23.988054275512695,134.48013305664062,3.535268783569336,0.0,0.0,0.0,0.0,0.507283672673197,-0.0,-0.01,3.8650713784354074,2.7936428070068358,0.36287298798561096,0.0,0.0,0.0,5.747595906257629,1.2596310377120972,0.0,0.0,0.0,0.0,0.0,1.2596310377120972,2557.0,-3.5351626873016357,-1.2596310377120972,0.0016874372959136963,0.0019582808017730713,0.950981855392456
23.97616195678711,172.1551971435547,3.5351626873016357,0.0,0.0,0.0,0.0,0.2837034846098975,-0.0,-0.01,3.9197143282209126,2.848285620553153,0.37663400173187256,0.0,0.0,2.11841082572937,3.26337179187159,0.0,0.0,0.0,0.0,0.0,0.0,0.0,2558.0,2.11841082572937,0.0,0.5653543472290039,0.8428672552108765,0.006714373826980591
23.964231491088867,171.4839630126953,5.653404235839844,0.0,0.0,0.0,0.0,-0.01,-0.0,-0.01,3.9719285420009065,2.9005001068115233,0.35962700843811035,0.0,0.0,4.139022054498916,0.0,0.38348088425186805,0.0,0.0,0.0,0.0,0.38348088425186805,0.0,2559.0,4.346625804901123,2.248368740081787,1.0,1.0,0.0028080344200134277
23.999984741210938,145.5146026611328,9.792132377624512,0.0,0.0,0.0,0.0,0.3831352479089977,-0.0,-0.01,4.006142834254673,2.93471439906529,0.375014990568161,0.0,0.0,0.20786762237548828,4.368169074060191,0.019856437703046882,0.0,0.0,0.0,0.0,0.019856437703046882,0.0,2560.0,0.2078976184129715,0.019856438040733337,1.0,1.0,0.0028080642223358154
23.999984741210938,144.84336853027344,9.999700546264648,0.0,0.0,0.0,0.0,0.24484563836221884,-0.0,0.0,3.9805714198521205,2.9091428484235493,0.3767020106315613,0.0,0.0,0.0,2.720506876707077,0.021641045808792114,0.0,0.0,0.0,0.0,0.021641045808792114,0.0,2561.0,0.00032945373095571995,0.021641045808792114,1.0,1.0,0.0028079748153686523
23.999984741210938,144.17213439941406,9.999401092529297,0.0,0.0,0.0,0.0,-0.01,-0.0,-0.01,3.835785675048828,2.7643571036202568,0.20520000159740448,0.2802960276603699,0.0,0.0,0.0,0.0,0.0,0.0,0.01892173669893097,0.0,0.01892173669893097,0.0,2562.0,-4.599999904632568,0.47322899103164673,0.1161799430847168,0.014566123485565186,0.09666460752487183
23.999984741210938,60.552574157714844,9.69378662109375,0.0,0.0,0.0,0.0,-0.01,-0.0,-0.01,3.760214342389788,2.6887857709612164,0.0,0.6515340209007263,0.0,0.0,0.0,0.0,0.0,0.0,0.46872004866600037,0.0,0.46872004866600037,0.0,2563.0,-4.599999904632568,0.46872004866600037,0.7086191177368164,0.778169572353363,0.021214336156845093
23.5242977142334,47.56216812133789,8.550414085388184,0.0,0.0,0.0,0.0,-0.01,-0.0,-0.01,3.721285765511649,2.6498570578438896,0.0,0.6093360185623169,0.0,0.0,0.0,0.0,0.0,0.0,0.0,0.0,0.0,0.0,2564.0,-4.599999904632568,0.0,0.5633020997047424,0.3994460105895996,0.09948393702507019
23.512367248535156,46.89093780517578,7.928404808044434,0.0,0.0,0.0,0.0,-0.01,-0.0,-0.01,3.693714223589216,2.6222857883998327,0.0,0.49435898661613464,0.0,0.0,0.0,0.0,0.0,0.0,0.0,0.0,0.0,0.0,2565.0,-4.599999904632568,0.0,0.5431795716285706,0.22463074326515198,0.0770813524723053
23.499446868896484,46.21970748901367,7.423734188079834,0.0,0.0,0.0,0.0,-0.01,-0.0,-0.01,3.704571396963937,2.6331429617745536,0.0,0.41045600175857544,0.0,0.0,0.0,0.0,0.0,0.0,3.0,0.0,0.0,3.0,2566.0,-4.599999904632568,-3.0,0.5638529658317566,0.07181060314178467,0.7514048218727112
23.487548828125,128.75892639160156,3.943558931350708,0.0,0.0,0.0,0.0,-0.01,-0.0,-0.01,3.718142863682338,2.6467142922537668,0.0,0.3555949926376343,0.0,0.0,0.0,0.0,0.0,0.0,1.0510810613632202,0.0,1.0510810613632202,0.0,2567.0,-3.9434406757354736,1.0510810613632202,0.5503162145614624,0.0013557076454162598,0.009082913398742676
23.879053115844727,74.80282592773438,2.5081000328063965,0.0,0.0,0.0,0.0,-0.01,-0.0,-0.01,3.714285659790039,2.6428570883614677,0.0,0.3088169991970062,0.0,0.0,0.0,0.0,0.0,0.0,0.0,0.0,0.0,0.0,2568.0,-2.5080249309539795,0.0,0.982713520526886,0.0011771023273468018,0.001475602388381958
23.68434715270996,74.13159942626953,2.1929149627685547,0.0,0.0,0.0,0.0,-0.01,-0.0,-0.01,3.703428622654506,2.631999914986747,0.0,0.24162499606609344,0.0,0.0,0.0,0.0,0.0,0.0,0.0,0.0,0.0,0.0,2569.0,-2.1928491592407227,0.0,0.9973052740097046,0.00018593668937683105,0.038455426692962646
23.489641189575195,73.46037292480469,1.9463005065917969,0.0,0.0,0.0,0.0,-0.01,-0.0,-0.01,3.6909285409109933,2.6194999694824217,0.0,0.20776399970054626,0.0,0.0,0.0,0.0,0.0,0.0,0.0,0.0,0.0,0.0,2570.0,-1.9462422132492065,0.0,0.9832542538642883,0.001833885908126831,0.0006887614727020264
23.113149642944336,72.78914642333984,1.734244465827942,0.0,0.0,0.0,0.0,-0.20345593158063033,-0.0,-0.01,3.6822856630597793,2.610857227870396,0.0,0.18981799483299255,0.0,0.0,0.0,0.0,0.6448530796446086,0.0,1.509690438387402,0.0,0.0,2.1545435180320105,2571.0,-1.7341924905776978,-3.0519964694976807,0.9999926686286926,0.37382811307907104,0.00032392144203186035
22.554874420166016,179.99807739257812,5.2219216740923e-5,0.0,0.0,0.0,0.0,-0.8134181062745283,-0.0,0.0,3.6798571995326452,2.6084286281040736,0.0,0.0,0.17595599591732025,0.0,0.0,0.0,2.53543758392334,0.0,0.0,0.0,2.53543758392334,0.0,2572.0,0.0,2.53543758392334,0.5653543472290039,0.8428672552108765,0.006714373826980591
23.21432113647461,179.32684326171875,5.221765241003595e-5,0.0,0.0,0.0,0.0,-0.8781343662353133,-0.0,0.0,3.6906428473336357,2.6192144121442524,0.0,0.0,0.17109200358390808,0.0,0.0,0.0,2.7560224342207253,0.0,0.0,0.0,2.7560224342207253,0.0,2573.0,0.0,2.953176736831665,0.5653543472290039,0.8428672552108765,0.006714373826980591
23.999984741210938,169.41421508789062,5.2216088079148903e-5,0.0,0.0,0.0,0.0,-0.2568234564970567,-0.0,0.0,3.709571375165667,2.6381429399762837,0.0,0.0,0.17946599423885345,0.0,0.0,0.0,0.6766121600671793,0.0,0.0,0.0,0.6766121600671793,0.0,2574.0,0.0,2.73010516166687,0.5653543472290039,0.8428672552108765,0.006714373826980591
23.999984741210938,159.20008850097656,5.2214523748261854e-5,0.0,0.0,0.0,0.0,-0.26357253581420065,-0.0,0.0,3.7332143238612585,2.661785616193499,0.0,0.0,0.20624800026416779,0.0,0.0,0.0,0.6723270842050638,0.0,0.0,0.0,0.6723270842050638,0.0,2575.0,0.0,2.190007448196411,0.027779370546340942,0.022377222776412964,0.00020837783813476562
23.999984741210938,131.82627868652344,5.2212959417374805e-5,0.0,0.0,0.0,0.0,-0.37677395567811656,-0.0,0.0,3.7519999367850168,2.680571365356445,0.0,0.0,0.3058069944381714,0.0,0.0,0.0,0.9501061412500461,0.0,0.0,0.0,0.0,0.9501061412500461,2576.0,0.0,-1.0500308275222778,0.5653543472290039,0.8428672552108765,0.006714373826980591
23.805278778076172,179.9980926513672,5.2211395086487755e-5,0.0,0.0,0.0,0.0,-0.10117252144491133,-0.0,0.0,3.779428563799177,2.7080001286097937,0.2906999886035919,0.0,0.05868801474571228,0.0,0.0,0.0,0.27855371000321,0.0,0.0,0.0,0.0,0.27855371000321,2577.0,0.0,-0.27855372428894043,0.9999701976776123,0.01999586820602417,1.0
23.24700355529785,179.99807739257812,5.2209830755600706e-5,0.0,0.0,0.0,0.0,-0.01,-0.0,-0.01,3.841357176644461,2.769928468976702,0.3586449921131134,0.0,0.0,1.11550385504193,0.0,0.012635795399546623,0.0,0.0,0.0,0.0,0.0,0.012635795399546623,2578.0,1.2303550243377686,-0.012635795399546623,0.9999701976776123,0.019997447729110718,1.0
22.870512008666992,179.99807739257812,1.1155226230621338,0.0,0.0,0.0,0.0,-0.01,-0.0,-0.01,3.9089285441807338,2.8375001089913505,0.36244499683380127,0.0,0.0,2.389439239776137,0.0,0.012301521375775337,0.0,0.0,0.0,0.0,0.0,0.012301521375775337,2579.0,2.598555088043213,-0.012301521375775337,0.9795010089874268,0.5387662053108215,0.9999886751174927
22.675806045532227,179.9962615966797,3.504856824874878,0.0,0.0,0.0,0.0,-0.01,-0.0,-0.01,3.972642844063895,2.9012142726353236,0.3503029942512512,0.0,0.0,4.257663243428311,0.0,0.564342200756073,0.0,0.0,0.0,0.0,0.0,0.564342200756073,2580.0,4.599999904632568,-0.564342200756073,0.9699364900588989,0.48094642162323,0.9999958872795105
22.299795150756836,179.99742126464844,7.762287139892578,0.0,0.0,0.0,0.0,0.4552389162968706,-0.0,-0.01,4.034642846243722,2.9632142748151504,0.36287298798561096,0.0,0.0,0.0,5.16932088136673,0.1478559374809265,0.0,0.0,0.0,0.0,0.1478559374809265,0.0,2581.0,-4.599999904632568,0.1478559374809265,0.35320839285850525,0.6574947237968445,0.7085188627243042
22.287458419799805,179.32618713378906,7.762054443359375,0.0,0.0,0.0,0.0,0.23077388650368627,-0.0,-0.01,4.096714237758091,3.0252856663295202,0.37663400173187256,0.0,0.0,0.0,2.6752651929855347,1.8235007524490356,0.0,0.0,0.0,0.0,1.8235007524490356,0.0,2582.0,-4.599999904632568,1.8235007524490356,0.5653543472290039,0.8428672552108765,0.006714373826980591
23.21432113647461,178.6549530029297,7.761821746826172,0.0,0.0,0.0,0.0,-0.01,-0.0,-0.01,4.130499921526228,3.059071350097656,0.35962700843811035,0.0,0.0,1.7977205030328491,0.0,1.57746422290802,0.0,0.0,0.0,0.0,1.57746422290802,0.0,2583.0,2.238208293914795,1.57746422290802,1.0,1.0,0.0028079748153686523
23.999984741210938,177.9837188720703,9.559255599975586,0.0,0.0,0.0,0.0,0.1910418704272036,-0.0,-0.01,4.1436429159981865,3.072214344569615,0.375014990568161,0.0,0.0,0.44074440002441406,2.2337983827759134,0.01754729449748993,0.0,0.0,0.0,0.0,0.01754729449748993,0.0,2584.0,0.44077441096305847,0.01754729449748993,1.0,1.0,0.0028080642223358154
23.999984741210938,177.31248474121094,9.999700546264648,0.0,0.0,0.0,0.0,0.07411691092387092,-0.0,0.0,4.10442864554269,3.0330000741141183,0.3767020106315613,0.0,0.0,0.0,0.8235211670398712,0.4622769057750702,0.0,0.0,0.0,0.0,0.4622769057750702,0.0,2585.0,0.00032945373095571995,0.4622769057750702,1.0,1.0,0.0028078854084014893
23.999984741210938,176.64125061035156,9.999401092529297,0.0,0.0,0.0,0.0,-0.01,-0.0,-0.01,3.985357093811035,2.9139286586216517,0.0949999988079071,0.467289000749588,0.0,0.0,0.0,0.0,0.0,0.0,0.1727984983212768,0.0,0.1727984983212768,0.0,2586.0,-4.599999904632568,2.48241925239563,1.0,0.9999999403953552,0.0008001923561096191
23.999984741210938,158.85191345214844,9.345970153808594,0.0,0.0,0.0,0.0,-0.01,-0.0,-0.01,3.944214357648577,2.8727857862200055,0.0,0.6515340209007263,0.0,0.0,0.0,0.0,0.0,0.0,0.7874219729349448,0.0,0.7874219729349448,0.0,2587.0,-4.599999904632568,1.3642501831054688,0.0016219913959503174,0.017760753631591797,0.0014538168907165527
23.999984741210938,95.39306640625,7.877411365509033,0.0,0.0,0.0,0.0,-0.01,-0.0,-0.01,3.9453571319580076,2.8739285605294365,0.0,0.6093360185623169,0.0,0.0,0.0,0.0,0.0,0.0,0.018444141562083002,0.0,0.018444141562083002,0.0,2588.0,-4.599999904632568,1.2049180269241333,0.027776628732681274,0.022374004125595093,0.00020834803581237793
23.999984741210938,86.44190979003906,7.236602306365967,0.0,0.0,0.0,0.0,-0.01,-0.0,-0.01,3.938499941144671,2.867071369716099,0.0,1.0808509588241577,0.0,0.0,0.0,0.0,0.0,0.0,0.11713389307260513,0.0,0.0,0.11713389307260513,2589.0,-4.599999904632568,-0.11713389307260513,0.3257206082344055,0.04044422507286072,0.18645939230918884
23.989051818847656,49.83158493041992,6.013988494873047,0.0,0.0,0.0,0.0,-0.01,-0.0,-0.01,3.9221427917480467,2.8507142203194755,0.0,0.5570110082626343,0.0,0.0,0.0,0.0,0.0,0.0,0.17077220976352692,0.0,0.17077220976352692,0.0,2590.0,-4.599999904632568,0.17077220976352692,0.7744062542915344,0.06443968415260315,0.1156700849533081
23.895814895629883,47.84157943725586,5.2711944580078125,0.0,0.0,0.0,0.0,-0.01,-0.0,-0.01,3.903428568158831,2.8319998604910714,0.0,0.3555949926376343,0.0,0.0,0.0,0.0,0.0,0.0,0.06792419403791428,0.0,0.0,0.06792419403791428,2591.0,-4.599999904632568,-0.06792419403791428,0.6411367654800415,0.011261582374572754,0.13855496048927307
23.88388442993164,42.166873931884766,4.838886737823486,0.0,0.0,0.0,0.0,-0.01,-0.0,-0.01,3.8855000359671457,2.814071328299386,0.0,0.3088169991970062,0.0,0.0,0.0,0.0,0.0,0.0,1.1404094696044922,0.0,0.0,1.1404094696044922,2592.0,-4.599999904632568,-1.1404094696044922,0.8222959041595459,0.02346593141555786,0.42871928215026855
23.689178466796875,88.5931625366211,3.359983444213867,0.0,0.0,0.0,0.0,-0.01,-0.0,-0.01,3.853357124328613,2.78192868913923,0.0,0.24162499606609344,0.0,0.0,0.0,0.0,0.0,0.0,1.1732683181762695,0.0,1.1732683181762695,0.0,2593.0,-3.3598825931549072,1.1732683181762695,0.9649712443351746,0.00023111701011657715,2.613663673400879e-5
23.80905532836914,82.59825897216797,1.9161573648452759,0.0,0.0,0.0,0.0,-0.01,-0.0,-0.01,3.8268571036202568,2.755428532191685,0.0,0.20776399970054626,0.0,0.0,0.0,0.0,0.0,0.0,0.38870757818222046,0.0,0.38870757818222046,0.0,2594.0,-1.9160999059677124,0.38870757818222046,0.9973541498184204,0.785713791847229,0.0003002285957336426
22.92855453491211,81.92703247070312,1.3074736595153809,0.0,0.0,0.0,0.0,-0.5612255057730899,-0.0,-0.01,3.829571396963937,2.7581429617745536,0.0,0.18981799483299255,0.0,0.0,0.0,0.0,1.837418279564524,0.0,1.0914676571725366,0.0,2.9288859367370605,0.0,2595.0,-1.3074344396591187,2.9288859367370605,0.11517506837844849,0.9741932153701782,2.086162567138672e-6
23.87095069885254,81.25580596923828,3.934499909519218e-5,0.0,0.0,0.0,0.0,-0.19863797470482059,-0.0,0.0,3.8414285659790037,2.7700001307896205,0.0,0.0,0.17595599591732025,0.0,0.0,0.0,0.48617056012153625,0.0,0.0,0.0,0.0,0.48617056012153625,2596.0,0.0,-0.48617056012153625,0.5653543472290039,0.8428672552108765,0.006714373826980591
23.49445915222168,106.41143798828125,3.934382039005868e-5,0.0,0.0,0.0,0.0,-0.10117493524849142,-0.0,0.0,3.8659285954066682,2.794500023978097,0.0,0.0,0.17109200358390808,0.0,0.0,0.0,0.1661577671766281,0.0,0.0,0.0,0.1661577671766281,0.0,2597.0,0.0,0.1661577671766281,0.5653543472290039,0.8428672552108765,0.006714373826980591
23.21432113647461,105.7402114868164,3.9342641684925184e-5,0.0,0.0,0.0,0.0,-0.34052366328333417,-0.0,0.0,3.8947143009730745,2.8232857295445033,0.0,0.0,0.17946599423885345,0.0,0.0,0.0,0.95561283826828,0.0,0.0,0.0,0.95561283826828,0.0,2598.0,0.0,0.95561283826828,0.5653543472290039,0.8428672552108765,0.006714373826980591
23.21432113647461,105.06898498535156,3.9341462979791686e-5,0.0,0.0,0.0,0.0,-0.25417549279036056,-0.0,0.0,3.915642820085798,2.8442142486572264,0.0,0.0,0.20624800026416779,0.0,0.0,0.0,0.6410036087036133,0.0,0.0,0.0,0.6410036087036133,0.0,2599.0,0.0,0.6410036087036133,0.5653543472290039,0.8428672552108765,0.006714373826980591
23.21432113647461,104.39775848388672,3.934028427465819e-5,0.0,0.0,0.0,0.0,-0.8863451237020925,-0.0,0.0,3.907928548540388,2.8365001133510046,0.0,0.0,0.3058069944381714,0.0,0.0,0.0,2.648676633834839,0.0,0.0,0.0,0.0,2.648676633834839,2600.0,0.0,-2.648676633834839,0.01215943694114685,0.10566967725753784,0.9992720484733582
22.65604591369629,179.88160705566406,3.933910556952469e-5,0.0,0.0,0.0,0.0,-0.16426850862314235,-0.0,0.0,3.924500002179827,2.8530714307512555,0.31539997458457947,0.0,0.03398802876472473,0.0,0.0,0.0,0.5135736448876037,0.0,0.0,0.0,0.0,0.5135736448876037,2601.0,0.0,-0.5135736465454102,0.9997304677963257,0.0038402676582336426,1.0
22.09777069091797,179.99807739257812,3.933792686439119e-5,0.0,0.0,0.0,0.0,-0.01,-0.0,-0.01,3.9887856892177034,2.91735725402832,0.3586449921131134,0.0,0.0,2.2016756460356146,0.0,0.011997245004921102,0.0,0.0,0.0,0.0,0.0,0.011997245004921102,2602.0,2.396355152130127,-2.908987045288086,0.9997596740722656,0.08708855509757996,1.0
21.175926208496094,179.99807739257812,2.2016489505767822,0.0,0.0,0.0,0.0,-0.0017898474641843982,-0.0,-0.01,4.081928607395717,3.0104998997279577,0.3841390013694763,0.0,0.0,4.599999904632568,0.09122390981479267,0.08140959590673447,0.0,0.0,0.0,0.0,0.0,0.08140959590673447,2603.0,4.599999904632568,-0.08140959590673447,0.9795072078704834,0.5387337803840637,0.9999886751174927
20.799434661865234,179.9962615966797,6.801445007324219,0.0,0.0,0.0,0.0,0.36658867091294683,-0.0,-0.01,4.226071439470564,3.154642868041992,0.3675670027732849,0.0,0.0,2.2639498710632324,4.184318233159667,0.08911176025867462,0.0,0.0,0.0,0.0,0.0,0.08911176025867462,2604.0,2.2639498710632324,-0.08911176025867462,0.9065364599227905,0.4660131633281708,0.9999823570251465
20.786514282226562,179.99525451660156,9.065123558044434,0.0,0.0,0.0,0.0,0.49624502986629804,-0.0,-0.01,4.350285748073032,3.2788573128836496,0.36287298798561096,0.0,0.0,0.0,5.62494432926178,0.7951825857162476,0.0,0.0,0.0,0.0,0.0,0.7951825857162476,2605.0,-4.599999904632568,-0.7951825857162476,0.7477230429649353,0.07651764154434204,0.999880313873291
20.59280014038086,179.97894287109375,9.064851760864258,0.0,0.0,0.0,0.0,0.34730852820940866,-0.0,-0.01,4.423500006539481,3.3520714351109095,0.37663400173187256,0.0,0.0,0.0,3.9700944423675537,1.1775214672088623,0.0,0.0,0.0,0.0,0.0,1.1775214672088623,2606.0,-4.599999904632568,-1.1775214672088623,0.059532880783081055,0.6456819176673889,0.9618847370147705
20.21729850769043,173.89964294433594,9.064579963684082,0.0,0.0,0.0,0.0,0.013410192440919162,-0.0,-0.01,4.463142885480608,3.3917143140520367,0.35962700843811035,0.0,0.0,0.935420036315918,0.2601132286716037,3.0,0.0,0.0,0.0,0.0,3.0,0.0,2607.0,0.93545001745224,3.0,1.0,1.0,0.037861526012420654
21.667436599731445,173.22840881347656,9.999700546264648,0.0,0.0,0.0,0.0,0.06321462895191711,-0.0,0.0,4.4758571352277485,3.404428427559989,0.375014990568161,0.0,0.0,0.0,0.7023847103118896,3.0,0.0,0.0,0.0,0.0,3.0,0.0,2608.0,0.00032945373095571995,3.0,1.0,1.0,0.002807915210723877
23.305082321166992,172.5571746826172,9.999401092529297,0.0,0.0,0.0,0.0,0.01269949036143666,-0.0,0.0,4.438499941144671,3.367071369716099,0.3767020106315613,0.0,0.0,0.0,0.1411054372463545,1.6092426538791338,0.0,0.0,0.0,0.0,1.6092426538791338,0.0,2609.0,0.0006289074663072824,2.2161548137664795,1.0,1.0,0.0028078854084014893
23.999984741210938,163.5526123046875,9.999101638793945,0.0,0.0,0.0,0.0,-0.01,-0.0,-0.01,4.37564285823277,3.304214150565011,0.028499998152256012,0.45699602365493774,0.0,0.0,0.0,0.0,0.0,0.0,0.8505810499191284,0.0,0.8505810499191284,0.0,2610.0,-4.599999904632568,0.8505810499191284,1.0,1.0,0.0028078854084014893
23.999984741210938,162.88137817382812,8.664579391479492,0.0,0.0,0.0,0.0,-0.01,-0.0,-0.01,4.339928572518485,3.2684998648507255,0.0,0.7003089785575867,0.0,0.0,0.0,0.0,0.0,0.0,0.0,0.0,0.0,0.0,2611.0,-4.599999904632568,0.0,0.5653543472290039,0.8428672552108765,0.006714373826980591
23.987064361572266,162.21014404296875,7.949739933013916,0.0,0.0,0.0,0.0,-0.01,-0.0,-0.01,4.326571410042899,3.2551429748535154,0.0,0.6093360185623169,0.0,0.0,0.0,0.0,0.0,0.0,0.8801368230117566,0.0,0.8801368230117566,0.0,2612.0,-4.599999904632568,2.098433256149292,0.9999805688858032,0.9716944694519043,0.00019237399101257324
23.999984741210938,151.02796936035156,6.4296770095825195,0.0,0.0,0.0,0.0,-0.01,-0.0,-0.01,4.313142858232771,3.241714150565011,0.0,0.5500810146331787,0.0,0.0,0.0,0.0,0.0,0.0,0.4767821228471764,0.0,0.0,0.4767821228471764,2613.0,-4.599999904632568,-0.632442831993103,0.5653543472290039,0.8428672552108765,0.006714373826980591
23.623493194580078,179.99807739257812,5.3816962242126465,0.0,0.0,0.0,0.0,-0.01,-0.0,-0.01,4.309071350097656,3.237642778669085,0.0,0.41045600175857544,0.0,0.0,0.0,0.0,0.0,0.0,0.230681911110878,0.0,0.230681911110878,0.0,2614.0,-4.599999904632568,0.230681911110878,0.5653543472290039,0.8428672552108765,0.006714373826980591
23.21432113647461,179.32684326171875,4.72733211517334,0.0,0.0,0.0,0.0,-0.01,-0.0,-0.01,4.29735723223005,3.2259286608014786,0.0,0.3555949926376343,0.0,0.0,0.0,0.0,0.0,0.0,2.1312708854675293,0.0,2.1312708854675293,0.0,2615.0,-4.599999904632568,2.1312708854675293,0.027774006128311157,0.02237105369567871,0.00020834803581237793
23.848085403442383,151.8864288330078,2.189648389816284,0.0,0.0,0.0,0.0,-0.01,-0.0,-0.01,4.307285799298968,3.235857227870396,0.0,0.3088169991970062,0.0,0.0,0.0,0.0,0.0,0.0,1.0991842904365272,0.0,1.0991842904365272,0.0,2616.0,-2.1895828247070312,1.9889540672302246,0.0156097412109375,0.2297246754169464,2.473592758178711e-6
23.999984741210938,143.427490234375,0.7528898119926453,0.0,0.0,0.0,0.0,-0.01,-0.0,-0.01,4.323857116699219,3.2524285452706474,0.0,0.24162499606609344,0.0,0.0,0.0,0.0,0.0,0.0,0.38156989216804504,0.0,0.38156989216804504,0.0,2617.0,-0.7528672218322754,0.38156989216804504,0.11515575647354126,0.9741972088813782,2.086162567138672e-6
23.8709716796875,142.75625610351562,0.11697316914796829,0.0,0.0,0.0,0.0,-0.5497823362723464,-0.0,-0.01,4.312428556169783,3.2409999847412108,0.0,0.11463025435389795,0.09313374534664831,0.0,0.0,0.0,1.7061406373977661,0.0,0.0,0.0,1.7061406373977661,0.0,2618.0,-0.11696965992450714,1.7061406373977661,0.11514487862586975,0.9741994738578796,2.086162567138672e-6
23.870983123779297,142.08502197265625,3.5240188935858896e-6,0.0,0.0,0.0,0.0,-0.4840257270743731,-0.0,0.0,4.316928536551339,3.2454999651227676,0.0,0.0,0.18981799483299255,0.0,0.0,0.0,1.4236010313034058,0.0,0.0,0.0,1.4236010313034058,0.0,2619.0,0.0,1.4236010313034058,0.11515027284622192,0.9741983413696289,2.086162567138672e-6
23.870975494384766,141.41378784179688,3.5239131648268085e-6,0.0,0.0,0.0,0.0,-0.39423820899876727,-0.0,0.0,4.33471429007394,3.2632857186453683,0.0,0.0,0.17595599591732025,0.0,0.0,0.0,1.1381713151931763,0.0,0.0,0.0,1.1381713151931763,0.0,2620.0,0.0,1.1381713151931763,0.11516442894935608,0.9741953611373901,2.086162567138672e-6
23.870962142944336,140.7425537109375,3.5238074360677274e-6,0.0,0.0,0.0,0.0,-0.08962605802719015,-0.0,0.0,4.356285721915109,3.2848572867257255,0.0,0.0,0.17109200358390808,0.0,0.0,0.0,0.12766151130199432,0.0,0.0,0.0,0.12766151130199432,0.0,2621.0,0.0,0.12766151130199432,0.5653543472290039,0.8428672552108765,0.006714373826980591
23.21432113647461,140.07131958007812,3.5237017073086463e-6,0.0,0.0,0.0,0.0,-0.636540000102519,-0.0,0.0,4.373285784040179,3.301857212611607,0.0,0.0,0.4051069915294647,0.0,0.0,0.0,1.7166929244995117,0.0,0.0,0.0,1.7166929244995117,0.0,2622.0,0.0,1.7166929244995117,0.5653543472290039,0.8428672552108765,0.006714373826980591
23.23682975769043,129.77850341796875,3.523595978549565e-6,0.0,0.0,0.0,0.0,-0.624913723266669,-0.0,0.0,4.385928508213588,3.3144999367850168,0.0,0.0,0.5809440016746521,0.0,0.0,0.0,1.5021016597747803,0.0,0.0,0.0,1.5021016597747803,0.0,2623.0,0.0,1.5021016597747803,0.5653543472290039,0.8428672552108765,0.006714373826980591
23.30320167541504,116.55416107177734,3.523490249790484e-6,0.0,0.0,0.0,0.0,-0.7046766680350558,-0.0,0.0,4.391785703386579,3.3203571319580076,0.0,0.0,0.3058069944381714,0.0,0.0,0.0,2.0431151390075684,0.0,0.0,0.0,0.0,2.0431151390075684,2624.0,0.0,-2.0431151390075684,0.013830721378326416,0.25441795587539673,0.9999847412109375
22.381357192993164,179.99563598632812,3.523384521031403e-6,0.0,0.0,0.0,0.0,-0.10485141947160713,-0.0,0.0,4.395785685947963,3.3243571145193918,0.010449999943375587,0.0,0.33893799781799316,0.0,0.0,0.0,0.01056671986596094,0.0,0.0,0.0,0.0,0.01056671986596094,2625.0,0.0,-3.8541576862335205,0.9999701976776123,0.020000725984573364,1.0
21.64129638671875,179.99807739257812,3.523278792272322e-6,0.0,0.0,0.0,0.0,-0.07315786457806323,-0.0,0.0,4.413571439470563,3.342142868041992,0.3372499942779541,0.0,0.021394997835159302,0.0,0.0,0.0,0.22246454106827734,0.0,0.0,0.0,0.0,0.22246454106827734,2626.0,0.0,-0.22246454656124115,0.9999765157699585,0.018162041902542114,1.0
20.90072250366211,179.99807739257812,3.5231730635132408e-6,0.0,0.0,0.0,0.0,-0.01,-0.0,-0.01,4.461999974931989,3.39057126726423,0.4270069897174835,0.0,0.0,0.30773371401336647,0.0,0.2783289849758148,0.0,0.0,0.0,0.0,0.0,0.2783289849758148,2627.0,0.6459929943084717,-0.2783289849758148,0.9999441504478455,0.02819603681564331,1.0
20.433168411254883,179.99807739257812,0.30772802233695984,0.0,0.0,0.0,0.0,-0.01,-0.0,-0.01,4.5198570796421595,3.448428508213588,0.363178014755249,0.0,0.0,1.2056668461880025,0.0,0.010149623128360293,0.0,0.0,0.0,0.0,0.0,0.010149623128360293,2628.0,1.324821949005127,-1.5071748495101929,0.9999134540557861,0.019125401973724365,1.0
20.11744499206543,179.99807739257812,1.5133495330810547,0.0,0.0,0.0,0.0,-0.425069894594744,-0.0,-0.01,4.558214269365583,3.4867855616978236,0.36287298798561096,0.0,0.0,0.0,0.0,1.410776972770691,1.3835662603378296,0.0,0.0,0.0,2.7943432331085205,0.0,2629.0,1.504127025604248,2.7943432331085205,0.9873952269554138,0.5306012034416199,1.0
21.652990341186523,179.32684326171875,1.5133041143417358,0.0,0.0,0.0,0.0,-0.01,-0.0,-0.01,4.60750002179827,3.5360714503696986,0.37663400173187256,0.0,0.0,0.9487092760075697,0.0,0.19524534046649933,0.0,0.0,0.0,0.0,0.0,0.19524534046649933,2630.0,1.2443660497665405,-0.19524534046649933,0.9998631477355957,0.05714529752731323,1.0
20.91344451904297,179.99807739257812,2.461939573287964,0.0,0.0,0.0,0.0,-0.6066331361386423,-0.0,-0.01,4.664642824445452,3.5932142530168805,0.35962700843811035,0.0,0.0,0.0,0.0,1.0112229585647583,1.9887770414352417,0.0,0.0,0.0,3.0,0.0,2631.0,1.083372950553894,3.0,0.9999850988388062,0.997115969657898,0.8883152604103088
22.27247428894043,179.32684326171875,2.4618656635284424,0.0,0.0,0.0,0.0,-0.8634745168079727,-0.0,-0.01,4.675285693577358,3.6038571221487863,0.375014990568161,0.0,0.0,0.0,0.0,0.15508505702018738,2.8449149429798126,0.0,0.0,0.0,3.0,0.0,2632.0,0.18298503756523132,3.0,1.0,0.9999997615814209,0.24795538187026978
23.72667121887207,178.65560913085938,2.461791753768921,0.0,0.0,0.0,0.0,-0.01,-0.0,-0.01,4.657500008174351,3.586071504865374,0.1301499903202057,0.2465520203113556,0.0,0.0,0.0,0.0,0.0,0.0,0.9294261932373047,0.0,0.9294261932373047,0.0,2633.0,-2.4617178440093994,0.9294261932373047,1.0,1.0,0.9853906631469727
23.999984741210938,177.984375,1.2617762088775635,0.0,0.0,0.0,0.0,-0.02476653170853514,-0.0,-0.01,4.64292847769601,3.5714999062674386,0.0,0.48549601435661316,0.0,0.0,0.0,0.0,0.04922177040588638,0.0,0.7510074195401018,0.0,0.8002291899459881,0.0,2634.0,-1.2617384195327759,0.8002291917800903,1.0,1.0,0.995761513710022
23.999984741210938,177.31314086914062,3.803443905781023e-5,0.0,0.0,0.0,0.0,-0.6726896030011363,-0.0,0.0,4.622999954223633,3.5515713827950615,0.0,0.0,0.6515340209007263,0.0,0.0,0.0,1.5907645666687873,0.0,0.0,0.0,1.5907645666687873,0.0,2635.0,0.0,2.176978588104248,0.06299731135368347,0.07681694626808167,0.000954747200012207
23.999984741210938,168.4292449951172,3.803330037044361e-5,0.0,0.0,0.0,0.0,-0.2671783106397907,-0.0,0.0,4.59821423121861,3.526785659790039,0.0,0.0,0.6093360185623169,0.0,0.0,0.0,0.28125831484794617,0.0,0.0,0.0,0.28125831484794617,0.0,2636.0,0.0,0.28125831484794617,0.9989181756973267,0.9998571276664734,0.21388432383537292
23.999271392822266,167.7580108642578,3.803216168307699e-5,0.0,0.0,0.0,0.0,-0.14830770187805875,-0.0,0.0,4.570499910627093,3.499071339198521,0.0,0.0,0.49435898661613464,0.0,0.0,0.0,0.0,0.0,0.0,0.0,0.0,0.0,2637.0,0.0,0.0,2.4706125259399414e-5,0.032586514949798584,0.6910388469696045
23.440996170043945,167.08677673339844,3.803102299571037e-5,0.0,0.0,0.0,0.0,-0.4543272478360074,-0.0,0.0,4.551428604125976,3.480000032697405,0.0,0.0,0.41045600175857544,0.0,0.0,0.0,1.1039680975169757,0.0,0.0,0.0,1.1039680975169757,0.0,2638.0,0.0,1.5496200323104858,0.06261608004570007,0.008043020963668823,0.0010265707969665527
23.999984741210938,123.58306884765625,3.802988430834375e-5,0.0,0.0,0.0,0.0,-0.168395771817198,-0.0,0.0,4.544357109069824,3.4729284014020645,0.0,0.0,0.3555949926376343,0.0,0.0,0.0,0.20572422444820404,0.0,0.0,0.0,0.20572422444820404,0.0,2639.0,0.0,0.20572422444820404,0.05628135800361633,0.9163914918899536,1.1622905731201172e-6
23.581941604614258,122.9118423461914,3.8028745620977134e-5,0.0,0.0,0.0,0.0,-0.39497559746009436,-0.0,0.0,4.5539999825613835,3.4825714111328123,0.0,0.0,0.3088169991970062,0.0,0.0,0.0,1.0077682733535767,0.0,0.0,0.0,1.0077682733535767,0.0,2640.0,0.0,1.0077682733535767,0.07009312510490417,0.9424176216125488,1.341104507446289e-6
23.712072372436523,122.24061584472656,3.8027606933610514e-5,0.0,0.0,0.0,0.0,-0.3485783551565147,-0.0,0.0,4.537142835344587,3.4657142639160154,0.0,0.0,0.24162499606609344,0.0,0.0,0.0,0.9203028082847595,0.0,0.0,0.0,0.9203028082847595,0.0,2641.0,0.0,0.9203028082847595,0.11514219641685486,0.9742000699043274,2.086162567138672e-6
23.87098503112793,121.56938934326172,3.8026468246243894e-5,0.0,0.0,0.0,0.0,-0.06232920238690376,-0.0,0.0,4.51292849949428,3.4414999280657086,0.0,0.0,0.20776399970054626,0.0,0.0,0.0,0.0,0.0,0.0,0.0,0.0,0.0,2642.0,0.0,0.0,0.015439540147781372,0.21609985828399658,2.6226043701171875e-6
23.676794052124023,120.89816284179688,3.8025329558877274e-5,0.0,0.0,0.0,0.0,-0.48220969268519376,-0.0,0.0,4.481428636823382,3.41000006539481,0.0,0.0,0.18981799483299255,0.0,0.0,0.0,1.417547583580017,0.0,0.0,0.0,1.417547583580017,0.0,2643.0,0.0,1.417547583580017,0.11517801880836487,0.9741925001144409,2.086162567138672e-6
23.889629364013672,112.70172119140625,3.8024190871510655e-5,0.0,0.0,0.0,0.0,-0.2703522089263677,-0.0,0.0,4.418000030517578,3.3465714590890068,0.0,0.0,0.17595599591732025,0.0,0.0,0.0,0.7252179980278015,0.0,0.0,0.0,0.0,0.7252179980278015,2644.0,0.0,-0.7252179980278015,0.5653543472290039,0.8428672552108765,0.006714373826980591
23.694923400878906,158.5753631591797,3.8023052184144035e-5,0.0,0.0,0.0,0.0,-0.15872787665847968,-0.0,0.0,4.2894286564418245,3.2180000850132533,0.0,0.0,0.17109200358390808,0.0,0.0,0.0,0.3580008975867612,0.0,0.0,0.0,0.0,0.3580008975867612,2645.0,0.0,-0.4443419873714447,0.5653543472290039,0.8428672552108765,0.006714373826980591
23.50021743774414,179.99807739257812,3.8021913496777415e-5,0.0,0.0,0.0,0.0,-0.1846971123296859,-0.0,0.0,4.163000052315848,3.0915714808872767,0.0,0.0,0.17946599423885345,0.0,0.0,0.0,0.43619102239608765,0.0,0.0,0.0,0.43619102239608765,0.0,2646.0,0.0,0.43619102239608765,0.5653543472290039,0.8428672552108765,0.006714373826980591
23.21432113647461,179.32684326171875,3.8020774809410796e-5,0.0,0.0,0.0,0.0,-0.24551263682097701,-0.0,0.0,4.100357137407576,3.028928702218192,0.0,0.0,0.20624800026416779,0.0,0.0,0.0,0.612127423286438,0.0,0.0,0.0,0.612127423286438,0.0,2647.0,0.0,0.612127423286438,0.5653543472290039,0.8428672552108765,0.006714373826980591
23.21432113647461,178.65560913085938,3.8019636122044176e-5,0.0,0.0,0.0,0.0,-0.5613336100710864,-0.0,0.0,4.070857129778181,2.999428558349609,0.0,0.0,0.36144599318504333,0.0,0.0,0.0,1.5096659660339355,0.0,0.0,0.0,1.5096659660339355,0.0,2648.0,0.0,1.5096659660339355,0.5653543472290039,0.8428672552108765,0.006714373826980591
23.21432113647461,177.984375,3.8018497434677556e-5,0.0,0.0,0.0,0.0,-0.29126740063299295,-0.0,0.0,4.038500050136021,2.96707147870745,0.0,0.0,0.3493880033493042,0.0,0.0,0.0,0.6215032935142517,0.0,0.0,0.0,0.6215032935142517,0.0,2649.0,0.0,0.6215032935142517,0.5653543472290039,0.8428672552108765,0.006714373826980591
23.21432113647461,177.31314086914062,3.8017358747310936e-5,0.0,0.0,0.0,0.0,-0.23058050195005741,-0.0,0.0,4.0197143009730745,2.9482857295445033,0.11209999769926071,0.0,0.4699860215187073,0.0,0.0,0.0,0.2986156211066655,0.0,0.0,0.0,0.0,0.2986156211066655,2650.0,0.0,-0.29861563444137573,0.9999701976776123,0.019990921020507812,1.0
22.83782958984375,179.99807739257812,3.801622005994432e-5,0.0,0.0,0.0,0.0,-0.2792422489075589,-0.0,0.0,4.016285705566406,2.944857134137835,0.23180000483989716,0.0,0.58399498462677,0.0,0.0,0.0,0.34681247474479426,0.0,0.0,0.0,0.0,0.34681247474479426,2651.0,0.0,-0.34681248664855957,0.9963995218276978,0.001730203628540039,1.0
22.824909210205078,179.99807739257812,3.80150813725777e-5,0.0,0.0,0.0,0.0,-0.02499678328620524,-0.0,-0.01,4.006642832074847,2.9352143968854634,0.3503029942512512,0.0,0.0,0.0,0.0,0.00024700164794921875,0.04998927563428879,0.0,0.0,0.0,0.0,0.05023627728223801,2652.0,0.018696993589401245,-0.05023627728223801,0.9999702572822571,0.019989013671875,1.0
22.2661190032959,179.99807739257812,3.801394268521108e-5,0.0,0.0,0.0,0.0,-0.01,-0.0,-0.01,3.997714260646275,2.9262858254568918,0.3853990137577057,0.0,0.0,0.009448056747767174,0.0,0.1749601050449593,0.0,0.0,0.0,0.0,0.0,0.1749601050449593,2653.0,0.21460101008415222,-0.17496010661125183,0.9999844431877136,0.007363796234130859,1.0
22.071928024291992,179.99807739257812,0.009485785849392414,0.0,0.0,0.0,0.0,-0.01,-0.0,-0.01,3.9927856717790875,2.9213572365897043,0.37663400173187256,0.0,0.0,0.4039904590707389,0.0,0.011980818129699106,0.0,0.0,0.0,0.0,0.0,0.011980818129699106,2654.0,0.4663659930229187,-3.7266111373901367,0.9999701976776123,0.01998966932296753,1.0
21.331867218017578,179.99807739257812,0.41346386075019836,0.0,0.0,0.0,0.0,-0.01,-0.0,-0.01,3.98985721043178,2.9184286390032086,0.35962700843811035,0.0,0.0,0.21060471262780014,0.0,0.21302020029111504,0.0,0.0,0.0,0.0,0.0,0.21302020029111504,2655.0,0.4693729877471924,-0.2130202054977417,0.9998764991760254,0.05712440609931946,1.0
20.591806411743164,179.99807739257812,0.6240498423576355,0.0,0.0,0.0,0.0,-0.8583445415236357,-0.0,-0.01,3.978642817905971,2.9072142464773996,0.375014990568161,0.0,0.0,0.0,0.0,0.17218497395515442,2.8278150260448456,0.0,0.0,0.0,3.0,0.0,2656.0,0.20098498463630676,3.0,0.6313669085502625,0.878626823425293,0.241962730884552
21.460350036621094,179.32684326171875,0.624031126499176,0.0,0.0,0.0,0.0,-0.8005060045272607,-0.0,-0.01,3.95471431187221,2.8832857404436383,0.1301499903202057,0.2465520203113556,0.0,0.0,0.0,0.0,2.6350199103845853,0.0,0.3649800896154147,0.0,3.0,0.0,2657.0,-0.6240124106407166,3.0,0.6353504061698914,0.8581898808479309,0.24839657545089722
22.318126678466797,178.65560913085938,1.8781012840918265e-5,0.0,0.0,0.0,0.0,-0.9775622905318837,-0.0,0.0,3.9337142671857563,2.8622858319963727,0.0,0.0,0.48549601435661316,0.0,0.0,0.0,2.7730448246002197,0.0,0.0,0.0,2.7730448246002197,0.0,2658.0,0.0,2.7730448246002197,0.5653543472290039,0.8428672552108765,0.006714373826980591
23.21432113647461,177.984375,1.8780448954203166e-5,0.0,0.0,0.0,0.0,-0.7874901648909072,-0.0,0.0,3.925999995640346,2.8545714242117746,0.0,0.0,0.6515340209007263,0.0,0.0,0.0,1.9734330910954758,0.0,0.0,0.0,1.9734330910954758,0.0,2659.0,0.0,2.819728374481201,0.5653543472290039,0.8428672552108765,0.006714373826980591
23.999984741210938,175.4382781982422,1.8779885067488067e-5,0.0,0.0,0.0,0.0,-0.5866041944709482,-0.0,0.0,3.923357091631208,2.851928656441825,0.0,0.0,0.6978179812431335,0.0,0.0,0.0,1.257529255961509,0.0,0.0,0.0,1.257529255961509,0.0,2660.0,0.0,2.7212209701538086,0.027788758277893066,0.022388041019439697,0.00020843744277954102
23.999984741210938,168.86663818359375,1.8779321180772968e-5,0.0,0.0,0.0,0.0,-0.6401172885070197,-0.0,0.0,3.921642793927874,2.8502142224993023,0.0,0.0,0.5666170120239258,0.0,0.0,0.0,1.5671071982128904,0.0,0.0,0.0,1.5671071982128904,0.0,2661.0,0.0,2.564138174057007,0.12466290593147278,0.034925878047943115,0.0011962950229644775
23.999984741210938,160.34884643554688,1.877875729405787e-5,0.0,0.0,0.0,0.0,-0.23464555130941406,-0.0,0.0,3.922071402413504,2.850642830984933,0.0,0.0,0.41045600175857544,0.0,0.0,0.0,0.371695804859551,0.0,0.0,0.0,0.0,0.371695804859551,2662.0,0.0,-0.3716958165168762,4.470348358154297e-7,0.01074114441871643,1.0
23.623493194580078,179.99807739257812,1.877819340734277e-5,0.0,0.0,0.0,0.0,-0.49001785469145026,-0.0,0.0,3.923357091631208,2.851928656441825,0.0,0.0,0.3555949926376343,0.0,0.0,0.0,1.277797791428669,0.0,0.0,0.0,1.277797791428669,0.0,2663.0,0.0,1.6932135820388794,0.21183636784553528,0.001685112714767456,0.0009316802024841309
23.999984741210938,112.75621032714844,1.877762952062767e-5,0.0,0.0,0.0,0.0,-0.2910542454741094,-0.0,0.0,3.9168571199689595,2.845428684779576,0.0,0.0,0.37583300471305847,0.0,0.0,0.0,0.5943477749824524,0.0,0.0,0.0,0.5943477749824524,0.0,2664.0,0.0,0.5943477749824524,0.5109230279922485,0.002715587615966797,0.04138213396072388
23.973682403564453,59.052555084228516,1.8777067452901974e-5,0.0,0.0,0.0,0.0,-0.18861775104672684,-0.0,0.0,3.9033571788242885,2.831928471156529,0.0,0.0,0.24162499606609344,0.0,0.0,0.0,0.38710081577301025,0.0,0.0,0.0,0.0,0.38710081577301025,2665.0,0.0,-0.38710081577301025,0.690220057964325,0.00982445478439331,0.2072426676750183
23.778976440429688,53.15690994262695,1.877650538517628e-5,0.0,0.0,0.0,0.0,-0.06232920238690376,-0.0,0.0,3.89957150050572,2.8281429290771483,0.0,0.0,0.20776399970054626,0.0,0.0,0.0,0.0,0.0,0.0,0.0,0.0,0.0,2666.0,0.0,0.0,0.6118950247764587,0.13267195224761963,0.03756749629974365
23.220701217651367,52.485679626464844,1.8775943317450583e-5,0.0,0.0,0.0,0.0,-0.7660399624242564,-0.0,0.0,3.8992142813546318,2.82778570992606,0.0,0.0,0.18981799483299255,0.0,0.0,0.0,2.3636484451155555,0.0,0.0,0.0,0.0,2.3636484451155555,2667.0,0.0,-3.0348057746887207,0.09549891948699951,0.34113043546676636,0.3924317955970764
22.480640411376953,179.99807739257812,1.8775381249724887e-5,0.0,0.0,0.0,0.0,-0.6230561459285466,-0.0,0.0,3.8935000010899135,2.822071293422154,0.0,0.0,0.17595599591732025,0.0,0.0,0.0,1.900897741317749,0.0,0.0,0.0,1.900897741317749,0.0,2668.0,0.0,1.900897741317749,0.5653543472290039,0.8428672552108765,0.006714373826980591
23.21432113647461,179.32684326171875,1.877481918199919e-5,0.0,0.0,0.0,0.0,-0.6493745774022053,-0.0,0.0,3.8865000316074916,2.815071323939732,0.0,0.0,0.17109200358390808,0.0,0.0,0.0,1.993489835077355,0.0,0.0,0.0,1.993489835077355,0.0,2669.0,0.0,2.7044525146484375,0.5653543472290039,0.8428672552108765,0.006714373826980591
23.999984741210938,167.07879638671875,1.8774257114273496e-5,0.0,0.0,0.0,0.0,-0.12955236414219803,-0.0,0.0,3.8793571472167967,2.8079285757882255,0.0,0.0,0.17946599423885345,0.0,0.0,0.0,0.2523752024086459,0.0,0.0,0.0,0.0,0.2523752024086459,2670.0,0.0,-0.7031619548797607,0.5653543472290039,0.8428672552108765,0.006714373826980591
23.623493194580078,179.99807739257812,1.87736950465478e-5,0.0,0.0,0.0,0.0,-0.09220618897502364,-0.0,0.0,3.872214262826102,2.8007858276367186,0.0,0.0,0.20624800026416779,0.0,0.0,0.0,0.1011059507727623,0.0,0.0,0.0,0.1011059507727623,0.0,2671.0,0.0,0.1011059507727623,0.5653543472290039,0.8428672552108765,0.006714373826980591
23.21432113647461,179.32684326171875,1.8773132978822105e-5,0.0,0.0,0.0,0.0,-0.4274159601297356,-0.0,0.0,3.8647856848580497,2.7933572496686665,0.0,0.0,0.3058069944381714,0.0,0.0,0.0,1.1189128160476685,0.0,0.0,0.0,1.1189128160476685,0.0,2672.0,0.0,1.1189128160476685,0.5653543472290039,0.8428672552108765,0.006714373826980591
23.21432113647461,178.65560913085938,1.877257091109641e-5,0.0,0.0,0.0,0.0,-0.1010104778313825,-0.0,0.0,3.859285708836147,2.7878572736467633,0.05034999921917915,0.0,0.29903799295425415,0.0,0.0,0.0,0.03766358643770218,0.0,0.0,0.0,0.0,0.03766358643770218,2673.0,0.0,-0.03766358643770218,0.9999701380729675,0.020027339458465576,1.0
22.65604591369629,179.99807739257812,1.8772008843370713e-5,0.0,0.0,0.0,0.0,-0.01,-0.0,-0.01,3.8811428342546734,2.80971439906529,0.3586449921131134,0.0,0.0,0.0008376360102602121,0.0,0.23140022158622742,0.0,0.0,0.0,0.0,0.0,0.23140022158622742,2674.0,0.26335498690605164,-0.23140022158622742,0.97950279712677,0.5387567281723022,0.9999886751174927
22.552200317382812,179.9962615966797,0.000856382364872843,0.0,0.0,0.0,0.0,-0.01,-0.0,-0.01,3.9080714634486604,2.8366428920200892,0.36244499683380127,0.0,0.0,0.8615994315647235,0.0,0.01237199455499649,0.0,0.0,0.0,0.0,0.0,0.01237199455499649,2675.0,0.9575550556182861,-0.01237199455499649,0.9999788403511047,0.017476201057434082,1.0
22.024694442749023,179.99807739257812,0.8624299764633179,0.0,0.0,0.0,0.0,-0.01,-0.0,-0.01,3.9319999694824217,2.8605713980538505,0.3503029942512512,0.0,0.0,0.9843213797456656,0.0,0.40468740463256836,0.0,0.0,0.0,0.0,0.0,0.40468740463256836,2676.0,1.501697063446045,-0.40468740463256836,0.9999834299087524,0.017570853233337402,1.0
21.587932586669922,179.99807739257812,1.8466960191726685,0.0,0.0,0.0,0.0,-0.01,-0.0,-0.01,3.945285742623465,2.873857171194894,0.36287298798561096,0.0,0.0,1.0062653987751276,0.0,0.6338256001472473,0.0,0.0,0.0,0.0,0.0,0.6338256001472473,2677.0,1.7671271562576294,-0.6338256001472473,0.9987587332725525,0.0030871927738189697,1.0
21.213638305664062,179.99807739257812,2.8528759479522705,0.0,0.0,0.0,0.0,-0.01,-0.0,-0.01,3.9477857317243306,2.876357160295759,0.37663400173187256,0.0,0.0,0.24448807715373277,0.0,1.2824383974075317,0.0,0.0,0.0,0.0,0.0,1.2824383974075317,2678.0,1.6323660612106323,-1.2824383974075317,0.9989380836486816,0.015125513076782227,0.9911519289016724
20.837146759033203,178.5823974609375,3.097271203994751,0.0,0.0,0.0,0.0,-0.01,-0.0,-0.01,3.9409285409109933,2.8694999694824217,1.00210702419281,0.0,0.0,0.15964051438137972,0.0,0.5316944718360901,0.0,0.0,0.0,0.0,0.0,0.5316944718360901,2679.0,0.7838929891586304,-0.5316944718360901,0.9997887015342712,0.056445538997650146,0.9994767904281616
20.642440795898438,179.91436767578125,3.2568140029907227,0.0,0.0,0.0,0.0,-0.37866365347956177,-0.0,-0.01,3.9230713980538505,2.851642826625279,0.5775579810142517,0.0,0.0,0.0,0.0,0.5215919613838196,1.2288787961006165,0.0,0.0,0.0,1.750470757484436,0.0,2680.0,0.5794419646263123,1.750470757484436,1.0,1.0,0.30821308493614197
21.386899948120117,165.0432891845703,3.256716251373291,0.0,0.0,0.0,0.0,-0.9010306390536071,-0.0,-0.01,3.8947143009730745,2.8232857295445033,0.3767020106315613,0.0,0.0,0.0,0.0,0.029897987842559814,2.97010201215744,0.0,0.0,0.0,3.0,0.0,2681.0,0.05129799246788025,3.0,1.0,0.9999998807907104,0.036294639110565186
22.58176040649414,164.37205505371094,3.2566184997558594,0.0,0.0,0.0,0.0,-0.01,-0.0,-0.01,3.854714339120047,2.783285631452288,0.0,0.48549601435661316,0.0,0.0,0.0,0.0,0.0,0.0,2.5453133583068848,0.0,2.5453133583068848,0.0,2682.0,-3.2565207481384277,2.5453133583068848,1.0,1.0,0.0014813542366027832
23.495174407958984,156.09840393066406,0.16395102441310883,0.0,0.0,0.0,0.0,-0.7589404091672343,-0.0,-0.01,3.834142902919224,2.762714331490653,0.0,0.16066717341320214,0.4908668474875242,0.0,0.0,0.0,2.0056010838692004,0.0,0.0,0.0,2.0056010838692004,0.0,2683.0,-0.16394610702991486,2.2879185676574707,0.042727500200271606,0.015726298093795776,0.00036513805389404297
23.999984741210938,141.27801513671875,4.932136562274536e-6,0.0,0.0,0.0,0.0,-0.40680784078254745,-0.0,0.0,3.822214344569615,2.7507857731410437,0.0,0.0,0.6093360185623169,0.0,0.0,0.0,0.7466900634958727,0.0,0.0,0.0,0.0,0.7466900634958727,2684.0,0.0,-3.5354056358337402,0.6155245304107666,0.4102385342121124,0.011603832244873047
23.078140258789062,179.9980926513672,4.931988769385498e-6,0.0,0.0,0.0,0.0,-0.15214295833505004,-0.0,0.0,3.8091428756713865,2.7377141680036274,0.0,0.0,0.49435898661613464,0.0,0.0,0.0,0.01278418768197298,0.0,0.0,0.0,0.0,0.01278418768197298,2685.0,0.0,-0.01278418768197298,4.470348358154297e-7,0.010743886232376099,1.0
22.33807945251465,179.99807739257812,4.93184097649646e-6,0.0,0.0,0.0,0.0,-0.20146797801923633,-0.0,0.0,3.7752856663295202,2.7038570949009486,0.0,0.0,0.41045600175857544,0.0,0.0,0.0,0.26110389828681946,0.0,0.0,0.0,0.0,0.26110389828681946,2686.0,0.0,-0.26110389828681946,4.708766937255859e-6,0.0013051033020019531,0.9999648332595825
22.143373489379883,179.99244689941406,4.931693183607422e-6,0.0,0.0,0.0,0.0,-0.17020319184474886,-0.0,0.0,3.75021424974714,2.6787858145577568,0.0,0.0,0.3555949926376343,0.0,0.0,0.0,0.21174895763397217,0.0,0.0,0.0,0.0,0.21174895763397217,2687.0,0.0,-0.21174895763397217,1.2814998626708984e-6,0.0013628005981445312,0.9999989867210388
21.948667526245117,179.99790954589844,4.931545390718384e-6,0.0,0.0,0.0,0.0,-0.09658607917000156,-0.0,0.0,3.7364286150251114,2.66500004359654,0.0,0.0,0.3088169991970062,0.0,0.0,0.0,0.013136585243046284,0.0,0.0,0.0,0.0,0.013136585243046284,2688.0,0.0,-0.013136585243046284,4.470348358154297e-7,0.010744482278823853,1.0
21.75396156311035,179.99807739257812,4.931397597829346e-6,0.0,0.0,0.0,0.0,-0.9724875374630093,-0.0,0.0,3.7285714285714286,2.657142857142857,0.0,0.0,0.24162499606609344,0.0,0.0,0.0,3.0,0.0,0.0,0.0,3.0,0.0,2689.0,0.0,3.0,0.5653543472290039,0.8428672552108765,0.006714373826980591
22.87354278564453,179.32684326171875,4.9312498049403075e-6,0.0,0.0,0.0,0.0,-0.4476176350362149,-0.0,0.0,3.723285756792341,2.6518570491245814,0.0,0.0,0.20776399970054626,0.0,0.0,0.0,1.2842947244644165,0.0,0.0,0.0,1.2842947244644165,0.0,2690.0,0.0,1.2842947244644165,0.5653543472290039,0.8428672552108765,0.006714373826980591
23.21432113647461,178.65560913085938,4.931102012051269e-6,0.0,0.0,0.0,0.0,-0.2594961418507946,-0.0,0.0,3.717499950953892,2.646071515764509,0.0,0.0,0.18981799483299255,0.0,0.0,0.0,0.6751691102981567,0.0,0.0,0.0,0.6751691102981567,0.0,2691.0,0.0,0.6751691102981567,0.5653543472290039,0.8428672552108765,0.006714373826980591
23.21432113647461,177.984375,4.930954219162231e-6,0.0,0.0,0.0,0.0,-0.25556350918863213,-0.0,0.0,3.7133571897234234,2.641928482055664,0.0,0.0,0.17595599591732025,0.0,0.0,0.0,0.6759223341941833,0.0,0.0,0.0,0.6759223341941833,0.0,2692.0,0.0,0.6759223341941833,0.5653543472290039,0.8428672552108765,0.006714373826980591
23.21432113647461,177.31314086914062,4.930806426273193e-6,0.0,0.0,0.0,0.0,-0.2547381710902119,-0.0,0.0,3.7017857142857142,2.630357142857143,0.0,0.0,0.17109200358390808,0.0,0.0,0.0,0.6780351996421814,0.0,0.0,0.0,0.6780351996421814,0.0,2693.0,0.0,0.6780351996421814,0.5653543472290039,0.8428672552108765,0.006714373826980591
23.21432113647461,176.64190673828125,4.930658633384155e-6,0.0,0.0,0.0,0.0,-0.2577697871235918,-0.0,0.0,3.69235714503697,2.6209285736083983,0.0,0.0,0.17946599423885345,0.0,0.0,0.0,0.6797665953636169,0.0,0.0,0.0,0.6797665953636169,0.0,2694.0,0.0,0.6797665953636169,0.5653543472290039,0.8428672552108765,0.006714373826980591
23.21432113647461,175.97067260742188,4.930510840495117e-6,0.0,0.0,0.0,0.0,-0.6825697797564567,-0.0,0.0,3.6986428124564035,2.6272143772670202,0.0,0.0,0.20624800026416779,0.0,0.0,0.0,2.0689845085144043,0.0,0.0,0.0,2.0689845085144043,0.0,2695.0,0.0,2.0689845085144043,0.027774959802627563,0.022372126579284668,0.00020834803581237793
23.803911209106445,124.27659606933594,4.930363047606079e-6,0.0,0.0,0.0,0.0,-0.5967660575026709,-0.0,0.0,3.707285690307617,2.635857118879046,0.0,0.0,0.3058069944381714,0.0,0.0,0.0,1.6834131181928929,0.0,0.0,0.0,1.6834131181928929,0.0,2696.0,0.0,1.710027813911438,0.5653543472290039,0.8428672552108765,0.006714373826980591
23.999984741210938,107.51505279541016,4.930215254717041e-6,0.0,0.0,0.0,0.0,-0.27191327698680823,-0.0,0.0,3.7321428026471817,2.6607142312186105,0.335349977016449,0.0,0.014038026332855225,0.0,0.0,0.0,0.8923395276069641,0.0,0.0,0.0,0.0,0.8923395276069641,2697.0,0.0036119818687438965,-0.8923395276069641,0.5653543472290039,0.8428672552108765,0.006714373826980591
23.7138729095459,152.37738037109375,4.930067461828003e-6,0.0,0.0,0.0,0.0,-0.01,-0.0,-0.01,3.8323570796421595,2.7609285082135884,0.39242398738861084,0.0,0.0,0.6480838255332833,0.0,1.0723658243333196,0.0,0.0,0.0,0.0,1.0723658243333196,0.0,2698.0,1.8455759286880493,2.211920976638794,0.5653543472290039,0.8428672552108765,0.006714373826980591
23.999984741210938,138.1915283203125,0.6480693221092224,0.0,0.0,0.0,0.0,-0.01,-0.0,-0.01,3.9197857175554547,2.8483572823660714,0.4157960116863251,0.0,0.0,3.209995449283943,0.0,0.6378486616579855,0.0,0.0,0.0,0.0,0.6378486616579855,0.0,2699.0,4.141204357147217,1.9774078130722046,0.5653543472290039,0.8428672552108765,0.006714373826980591
23.999984741210938,129.08981323242188,3.8579490184783936,0.0,0.0,0.0,0.0,0.248913403815327,-0.0,-0.01,3.9857143129621235,2.914285605294364,0.4769519865512848,0.0,0.0,1.7956244945526123,2.876815369319329,0.6868627071380615,0.0,0.0,0.0,0.0,0.0,0.6868627071380615,2700.0,1.7956244945526123,-0.6868627071380615,0.5653543472290039,0.8428672552108765,0.006714373826980591
23.624967575073242,166.8074493408203,5.653404235839844,0.0,0.0,0.0,0.0,0.43407877117567223,-0.0,0.0,4.028428568158831,2.9569998604910714,0.36287298798561096,0.0,0.0,0.0,4.823097074202145,1.2417294142927287,0.0,0.0,0.0,0.0,1.2417294142927287,0.0,2701.0,0.00016923644579946995,2.425326347351074,0.5653543472290039,0.8428672552108765,0.006714373826980591
23.999984741210938,158.61099243164062,5.653234958648682,0.0,0.0,0.0,0.0,0.4827794649425694,-0.0,0.0,4.051285689217703,2.97985725402832,0.37663400173187256,0.0,0.0,0.0,5.364215850830078,0.0,0.0,0.0,0.0,0.0,0.0,0.0,2702.0,0.0003385136369615793,0.0,0.5653543472290039,0.8428672552108765,0.006714373826980591
23.987064361572266,157.93975830078125,5.6530656814575195,0.0,0.0,0.0,0.0,0.3338291850076812,-0.0,0.0,4.0541428974696565,2.9827141898018974,0.35962700843811035,0.0,0.0,0.0,3.7092128719702533,0.04086032253353105,0.0,0.0,0.0,0.0,0.04086032253353105,0.0,2703.0,0.0005077908281236887,2.233095407485962,0.5653543472290039,0.8428672552108765,0.006714373826980591
23.999984741210938,148.8109588623047,5.652896404266357,0.0,0.0,0.0,0.0,-0.01,-0.0,-0.01,4.035214233398437,2.963785661969866,0.375014990568161,0.0,0.0,2.066108779029414,0.0,0.018060682341456413,0.0,0.0,0.0,0.0,0.018060682341456413,0.0,2704.0,2.2579848766326904,0.018060682341456413,1.0,1.0,0.002808094024658203
23.999984741210938,148.1397247314453,7.71877384185791,0.0,0.0,0.0,0.0,-0.01,-0.0,-0.01,3.9909285954066682,2.919500023978097,0.3767020106315613,0.0,0.0,0.4838545250538657,0.0,0.3227688839598088,0.0,0.0,0.0,0.0,0.3227688839598088,0.0,2705.0,0.8792980313301086,1.7022531032562256,1.0,0.9999973177909851,0.00039142370223999023
23.999984741210938,115.3701171875,8.20238208770752,0.0,0.0,0.0,0.0,-0.01,-0.0,-0.01,3.8992856706891743,2.8278570992606027,0.04179999977350235,0.4436960220336914,0.0,0.0,0.0,0.0,0.0,0.0,0.7737915515899658,0.0,0.0,0.7737915515899658,2706.0,-4.599999904632568,-0.7737915515899658,0.2426375448703766,0.06770610809326172,0.44624483585357666
23.71641731262207,91.39725494384766,6.959839344024658,0.0,0.0,0.0,0.0,-0.01,-0.0,-0.01,3.8799999237060545,2.8085713522774833,0.0,0.6515340209007263,0.0,0.0,0.0,0.0,0.0,0.0,0.9771157503128052,0.0,0.9771157503128052,0.0,2707.0,-4.599999904632568,0.9771157503128052,1.0,0.9999994039535522,6.020069122314453e-6
23.999980926513672,90.72602844238281,5.297792911529541,0.0,0.0,0.0,0.0,-0.01,-0.0,-0.01,3.8764999389648436,2.8050713675362724,0.0,0.6093360185623169,0.0,0.0,0.0,0.0,0.0,0.0,0.6474826294241731,0.0,0.6474826294241731,0.0,2708.0,-4.599999904632568,1.0843567848205566,0.12366026639938354,0.08357983827590942,0.0003565847873687744
23.999984741210938,78.38880920410156,4.015204429626465,0.0,0.0,0.0,0.0,-0.01,-0.0,-0.01,3.869142886570522,2.7977141789027624,0.0,0.49435898661613464,0.0,0.0,0.0,0.0,0.0,0.0,0.8465877175331116,0.0,0.8465877175331116,0.0,2709.0,-4.015084266662598,0.8465877175331116,0.6211090087890625,0.08809024095535278,0.00964266061782837
23.93304443359375,66.96418762207031,2.6468122005462646,0.0,0.0,0.0,0.0,-0.01,-0.0,-0.01,3.867071369716099,2.795642798287528,0.0,0.5201740264892578,0.0,0.0,0.0,0.0,0.0,0.0,0.0,0.0,0.0,0.0,2710.0,-2.646732807159424,0.0,0.7183712124824524,0.22400525212287903,0.011362731456756592
23.193984985351562,66.29296112060547,2.1159589290618896,0.0,0.0,0.0,0.0,-0.3946052943534475,-0.0,-0.01,3.8644286019461496,2.793000030517578,0.0,0.3555949926376343,0.0,0.0,0.0,0.0,1.2820175969020227,0.0,1.7179824030979773,0.0,0.0,3.0,2711.0,-2.1158955097198486,-3.0,0.8749292492866516,0.027122855186462402,0.7644101977348328
22.817493438720703,141.04220581054688,6.366656452883035e-5,0.0,0.0,0.0,0.0,-0.09264510344048738,-0.0,0.0,3.867857197352818,2.796428625924247,0.0,0.0,0.3088169991970062,0.0,0.0,0.0,0.0,0.0,0.0,0.0,0.0,0.0,2712.0,0.0,0.0,0.027780234813690186,0.022378206253051758,0.00020837783813476562
22.80457305908203,140.3709716796875,6.366465822793543e-5,0.0,0.0,0.0,0.0,-0.07248750170022245,-0.0,0.0,3.8613570894513813,2.7899286542619977,0.0,0.0,0.24162499606609344,0.0,0.0,0.0,0.0,0.0,0.0,0.0,0.0,0.0,2713.0,0.0,0.0,0.027795910835266113,0.02239641547203064,0.0002084970474243164
22.79165267944336,139.69973754882812,6.366275192704052e-5,0.0,0.0,0.0,0.0,-0.38236646085446857,-0.0,0.0,3.8581427982875276,2.7867142268589564,0.0,0.0,0.20776399970054626,0.0,0.0,0.0,1.0667908191680908,0.0,0.0,0.0,1.0667908191680908,0.0,2714.0,0.0,1.0667908191680908,0.5653543472290039,0.8428672552108765,0.006714373826980591
23.21432113647461,139.02850341796875,6.36608456261456e-5,0.0,0.0,0.0,0.0,-0.6876796787055195,-0.0,0.0,3.852285739353725,2.7808570316859655,0.0,0.0,0.18981799483299255,0.0,0.0,0.0,2.102447509765625,0.0,0.0,0.0,2.102447509765625,0.0,2715.0,0.0,2.102447509765625,0.11519402265548706,0.9741892218589783,2.086162567138672e-6
23.870929718017578,138.35726928710938,6.365893932525069e-5,0.0,0.0,0.0,0.0,-0.10400179143753796,-0.0,0.0,3.839999961853027,2.768571526663644,0.0,0.0,0.17595599591732025,0.0,0.0,0.0,0.17071662843227386,0.0,0.0,0.0,0.0,0.17071662843227386,2716.0,0.0,-0.17071662843227386,0.5653543472290039,0.8428672552108765,0.006714373826980591
23.312654495239258,146.75035095214844,6.365703302435577e-5,0.0,0.0,0.0,0.0,-0.1966990012605585,-0.0,0.0,3.8268571036202568,2.755428532191685,0.0,0.0,0.17109200358390808,0.0,0.0,0.0,0.48457130789756775,0.0,0.0,0.0,0.48457130789756775,0.0,2717.0,0.0,0.48457130789756775,0.5653543472290039,0.8428672552108765,0.006714373826980591
23.21432113647461,146.07911682128906,6.365512672346085e-5,0.0,0.0,0.0,0.0,-0.6612982488141222,-0.0,0.0,3.8262857164655415,2.75485714503697,0.0,0.0,0.17946599423885345,0.0,0.0,0.0,2.024861414216119,0.0,0.0,0.0,2.024861414216119,0.0,2718.0,0.0,2.1937332153320312,0.5653543472290039,0.8428672552108765,0.006714373826980591
23.999984741210938,136.97308349609375,6.365322042256594e-5,0.0,0.0,0.0,0.0,-0.6751421347316944,-0.0,0.0,3.815214238848005,2.743785803658622,0.0,0.0,0.20624800026416779,0.0,0.0,0.0,2.0442256927490234,0.0,0.0,0.0,0.0,2.0442256927490234,2719.0,0.0,-2.0442256927490234,0.5551961064338684,0.0044412314891815186,0.7939251065254211
23.623493194580078,147.02609252929688,6.365131412167102e-5,0.0,0.0,0.0,0.0,-0.26562197667844956,-0.0,0.0,3.8118571690150667,2.7404285975864955,0.0,0.0,0.3058069944381714,0.0,0.0,0.0,0.5795995593070984,0.0,0.0,0.0,0.5795995593070984,0.0,2720.0,0.0,0.5795995593070984,0.5653543472290039,0.8428672552108765,0.006714373826980591
23.21432113647461,146.3548583984375,6.36494078207761e-5,0.0,0.0,0.0,0.0,-0.36214582272950047,-0.0,0.0,3.8220714296613423,2.7506427219935827,0.2745499908924103,0.0,0.07483801245689392,0.0,0.0,0.0,1.132314682006836,0.0,0.0,0.0,1.132314682006836,0.0,2721.0,0.0,1.132314682006836,0.5653543472290039,0.8428672552108765,0.006714373826980591
23.21432113647461,145.68362426757812,6.364750151988119e-5,0.0,0.0,0.0,0.0,-0.01,-0.0,-0.01,3.931928580147879,2.860500008719308,0.3586449921131134,0.0,0.0,0.9180846989025326,0.0,0.6358839273452759,0.0,0.0,0.0,0.0,0.6358839273452759,0.0,2722.0,1.6743550300598145,0.6358839273452759,0.5653543472290039,0.8428672552108765,0.006714373826980591
23.21432113647461,145.01239013671875,0.918120801448822,0.0,0.0,0.0,0.0,-0.01,-0.0,-0.01,3.9960713522774833,2.9246427808489117,0.36244499683380127,0.0,0.0,2.491601234292034,0.0,0.7773048877716064,0.0,0.0,0.0,0.0,0.7773048877716064,0.0,2723.0,3.5135550498962402,0.7773048877716064,0.5653543472290039,0.8428672552108765,0.006714373826980591
23.21432113647461,144.34115600585938,3.4096198081970215,0.0,0.0,0.0,0.0,0.017754345512538336,-0.0,-0.01,4.043285724094936,2.9718570164271765,0.3503029942512512,0.0,0.0,2.2439537048339844,0.308381592298014,2.017216682434082,0.0,0.0,0.0,0.0,2.017216682434082,0.0,2724.0,2.2439537048339844,2.017216682434082,0.5653543472290039,0.8428672552108765,0.006714373826980591
23.970365524291992,136.04214477539062,5.653404235839844,0.0,0.0,0.0,0.0,0.35994097192612884,-0.0,-0.01,4.08742858341762,3.0160001482282364,0.36287298798561096,0.0,0.0,0.0,4.1104549169540405,0.9606715440750122,0.0,0.0,0.0,0.0,0.0,0.9606715440750122,2725.0,-4.599999904632568,-0.9606715440750122,0.18859785795211792,0.13686898350715637,0.8600963950157166
23.685771942138672,157.61351013183594,5.653234958648682,0.0,0.0,0.0,0.0,0.38449975348587634,-0.0,0.0,4.126499938964844,3.0550713675362724,0.37663400173187256,0.0,0.0,0.0,4.272219143650925,0.8221965210219266,0.0,0.0,0.0,0.0,0.8221965210219266,0.0,2726.0,0.0003385136369615793,2.0020363330841064,0.5653543472290039,0.8428672552108765,0.006714373826980591
23.999984741210938,138.37196350097656,5.6530656814575195,0.0,0.0,0.0,0.0,0.38189951593871857,-0.0,0.0,4.1656428200857984,3.0942142486572264,0.3888719975948334,0.0,0.0,0.0,4.243327617645264,0.0,0.0,0.0,0.0,0.0,0.0,0.0,2727.0,0.0005077908281236887,0.0,0.5653543472290039,0.8428672552108765,0.006714373826980591
23.987064361572266,137.7007293701172,5.652896404266357,0.0,0.0,0.0,0.0,-0.01,-0.0,-0.01,4.185499954223633,3.1140713827950615,0.375014990568161,0.0,0.0,2.459627375660513,0.0,0.04116105559979428,0.0,0.0,0.0,0.0,0.04116105559979428,0.0,2728.0,2.7049849033355713,0.041161056607961655,1.0,1.0,0.002808123826980591
23.999984741210938,137.0294952392578,8.11228084564209,0.0,0.0,0.0,0.0,-0.01,-0.0,-0.01,4.185571343558175,3.1141427721296036,0.3767020106315613,0.0,0.0,0.5984534962557222,0.0,0.020581116650538713,0.0,0.0,0.0,0.0,0.020581116650538713,0.0,2729.0,0.6842979788780212,0.020581116899847984,1.0,1.0,0.0028079450130462646
23.999984741210938,136.35826110839844,8.71047306060791,0.0,0.0,0.0,0.0,-0.01,-0.0,-0.01,4.157785633632114,3.0863570622035437,0.003800000064074993,0.4816960096359253,0.0,0.0,0.0,0.0,0.0,0.0,0.31219540796133216,0.0,0.31219540796133216,0.0,2730.0,-4.599999904632568,0.31219542026519775,1.0,1.0,0.002807915210723877
23.999984741210938,135.68702697753906,7.900143146514893,0.0,0.0,0.0,0.0,-0.01,-0.0,-0.01,4.153571483067104,3.0821429116385324,0.0,0.6515340209007263,0.0,0.0,0.0,0.0,0.0,0.0,0.8960575173158061,0.0,0.8960575173158061,0.0,2731.0,-4.599999904632568,0.8960575461387634,1.0,1.0,0.002807915210723877
23.999984741210938,135.0157928466797,6.320778846740723,0.0,0.0,0.0,0.0,-0.01,-0.0,-0.01,4.145857075282505,3.0744285038539343,0.0,0.6093360185623169,0.0,0.0,0.0,0.0,0.0,0.0,0.020778268644259253,0.0,0.020778268644259253,0.0,2732.0,-4.599999904632568,1.215296983718872,0.05125802755355835,0.01687893271446228,0.0004482567310333252
23.999984741210938,91.72538757324219,5.6776347160339355,0.0,0.0,0.0,0.0,-0.01,-0.0,-0.01,4.102285739353725,3.0308570316859655,0.0,0.49435898661613464,0.0,0.0,0.0,0.0,0.0,0.0,0.0,0.0,0.0,0.0,2733.0,-4.599999904632568,0.0,0.02778145670890808,0.022379636764526367,0.00020837783813476562
23.987064361572266,91.05416107177734,5.173031806945801,0.0,0.0,0.0,0.0,-0.01,-0.0,-0.01,4.057214273725237,2.9857855660574777,0.0,0.41045600175857544,0.0,0.0,0.0,0.0,0.0,0.0,0.3411644919346194,0.0,0.3411644919346194,0.0,2734.0,-4.599999904632568,1.193795919418335,0.19073408842086792,0.001005411148071289,0.0004995763301849365
23.999984741210938,88.4364242553711,4.405940055847168,0.0,0.0,0.0,0.0,-0.01,-0.0,-0.01,4.037071446010044,2.9656428745814734,0.0,0.4767740070819855,0.0,0.0,0.0,0.0,0.0,0.0,0.021338173778435658,0.0,0.021338173778435658,0.0,2735.0,-4.405807971954346,1.0912026166915894,0.10785207152366638,0.011205941438674927,0.0007950961589813232
23.999984741210938,82.18754577636719,3.897545576095581,0.0,0.0,0.0,0.0,-0.01,-0.0,-0.01,4.033928544180734,2.9625001089913505,0.0,0.3088169991970062,0.0,0.0,0.0,0.0,0.0,0.0,0.0,0.0,0.0,0.0,2736.0,-3.8974287509918213,0.0,0.2511964440345764,0.3316512107849121,2.950429916381836e-6
23.805278778076172,81.51631927490234,3.5823187828063965,0.0,0.0,0.0,0.0,-0.01,-0.0,-0.01,4.041642815726144,2.9702142442975723,0.0,0.24162499606609344,0.0,0.0,0.0,0.0,0.0,0.0,1.7406636881638191,0.0,0.0,1.7406636881638191,2737.0,-3.582211494445801,-2.190615653991699,0.43909838795661926,0.6201498508453369,5.424022674560547e-6
23.428787231445312,179.99807739257812,1.5595284700393677,0.0,0.0,0.0,0.0,-0.01,-0.0,-0.01,4.079571396963937,3.0081429617745536,0.0,0.24138900637626648,0.0,0.0,0.0,0.0,0.0,0.0,0.011617975309491158,0.0,0.0,0.011617975309491158,2738.0,-1.5594817399978638,-0.011617975309491158,2.3245811462402344e-6,0.11333829164505005,0.9999938011169434
23.052295684814453,179.99708557128906,1.3013191223144531,0.0,0.0,0.0,0.0,-0.5498750879278161,-0.0,-0.01,4.066499928065708,2.9950713566371374,0.0,0.22142000496387482,0.0,0.0,0.0,0.0,1.799583554917028,0.0,1.0538343184655403,0.0,2.8534178733825684,0.0,2739.0,-1.30128014087677,2.8534178733825684,0.11516198515892029,0.9741959571838379,2.086162567138672e-6
23.87096405029297,179.3258514404297,3.922459654859267e-5,0.0,0.0,0.0,0.0,-0.6074602040632637,-0.0,0.0,4.0461427961077,2.9747142246791296,0.0,0.0,0.20653900504112244,0.0,0.0,0.0,1.8183282613754272,0.0,0.0,0.0,1.8183282613754272,0.0,2740.0,0.0,1.8183282613754272,0.11520776152610779,0.974186360836029,2.086162567138672e-6
23.87091636657715,178.6546173095703,3.922342148143798e-5,0.0,0.0,0.0,0.0,-0.5829336635879924,-0.0,0.0,4.0209286008562355,2.9494998931884764,0.0,0.0,0.20070600509643555,0.0,0.0,0.0,1.7424061296512001,0.0,0.0,0.0,1.7424061296512001,0.0,2741.0,0.0,2.634233236312866,0.5653543472290039,0.8428672552108765,0.006714373826980591
23.999984741210938,170.07908630371094,3.922224641428329e-5,0.0,0.0,0.0,0.0,-0.11940687248094087,-0.0,0.0,4.014714322771345,2.9432857513427733,0.0,0.0,0.21040700376033783,0.0,0.0,0.0,0.1876158886934563,0.0,0.0,0.0,0.0,0.1876158886934563,2742.0,0.0,-0.6794546842575073,0.5653543472290039,0.8428672552108765,0.006714373826980591
23.623493194580078,179.99807739257812,3.92210713471286e-5,0.0,0.0,0.0,0.0,-0.446613843206242,-0.0,0.0,4.016428620474679,2.9449999128069195,0.0,0.0,0.23887500166893005,0.0,0.0,0.0,1.2498377498624134,0.0,0.0,0.0,1.2498377498624134,0.0,2743.0,0.0,2.608802318572998,0.5653543472290039,0.8428672552108765,0.006714373826980591
23.999984741210938,168.4154052734375,3.921989627997391e-5,0.0,0.0,0.0,0.0,-0.16806526091443794,-0.0,0.0,4.021999985831124,2.950571550641741,0.0,0.0,0.3436639904975891,0.0,0.0,0.0,0.21655352362282673,0.0,0.0,0.0,0.0,0.21655352362282673,2744.0,0.0,-0.37690669298171997,0.5653543472290039,0.8428672552108765,0.006714373826980591
23.441709518432617,179.99807739257812,3.921872121281922e-5,0.0,0.0,0.0,0.0,-0.12118135119825985,-0.0,0.0,4.031571469988142,2.96014289855957,0.0009500000160187483,0.0,0.39211398363113403,0.0,0.0,0.0,0.011823837645351887,0.0,0.0,0.0,0.0,0.011823837645351887,2745.0,0.0,-0.011823837645351887,0.9999701976776123,0.019991755485534668,1.0
22.883434295654297,179.99807739257812,3.921754614566453e-5,0.0,0.0,0.0,0.0,-0.06759472913323791,-0.0,0.0,4.071428516932896,2.999999945504325,0.19095000624656677,0.0,0.21364900469779968,0.0,0.0,0.0,0.011666750126416344,0.0,0.0,0.0,0.0,0.011666750126416344,2746.0,0.0,-0.01166675053536892,0.9999748468399048,0.00734826922416687,1.0
22.506942749023438,179.99807739257812,3.921637107850984e-5,0.0,0.0,0.0,0.0,-0.01,-0.0,-0.01,4.138928495134627,3.0674999237060545,0.40960100293159485,0.0,0.0,0.16928419626473876,0.0,0.011410024650033384,0.0,0.0,0.0,0.0,0.0,0.011410024650033384,2747.0,0.21539899706840515,-0.01141002494841814,0.9999755024909973,0.00487866997718811,1.0
21.948667526245117,179.99807739257812,0.1693183332681656,0.0,0.0,0.0,0.0,-0.06957765815963966,-0.0,-0.01,4.220928546360561,3.1495001111711773,0.397381991147995,0.0,0.0,0.0,0.0,0.1621679961681366,0.1985921859741211,0.0,0.0,0.0,0.0,0.3607601821422577,2748.0,0.19161799550056458,-0.3607601821422577,0.9999821186065674,0.002174288034439087,1.0
21.572175979614258,179.99807739257812,0.1693132519721985,0.0,0.0,0.0,0.0,-0.01,-0.0,-0.01,4.290785734994071,3.2193572998046873,0.4110499918460846,0.0,0.0,0.0036046532005904594,0.0,0.010871812751441107,0.0,0.0,0.0,0.0,0.0,0.010871812751441107,2749.0,0.03695002198219299,-2.8330485820770264,0.9999731779098511,0.001746147871017456,1.0
20.832115173339844,179.99807739257812,0.17291271686553955,0.0,0.0,0.0,0.0,-0.01,-0.0,-0.01,4.334428596496582,3.2630001613071986,0.42574799060821533,0.0,0.0,0.02658310576194015,0.0,0.010726401475089131,0.0,0.0,0.0,0.0,0.0,0.010726401475089131,2750.0,0.06225201487541199,-1.9567582607269287,0.9998490810394287,0.0003280937671661377,0.9999991655349731
20.273839950561523,179.99807739257812,0.19948984682559967,0.0,0.0,0.0,0.0,-0.01,-0.0,-0.01,4.3727142606462746,3.3012855529785154,0.4085429906845093,0.0,0.0,0.1329418801726532,0.0,0.010602006152386113,0.0,0.0,0.0,0.0,0.0,0.010602006152386113,2751.0,0.17545700073242188,-1.3639596700668335,0.9928025007247925,0.0005466043949127197,0.742548942565918
19.897348403930664,179.99807739257812,0.33242174983024597,0.0,0.0,0.0,0.0,-0.846287376733118,-0.0,-0.01,4.357928630283901,3.2865000588553293,0.42346900701522827,0.0,0.0,0.0,0.0,0.15603101253509521,2.787624478340149,0.0,0.0,0.0,2.943655490875244,0.0,2752.0,0.18653100728988647,2.943655490875244,0.88658207654953,0.41630786657333374,0.004327982664108276
21.081523895263672,179.32684326171875,0.3324117958545685,0.0,0.0,0.0,0.0,-0.01,-0.0,-0.01,4.274357060023716,3.2029284885951452,0.1757500022649765,0.25356799364089966,0.0,0.0,0.0,0.0,0.0,0.0,0.0,0.0,0.0,0.0,2753.0,-0.332401841878891,0.0,0.6688326597213745,0.024352192878723145,4.315376281738281e-5
20.705032348632812,178.65560913085938,0.07366674393415451,0.0,0.0,0.0,0.0,-1.0517451687857484,-0.0,-0.01,4.166000039236886,3.0945714678083145,0.0,0.07219123459295318,0.47248375796838715,0.0,0.0,0.0,3.0,0.0,0.0,0.0,3.0,0.0,2754.0,-0.07366453856229782,3.0,0.485090434551239,0.6783706545829773,0.012087464332580566
21.476102828979492,177.984375,2.220206397396396e-6,0.0,0.0,0.0,0.0,-0.21534811517986086,-0.0,0.0,4.088857187543597,3.017428479875837,0.0,0.0,0.7178270220756531,0.0,0.0,0.0,0.0,0.0,0.0,0.0,0.0,0.0,2755.0,0.0,0.0,0.6592527031898499,0.08887496590614319,0.002033054828643799
21.099611282348633,177.31314086914062,2.220139776909491e-6,0.0,0.0,0.0,0.0,-0.9986029962143483,-0.0,0.0,4.041214207240513,2.969785635811942,0.0,0.0,0.6715520024299622,0.0,0.0,0.0,2.6571245193481445,0.0,0.0,0.0,2.6571245193481445,0.0,2756.0,0.0,2.6571245193481445,0.40189677476882935,0.34937936067581177,0.002393066883087158
21.970252990722656,171.71624755859375,2.220073156422586e-6,0.0,0.0,0.0,0.0,-0.7613810543768018,-0.0,0.0,4.032285635811942,2.9608570643833705,0.0,0.0,0.5440409779548645,0.0,0.0,0.0,1.9938957691192627,0.0,0.0,0.0,1.9938957691192627,0.0,2757.0,0.0,1.9938957691192627,0.03433683514595032,0.08504617214202881,0.1661897897720337
22.436185836791992,159.8084259033203,2.2200065359356813e-6,0.0,0.0,0.0,0.0,-0.24569948397872743,-0.0,0.0,4.037785748073032,2.9663570404052733,0.0,0.0,0.4523420035839081,0.0,0.0,0.0,0.36665624380111694,0.0,0.0,0.0,0.0,0.36665624380111694,2758.0,0.0,-0.36665624380111694,1.2814998626708984e-5,0.0509181022644043,0.999985933303833
21.877910614013672,179.99581909179688,2.2199399154487764e-6,0.0,0.0,0.0,0.0,-0.12275780844281747,-0.0,0.0,4.042071424211775,2.970642852783203,0.0,0.0,0.39737099409103394,0.0,0.0,0.0,0.011821684458501479,0.0,0.0,0.0,0.0,0.011821684458501479,2759.0,0.0,-3.309363842010498,4.470348358154297e-7,0.026272505521774292,1.0
21.137849807739258,179.99807739257812,2.2198732949618716e-6,0.0,0.0,0.0,0.0,-0.1077097573284602,-0.0,0.0,4.037928526742117,2.966500091552734,0.0,0.0,0.34723401069641113,0.0,0.0,0.0,0.011798499465119407,0.0,0.0,0.0,0.0,0.011798499465119407,2760.0,0.0,-1.692831039428711,1.9371509552001953e-6,0.0017809271812438965,0.999984622001648
20.03421974182129,179.99807739257812,2.2198066744749667e-6,0.0,0.0,0.0,0.0,-0.08644042176462811,-0.0,0.0,4.02485705784389,2.953428486415318,0.0,0.0,0.27628400921821594,0.0,0.0,0.0,0.011850718547765707,0.0,0.0,0.0,0.0,0.011850718547765707,2761.0,0.0,-0.13086260855197906,0.0012141168117523193,0.006676733493804932,0.0849871039390564
19.112375259399414,179.99807739257812,2.219740053988062e-6,0.0,0.0,0.0,0.0,-0.45215028234919963,-0.0,0.0,4.022857066563198,2.951428495134626,0.0,0.0,0.24138900637626648,0.0,0.0,0.0,1.2657785415649414,0.0,0.0,0.0,1.2657785415649414,0.0,2762.0,0.0,1.2657785415649414,0.0,0.027227431535720825,1.0
19.13612174987793,179.32684326171875,2.219673433501157e-6,0.0,0.0,0.0,0.0,-0.9664260398914815,-0.0,0.0,4.021571513584682,2.9501429421561105,0.0,0.0,0.22142000496387482,0.0,0.0,0.0,3.0,0.0,0.0,0.0,3.0,0.0,2763.0,0.0,3.0,0.0,0.9999571442604065,0.9999780654907227
20.569337844848633,178.65560913085938,2.219606813014252e-6,0.0,0.0,0.0,0.0,-0.0727189232423901,-0.0,0.0,3.9997142519269673,2.9282858167375836,0.0,0.0,0.20653900504112244,0.0,0.0,0.0,0.03585739613487696,0.0,0.0,0.0,0.0,0.03585739613487696,2764.0,0.0,-1.6851699352264404,6.645917892456055e-6,9.387731552124023e-6,0.0017302930355072021
20.011062622070312,179.99807739257812,2.2195401925273472e-6,0.0,0.0,0.0,0.0,-0.06381936879717812,-0.0,0.0,3.982000023978097,2.910571452549526,0.0,0.0,0.20070600509643555,0.0,0.0,0.0,0.012025215774312295,0.0,0.0,0.0,0.0,0.012025215774312295,2765.0,0.0,-1.0547648668289185,0.0,0.0009149909019470215,0.5537047386169434
19.634571075439453,179.99807739257812,2.2194735720404424e-6,0.0,0.0,0.0,0.0,-0.06675364238982547,-0.0,0.0,3.96278566632952,2.8913570949009486,0.0,0.0,0.21040700376033783,0.0,0.0,0.0,0.012105128697242649,0.0,0.0,0.0,0.0,0.012105128697242649,2766.0,0.0,-0.12830162048339844,6.586313247680664e-6,9.298324584960938e-6,0.0017286837100982666
19.076295852661133,179.99807739257812,2.2194069515535375e-6,0.0,0.0,0.0,0.0,-0.22420796152782252,-0.0,0.0,3.936214256286621,2.8647858210972377,0.0,0.0,0.23887500166893005,0.0,0.0,0.0,0.5084848403930664,0.0,0.0,0.0,0.5084848403930664,0.0,2767.0,0.0,0.5084848403930664,6.586313247680664e-6,9.328126907348633e-6,0.001728743314743042
19.000030517578125,179.32684326171875,2.2193403310666326e-6,0.0,0.0,0.0,0.0,-1.0030992370088576,-0.0,0.0,3.910142844063895,2.8387142726353236,0.0,0.0,0.3436639904975891,0.0,0.0,0.0,3.0,0.0,0.0,0.0,3.0,0.0,2768.0,0.0,3.0,0.9794803857803345,0.5388740301132202,0.9999885559082031
20.38310432434082,178.65560913085938,2.2192737105797278e-6,0.0,0.0,0.0,0.0,-0.12853990277680397,-0.0,0.0,3.886285727364676,2.814857155936105,0.0019000000320374966,0.0,0.39116400480270386,0.0,0.0,0.0,0.03730232076092059,0.0,0.0,0.0,0.0,0.03730232076092059,2769.0,0.0,-0.6197939515113831,0.9999701976776123,0.01999393105506897,1.0
19.461259841918945,179.99807739257812,2.219207090092823e-6,0.0,0.0,0.0,0.0,-0.22913825528376286,-0.0,0.0,3.8881428037370953,2.816714368547712,0.3638499677181244,0.0,0.040749043226242065,0.0,0.0,0.0,0.7230451107025146,0.0,0.0,0.0,0.7230451107025146,0.0,2770.0,0.0,0.7230451107025146,0.9999663233757019,0.028582006692886353,1.0
19.142894744873047,179.32684326171875,2.219140469605918e-6,0.0,0.0,0.0,0.0,-0.13712879984095871,-0.0,-0.01,3.8984999792916435,2.8270715441022602,0.40960100293159485,0.0,0.0,0.0,0.0,0.4852989614009857,0.42376264929771423,0.0,0.0,0.0,0.9090616106987,0.0,2771.0,0.5323989391326904,0.9090616106987,0.9998874664306641,0.004964739084243774,1.0
19.024808883666992,178.65560913085938,2.219073849119013e-6,0.0,0.0,0.0,0.0,-0.01,-0.0,-0.01,3.913000052315848,2.8415714808872767,0.397381991147995,0.0,0.0,0.2637604812458676,0.0,1.1346746683120728,0.0,0.0,0.0,0.0,1.1346746683120728,0.0,2772.0,1.4986180067062378,1.1346746683120728,0.9999993443489075,0.008433431386947632,1.0
19.042152404785156,177.984375,0.26375478506088257,0.0,0.0,0.0,0.0,-0.01,-0.0,-0.01,3.935999952043806,2.864571380615234,0.4110499918460846,0.0,0.0,1.392397082725779,0.0,1.2413864135742188,0.0,0.0,0.0,0.0,1.2413864135742188,0.0,2773.0,2.8239498138427734,1.2413864135742188,0.9999997615814209,0.04336130619049072,0.999997615814209
19.2167911529541,177.31314086914062,1.656102180480957,0.0,0.0,0.0,0.0,-0.01,-0.0,-0.01,3.9608570643833705,2.8894284929547993,0.42574799060821533,0.0,0.0,0.8291664237229952,0.0,2.9860637187957764,0.0,0.0,0.0,0.0,2.9860637187957764,0.0,2774.0,4.0562520027160645,2.9860637187957764,1.0,0.2865270674228668,0.9999985098838806
20.432621002197266,176.64190673828125,2.485194206237793,0.0,0.0,0.0,0.0,-0.01,-0.0,-0.01,3.976785741533552,2.9053570338657924,0.4085429906845093,0.0,0.0,3.9938667946529236,0.0,0.20718280971050262,0.0,0.0,0.0,0.0,0.0,0.20718280971050262,2775.0,4.529457092285156,-0.20718280971050262,1.0,0.9999648332595825,0.9999464750289917
19.874345779418945,179.98951721191406,6.4788665771484375,0.0,0.0,0.0,0.0,-0.2718157252397424,-0.0,-0.01,3.972285761151995,2.9008570534842355,0.42346900701522827,0.0,0.0,0.0,0.0,2.1272809505462646,0.8727190494537354,0.0,0.0,0.0,3.0,0.0,2776.0,2.261530876159668,3.0,1.0,0.9999989867210388,0.8583731651306152
21.103599548339844,179.3182830810547,6.478672504425049,0.0,0.0,0.0,0.0,-0.8344504302521705,-0.0,-0.01,3.9374285561697824,2.8659999847412108,0.42931801080703735,0.0,0.0,0.0,0.0,0.2518320083618164,2.7481679916381836,0.0,0.0,0.0,3.0,0.0,2777.0,0.2876819968223572,3.0,1.0,1.0,0.18679815530776978
22.498950958251953,178.6470489501953,6.47847843170166,0.0,0.0,0.0,0.0,-0.01,-0.0,-0.01,3.8326429094587056,2.761214338030134,0.0,0.5446749925613403,0.0,0.0,0.0,0.0,0.0,0.0,3.0,0.0,3.0,0.0,2778.0,-4.599999904632568,3.0,1.0,1.0,0.004840105772018433
23.66536521911621,177.97581481933594,2.861377477645874,0.0,0.0,0.0,0.0,-0.01,-0.0,-0.01,3.786785752432687,2.7153570447649273,0.0,0.7178270220756531,0.0,0.0,0.0,0.0,0.0,0.0,1.2519160509109497,0.0,1.2519160509109497,0.0,2779.0,-2.8612916469573975,1.2519160509109497,1.0,1.0,0.0028083324432373047
23.999984741210938,177.30458068847656,0.8514100909233093,0.0,0.0,0.0,0.0,-0.01,-0.0,-0.01,3.8062856674194334,2.73485723223005,0.0,0.6715520024299622,0.0,0.0,0.0,0.0,0.0,0.0,0.06415234646441798,0.0,0.0,0.06415234646441798,2780.0,-0.8513845801353455,-0.3982672095298767,0.5653543472290039,0.8428672552108765,0.006714373826980591
23.441709518432617,179.99807739257812,0.10068836063146591,0.0,0.0,0.0,0.0,-0.14361081161547182,-0.0,-0.01,3.847642844063895,2.7762142726353236,0.0,0.09867162360067994,0.44536935435418457,0.0,0.0,0.0,0.0,0.0,0.0,0.0,0.0,0.0,2781.0,-0.10068534314632416,0.0,0.0003841519355773926,0.12142503261566162,0.9941893219947815
22.701648712158203,179.32684326171875,3.0322953534778208e-6,0.0,0.0,0.0,0.0,-0.14312446294648198,-0.0,0.0,3.900928579057966,2.8295001438685827,0.0,0.0,0.4523420035839081,0.0,0.0,0.0,0.02473952061351534,0.0,0.0,0.0,0.0,0.02473952061351534,2782.0,0.0,-4.832980632781982,8.046627044677734e-7,0.02672743797302246,1.0
21.96158790588379,179.99807739257812,3.0322044040076435e-6,0.0,0.0,0.0,0.0,-0.12287579383830129,-0.0,0.0,3.9367857796805246,2.865357208251953,0.0,0.0,0.39737099409103394,0.0,0.0,0.0,0.01221496909448646,0.0,0.0,0.0,0.0,0.01221496909448646,2783.0,0.0,-3.2560884952545166,4.172325134277344e-7,0.023395806550979614,1.0
21.039743423461914,179.99807739257812,3.032113454537466e-6,0.0,0.0,0.0,0.0,-0.10782077484274405,-0.0,0.0,3.947714342389788,2.8762857709612164,0.0,0.0,0.34723401069641113,0.0,0.0,0.0,0.012168557831360753,0.0,0.0,0.0,0.0,0.012168557831360753,2784.0,0.0,-2.075988292694092,3.8743019104003906e-7,0.014077425003051758,1.0
20.2996826171875,179.99807739257812,3.032022505067289e-6,0.0,0.0,0.0,0.0,-0.9828852418218137,-0.0,0.0,3.9565713882446287,2.8851429530552455,0.0,0.0,0.27628400921821594,0.0,0.0,0.0,3.0,0.0,0.0,0.0,3.0,0.0,2785.0,0.0,3.0,0.0,0.687342643737793,1.0
21.703649520874023,179.32684326171875,3.0319315555971116e-6,0.0,0.0,0.0,0.0,-0.07964051893042016,-0.0,0.0,3.978500039236886,2.907071467808315,0.0,0.0,0.24138900637626648,0.0,0.0,0.0,0.024079379509701508,0.0,0.0,0.0,0.0,0.024079379509701508,2786.0,0.0,-1.0632343292236328,0.0,0.37488943338394165,1.0
21.508943557739258,179.99807739257812,3.0318406061269343e-6,0.0,0.0,0.0,0.0,-0.9664260398914815,-0.0,0.0,3.999214254106794,2.927785818917411,0.0,0.0,0.22142000496387482,0.0,0.0,0.0,3.0,0.0,0.0,0.0,3.0,0.0,2787.0,0.0,3.0,0.0,0.9999570846557617,0.9999780654907227
23.11388397216797,179.32684326171875,3.031749656656757e-6,0.0,0.0,0.0,0.0,-0.11846751296391123,-0.0,0.0,4.012285723005022,2.940857151576451,0.0,0.0,0.20653900504112244,0.0,0.0,0.0,0.18835268914699554,0.0,0.0,0.0,0.18835268914699554,0.0,2788.0,0.0,0.18835268914699554,0.5653543472290039,0.8428672552108765,0.006714373826980591
23.21432113647461,178.65560913085938,3.0316587071865797e-6,0.0,0.0,0.0,0.0,-0.2477174082484801,-0.0,0.0,4.015785707746233,2.9443571363176617,0.0,0.0,0.20070600509643555,0.0,0.0,0.0,0.6250186562538147,0.0,0.0,0.0,0.6250186562538147,0.0,2789.0,0.0,0.6250186562538147,0.5653543472290039,0.8428672552108765,0.006714373826980591
23.21432113647461,177.984375,3.0315677577164024e-6,0.0,0.0,0.0,0.0,-0.2501818711631243,-0.0,0.0,4.02535719190325,2.953928484235491,0.0,0.0,0.21040700376033783,0.0,0.0,0.0,0.6235325336456299,0.0,0.0,0.0,0.6235325336456299,0.0,2790.0,0.0,0.6235325336456299,0.5653543472290039,0.8428672552108765,0.006714373826980591
23.21432113647461,177.31314086914062,3.031476808246225e-6,0.0,0.0,0.0,0.0,-0.25800560247920323,-0.0,0.0,4.046357100350516,2.9749286651611326,0.0,0.0,0.23887500166893005,0.0,0.0,0.0,0.621143639087677,0.0,0.0,0.0,0.621143639087677,0.0,2791.0,0.0,0.621143639087677,0.5653543472290039,0.8428672552108765,0.006714373826980591
23.21432113647461,176.64190673828125,3.031385858776048e-6,0.0,0.0,0.0,0.0,-0.28630145137713114,-0.0,0.0,4.104500034877232,3.033071463448661,0.0,0.0,0.3436639904975891,0.0,0.0,0.0,0.6106741428375244,0.0,0.0,0.0,0.6106741428375244,0.0,2792.0,0.0,0.6106741428375244,0.5653543472290039,0.8428672552108765,0.006714373826980591
23.21432113647461,175.97067260742188,3.0312949093058705e-6,0.0,0.0,0.0,0.0,-0.17876232231705647,-0.0,0.0,4.214214270455496,3.142785699026925,0.0,0.0,0.3930639922618866,0.0,0.0,0.0,0.2028103917837143,0.0,0.0,0.0,0.0,0.2028103917837143,2793.0,0.0,-0.2028103917837143,0.9999701976776123,0.01999041438102722,1.0
22.474260330200195,179.99807739257812,3.0312039598356932e-6,0.0,0.0,0.0,0.0,-0.006878321332368098,-0.0,0.0,4.34900005885533,3.2775714874267576,0.3923499882221222,0.0,0.012249022722244263,0.0,0.0,0.0,0.010678714141249657,0.0,0.0,0.0,0.0,0.010678714141249657,2794.0,0.008400976657867432,-0.010678714141249657,0.9999692440032959,0.001098722219467163,1.0
22.27955436706543,179.99807739257812,3.031113010365516e-6,0.0,0.0,0.0,0.0,-0.01,-0.0,-0.01,4.461571502685547,3.3901429312569755,0.40960100293159485,0.0,0.0,0.9412164187722032,0.0,0.010324122154485221,0.0,0.0,0.0,0.0,0.0,0.010324122154485221,2795.0,1.0433989763259888,-0.01032412238419056,0.9999836683273315,0.0022136270999908447,1.0
21.72076416015625,179.99807739257812,0.9411912560462952,0.0,0.0,0.0,0.0,-0.01,-0.0,-0.01,4.537857137407575,3.466428702218192,0.397381991147995,0.0,0.0,0.4581216688634546,0.0,0.010096918976312624,0.0,0.0,0.0,0.0,0.0,0.010096918976312624,2796.0,0.5236179828643799,-3.156797170639038,0.9999750852584839,0.002844899892807007,1.0
21.162973403930664,179.99807739257812,1.399271011352539,0.0,0.0,0.0,0.0,-0.01,-0.0,-0.01,4.58514289855957,3.513714327130999,0.4110499918460846,0.0,0.0,0.3377951781373227,0.0,0.00996104022265232,0.0,0.0,0.0,0.0,0.0,0.00996104022265232,2797.0,0.3949500024318695,-2.321714401245117,0.9999725818634033,0.0015808939933776855,1.0
20.604698181152344,179.99807739257812,1.7370140552520752,0.0,0.0,0.0,0.0,-0.7761785161963497,-0.0,-0.01,4.637071418762207,3.5656428473336357,0.42574799060821533,0.0,0.0,0.0,0.0,0.038801997900009155,2.5539282858371735,0.0,0.0,0.0,2.5927302837371826,0.0,2798.0,0.06325200200080872,2.5927302837371826,0.9999997615814209,0.5700706243515015,0.9999507069587708
21.850337982177734,179.32684326171875,1.7369619607925415,0.0,0.0,0.0,0.0,-0.43584147935015166,-0.0,-0.01,4.643928473336356,3.5724999019077845,0.28689998388290405,0.12164300680160522,0.0,0.0,0.0,0.0,1.4194715414291075,0.0,1.5805284585708925,0.0,3.0,0.0,2799.0,-1.7369098663330078,3.0,1.0,0.9998855590820312,0.9994223117828369
23.563615798950195,178.65560913085938,5.23344860994257e-5,0.0,0.0,0.0,0.0,-0.31748274038166713,-0.0,0.0,4.6545714787074495,3.5831429072788783,0.2678999900817871,0.0,0.15556901693344116,0.0,0.0,0.0,0.9027067422866821,0.0,0.0,0.0,0.9027067422866821,0.0,2800.0,0.0,0.9027067422866821,1.0,0.9998364448547363,0.9999722242355347
23.99916648864746,177.984375,5.233291813055985e-5,0.0,0.0,0.0,0.0,-0.3362747266401733,-0.0,0.0,4.622642871311733,3.5512142998831613,0.11495000123977661,0.0,0.31436800956726074,0.0,0.0,0.0,0.8065477013587952,0.0,0.0,0.0,0.8065477013587952,0.0,2801.0,0.0,0.8065477013587952,0.9999697208404541,0.9999297261238098,2.4139881134033203e-6
23.9996337890625,177.31314086914062,5.233135016169399e-5,0.0,0.0,0.0,0.0,-0.3371056929074001,-0.0,0.0,4.6125,3.5410714285714286,0.0,0.0,0.5446749925613403,0.0,0.0,0.0,0.5790106058120728,0.0,0.0,0.0,0.5790106058120728,0.0,2802.0,0.0,0.5790106058120728,0.118294358253479,0.9683950543403625,2.2649765014648438e-6
23.841960906982422,176.64190673828125,5.2329782192828134e-5,0.0,0.0,0.0,0.0,-0.2332372484401679,-0.0,0.0,4.593142863682338,3.5217142922537668,0.0,0.0,0.7178270220756531,0.0,0.0,0.0,0.05963044183152263,0.0,0.0,0.0,0.0,0.05963044183152263,2803.0,0.0,-0.16189980506896973,0.24185913801193237,0.8164523839950562,4.2498111724853516e-5
23.193790435791016,179.99807739257812,5.232821422396228e-5,0.0,0.0,0.0,0.0,-0.20448659224313606,-0.0,0.0,4.547142791748047,3.4757142203194755,0.0,0.0,0.6715520024299622,0.0,0.0,0.0,0.010069944628601977,0.0,0.0,0.0,0.0,0.010069944628601977,2804.0,0.0,-1.3971003293991089,0.10619890689849854,0.5365214943885803,0.004312396049499512
22.635515213012695,179.99807739257812,5.232664625509642e-5,0.0,0.0,0.0,0.0,-0.1632122998719332,-0.0,0.0,4.525142887660435,3.453714316231864,0.0,0.0,0.5440409779548645,0.0,0.0,0.0,0.0,0.0,0.0,0.0,0.0,0.0,2805.0,0.0,0.0,4.240870475769043e-5,0.046544551849365234,0.9999678134918213
22.077239990234375,179.32684326171875,5.2325078286230564e-5,0.0,0.0,0.0,0.0,-0.14181847444828216,-0.0,0.0,4.5051428386143275,3.4337144034249443,0.0,0.0,0.4523420035839081,0.0,0.0,0.0,0.020386225792500313,0.0,0.0,0.0,0.0,0.020386225792500313,2806.0,0.0,-0.0203862264752388,1.2516975402832031e-6,0.01554057002067566,1.0
21.700748443603516,179.99807739257812,5.232351031736471e-5,0.0,0.0,0.0,0.0,-0.1223252043490514,-0.0,0.0,4.443428530011858,3.3719999585832867,0.0,0.0,0.39737099409103394,0.0,0.0,0.0,0.010379670869915023,0.0,0.0,0.0,0.0,0.010379670869915023,2807.0,0.0,-2.514287233352661,9.238719940185547e-7,0.056978970766067505,0.9999997615814209
20.9606876373291,179.99807739257812,5.232194234849885e-5,0.0,0.0,0.0,0.0,-0.10748499880853606,-0.0,0.0,4.2390713827950615,3.16764281136649,0.0,0.0,0.34723401069641113,0.0,0.0,0.0,0.0110493044284759,0.0,0.0,0.0,0.0,0.0110493044284759,2808.0,0.0,-1.4526101350784302,5.364418029785156e-7,0.02304014563560486,0.9999995231628418
20.038843154907227,179.99807739257812,5.2320374379632995e-5,0.0,0.0,0.0,0.0,-0.08638007212507964,-0.0,0.0,4.07585710797991,3.0044285365513392,0.0,0.0,0.27628400921821594,0.0,0.0,0.0,0.011649553090597712,0.0,0.0,0.0,0.0,0.011649553090597712,2809.0,0.0,-0.16835303604602814,8.270144462585449e-5,0.0028172731399536133,0.9643646478652954
19.11699867248535,179.99807739257812,5.231880641076714e-5,0.0,0.0,0.0,0.0,-0.9173951185701323,-0.0,0.0,3.990142904009138,2.9187141963413783,0.0,0.0,0.24138900637626648,0.0,0.0,0.0,2.8165946006774902,0.0,0.0,0.0,2.8165946006774902,0.0,2810.0,0.0,2.8165946006774902,0.027776271104812622,0.022373557090759277,0.00020834803581237793
19.699161529541016,177.69053649902344,5.231723844190128e-5,0.0,0.0,0.0,0.0,-0.9023750291218358,-0.0,0.0,3.8989285877772737,2.8274998801095146,0.0,0.0,0.22142000496387482,0.0,0.0,0.0,2.786496639251709,0.0,0.0,0.0,2.786496639251709,0.0,2811.0,0.0,2.786496639251709,0.027782052755355835,0.022380352020263672,0.00020840764045715332
20.40696907043457,171.13136291503906,5.2315670473035425e-5,0.0,0.0,0.0,0.0,-0.9619617397372604,-0.0,0.0,3.8404999596732003,2.769071524483817,0.0,0.0,0.20653900504112244,0.0,0.0,0.0,3.0,0.0,0.0,0.0,3.0,0.0,2812.0,0.0,3.0,0.5653543472290039,0.8428672552108765,0.006714373826980591
21.213348388671875,170.4601287841797,5.231410250416957e-5,0.0,0.0,0.0,0.0,-0.9602118396843196,-0.0,0.0,3.82778570992606,2.756357138497489,0.0,0.0,0.20070600509643555,0.0,0.0,0.0,3.0,0.0,0.0,0.0,3.0,0.0,2813.0,0.0,3.0,0.5653543472290039,0.8428672552108765,0.006714373826980591
21.83222198486328,169.7888946533203,5.231253453530371e-5,0.0,0.0,0.0,0.0,-0.9631221393991352,-0.0,0.0,3.8191428320748466,2.7477143968854634,0.0,0.0,0.21040700376033783,0.0,0.0,0.0,3.0,0.0,0.0,0.0,3.0,0.0,2814.0,0.0,3.0,0.5653543472290039,0.8428672552108765,0.006714373826980591
22.447206497192383,169.11766052246094,5.2310966566437855e-5,0.0,0.0,0.0,0.0,-0.962934201476342,-0.0,0.0,3.79000004359654,2.7185714721679686,0.0,0.0,0.23887500166893005,0.0,0.0,0.0,2.9709055423736572,0.0,0.0,0.0,2.9709055423736572,0.0,2815.0,0.0,2.9709055423736572,0.5653543472290039,0.8428672552108765,0.006714373826980591
23.21432113647461,168.44642639160156,5.2309398597572e-5,0.0,0.0,0.0,0.0,-0.49700281806797975,-0.0,0.0,3.75757143838065,2.6861427307128904,0.0,0.0,0.3436639904975891,0.0,0.0,0.0,1.3130120038986206,0.0,0.0,0.0,1.3130120038986206,0.0,2816.0,0.0,1.3130120038986206,0.5653543472290039,0.8428672552108765,0.006714373826980591
23.21432113647461,167.7751922607422,5.230783062870614e-5,0.0,0.0,0.0,0.0,-0.06491002036264365,-0.0,-0.01,3.722928537641253,2.6515001024518696,0.3930639922618866,0.0,0.0,0.0,0.0,0.07053601741790771,0.18303339393571855,0.0,0.0,0.0,0.0,0.25356941135362626,2817.0,0.09493601322174072,-5.716856479644775,0.9999701976776123,0.019994765520095825,1.0
22.292476654052734,179.99807739257812,5.2306262659840286e-5,0.0,0.0,0.0,0.0,-0.01,-0.0,-0.01,3.7847142355782646,2.713285664149693,0.40459901094436646,0.0,0.0,3.0821014979571384,0.0,0.012899581342935562,0.0,0.0,0.0,0.0,0.0,0.012899581342935562,2818.0,3.3454010486602783,-0.012899581342935562,0.9998226761817932,0.05688852071762085,1.0
21.915985107421875,179.99807739257812,3.082061290740967,0.0,0.0,0.0,0.0,-0.01,-0.0,-0.01,3.868642888750349,2.7972141810825892,0.40960100293159485,0.0,0.0,3.126998032394681,0.0,2.0805842876434326,0.0,0.0,0.0,0.0,2.0805842876434326,0.0,2819.0,4.599999904632568,2.0805842876434326,1.0,0.7310917377471924,0.9999998807907104
22.65544319152832,179.32684326171875,6.208873271942139,0.0,0.0,0.0,0.0,-0.01,-0.0,-0.01,3.93228566305978,2.860857227870396,0.397381991147995,0.0,0.0,1.1709179438555566,0.0,2.790153741836548,0.0,0.0,0.0,0.0,2.790153741836548,0.0,2820.0,3.791156768798828,2.790153741836548,1.0,0.9851434230804443,0.9997339248657227
23.925701141357422,178.65560913085938,7.379570007324219,0.0,0.0,0.0,0.0,-0.01,-0.0,-0.01,3.979857117789132,2.908428682599749,0.4110499918460846,0.0,0.0,2.419184972640153,0.0,0.7550936937332153,0.0,0.0,0.0,0.0,0.7550936937332153,0.0,2821.0,2.620460033416748,0.7550936937332153,1.0,1.0,0.10273239016532898
23.999984741210938,177.984375,9.798460960388184,0.0,0.0,0.0,0.0,0.41897698540180767,-0.0,-0.01,4.045714323861258,2.974285616193499,0.42574799060821533,0.0,0.0,0.2015390396118164,4.766410570108688,0.6204394698143005,0.0,0.0,0.0,0.0,0.6204394698143005,0.0,2822.0,0.20156903564929962,0.6204394698143005,1.0,1.0,0.34172677993774414
23.999984741210938,177.31314086914062,9.999700546264648,0.0,0.0,0.0,0.0,0.1800681209618338,-0.0,0.0,4.083714294433594,3.0122857230050224,0.4085429906845093,0.0,0.0,0.0,2.0007567405700684,0.46540021896362305,0.0,0.0,0.0,0.0,0.46540021896362305,0.0,2823.0,0.00032945373095571995,0.46540021896362305,1.0,1.0,0.10696220397949219
23.999984741210938,176.64190673828125,9.999401092529297,0.0,0.0,0.0,0.0,0.08022497194685764,-0.0,0.0,4.103928647722517,3.032500076293945,0.42346900701522827,0.0,0.0,0.0,0.891388506346112,0.3162924342819397,0.0,0.0,0.0,0.0,0.3162924342819397,0.0,2824.0,0.0006289074663072824,0.3162924349308014,1.0,1.0,0.050600916147232056
23.999984741210938,175.97067260742188,9.999101638793945,0.0,0.0,0.0,0.0,-0.22655190471504047,-0.0,0.0,4.073785727364676,3.002357155936105,0.42931801080703735,0.0,0.0,0.0,0.0,0.010531991720199585,0.7551729857089232,0.0,0.0,0.0,0.7657049774291228,0.0,2825.0,0.000928361201658845,0.7657049894332886,1.0,1.0,0.0028078854084014893
23.999984741210938,175.2994384765625,9.998802185058594,0.0,0.0,0.0,0.0,-0.01,-0.0,-0.01,4.018428611755371,2.9469999040876114,0.0,0.5446749925613403,0.0,0.0,0.0,0.0,0.0,0.0,1.0769850015640259,0.0,1.0769850015640259,0.0,2826.0,-4.599999904632568,1.0769850015640259,1.0,1.0,0.0028078854084014893
23.999984741210938,174.62820434570312,8.343796730041504,0.0,0.0,0.0,0.0,-0.01,-0.0,-0.01,4.007285744803292,2.935857173374721,0.0,0.7178270220756531,0.0,0.0,0.0,0.0,0.0,0.0,0.9287680387496948,0.0,0.9287680387496948,0.0,2827.0,-4.599999904632568,0.9287680387496948,1.0,1.0,0.0028078854084014893
23.999984741210938,173.95697021484375,6.663397789001465,0.0,0.0,0.0,0.0,-0.01,-0.0,-0.01,3.99985716683524,2.9284285954066687,0.0,0.6715520024299622,0.0,0.0,0.0,0.0,0.0,0.0,0.626650358276218,0.0,0.626650358276218,0.0,2828.0,-4.599999904632568,2.587421178817749,1.0,1.0,0.00280800461769104
23.999984741210938,165.76052856445312,5.338541507720947,0.0,0.0,0.0,0.0,-0.01,-0.0,-0.01,3.9982857840401786,2.926857212611607,0.0,0.5440409779548645,0.0,0.0,0.0,0.0,0.0,0.0,0.26560577628063453,0.0,0.0,0.26560577628063453,2829.0,-4.599999904632568,-0.6822464466094971,0.5653543472290039,0.8428672552108765,0.006714373826980591
23.623493194580078,179.99807739257812,4.51223611831665,0.0,0.0,0.0,0.0,-0.01,-0.0,-0.01,3.997214262826102,2.9257858276367186,0.0,0.4523420035839081,0.0,0.0,0.0,0.0,0.0,0.0,0.011962683465362466,0.0,0.0,0.011962683465362466,2830.0,-4.512100696563721,-0.011962683871388435,4.470348358154297e-7,0.010742932558059692,1.0
23.065217971801758,179.99807739257812,4.038334846496582,0.0,0.0,0.0,0.0,-0.01,-0.0,-0.01,3.9847857066563197,2.91335699898856,0.0,0.39737099409103394,0.0,0.0,0.0,0.0,0.0,0.0,0.01201371811131034,0.0,0.0,0.01201371811131034,2831.0,-4.038213729858398,-0.012013718485832214,4.470348358154297e-7,0.010739028453826904,1.0
22.506942749023438,179.99807739257812,3.6204867362976074,0.0,0.0,0.0,0.0,-0.01,-0.0,-0.01,3.9432857513427733,2.871857179914202,0.0,0.34723401069641113,0.0,0.0,0.0,0.0,0.0,0.0,0.012187322541055909,0.0,0.0,0.012187322541055909,2832.0,-3.620378255844116,-4.557467460632324,3.8743019104003906e-7,0.014237523078918457,1.0
21.766881942749023,179.99807739257812,3.2536327838897705,0.0,0.0,0.0,0.0,-0.01,-0.0,-0.01,3.9135714394705636,2.842142868041992,0.0,0.27628400921821594,0.0,0.0,0.0,0.0,0.0,0.0,0.012314739746905815,0.0,0.0,0.012314739746905815,2833.0,-3.253535270690918,-3.3148000240325928,3.5762786865234375e-7,0.016186058521270752,1.0
21.02682113647461,179.99807739257812,2.9590556621551514,0.0,0.0,0.0,0.0,-0.01,-0.0,-0.01,3.894571386064802,2.8231429508754187,0.0,0.24138900637626648,0.0,0.0,0.0,0.0,0.0,0.0,0.012397618665611142,0.0,0.0,0.012397618665611142,2834.0,-2.9589669704437256,-1.7593144178390503,3.5762786865234375e-7,0.015444934368133545,1.0
20.104976654052734,179.99807739257812,2.7000088691711426,0.0,0.0,0.0,0.0,-0.18264728952021986,-0.0,-0.01,3.8510714394705636,2.779642868041992,0.0,0.22142000496387482,0.0,0.0,0.0,0.0,0.5754909421994441,0.0,2.424509057800556,0.0,3.0,0.0,2835.0,-2.699927806854248,3.0,0.5653543472290039,0.8428672552108765,0.006714373826980591
20.916114807128906,179.32684326171875,8.130421338137239e-5,0.0,0.0,0.0,0.0,-0.9619617397372604,-0.0,0.0,3.8047142846243722,2.733285849434989,0.0,0.0,0.20653900504112244,0.0,0.0,0.0,3.0,0.0,0.0,0.0,3.0,0.0,2836.0,0.0,3.0,0.5653543472290039,0.8428672552108765,0.006714373826980591
21.88817596435547,178.65560913085938,8.130177593557164e-5,0.0,0.0,0.0,0.0,-0.9602118396843196,-0.0,0.0,3.780999946594238,2.709571511404855,0.0,0.0,0.20070600509643555,0.0,0.0,0.0,3.0,0.0,0.0,0.0,3.0,0.0,2837.0,0.0,3.0,0.5653543472290039,0.8428672552108765,0.006714373826980591
22.849565505981445,177.984375,8.129933848977089e-5,0.0,0.0,0.0,0.0,-0.649831709755726,-0.0,0.0,3.7661429268973214,2.69471435546875,0.0,0.0,0.21040700376033783,0.0,0.0,0.0,1.9556986093521118,0.0,0.0,0.0,1.9556986093521118,0.0,2838.0,0.0,1.9556986093521118,0.5653543472290039,0.8428672552108765,0.006714373826980591
23.21432113647461,177.31314086914062,8.129690104397014e-5,0.0,0.0,0.0,0.0,-0.4664817548386946,-0.0,0.0,3.748857171194894,2.6774285997663227,0.0,0.0,0.23887500166893005,0.0,0.0,0.0,1.3160641193389893,0.0,0.0,0.0,1.3160641193389893,0.0,2839.0,0.0,1.3160641193389893,0.5653543472290039,0.8428672552108765,0.006714373826980591
23.21432113647461,176.64190673828125,8.129446359816939e-5,0.0,0.0,0.0,0.0,-0.40172229217379396,-0.0,0.0,3.738999993460519,2.6675714220319477,0.0,0.0,0.3436639904975891,0.0,0.0,0.0,0.9954102635383606,0.0,0.0,0.0,0.9954102635383606,0.0,2840.0,0.0,0.9954102635383606,0.5653543472290039,0.8428672552108765,0.006714373826980591
23.21432113647461,175.97067260742188,8.129202615236863e-5,0.0,0.0,0.0,0.0,-0.06366794213326532,-0.0,0.0,3.7399285997663223,2.668500028337751,0.27265000343322754,0.0,0.12041398882865906,0.0,0.0,0.0,0.09181247651576996,0.0,0.0,0.0,0.0,0.09181247651576996,2841.0,0.0,-0.09181247651576996,0.9999701976776123,0.019992291927337646,1.0
22.474260330200195,179.99807739257812,8.128958870656788e-5,0.0,0.0,0.0,0.0,-0.01,-0.0,-0.01,3.8269286291939872,2.7554999215262277,0.40459901094436646,0.0,0.0,1.543357630458683,0.0,0.01269618421792984,0.0,0.0,0.0,0.0,0.0,0.01269618421792984,2842.0,1.6924009323120117,-0.01269618421792984,0.9989364147186279,0.001519709825515747,0.9999980926513672
22.369932174682617,179.99777221679688,1.5433926582336426,0.0,0.0,0.0,0.0,-0.01,-0.0,-0.01,3.90492856161935,2.8335001264299664,0.40960100293159485,0.0,0.0,3.650294864876526,0.0,0.012357917379888922,0.0,0.0,0.0,0.0,0.0,0.012357917379888922,2843.0,3.9553987979888916,-0.012357917614281178,1.0,0.10703450441360474,1.0
21.993913650512695,179.99807739257812,5.1935319900512695,0.0,0.0,0.0,0.0,-0.01,-0.0,-0.01,3.9631428854806083,2.8917143140520367,0.397381991147995,0.0,0.0,2.2742920507565714,0.0,2.836561918258667,0.0,0.0,0.0,0.0,2.836561918258667,0.0,2844.0,4.599999904632568,2.836561918258667,1.0,0.8365995287895203,0.9999997615814209
23.1829833984375,179.32684326171875,7.467600345611572,0.0,0.0,0.0,0.0,0.19056324134620026,-0.0,-0.01,4.007857131958008,2.9364285605294365,0.4110499918460846,0.0,0.0,2.5323996543884277,2.228480282298521,2.1360387802124023,0.0,0.0,0.0,0.0,2.1360387802124023,0.0,2845.0,2.5324296951293945,2.1360387802124023,1.0,0.9999512434005737,0.9992331266403198
23.999740600585938,178.65560913085938,9.999700546264648,0.0,0.0,0.0,0.0,0.601666224878459,-0.0,0.0,4.028857176644461,2.957428468976702,0.42574799060821533,0.0,0.0,0.0,6.68517974513696,0.3209223399765655,0.0,0.0,0.0,0.0,0.3209223399765655,0.0,2846.0,0.00032945373095571995,0.47548165917396545,1.0,1.0,0.7718393802642822
23.999984741210938,170.4605255126953,9.999401092529297,0.0,0.0,0.0,0.0,0.5397104909419835,-0.0,0.0,4.0209286008562355,2.9494998931884764,0.4085429906845093,0.0,0.0,0.0,5.996782756107222,0.02142384026729025,0.0,0.0,0.0,0.0,0.02142384026729025,0.0,2847.0,0.0006289074663072824,0.021423840895295143,1.0,1.0,0.501116156578064
23.999984741210938,169.78929138183594,9.999101638793945,0.0,0.0,0.0,0.0,0.3026910443507454,-0.0,0.0,3.9871427808489117,2.9157142094203405,0.42346900701522827,0.0,0.0,0.0,3.363233558833599,0.019947297871112823,0.0,0.0,0.0,0.0,0.019947297871112823,0.0,2848.0,0.000928361201658845,0.019947297871112823,1.0,1.0,0.35791492462158203
23.999984741210938,169.11805725097656,9.998802185058594,0.0,0.0,0.0,0.0,-0.004850766255488637,-0.0,0.0,3.928357206072126,2.8569286346435545,0.42931801080703735,0.0,0.0,0.0,0.0,0.46938198804855347,0.016169220209121704,0.0,0.0,0.0,0.48555120825767517,0.0,2849.0,0.0012278149370104074,0.48555120825767517,1.0,1.0,0.006046921014785767
23.999984741210938,168.4468231201172,9.998502731323242,0.0,0.0,0.0,0.0,-0.01,-0.0,-0.01,3.8604286193847654,2.7890000479561943,0.0,0.5446749925613403,0.0,0.0,0.0,0.0,0.0,0.0,0.6501716126729542,0.0,0.6501716126729542,0.0,2850.0,-4.599999904632568,0.6501716375350952,1.0,1.0,0.0028078854084014893
23.999984741210938,167.7755889892578,8.779007911682129,0.0,0.0,0.0,0.0,-0.01,-0.0,-0.01,3.848071452549526,2.7766428811209543,0.0,0.7178270220756531,0.0,0.0,0.0,0.0,0.0,0.0,1.5970687465047757,0.0,1.5970687465047757,0.0,2851.0,-4.599999904632568,1.5970687866210938,1.0,1.0,0.004564762115478516
23.999984741210938,167.10435485839844,6.416676998138428,0.0,0.0,0.0,0.0,-0.01,-0.0,-0.01,3.8515000479561943,2.7800714765276227,0.0,0.6715520024299622,0.0,0.0,0.0,0.0,0.0,0.0,1.27925705909729,0.0,1.27925705909729,0.0,2852.0,-4.599999904632568,1.27925705909729,1.0,1.0,0.0028079450130462646
23.999984741210938,166.43312072753906,4.425922870635986,0.0,0.0,0.0,0.0,-0.01,-0.0,-0.01,3.8610713958740233,2.789642824445452,0.0,0.5440409779548645,0.0,0.0,0.0,0.0,0.0,0.0,1.6827597618103027,0.0,1.6827597618103027,0.0,2853.0,-4.425790309906006,1.6827597618103027,0.11518201231956482,0.9741917252540588,2.086162567138672e-6
23.870943069458008,165.7618865966797,2.1536126136779785,0.0,0.0,0.0,0.0,-0.01,-0.0,-0.01,3.8736428669520784,2.8022141592843193,0.0,0.4523420035839081,0.0,0.0,0.0,0.0,0.0,0.0,0.27735039591789246,0.0,0.0,0.27735039591789246,2854.0,-2.153548002243042,-0.27735039591789246,3.069639205932617e-6,0.13505405187606812,0.9999850988388062
23.130882263183594,179.99569702148438,1.4089863300323486,0.0,0.0,0.0,0.0,-0.01,-0.0,-0.01,3.883357129778181,2.811928558349609,0.0,0.39737099409103394,0.0,0.0,0.0,0.0,0.0,0.0,0.012491202474305083,0.0,0.0,0.012491202474305083,2855.0,-1.4089441299438477,-0.012491202913224697,4.470348358154297e-7,0.010007739067077637,1.0
23.117961883544922,179.99807739257812,0.9907299280166626,0.0,0.0,0.0,0.0,-0.01,-0.0,-0.01,3.874571473257882,2.8031427655901227,0.0,0.34723401069641113,0.0,0.0,0.0,0.0,0.0,0.0,0.012486074620638629,0.0,0.0,0.012486074620638629,2856.0,-0.9907002449035645,-0.012486075051128864,4.470348358154297e-7,0.01073959469795227,1.0
23.10504150390625,179.99807739257812,0.6236499547958374,0.0,0.0,0.0,0.0,-0.01,-0.0,-0.01,3.8746428625924247,2.803214154924665,0.0,0.27628400921821594,0.0,0.0,0.0,0.0,0.0,0.0,0.012485756538808346,0.0,0.0,0.012485756538808346,2857.0,-0.6236312389373779,-0.012485756538808346,3.5762786865234375e-7,0.015707850456237793,1.0
22.910335540771484,179.99807739257812,0.3289770781993866,0.0,0.0,0.0,0.0,-0.01,-0.0,-0.01,3.8786428451538084,2.807214409964425,0.0,0.24138900637626648,0.0,0.0,0.0,0.0,0.0,0.0,0.012467680498957634,0.0,0.0,0.012467680498957634,2858.0,-0.32896721363067627,-0.012467680498957634,7.748603820800781e-7,0.048046112060546875,0.9999998807907104
22.533843994140625,179.99806213378906,0.06993754953145981,0.0,0.0,0.0,0.0,-0.5077391142912067,-0.0,-0.01,3.8735714776175363,2.8021427699497767,0.0,0.06853673353072054,0.15288327143315428,0.0,0.0,0.0,1.5062470436096191,0.0,0.0,0.0,1.5062470436096191,0.0,2859.0,-0.06993545591831207,1.5062470436096191,0.5653543472290039,0.8428672552108765,0.006714373826980591
23.21432113647461,179.3268280029297,2.10845109904767e-6,0.0,0.0,0.0,0.0,-0.0686334789994747,-0.0,0.0,3.873499952043806,2.802071380615234,0.0,0.0,0.20653900504112244,0.0,0.0,0.0,0.02223924919962883,0.0,0.0,0.0,0.02223924919962883,0.0,2860.0,0.0,0.02223924919962883,0.5653543472290039,0.8428672552108765,0.006714373826980591
23.21432113647461,178.6555938720703,2.108387889165897e-6,0.0,0.0,0.0,0.0,-0.47155076441432675,-0.0,0.0,3.8828571319580076,2.8114285605294365,0.0,0.0,0.20070600509643555,0.0,0.0,0.0,1.37112981382551,0.0,0.0,0.0,1.37112981382551,0.0,2861.0,0.0,2.7242884635925293,0.02778288722038269,0.022381246089935303,0.00020840764045715332
23.999984741210938,166.91839599609375,2.1083246792841237e-6,0.0,0.0,0.0,0.0,-0.1389375286232061,-0.0,0.0,3.908642850603376,2.8372142791748045,0.0,0.0,0.21040700376033783,0.0,0.0,0.0,0.2527180732474121,0.0,0.0,0.0,0.0,0.2527180732474121,2862.0,0.0,-1.007949709892273,0.5653543472290039,0.8428672552108765,0.006714373826980591
23.805278778076172,179.99807739257812,2.1082614694023505e-6,0.0,0.0,0.0,0.0,-0.07166250334829094,-0.0,0.0,3.922071402413504,2.850642830984933,0.0,0.0,0.23887500166893005,0.0,0.0,0.0,0.0,0.0,0.0,0.0,0.0,0.0,2863.0,0.0,0.0,0.5653543472290039,0.8428672552108765,0.006714373826980591
23.7923583984375,179.32684326171875,2.1081982595205773e-6,0.0,0.0,0.0,0.0,-0.2784667006519115,-0.0,0.0,3.921000017438616,2.8495714460100445,0.0,0.0,0.3436639904975891,0.0,0.0,0.0,0.5845583081245422,0.0,0.0,0.0,0.5845583081245422,0.0,2864.0,0.0,0.5845583081245422,0.5653543472290039,0.8428672552108765,0.006714373826980591
23.21432113647461,178.65560913085938,2.108135049638804e-6,0.0,0.0,0.0,0.0,-0.12839886609311346,-0.0,0.0,3.922214317321777,2.850785609654018,0.0019000000320374966,0.0,0.39116400480270386,0.0,0.0,0.0,0.03683219850063324,0.0,0.0,0.0,0.0,0.03683219850063324,2865.0,0.0,-0.03683219850063324,0.9999701976776123,0.019992858171463013,1.0
22.83782958984375,179.99807739257812,2.108071839757031e-6,0.0,0.0,0.0,0.0,-0.2481467315811603,-0.0,0.0,3.9427857535226005,2.871357182094029,0.22609999775886536,0.0,0.1784990131855011,0.0,0.0,0.0,0.6486567258834839,0.0,0.0,0.0,0.0,0.6486567258834839,2866.0,0.0,-0.6486567258834839,0.9997427463531494,0.0035398006439208984,1.0
22.552745819091797,179.99807739257812,2.1080086298752576e-6,0.0,0.0,0.0,0.0,-0.26649086958133616,-0.0,-0.01,3.959428596496582,2.8879998888288227,0.40960100293159485,0.0,0.0,0.0,0.0,0.211698979139328,0.8549695312976837,0.0,0.0,0.0,0.0,1.0666685104370117,2867.0,0.24439898133277893,-1.0666685104370117,0.9928015470504761,0.002611219882965088,0.9999999403953552
22.268117904663086,179.99807739257812,2.1079454199934844e-6,0.0,0.0,0.0,0.0,-0.07446870225543577,-0.0,-0.01,4.000428553989956,2.928999982561384,0.397381991147995,0.0,0.0,0.0,0.0,0.6751679182052612,0.21489566564559937,0.0,0.0,0.0,0.0,0.8900635838508606,2868.0,0.7316179275512695,-0.8900635838508606,0.9999669194221497,0.0013140439987182617,1.0
21.9840030670166,179.99807739257812,2.107882210111711e-6,0.0,0.0,0.0,0.0,-0.012865063451124805,-0.0,0.0,4.029142870221819,2.9577142987932477,0.3799999952316284,0.0,0.031049996614456177,0.0,0.0,0.0,0.011833546518587604,0.0,0.0,0.0,0.0,0.011833546518587604,2869.0,0.0,-3.33819317817688,0.9999743700027466,0.008932828903198242,1.0
21.062158584594727,179.99807739257812,2.107819000229938e-6,0.0,0.0,0.0,0.0,-0.01,-0.0,-0.01,4.0667143685477125,2.9952857971191404,0.42574799060821533,0.0,0.0,0.003299541324367635,0.0,0.01168511191056452,0.0,0.0,0.0,0.0,0.0,0.01168511191056452,2870.0,0.03825199604034424,-1.8373669385910034,0.9985899329185486,0.003904372453689575,0.9999805688858032
20.14031410217285,179.99807739257812,0.003301550168544054,0.0,0.0,0.0,0.0,-0.41583665771629974,-0.0,0.0,4.090571485246931,3.019142913818359,0.3894999921321869,0.0,0.019042998552322388,0.0,0.0,0.0,1.3670791387557983,0.0,0.0,0.0,1.3670791387557983,0.0,2871.0,0.0014570057392120361,1.3670791387557983,0.6152350306510925,0.21146076917648315,0.006427466869354248
20.057289123535156,179.32684326171875,0.003301451215520501,0.0,0.0,0.0,0.0,-0.25907712714183795,-0.0,0.0,4.093500082833426,3.022071511404855,0.33820000290870667,0.0,0.0852690041065216,0.0,0.0,0.0,0.778321385383606,0.0,0.0,0.0,0.778321385383606,0.0,2872.0,-0.0033013522624969482,0.778321385383606,0.6065476536750793,0.15903052687644958,0.003212839365005493
19.795137405395508,178.65560913085938,0.0033013522624969482,0.0,0.0,0.0,0.0,-0.869751797904641,-0.0,0.0,4.073642812456404,3.0022143772670202,0.06650000065565109,0.0,0.36281800270080566,0.0,0.0,0.0,2.5363545417785645,0.0,0.0,0.0,2.5363545417785645,0.0,2873.0,-0.0033012533094733953,2.5363545417785645,0.5188469290733337,0.28520792722702026,0.01079133152961731
20.604907989501953,167.7589874267578,0.0033012533094733953,0.0,0.0,0.0,0.0,-0.7181033419809069,-0.0,0.0,4.0517142977033345,2.980285862513951,0.0,0.0,0.5446749925613403,0.0,0.0,0.0,1.849002718925476,0.0,0.0,0.0,1.849002718925476,0.0,2874.0,-0.0033011543564498425,1.849002718925476,0.5081515908241272,0.3977213501930237,0.0025168657302856445
20.98859214782715,167.08775329589844,0.0033011543564498425,0.0,0.0,0.0,0.0,-0.9252295206081662,-0.0,0.0,4.043857111249651,2.9724286760602676,0.0,0.0,0.7178270220756531,0.0,0.0,0.0,2.3662712574005127,0.0,0.0,0.0,2.3662712574005127,0.0,2875.0,-0.0033010554034262896,2.3662712574005127,0.36387893557548523,0.11633351445198059,0.0017715096473693848
21.865646362304688,155.1713409423828,0.0033010554034262896,0.0,0.0,0.0,0.0,-0.6283374380404716,-0.0,0.0,4.022071511404855,2.9506429399762832,0.0,0.0,0.6715520024299622,0.0,0.0,0.0,1.4229060411453247,0.0,0.0,0.0,1.4229060411453247,0.0,2876.0,-0.0033009564504027367,1.4229060411453247,0.4825853407382965,0.560454249382019,0.00264054536819458
21.802255630493164,154.50010681152344,0.0033009564504027367,0.0,0.0,0.0,0.0,-0.7784253131717556,-0.0,0.0,4.0233570643833705,2.951928492954799,0.0,0.0,0.5440409779548645,0.0,0.0,0.0,2.0507099628448486,0.0,0.0,0.0,2.0507099628448486,0.0,2877.0,-0.0033008574973791838,2.0507099628448486,0.17822346091270447,0.11026859283447266,0.005452990531921387
22.481590270996094,136.9654998779297,0.0033008574973791838,0.0,0.0,0.0,0.0,-0.3029303879710188,-0.0,0.0,4.0186429159981865,2.947214344569615,0.0,0.0,0.4523420035839081,0.0,0.0,0.0,0.5574259161949158,0.0,0.0,0.0,0.0,0.5574259161949158,2878.0,-0.003300758544355631,-0.5574259161949158,0.9217848777770996,0.017800211906433105,0.41240110993385315
21.560773849487305,85.98226165771484,0.003300758544355631,0.0,0.0,0.0,0.0,-0.4451801417342871,-0.0,0.0,4.022571509225028,2.9511429377964564,0.0,0.0,0.39737099409103394,0.0,0.0,0.0,1.0865627527236938,0.0,0.0,0.0,1.0865627527236938,0.0,2879.0,-0.003300659591332078,1.0865627527236938,0.4218614101409912,0.4952690899372101,0.0056181252002716064
21.476329803466797,85.31103515625,0.003300659591332078,0.0,0.0,0.0,0.0,-0.4260016491413765,-0.0,0.0,4.018857084001814,2.947428512573242,0.0,0.0,0.34723401069641113,0.0,0.0,0.0,1.072771430015564,0.0,0.0,0.0,1.072771430015564,0.0,2880.0,-0.003300560638308525,1.072771430015564,0.4359828233718872,0.4306967556476593,0.009267300367355347
21.382966995239258,82.12008666992188,0.003300560638308525,0.0,0.0,0.0,0.0,-0.320576498730043,-0.0,0.0,4.000928551810128,2.929499980381557,0.0,0.0,0.27628400921821594,0.0,0.0,0.0,0.792304277420044,0.0,0.0,0.0,0.792304277420044,0.0,2881.0,-0.003300461685284972,0.792304277420044,0.5276893973350525,0.38823074102401733,0.06503728032112122
20.75482940673828,74.917236328125,0.003300461685284972,0.0,0.0,0.0,0.0,-0.7230659921195493,-0.0,0.0,3.9804286411830354,2.9090000697544642,0.0,0.0,0.24138900637626648,0.0,0.0,0.0,2.1688308715820312,0.0,0.0,0.0,2.1688308715820312,0.0,2882.0,-0.0033003627322614193,2.1688308715820312,0.47316399216651917,0.3892292380332947,0.05194315314292908
20.946130752563477,74.24600982666016,0.0033003627322614193,0.0,0.0,0.0,0.0,-0.9065097081267703,-0.0,0.0,3.9569999967302594,2.8855712890625,0.0,0.0,0.22142000496387482,0.0,0.0,0.0,2.800278902053833,0.0,0.0,0.0,2.800278902053833,0.0,2883.0,-0.0033002637792378664,2.800278902053833,0.5860884189605713,0.5009244084358215,0.11820021271705627
21.504606246948242,73.57478332519531,0.0033002637792378664,0.0,0.0,0.0,0.0,-0.9619617397372604,-0.0,0.0,3.92771429334368,2.8562858581542967,0.0,0.0,0.20653900504112244,0.0,0.0,0.0,3.0,0.0,0.0,0.0,3.0,0.0,2884.0,-0.0033001648262143135,3.0,0.0026061832904815674,0.836622953414917,0.14496248960494995
22.53201675415039,72.90355682373047,0.0033001648262143135,0.0,0.0,0.0,0.0,-0.25726650187438693,-0.0,0.0,3.8672142846243722,2.795785849434989,0.0,0.0,0.20070600509643555,0.0,0.0,0.0,0.6568489670753479,0.0,0.0,0.0,0.6568489670753479,0.0,2885.0,-0.0033000658731907606,0.6568489670753479,0.6868677735328674,0.2583511471748352,0.01968204975128174
22.354766845703125,58.36585235595703,0.0033000658731907606,0.0,0.0,0.0,0.0,-0.6317255822509749,-0.0,0.0,3.8667856761387416,2.7953572409493583,0.0,0.0,0.21040700376033783,0.0,0.0,0.0,1.895344853401184,0.0,0.0,0.0,0.0,1.895344853401184,2886.0,-0.0032999669201672077,-1.895344853401184,0.001731783151626587,0.808244526386261,0.8706545829772949
22.341846466064453,159.3028106689453,0.0032999669201672077,0.0,0.0,0.0,0.0,-0.6202711143204009,-0.0,0.0,3.8905000141688753,2.819071306501116,0.0,0.0,0.23887500166893005,0.0,0.0,0.0,1.828695297241211,0.0,0.0,0.0,1.828695297241211,0.0,2887.0,-0.003299867967143655,1.828695297241211,0.5653543472290039,0.8428672552108765,0.006714373826980591
23.21432113647461,158.63157653808594,0.003299867967143655,0.0,0.0,0.0,0.0,-0.5742783715040822,-0.0,0.0,3.9129285267421174,2.841500091552734,0.0,0.0,0.3436639904975891,0.0,0.0,0.0,1.5705971717834473,0.0,0.0,0.0,1.5705971717834473,0.0,2888.0,-0.003299769014120102,1.5705971717834473,0.5653543472290039,0.8428672552108765,0.006714373826980591
23.21432113647461,157.96034240722656,0.003299769014120102,0.0,0.0,0.0,0.0,-0.12450487512369435,-0.0,0.0,3.9241427830287385,2.8527142116001674,0.0,0.0,0.3930639922618866,0.0,0.0,0.0,0.02195224165916443,0.0,0.0,0.0,0.02195224165916443,0.0,2889.0,-0.003299670061096549,0.02195224165916443,0.5653543472290039,0.8428672552108765,0.006714373826980591
23.21432113647461,157.2891082763672,0.003299670061096549,0.0,0.0,0.0,0.0,-0.19763251285284777,-0.0,0.0,3.9323571886335102,2.8609286172049386,0.17194999754428864,0.0,0.23264901340007782,0.0,0.0,0.0,0.42612600326538086,0.0,0.0,0.0,0.0,0.42612600326538086,2890.0,-0.003299571108072996,-0.42612600326538086,0.9999701976776123,0.01999107003211975,1.0
22.65604591369629,179.99807739257812,0.003299571108072996,0.0,0.0,0.0,0.0,-0.04388373092348296,-0.0,-0.01,3.942142840794155,2.870714405604771,0.40960100293159485,0.0,0.0,0.0,0.0,0.08914896845817566,0.11294576525688171,0.0,0.0,0.0,0.0,0.20209473371505737,2891.0,0.11539897322654724,-0.20209473371505737,0.9999755024909973,0.0038889646530151367,1.0
22.27955436706543,179.99807739257812,0.0032994721550494432,0.0,0.0,0.0,0.0,-0.01,-0.0,-0.01,3.9486428124564035,2.8772143772670202,0.43396899104118347,0.0,0.0,0.2517290646762959,0.0,0.01216463049121397,0.0,0.0,0.0,0.0,0.0,0.01216463049121397,2892.0,0.3060310184955597,-0.012164630927145481,0.999975323677063,0.003145188093185425,1.0
21.72127914428711,179.99807739257812,0.2550208866596222,0.0,0.0,0.0,0.0,-0.01,-0.0,-0.01,3.959428596496582,2.8879998888288227,0.4110499918460846,0.0,0.0,0.11495964692401424,0.0,0.6268442826496047,0.0,0.0,0.0,0.0,0.0,0.6268442826496047,2893.0,0.8049499988555908,-0.6268442869186401,1.0,0.010401755571365356,1.0
21.16300392150879,179.99807739257812,0.3699694275856018,0.0,0.0,0.0,0.0,-0.01,-0.0,-0.01,3.970000076293945,2.898571504865374,0.42574799060821533,0.0,0.0,1.3325348834761037,0.0,0.09742256253957748,0.0,0.0,0.0,0.0,0.0,0.09742256253957748,2894.0,1.5562520027160645,-0.09742256253957748,1.0,0.0010921359062194824,1.0
20.968297958374023,179.99807739257812,1.7024532556533813,0.0,0.0,0.0,0.0,-0.01,-0.0,-0.01,3.9675714765276227,2.8961429050990515,0.5044289827346802,0.0,0.0,1.1070248768614235,0.0,0.14815379679203033,0.0,0.0,0.0,0.0,0.0,0.14815379679203033,2895.0,1.3715710639953613,-0.14815379679203033,1.0,0.8829196691513062,0.9999228715896606
20.95537757873535,179.98573303222656,2.809393882751465,0.0,0.0,0.0,0.0,-0.7972909352100255,-0.0,-0.01,3.938499941144671,2.867071369716099,0.47740301489830017,0.0,0.0,0.0,0.0,0.37569698691368103,2.624303013086319,0.0,0.0,0.0,3.0,0.0,2896.0,0.42059698700904846,3.0,1.0,1.0,0.24926039576530457
22.351211547851562,179.3144989013672,2.809309720993042,0.0,0.0,0.0,0.0,-0.14248822255190557,-0.0,-0.01,3.898785672869001,2.8273571014404295,0.23464998602867126,0.1946680247783661,0.0,0.0,0.0,0.0,0.441627390957656,0.0,2.558372609042344,0.0,3.0,0.0,2897.0,-2.809225559234619,3.0,1.0,0.999998927116394,0.00675627589225769
23.365604400634766,178.6432647705078,8.463658014079556e-5,0.0,0.0,0.0,0.0,-0.6862702741512627,-0.0,0.0,3.8666428974696565,2.7952141898018974,0.0,0.0,0.5446749925613403,0.0,0.0,0.0,1.7428924970431041,0.0,0.0,0.0,1.7428924970431041,0.0,2898.0,0.0,2.7642111778259277,0.5653543472290039,0.8428672552108765,0.006714373826980591
23.999984741210938,169.25233459472656,8.463404083158821e-5,0.0,0.0,0.0,0.0,-0.27954143411810034,-0.0,0.0,3.8535714285714286,2.782142857142857,0.0,0.0,0.7178270220756531,0.0,0.0,0.0,0.21397772129142084,0.0,0.0,0.0,0.0,0.21397772129142084,2899.0,0.0,-2.295665979385376,0.40228039026260376,0.6228467226028442,0.0005655586719512939
23.441194534301758,179.99807739257812,8.463150152238086e-5,0.0,0.0,0.0,0.0,-0.2052542958619586,-0.0,0.0,3.8428571701049803,2.771428462437221,0.0,0.0,0.6715520024299622,0.0,0.0,0.0,0.012628956589657757,0.0,0.0,0.0,0.0,0.012628956589657757,2900.0,0.0,-1.6835415363311768,0.4727451503276825,0.5462444424629211,0.001537233591079712
22.701648712158203,179.99807739257812,8.462896221317351e-5,0.0,0.0,0.0,0.0,-0.20690488743404067,-0.0,0.0,3.837285668509347,2.765857097080776,0.0,0.0,0.5440409779548645,0.0,0.0,0.0,0.14564195275306702,0.0,0.0,0.0,0.0,0.14564195275306702,2901.0,0.0,-0.14564195275306702,0.007104605436325073,0.06791692972183228,0.9827280044555664
21.96158790588379,177.23455810546875,8.462642290396616e-5,0.0,0.0,0.0,0.0,-0.1551226141104145,-0.0,0.0,3.8381428854806083,2.7667143140520367,0.0,0.0,0.4523420035839081,0.0,0.0,0.0,0.0647333562374115,0.0,0.0,0.0,0.0,0.0647333562374115,2902.0,0.0,-0.0647333562374115,1.996755599975586e-6,0.0011188089847564697,1.0
21.766881942749023,179.99807739257812,8.462388359475881e-5,0.0,0.0,0.0,0.0,-0.12300272615856081,-0.0,0.0,3.8408571788242885,2.769428471156529,0.0,0.0,0.39737099409103394,0.0,0.0,0.0,0.012638076811872056,0.0,0.0,0.0,0.0,0.012638076811872056,2903.0,0.0,-0.012638077139854431,4.76837158203125e-7,0.006399035453796387,1.0
21.572175979614258,179.99807739257812,8.462134428555146e-5,0.0,0.0,0.0,0.0,-0.1579166534708598,-0.0,0.0,3.8317143031529017,2.7602857317243306,0.0,0.0,0.34723401069641113,0.0,0.0,0.0,0.17915481328964233,0.0,0.0,0.0,0.0,0.17915481328964233,2904.0,0.0,-0.17915481328964233,8.940696716308594e-7,0.0005855858325958252,0.9999998807907104
21.559255599975586,179.99806213378906,8.461880497634411e-5,0.0,0.0,0.0,0.0,-0.08670717484831714,-0.0,0.0,3.8187857491629464,2.747357177734375,0.0,0.0,0.27628400921821594,0.0,0.0,0.0,0.012739895458063087,0.0,0.0,0.0,0.0,0.012739895458063087,2905.0,0.0,-0.012739895842969418,4.470348358154297e-7,0.010739743709564209,1.0
21.182764053344727,179.99807739257812,8.461626566713676e-5,0.0,0.0,0.0,0.0,-0.07626994337038376,-0.0,0.0,3.796428625924247,2.725000054495675,0.0,0.0,0.24138900637626648,0.0,0.0,0.0,0.012844128089362266,0.0,0.0,0.0,0.0,0.012844128089362266,2906.0,0.0,-2.7583720684051514,4.470348358154297e-7,0.01074168086051941,1.0
20.624488830566406,179.99807739257812,8.461372635792941e-5,0.0,0.0,0.0,0.0,-0.9664260398914815,-0.0,0.0,3.765571403503418,2.6941429683140345,0.0,0.0,0.22142000496387482,0.0,0.0,0.0,3.0,0.0,0.0,0.0,3.0,0.0,2907.0,0.0,3.0,0.0,0.9999570846557617,0.9999780654907227
21.9425048828125,179.32684326171875,8.461118704872206e-5,0.0,0.0,0.0,0.0,-0.9619617397372604,-0.0,0.0,3.737000002179827,2.6655714307512555,0.0,0.0,0.20653900504112244,0.0,0.0,0.0,3.0,0.0,0.0,0.0,3.0,0.0,2908.0,0.0,3.0,0.5653543472290039,0.8428672552108765,0.006714373826980591
23.065879821777344,178.65560913085938,8.460864773951471e-5,0.0,0.0,0.0,0.0,-0.4404812153371651,-0.0,0.0,3.716928563799177,2.6455001286097937,0.0,0.0,0.20070600509643555,0.0,0.0,0.0,1.2675646543502808,0.0,0.0,0.0,1.2675646543502808,0.0,2909.0,0.0,1.2675646543502808,0.5653543472290039,0.8428672552108765,0.006714373826980591
23.21432113647461,177.984375,8.460610843030736e-5,0.0,0.0,0.0,0.0,-0.3651260476361129,-0.0,0.0,3.6971428189958844,2.625714383806501,0.0,0.0,0.21040700376033783,0.0,0.0,0.0,1.0066797733306885,0.0,0.0,0.0,1.0066797733306885,0.0,2910.0,0.0,1.0066797733306885,0.5653543472290039,0.8428672552108765,0.006714373826980591
23.21432113647461,177.31314086914062,8.460356912110001e-5,0.0,0.0,0.0,0.0,-0.3760007203022919,-0.0,0.0,3.6687857219151088,2.597357014247349,0.0,0.0,0.23887500166893005,0.0,0.0,0.0,1.0144606828689575,0.0,0.0,0.0,1.0144606828689575,0.0,2911.0,0.0,1.0144606828689575,0.5653543472290039,0.8428672552108765,0.006714373826980591
23.21432113647461,176.64190673828125,8.460102981189266e-5,0.0,0.0,0.0,0.0,-0.1784163970386146,-0.0,0.0,3.641285705566406,2.569857134137835,0.0,0.0,0.3436639904975891,0.0,0.0,0.0,0.2510573093323582,0.0,0.0,0.0,0.0,0.2510573093323582,2912.0,0.0,-5.512103080749512,0.9999701976776123,0.020006805658340454,1.0
22.11069107055664,179.99807739257812,8.459849050268531e-5,0.0,0.0,0.0,0.0,-0.12203549510505757,-0.0,0.0,3.6222856521606444,2.550857216971261,0.0,0.0,0.3930639922618866,0.0,0.0,0.0,0.013720975257456303,0.0,0.0,0.0,0.0,0.013720975257456303,2913.0,0.0,-0.013720975257456303,0.9999701976776123,0.020002812147140503,1.0
21.915985107421875,179.99807739257812,8.459595119347796e-5,0.0,0.0,0.0,0.0,-0.13230015486780894,-0.0,0.0,3.6179285866873605,2.546500015258789,0.08644999563694,0.0,0.31814903020858765,0.0,0.0,0.0,0.12285146849365673,0.0,0.0,0.0,0.0,0.12285146849365673,2914.0,0.0,-0.12285146862268448,0.9999752044677734,0.0006239414215087891,1.0
21.903064727783203,179.99807739257812,8.459341188427061e-5,0.0,0.0,0.0,0.0,-0.07537085145601403,-0.0,0.0,3.6254999433244977,2.5540713718959265,0.28404998779296875,0.0,0.13549301028251648,0.0,0.0,0.0,0.11574315125430218,0.0,0.0,0.0,0.0,0.11574315125430218,2915.0,0.0,-0.11574315279722214,0.9999760985374451,0.0011526644229888916,1.0
21.799701690673828,179.99807739257812,8.459087257506326e-5,0.0,0.0,0.0,0.0,-0.01,-0.0,-0.01,3.637428637913295,2.565999930245536,0.397381991147995,0.0,0.0,0.16603944623315312,0.0,0.013640004167931718,0.0,0.0,0.0,0.0,0.0,0.013640004167931718,2916.0,0.21361801028251648,-3.8998594284057617,0.9999755620956421,0.00454595685005188,1.0
21.15053367614746,179.99807739257812,0.1661190539598465,0.0,0.0,0.0,0.0,-0.06484352237215815,-0.0,-0.01,3.6488571984427316,2.577428490774972,0.4110499918460846,0.0,0.0,0.0,0.0,0.022150009870529175,0.18281173397624154,0.0,0.0,0.0,0.0,0.2049617438467707,2917.0,0.044950008392333984,-2.2913825511932373,0.9999727010726929,0.01319420337677002,1.0
20.32009506225586,179.99807739257812,0.16611407697200775,0.0,0.0,0.0,0.0,-0.6093342309556556,-0.0,-0.01,3.650785664149693,2.579357092721122,0.3828499913215637,0.04289799928665161,0.0,0.0,0.0,0.0,1.997780690467513,0.0,0.1198888918994303,0.0,2.1176695823669434,0.0,2918.0,-0.166109099984169,2.1176695823669434,0.7966070175170898,0.2752307057380676,0.47853055596351624
20.37613868713379,179.32684326171875,5.007415893487632e-6,0.0,0.0,0.0,0.0,-0.9530229336231111,-0.0,0.0,3.6532142639160154,2.5817856924874443,0.23180000483989716,0.0,0.17674298584461212,0.0,0.0,0.0,3.0,0.0,0.0,0.0,3.0,0.0,2919.0,0.0,3.0,0.6327889561653137,0.416675865650177,0.03725236654281616
20.91645622253418,178.65560913085938,5.00726582686184e-6,0.0,0.0,0.0,0.0,-0.9526557391943813,-0.0,0.0,3.6655714307512555,2.5941428593226843,0.2479500025510788,0.0,0.17551900446414948,0.0,0.0,0.0,3.0,0.0,0.0,0.0,3.0,0.0,2920.0,0.0,3.0,0.5391905903816223,0.6304678916931152,0.019287168979644775
21.46233367919922,177.984375,5.007115760236047e-6,0.0,0.0,0.0,0.0,-1.000644014304637,-0.0,0.0,3.672785704476493,2.601357269287109,0.05889999866485596,0.0,0.3704180121421814,0.0,0.0,0.0,2.965061902999878,0.0,0.0,0.0,2.965061902999878,0.0,2921.0,0.0,2.965061902999878,0.6702543497085571,0.032660096883773804,0.0005307793617248535
22.62842559814453,168.0064239501953,5.006965693610255e-6,0.0,0.0,0.0,0.0,-0.163402504261434,-0.0,0.0,3.672857093811035,2.6014286586216517,0.0,0.0,0.5446749925613403,0.0,0.0,0.0,0.0,0.0,0.0,0.0,0.0,0.0,2922.0,0.0,0.0,0.902727484703064,0.0008251667022705078,0.001205354928970337
22.433719635009766,167.33518981933594,5.006815626984462e-6,0.0,0.0,0.0,0.0,-1.0159438358125605,-0.0,0.0,3.6806428909301756,2.6092141832624165,0.0,0.0,0.7178270220756531,0.0,0.0,0.0,2.668652296066284,0.0,0.0,0.0,2.668652296066284,0.0,2923.0,0.0,2.668652296066284,0.44274774193763733,0.2534688711166382,0.011559009552001953
22.803956985473633,155.38551330566406,5.00666556035867e-6,0.0,0.0,0.0,0.0,-0.9437848644965818,-0.0,0.0,3.7253571374075753,2.653928702218192,0.0,0.0,0.6715520024299622,0.0,0.0,0.0,2.4743974208831787,0.0,0.0,0.0,2.4743974208831787,0.0,2924.0,0.0,2.4743974208831787,0.7045844197273254,0.11199864745140076,0.007824510335922241
23.810169219970703,147.18946838378906,5.006515493732877e-6,0.0,0.0,0.0,0.0,-0.1632122998719332,-0.0,0.0,3.767428616115025,2.6959999084472654,0.0,0.0,0.5440409779548645,0.0,0.0,0.0,0.0,0.0,0.0,0.0,0.0,0.0,2925.0,0.0,0.0,0.5154442191123962,0.00027871131896972656,0.0861254334449768
23.615463256835938,146.5182342529297,5.0063654271070845e-6,0.0,0.0,0.0,0.0,-0.439531358093718,-0.0,0.0,3.812857164655413,2.7414285932268414,0.0,0.0,0.4523420035839081,0.0,0.0,0.0,1.012762465177131,0.0,0.0,0.0,1.012762465177131,0.0,2926.0,0.0,1.9168293476104736,0.16860464215278625,0.0019139349460601807,0.0031475722789764404
23.999984741210938,121.27919006347656,5.006215360481292e-6,0.0,0.0,0.0,0.0,-0.24990678826597446,-0.0,0.0,3.8332856859479634,2.7618571145193918,0.0,0.0,0.39737099409103394,0.0,0.0,0.0,0.43565160036087036,0.0,0.0,0.0,0.0,0.43565160036087036,2927.0,0.0,-0.43565160036087036,0.9474207758903503,0.0036143064498901367,0.22040072083473206
23.806306838989258,55.2621955871582,5.0060652938554995e-6,0.0,0.0,0.0,0.0,-0.894922792709778,-0.0,0.0,3.8373571940830775,2.765928486415318,0.0,0.0,0.34723401069641113,0.0,0.0,0.0,2.6358418464660645,0.0,0.0,0.0,0.0,2.6358418464660645,2928.0,0.0,-2.6358418464660645,0.7554603815078735,0.03035077452659607,0.7085860967636108
23.4298152923584,133.37185668945312,5.005915227229707e-6,0.0,0.0,0.0,0.0,-0.5594773961892674,-0.0,0.0,3.814857155936105,2.7434285845075337,0.0,0.0,0.27628400921821594,0.0,0.0,0.0,1.588640570640564,0.0,0.0,0.0,1.588640570640564,0.0,2929.0,0.0,1.588640570640564,0.11514425277709961,0.9741995930671692,2.086162567138672e-6
23.870983123779297,132.70062255859375,5.005765160603914e-6,0.0,0.0,0.0,0.0,-0.5082525127431747,-0.0,0.0,3.8107857840401786,2.739357212611607,0.0,0.0,0.24138900637626648,0.0,0.0,0.0,1.4527859687805176,0.0,0.0,0.0,1.4527859687805176,0.0,2930.0,0.0,1.4527859687805176,0.115142822265625,0.9741998910903931,2.086162567138672e-6
23.870983123779297,132.02938842773438,5.005615093978122e-6,0.0,0.0,0.0,0.0,-0.5515054191750446,-0.0,0.0,3.8007856913975306,2.7293572562081474,0.0,0.0,0.22142000496387482,0.0,0.0,0.0,1.6169313192367554,0.0,0.0,0.0,1.6169313192367554,0.0,2931.0,0.0,1.6169313192367554,0.11514806747436523,0.9741988182067871,2.086162567138672e-6
23.87097930908203,131.358154296875,5.005465027352329e-6,0.0,0.0,0.0,0.0,-0.644915502068022,-0.0,0.0,3.7862857546125137,2.7148570469447546,0.0,0.0,0.20653900504112244,0.0,0.0,0.0,1.9431792497634888,0.0,0.0,0.0,1.9431792497634888,0.0,2932.0,0.0,1.9431792497634888,0.11516121029853821,0.9741960763931274,2.086162567138672e-6
23.87096405029297,130.68692016601562,5.005314960726537e-6,0.0,0.0,0.0,0.0,-0.5007605394029824,-0.0,0.0,3.7747142791748045,2.7032857077462333,0.0,0.0,0.20070600509643555,0.0,0.0,0.0,1.4684957265853882,0.0,0.0,0.0,1.4684957265853882,0.0,2933.0,0.0,1.4684957265853882,0.11515721678733826,0.9741969108581543,2.086162567138672e-6
23.870969772338867,130.01568603515625,5.005164894100744e-6,0.0,0.0,0.0,0.0,-0.2122315535836039,-0.0,0.0,3.7646427971976144,2.693214362008231,0.0,0.0,0.21040700376033783,0.0,0.0,0.0,0.49703148007392883,0.0,0.0,0.0,0.0,0.49703148007392883,2934.0,0.0,-0.49703148007392883,0.5653543472290039,0.8428672552108765,0.006714373826980591
23.494993209838867,155.016357421875,5.005014827474952e-6,0.0,0.0,0.0,0.0,-0.44433776153341376,-0.0,0.0,3.755000059945243,2.6835713522774833,0.0,0.0,0.23887500166893005,0.0,0.0,0.0,1.242250811254464,0.0,0.0,0.0,1.242250811254464,0.0,2935.0,0.0,2.443336009979248,0.5653543472290039,0.8428672552108765,0.006714373826980591
23.999984741210938,146.81991577148438,5.004864760849159e-6,0.0,0.0,0.0,0.0,-0.17596117510243925,-0.0,0.0,3.7380713871547155,2.666642815726144,0.0,0.0,0.3436639904975891,0.0,0.0,0.0,0.24287323653697968,0.0,0.0,0.0,0.24287323653697968,0.0,2936.0,0.0,0.24287323653697968,0.5653543472290039,0.8428672552108765,0.006714373826980591
23.21432113647461,146.148681640625,5.004714694223367e-6,0.0,0.0,0.0,0.0,-0.6422395792771074,-0.0,0.0,3.7013571058000836,2.6299285343715124,0.018050000071525574,0.0,0.3750140070915222,0.0,0.0,0.0,1.7657845054311458,0.0,0.0,0.0,1.7657845054311458,0.0,2937.0,0.0,1.888676404953003,0.027776330709457397,0.022373676300048828,0.00020834803581237793
23.999984741210938,115.29011535644531,5.004564627597574e-6,0.0,0.0,0.0,0.0,-0.31618339592015465,-0.0,-0.01,3.6578571592058453,2.5864284515380858,0.40459901094436646,0.0,0.0,0.0,0.0,0.2974510192871094,1.0206112791784003,0.0,0.0,0.0,0.0,1.3180622984655097,2938.0,0.33440101146698,-4.024290084838867,0.6155241131782532,0.41024255752563477,0.011603742837905884
23.259239196777344,179.99807739257812,5.004414560971782e-6,0.0,0.0,0.0,0.0,-0.01,-0.0,-0.01,3.6350000381469725,2.5635713304792134,0.40960100293159485,0.0,0.0,1.4742101665821725,0.0,0.013652926028361748,0.0,0.0,0.0,0.0,0.0,0.013652926028361748,2939.0,1.619399070739746,-0.013652926310896873,0.9999755024909973,0.004941731691360474,1.0
22.761558532714844,179.99807739257812,1.4741709232330322,0.0,0.0,0.0,0.0,-0.01,-0.0,-0.01,3.6393571036202568,2.567928532191685,0.397381991147995,0.0,0.0,2.906666333393183,0.0,0.27323199984066787,0.0,0.0,0.0,0.0,0.0,0.27323199984066787,2940.0,3.4306180477142334,-0.27323201298713684,1.0,0.3602897524833679,1.0
22.446622848510742,179.99807739257812,4.380705833435059,0.0,0.0,0.0,0.0,-0.01,-0.0,-0.01,3.661000061035156,2.589571489606585,0.4110499918460846,0.0,0.0,0.7898800097656249,0.0,3.0,0.0,0.0,0.0,0.0,3.0,0.0,2941.0,4.027950286865234,3.0,1.0,0.9999997615814209,0.9775843620300293
23.718555450439453,179.32684326171875,5.170430660247803,0.0,0.0,0.0,0.0,-0.01,-0.0,-0.01,3.674714306422642,2.6032855987548826,0.5495479702949524,0.0,0.0,0.9101793694359829,0.0,2.1820474946638844,0.0,0.0,0.0,0.0,2.1820474946638844,0.0,2942.0,3.3034520149230957,2.9104485511779785,1.0,0.9999999403953552,0.02903348207473755
23.999984741210938,169.94989013671875,6.080427646636963,0.0,0.0,0.0,0.0,-0.01,-0.0,-0.01,3.6744286128452845,2.6030000414167134,0.4085429906845093,0.0,0.0,1.4240231645343047,0.0,1.3427220512769404,0.0,0.0,0.0,0.0,1.3427220512769404,0.0,2943.0,2.9644570350646973,2.558023691177368,1.0,0.9999998807907104,0.08139154314994812
23.999984741210938,160.71807861328125,7.504225730895996,0.0,0.0,0.0,0.0,-0.04409257642672469,-0.0,-0.01,3.6696428026471817,2.5982142312186105,0.42346900701522827,0.0,0.0,0.0,0.0,1.5610809326171875,0.11364191690669156,0.0,0.0,0.0,1.674722849523879,0.0,2944.0,1.6655309200286865,2.366976261138916,1.0,0.9999995231628418,0.046765923500061035
23.999984741210938,145.423583984375,7.504000663757324,0.0,0.0,0.0,0.0,-0.26576418237890725,-0.0,-0.01,3.646071379525321,2.5746429443359373,0.42931801080703735,0.0,0.0,0.0,0.0,0.33448201417922974,0.8525472407191739,0.0,0.0,0.0,1.1870292548984036,0.0,2945.0,0.3746820092201233,2.2895076274871826,1.0,1.0,0.004390060901641846
23.999984741210938,133.74832153320312,7.503775596618652,0.0,0.0,0.0,0.0,-0.01,-0.0,-0.01,3.5769286291939872,2.5054999215262277,0.0,0.5446749925613403,0.0,0.0,0.0,0.0,0.0,0.0,0.8711076873777751,0.0,0.8711076873777751,0.0,2946.0,-4.599999904632568,0.8711076974868774,1.0,0.9999999403953552,0.00043824315071105957
23.999984741210938,133.07708740234375,6.058917999267578,0.0,0.0,0.0,0.0,-0.01,-0.0,-0.01,3.5385714394705636,2.467142868041992,0.0,0.7178270220756531,0.0,0.0,0.0,0.0,0.0,0.0,1.3686236143112183,0.0,1.3686236143112183,0.0,2947.0,-4.599999904632568,1.3686236143112183,1.0,0.9972769021987915,0.00028571486473083496
23.986370086669922,132.40585327148438,3.9297690391540527,0.0,0.0,0.0,0.0,-0.01,-0.0,-0.01,3.535428537641253,2.4640001024518696,0.0,0.6715520024299622,0.0,0.0,0.0,0.0,0.0,0.0,0.0,0.0,0.0,0.0,2948.0,-3.9296512603759766,0.0,0.9516189098358154,2.3543834686279297e-6,8.025765419006348e-5
23.519500732421875,131.734619140625,3.2444145679473877,0.0,0.0,0.0,0.0,-0.01,-0.0,-0.01,3.511214338030134,2.4397857666015623,0.0,0.5440409779548645,0.0,0.0,0.0,0.0,0.0,0.0,0.0,0.0,0.0,0.0,2949.0,-3.2443172931671143,0.0,0.8945943713188171,1.5735626220703125e-5,1.6063451766967773e-5
22.961225509643555,131.06338500976562,2.689190149307251,0.0,0.0,0.0,0.0,-0.01,-0.0,-0.01,3.493857192993164,2.4224286215645927,0.0,0.4523420035839081,0.0,0.0,0.0,0.0,0.0,0.0,0.0,0.0,0.0,0.0,2950.0,-2.6891095638275146,0.0,0.43950656056404114,0.04634121060371399,1.0728836059570312e-5
22.22116470336914,130.39215087890625,2.2275497913360596,0.0,0.0,0.0,0.0,-0.1382996718657553,-0.0,-0.01,3.479142815726144,2.4077142442975727,0.0,0.39737099409103394,0.0,0.0,0.0,0.0,0.42766555589194866,0.0,1.785562192978901,0.0,2.2132277488708496,0.0,2951.0,-2.227483034133911,2.2132277488708496,0.11677256226539612,0.1846965253353119,1.8358230590820312e-5
22.636125564575195,122.19709014892578,6.698873039567843e-5,0.0,0.0,0.0,0.0,-0.4304900578852511,-0.0,0.0,3.44542852129255,2.373999949863979,0.0,0.0,0.34723401069641113,0.0,0.0,0.0,1.0877327919006348,0.0,0.0,0.0,0.0,1.0877327919006348,2952.0,0.0,-1.0877327919006348,0.5925419926643372,0.4304279685020447,0.008307069540023804
21.71428108215332,171.04876708984375,6.698672223137692e-5,0.0,0.0,0.0,0.0,-0.9828852418218137,-0.0,0.0,3.4060000828334265,2.334571511404855,0.0,0.0,0.27628400921821594,0.0,0.0,0.0,3.0,0.0,0.0,0.0,3.0,0.0,2953.0,0.0,3.0,0.5653543472290039,0.8428672552108765,0.006714373826980591
22.142837524414062,170.37753295898438,6.69847140670754e-5,0.0,0.0,0.0,0.0,-0.972416740553248,-0.0,0.0,3.383714348929269,2.3122857775006977,0.0,0.0,0.24138900637626648,0.0,0.0,0.0,3.0,0.0,0.0,0.0,3.0,0.0,2954.0,0.0,3.0,0.5653543472290039,0.8428672552108765,0.006714373826980591
22.925962448120117,169.706298828125,6.698270590277389e-5,0.0,0.0,0.0,0.0,-0.569540879410142,-0.0,0.0,3.36557137625558,2.294142804827009,0.0,0.0,0.22142000496387482,0.0,0.0,0.0,1.6770495176315308,0.0,0.0,0.0,1.6770495176315308,0.0,2955.0,0.0,1.6770495176315308,0.5653543472290039,0.8428672552108765,0.006714373826980591
23.21432113647461,169.03506469726562,6.698069773847237e-5,0.0,0.0,0.0,0.0,-0.39479234893291526,-0.0,0.0,3.354714202880859,2.283285631452288,0.0,0.0,0.20653900504112244,0.0,0.0,0.0,1.1094354391098022,0.0,0.0,0.0,1.1094354391098022,0.0,2956.0,0.0,1.1094354391098022,0.5653543472290039,0.8428672552108765,0.006714373826980591
23.21432113647461,168.36383056640625,6.697868957417086e-5,0.0,0.0,0.0,0.0,-0.3925824321342475,-0.0,0.0,3.359357234409877,2.287928662981306,0.0,0.0,0.20070600509643555,0.0,0.0,0.0,1.1079020500183105,0.0,0.0,0.0,1.1079020500183105,0.0,2957.0,0.0,1.1079020500183105,0.5653543472290039,0.8428672552108765,0.006714373826980591
23.21432113647461,167.69259643554688,6.697668140986934e-5,0.0,0.0,0.0,0.0,-0.17886366511836282,-0.0,0.0,3.364499991280692,2.2930714198521205,0.0,0.0,0.21040700376033783,0.0,0.0,0.0,0.3858051896095276,0.0,0.0,0.0,0.3858051896095276,0.0,2958.0,0.0,0.3858051896095276,0.5653543472290039,0.8428672552108765,0.006714373826980591
23.21432113647461,167.0213623046875,6.697467324556783e-5,0.0,0.0,0.0,0.0,-0.1874360188816393,-0.0,0.0,3.3635713849748883,2.292142813546317,0.0,0.0,0.23887500166893005,0.0,0.0,0.0,0.3859117031097412,0.0,0.0,0.0,0.3859117031097412,0.0,2959.0,0.0,0.3859117031097412,0.5653543472290039,0.8428672552108765,0.006714373826980591
23.21432113647461,166.35012817382812,6.697266508126631e-5,0.0,0.0,0.0,0.0,-0.5459366836522683,-0.0,0.0,3.342357036045619,2.270928464617048,0.0,0.0,0.3436639904975891,0.0,0.0,0.0,1.476124882698059,0.0,0.0,0.0,1.476124882698059,0.0,2960.0,0.0,1.476124882698059,0.5653543472290039,0.8428672552108765,0.006714373826980591
23.21432113647461,165.67889404296875,6.69706569169648e-5,0.0,0.0,0.0,0.0,-0.7526258272775465,-0.0,0.0,3.3377856663295202,2.2663570949009486,0.03894999995827675,0.0,0.35411399602890015,0.0,0.0,0.0,2.1546386618740474,0.0,0.0,0.0,0.0,2.1546386618740474,2961.0,0.0,-6.574102401733398,0.9999790191650391,0.000209808349609375,1.0
22.292476654052734,179.99807739257812,6.696864875266328e-5,0.0,0.0,0.0,0.0,-0.08005603903357421,-0.0,-0.01,3.3926429203578405,2.321214348929269,0.40459901094436646,0.0,0.0,0.0,0.0,0.0780009925365448,0.23352012083265816,0.0,0.0,0.0,0.0,0.31152111336920296,2962.0,0.10340100526809692,-4.463747978210449,0.9999712705612183,0.019709348678588867,1.0
21.3701171875,179.99807739257812,6.696664058836177e-5,0.0,0.0,0.0,0.0,-0.01,-0.0,-0.01,3.4568570818219864,2.385428510393415,0.40960100293159485,0.0,0.0,0.67999898494526,0.0,0.014672520929033926,0.0,0.0,0.0,0.0,0.0,0.014672520929033926,2963.0,0.7673990726470947,-3.436509847640991,0.9999860525131226,0.0059854984283447266,1.0
20.81184196472168,179.99807739257812,0.6800455451011658,0.0,0.0,0.0,0.0,-0.01,-0.0,-0.01,3.493785803658622,2.42235723223005,0.397381991147995,0.0,0.0,1.8568736516648288,0.0,0.014448839039004983,0.0,0.0,0.0,0.0,0.0,0.014448839039004983,2964.0,2.0306179523468018,-2.615633010864258,1.0,0.006825745105743408,1.0
20.404882431030273,179.99807739257812,2.5368430614471436,0.0,0.0,0.0,0.0,-0.01,-0.0,-0.01,3.544357109069824,2.472928673880441,0.4110499918460846,0.0,0.0,3.942229090169576,0.0,0.7371172904968262,0.0,0.0,0.0,0.0,0.0,0.7371172904968262,2965.0,4.599999904632568,-0.7371172904968262,1.0,0.7037258148193359,0.9999998807907104
20.180543899536133,179.99806213378906,6.478878021240234,0.0,0.0,0.0,0.0,-0.01,-0.0,-0.01,3.561571475437709,2.49014276776995,0.42574799060821533,0.0,0.0,3.240233453395092,0.0,0.7965418100357056,0.0,0.0,0.0,0.0,0.0,0.7965418100357056,2966.0,3.5211520195007324,-0.7965418100357056,1.0,0.9975599050521851,0.999991238117218
19.89594841003418,179.99667358398438,9.718819618225098,0.0,0.0,0.0,0.0,-0.05187793898097425,-0.0,-0.01,3.556499971662249,2.4850714002336773,0.4085429906845093,0.0,0.0,0.0,0.0,2.8604068756103516,0.13959312438964844,0.0,0.0,0.0,3.0,0.0,2967.0,0.28121039271354675,3.0,1.0,0.999997615814209,0.6591411828994751
21.119882583618164,179.325439453125,9.718527793884277,0.0,0.0,0.0,0.0,-0.3915157088246224,-0.0,-0.01,3.546285711015974,2.4748570033482142,0.42346900701522827,0.0,0.0,0.0,0.0,1.728281021118164,1.271718978881836,0.0,0.0,0.0,3.0,0.0,2968.0,0.28150221705436707,3.0,1.0,0.9999999403953552,0.43742653727531433
22.33922004699707,178.65420532226562,9.718235969543457,0.0,0.0,0.0,0.0,-0.7834354207291361,-0.0,-0.01,3.5196429116385324,2.4482143402099608,0.42931801080703735,0.0,0.0,0.0,0.0,0.4218820333480835,2.5781179666519165,0.0,0.0,0.0,3.0,0.0,2969.0,0.2817940413951874,3.0,1.0,1.0,0.01030510663986206
23.546567916870117,177.98297119140625,9.717944145202637,0.0,0.0,0.0,0.0,-0.01,-0.0,-0.01,3.4615001133510046,2.390071541922433,0.0,0.5446749925613403,0.0,0.0,0.0,0.0,0.0,0.0,1.5964302279683982,0.0,1.5964302279683982,0.0,2970.0,-4.599999904632568,1.617911696434021,3.737211227416992e-5,0.026596039533615112,0.021818608045578003
23.999984741210938,97.64892578125,7.532917022705078,0.0,0.0,0.0,0.0,-0.01,-0.0,-0.01,3.4149286542619977,2.3435000828334265,0.0,0.7178270220756531,0.0,0.0,0.0,0.0,0.0,0.0,1.4358452558517456,0.0,1.4358452558517456,0.0,2971.0,-4.599999904632568,1.4358452558517456,0.7740716338157654,0.1554204821586609,0.029065340757369995
23.995420455932617,89.18063354492188,5.335132122039795,0.0,0.0,0.0,0.0,-0.01,-0.0,-0.01,3.3913570949009486,2.3199285234723774,0.0,0.6715520024299622,0.0,0.0,0.0,0.0,0.0,0.0,0.0,0.0,0.0,0.0,2972.0,-4.599999904632568,0.0,1.0,8.046627044677734e-7,9.298324584960938e-6
23.982500076293945,88.50940704345703,4.649735450744629,0.0,0.0,0.0,0.0,-0.01,-0.0,-0.01,3.372714396885463,2.3012858254568918,0.0,0.5440409779548645,0.0,0.0,0.0,0.0,0.0,0.0,0.0,0.0,0.0,0.0,2973.0,-4.599999904632568,0.0,0.7924973368644714,0.0006924569606781006,0.0001474618911743164
23.424224853515625,87.83818054199219,4.09446907043457,0.0,0.0,0.0,0.0,-0.01,-0.0,-0.01,3.3629286084856305,2.2915000370570593,0.0,0.47366100549697876,0.0,0.0,0.0,0.0,0.0,0.0,0.0,0.0,0.0,0.0,2974.0,-4.094346523284912,0.0,0.695504903793335,0.005293846130371094,0.00016763806343078613
22.865949630737305,87.16695404052734,3.6110332012176514,0.0,0.0,0.0,0.0,-0.01,-0.0,-0.01,3.3559286390032086,2.2845000675746374,0.0,0.39737099409103394,0.0,0.0,0.0,0.0,0.0,0.0,1.279779314994812,0.0,1.279779314994812,0.0,2975.0,-3.6109249591827393,1.279779314994812,0.8797085285186768,0.0017152130603790283,0.0032175779342651367
23.315471649169922,76.58275604248047,1.8995983600616455,0.0,0.0,0.0,0.0,-0.01,-0.0,-0.01,3.3342856815883093,2.2628571101597377,0.0,0.35777899622917175,0.0,0.0,0.0,0.0,0.0,0.0,0.0,0.0,0.0,0.0,2976.0,-1.8995413780212402,0.0,1.0,0.08933377265930176,1.9073486328125e-6
22.938980102539062,75.91152954101562,1.5344717502593994,0.0,0.0,0.0,0.0,-0.01,-0.0,-0.01,3.314214379446847,2.242785808018276,0.0,0.32503798604011536,0.0,0.0,0.0,0.0,0.0,0.0,0.010653776116669178,0.0,0.010653776116669178,0.0,2977.0,-1.5344257354736328,0.010653776116669178,0.8668925762176514,0.6408463716506958,0.0033614039421081543
22.20421600341797,75.24030303955078,1.191893458366394,0.0,0.0,0.0,0.0,-0.01,-0.0,-0.01,3.3141427176339286,2.242714146205357,0.0,0.26541200280189514,0.0,0.0,0.0,0.0,0.0,0.0,0.7328500747680664,0.0,0.0,0.7328500747680664,2978.0,-1.1918576955795288,-0.7328500747680664,1.0,0.492684930562973,8.374452590942383e-6
21.82772445678711,106.08950805664062,0.17325350642204285,0.0,0.0,0.0,0.0,-0.559131850508216,-0.0,-0.01,3.323357118879046,2.251928547450474,0.0,0.1697833284997614,0.05163667646411341,0.0,0.0,0.0,1.778802752494812,0.0,0.0,0.0,1.778802752494812,0.0,2979.0,-0.1732483059167862,1.778802752494812,0.5653543472290039,0.8428672552108765,0.006714373826980591
21.974403381347656,97.89437103271484,5.215249984757975e-6,0.0,0.0,0.0,0.0,-0.9619617397372604,-0.0,0.0,3.326571546282087,2.2551429748535154,0.0,0.0,0.20653900504112244,0.0,0.0,0.0,3.0,0.0,0.0,0.0,3.0,0.0,2980.0,0.0,3.0,0.0,0.9999570846557617,0.9999780654907227
23.09486961364746,97.22314453125,5.21509355166927e-6,0.0,0.0,0.0,0.0,-0.46975892264679686,-0.0,0.0,3.3096430097307477,2.2382144383021765,0.0,0.0,0.20070600509643555,0.0,0.0,0.0,1.3651570081710815,0.0,0.0,0.0,1.3651570081710815,0.0,2981.0,0.0,1.3651570081710815,0.5653543472290039,0.8428672552108765,0.006714373826980591
23.21432113647461,96.55191802978516,5.214937118580565e-6,0.0,0.0,0.0,0.0,-0.2930253339022526,-0.0,0.0,3.2752142769949777,2.203785705566406,0.0,0.0,0.21040700376033783,0.0,0.0,0.0,0.7663440704345703,0.0,0.0,0.0,0.7663440704345703,0.0,2982.0,0.0,0.7663440704345703,0.5653543472290039,0.8428672552108765,0.006714373826980591
23.21432113647461,95.88069152832031,5.21478068549186e-6,0.0,0.0,0.0,0.0,-0.07166250334829094,-0.0,0.0,3.254571315220424,2.1831427437918527,0.0,0.0,0.23887500166893005,0.0,0.0,0.0,0.0,0.0,0.0,0.0,0.0,0.0,2983.0,0.0,0.0,0.6155155301094055,0.4103296101093292,0.011602640151977539
22.83782958984375,95.20946502685547,5.214624252403155e-6,0.0,0.0,0.0,0.0,-0.7167116640513224,-0.0,0.0,3.250071334838867,2.178642763410296,0.0,0.0,0.3436639904975891,0.0,0.0,0.0,2.045374794741613,0.0,0.0,0.0,0.0,2.045374794741613,2984.0,0.0,-2.8925929069519043,0.6155247092247009,0.4102367162704468,0.011603832244873047
22.46133804321289,179.99807739257812,5.21446781931445e-6,0.0,0.0,0.0,0.0,-0.15799679787940946,-0.0,0.0,3.243999971662249,2.1725714002336773,0.1472499966621399,0.0,0.2458139955997467,0.0,0.0,0.0,0.28084197640419006,0.0,0.0,0.0,0.0,0.28084197640419006,2985.0,0.0,-0.28084197640419006,0.9999701976776123,0.01999187469482422,1.0
21.721277236938477,179.99807739257812,5.214311386225745e-6,0.0,0.0,0.0,0.0,-0.01,-0.0,-0.01,3.2850714547293527,2.213642883300781,0.457179993391037,0.0,0.0,0.4958807517242576,0.0,1.201869249343872,0.0,0.0,0.0,0.0,0.0,1.201869249343872,2986.0,1.8218200206756592,-1.201869249343872,0.9977177381515503,0.012549549341201782,1.0
20.981216430664062,179.99807739257812,0.49587109684944153,0.0,0.0,0.0,0.0,-0.01,-0.0,-0.01,3.352000045776367,2.280571474347796,0.40960100293159485,0.0,0.0,1.5658914775438006,0.0,3.0,0.0,0.0,0.0,0.0,3.0,0.0,2987.0,4.599999904632568,3.0,0.9999897480010986,0.9922959208488464,0.9999935030937195
21.567771911621094,179.27203369140625,2.0617008209228516,0.0,0.0,0.0,0.0,0.10114386579282696,-0.0,-0.01,3.3992142813546318,2.32778570992606,0.397381991147995,0.0,0.0,4.599999904632568,1.2349317439989624,0.35230928659439087,0.0,0.0,0.0,0.0,0.0,0.35230928659439087,2988.0,4.599999904632568,-0.35230928659439087,0.9999577403068542,0.9995946884155273,0.9999052286148071
20.64592742919922,179.98291015625,6.661500930786133,0.0,0.0,0.0,0.0,0.05495940591004438,-0.0,-0.01,3.4577142987932477,2.3862857273646765,0.4110499918460846,0.0,0.0,3.226531505584717,0.7217711194170549,3.0,0.0,0.0,0.0,0.0,3.0,0.0,2989.0,3.226531505584717,3.0,0.9888002872467041,0.8921198844909668,0.9983721375465393
21.280054092407227,179.31167602539062,9.887736320495605,0.0,0.0,0.0,0.0,0.29988328088383936,-0.0,-0.01,3.4917858123779295,2.4203572409493583,0.42574799060821533,0.0,0.0,0.11226367950439453,3.443147291739226,3.0,0.0,0.0,0.0,0.0,3.0,0.0,2990.0,0.11229177564382553,3.0,0.9999998211860657,0.9994121789932251,0.9513063430786133
22.111297607421875,178.64044189453125,9.999700546264648,0.0,0.0,0.0,0.0,0.1969971527256283,-0.0,0.0,3.4996427263532364,2.428214154924665,0.4085429906845093,0.0,0.0,0.0,2.188857078552246,3.0,0.0,0.0,0.0,0.0,3.0,0.0,2991.0,0.00032945373095571995,3.0,1.0,0.9999943971633911,0.3828263282775879
22.946077346801758,177.96920776367188,9.999401092529297,0.0,0.0,0.0,0.0,-0.2575407130535723,-0.0,0.0,3.491357203892299,2.4199286324637277,0.42346900701522827,0.0,0.0,0.0,0.0,2.141530990600586,0.8584690093994141,0.0,0.0,0.0,3.0,0.0,2992.0,0.0006289074663072824,3.0,1.0,0.9999998211860657,0.06697946786880493
23.777128219604492,177.2979736328125,9.999101638793945,0.0,0.0,0.0,0.0,-0.5958931714775688,-0.0,0.0,3.46707147870745,2.3956429072788783,0.42931801080703735,0.0,0.0,0.0,0.0,0.21478193998336792,1.9863104926630086,0.0,0.0,0.0,2.2010924326463766,0.0,2993.0,0.000928361201658845,3.0550129413604736,1.0,0.9999999403953552,0.0337008535861969
23.999984741210938,165.7485809326172,9.998802185058594,0.0,0.0,0.0,0.0,-0.01,-0.0,-0.01,3.4098572867257255,2.338428715297154,0.0,0.5446749925613403,0.0,0.0,0.0,0.0,0.0,0.0,1.4469040518255425,0.0,1.4469040518255425,0.0,2994.0,-4.599999904632568,1.4469040632247925,1.0,1.0,0.005588114261627197
23.999984741210938,165.0773468017578,7.966340065002441,0.0,0.0,0.0,0.0,-0.01,-0.0,-0.01,3.336785670689174,2.2653570992606027,0.0,0.7313889861106873,0.0,0.0,0.0,0.0,0.0,0.0,1.478589520342581,0.0,1.478589520342581,0.0,2995.0,-4.599999904632568,3.189629077911377,1.0,0.9998376965522766,0.0009008347988128662
23.999984741210938,158.71566772460938,5.71108865737915,0.0,0.0,0.0,0.0,-0.01,-0.0,-0.01,3.2780000959123883,2.206571524483817,0.0,0.6715520024299622,0.0,0.0,0.0,0.0,0.0,0.0,1.874812224333851,0.0,1.874812224333851,0.0,2996.0,-4.599999904632568,3.211524248123169,0.9999999403953552,0.0013915300369262695,0.0005463063716888428
23.999984741210938,155.98953247070312,3.1126644611358643,0.0,0.0,0.0,0.0,-0.01,-0.0,-0.01,3.2359286172049386,2.164500045776367,0.0,0.5938349962234497,0.0,0.0,0.0,0.0,0.0,0.0,1.150161017558419,0.0,1.150161017558419,0.0,2997.0,-3.1125712394714355,3.072011709213257,0.9762595295906067,8.046627044677734e-7,0.0006415843963623047
23.999984741210938,147.622314453125,1.3330367803573608,0.0,0.0,0.0,0.0,-0.01,-0.0,-0.01,3.2128570556640623,2.141428484235491,0.0,0.4954180121421814,0.0,0.0,0.0,0.0,0.0,0.0,0.0,0.0,0.0,0.0,2998.0,-1.3329968452453613,0.0,0.9762600660324097,8.046627044677734e-7,0.0006415843963623047
23.62298011779785,146.95108032226562,0.8274834156036377,0.0,0.0,0.0,0.0,-0.5822583578822421,-0.0,-0.01,3.2069998604910714,2.1355712890625,0.0,0.39737099409103394,0.0,0.0,0.0,0.0,1.9075277838091296,0.0,0.41353835731941047,0.0,2.32106614112854,0.0,2999.0,-0.8274586200714111,2.32106614112854,0.7570414543151855,0.9999995231628418,4.172325134277344e-7
23.999982833862305,146.27984619140625,2.490911356289871e-5,0.0,0.0,0.0,0.0,-0.3376841381265372,-0.0,0.0,3.2245714460100445,2.1531428745814734,0.0,0.0,0.34723401069641113,0.0,0.0,0.0,0.7783797383308411,0.0,0.0,0.0,0.7783797383308411,0.0,3000.0,0.0,0.7783797383308411,0.7575842142105103,0.9999995231628418,4.172325134277344e-7
