Temp_FH,Vol_HW,Soc_B,T_FH_plus,T_FH_minus,V_HW_plus,V_HW_minus,rewards,comfort,rewART,COP_FH,COP_HW,PV_DE,B_DE,GR_DE,PV_B,PV_GR,PV_HP,GR_HP,GR_B,B_HP,B_GR,HP_FH,HP_HW,index,B,HP,B_tar,FH_tar,HW_tar
21.5,100.0,5.0,0.0,0.0,0.0,0.0,0.0,-0.0,0.0,3.608500017438616,2.5370714460100445,0.0,0.24138900637626648,0.0,0.0,0.0,0.0,0.0,0.0,0.0,0.0,0.0,0.0,2.0,-4.599999904632568,0.0,0.9656137228012085,0.4539615213871002,0.13361376523971558
21.12350845336914,99.32877349853516,4.753541946411133,0.0,0.0,0.0,0.0,0.0,-0.0,0.0,3.5983571461268835,2.526928438459124,0.0,0.22142000496387482,0.0,0.0,0.0,0.0,0.0,0.0,1.430933952331543,0.0,1.430933952331543,0.0,3.0,-4.599999904632568,1.430933952331543,0.9474681615829468,0.5038767457008362,0.194657564163208
21.51936912536621,98.65754699707031,3.0673744678497314,0.0,0.0,0.0,0.0,0.0,-0.0,0.0,3.587928581237793,2.5164998735700337,0.0,0.20653900504112244,0.0,0.0,0.0,0.0,0.0,0.0,0.0,0.0,0.0,0.0,4.0,-3.0672824382781982,0.0,0.9513042569160461,0.4219071865081787,0.2743939161300659
21.14287757873535,97.98632049560547,2.856534719467163,0.0,0.0,0.0,0.0,0.0,-0.0,0.0,3.5884999683925085,2.517071533203125,0.0,0.20070600509643555,0.0,0.0,0.0,0.0,0.0,0.0,0.0,0.0,0.0,0.0,5.0,-2.8564491271972656,0.0,0.890336811542511,0.3401753604412079,0.4520675539970398
20.58460235595703,97.31509399414062,2.651653289794922,0.0,0.0,0.0,0.0,0.0,-0.0,0.0,3.596142850603376,2.5247142791748045,0.0,0.21046000719070435,0.0,0.0,0.0,0.0,0.0,0.0,0.5958482623100281,0.0,0.0,0.5958482623100281,6.0,-2.651573896408081,-0.5958482623100281,0.49382179975509644,0.2818913459777832,0.6593508124351501
20.02632713317871,125.49421691894531,1.828834891319275,0.0,0.0,0.0,0.0,0.0,-0.0,0.0,3.6053571156093054,2.5339286804199217,0.0,0.2391349971294403,0.0,0.0,0.0,0.0,0.0,0.0,0.0,0.0,0.0,0.0,7.0,-1.8287800550460815,0.0,0.24062272906303406,0.16385364532470703,0.6397033333778381
19.46805191040039,124.82299041748047,1.5847721099853516,0.0,0.0,0.0,0.0,-0.5373729354047636,-0.0,0.0,3.6110713958740233,2.539642824445452,0.0,0.34427300095558167,0.0,0.0,0.0,0.0,1.7912430468382752,0.0,1.2087569531617248,0.0,3.0,0.0,8.0,-1.5847245454788208,3.0,0.05922785401344299,0.22663787007331848,0.5203397274017334
19.989404678344727,99.60789489746094,4.769642328028567e-5,0.0,0.0,0.0,0.0,-0.06599550509434948,-0.0,0.0,3.6317142214093887,2.5602857862200055,0.17384999990463257,0.0,0.2199850082397461,0.0,0.0,0.0,0.0,0.0,0.0,0.0,0.0,0.0,9.0,0.0,0.0,0.016044825315475464,0.024048954248428345,0.427084743976593
19.431129455566406,98.9366683959961,4.7694993554614484e-5,0.0,0.0,0.0,26.451446897415735,-27.144789703053362,-26.451446897415735,0.0,3.687928553989955,2.616499982561384,0.4058389961719513,0.0,0.0,0.0,0.0,0.3437109887599945,2.3111425936222076,0.0,0.0,0.0,2.654853582382202,0.0,10.0,0.0010793284745886922,2.654853582382202,0.00010970234870910645,0.34121376276016235,0.9541647434234619
20.706052780151367,-6.451447010040283,4.76935638289433e-5,0.0,0.0,0.0,0.0,-0.6668502238134622,-0.0,0.0,3.712499972752162,2.641071537562779,0.4112839996814728,0.0,0.0,0.0,0.0,0.7771660089492798,2.22283399105072,0.0,0.0,0.0,0.0,3.0,11.0,0.0006170959095470607,-3.0,6.347894668579102e-5,0.4545939862728119,0.9911267757415771
20.42142105102539,84.77667236328125,4.769213410327211e-5,0.0,0.0,0.0,0.0,-0.4162007497231457,-0.0,0.0,3.726785741533552,2.6553570338657924,0.399042010307312,0.0,0.0,0.0,0.0,1.3508579730987549,1.3873357772827148,0.0,0.0,0.0,2.7381937503814697,0.0,12.0,0.2814730107784271,2.7381937503814697,0.028149068355560303,0.4971446692943573,0.49749913811683655
21.485708236694336,84.1054458618164,4.769070437760092e-5,0.0,0.0,0.0,0.0,-0.315578425549603,-0.0,0.0,3.7375,2.6660714285714286,0.4126780033111572,0.0,0.0,0.0,0.0,1.9480719566345215,1.0519280433654785,0.0,0.0,0.0,3.0,0.0,13.0,2.072321891784668,3.0,0.3752235770225525,0.8880465030670166,0.6790986061096191
22.7006893157959,83.43421936035156,4.7689274651929736e-5,0.0,0.0,0.0,0.0,0.0,-0.0,0.0,3.7402142933436804,2.668785585675921,0.42735400795936584,0.0,0.0,1.323460982570083,0.0,0.8023754954338074,0.0,0.0,0.0,0.0,0.0,0.8023754954338074,14.0,2.2886459827423096,-0.8023754954338074,0.5768705606460571,0.9594892859458923,0.6019262075424194
22.506990432739258,116.30628204345703,1.3234690427780151,0.0,0.0,0.0,0.0,-0.09484055419129334,-0.0,0.0,3.733000019618443,2.661571448189872,0.4101420044898987,0.0,0.0,0.0,0.0,2.157708168029785,0.3161351680755615,0.0,0.0,0.0,2.4738433361053467,0.0,15.0,2.292858123779297,2.4738433361053467,0.8303561806678772,0.9760605692863464,0.3909209668636322
23.880287170410156,115.63505554199219,1.3234293460845947,0.0,0.0,0.0,0.0,0.0,-0.0,0.0,3.712071364266532,2.6406429290771483,0.42344900965690613,0.0,0.0,1.5345339835329241,0.0,0.0,0.0,0.0,0.0,0.0,0.0,0.0,16.0,1.670551061630249,0.0,0.980501651763916,0.97283935546875,0.28842830657958984
23.867366790771484,114.96382904052734,2.857877731323242,0.0,0.0,0.0,0.0,0.0,-0.0,0.0,3.6742856979370115,2.6028572627476283,0.42343100905418396,0.0,0.0,0.4713496115154072,0.0,0.0,0.0,0.0,0.0,0.0,0.0,0.0,17.0,0.5285689830780029,0.0,0.9913325309753418,0.9375718832015991,0.429286390542984
23.854446411132812,114.2926025390625,3.329127550125122,0.0,0.0,0.0,0.0,0.0,-0.0,0.0,3.6092143195016044,2.537785611833845,0.034199997782707214,0.49795401096343994,0.0,0.0,0.0,0.0,0.0,0.0,0.0,0.0,0.0,0.0,18.0,-3.3290276527404785,0.0,0.9985976219177246,0.6419593095779419,0.4390169382095337
23.84152603149414,113.62137603759766,2.8209266662597656,0.0,0.0,0.0,0.0,0.0,-0.0,0.0,3.5738571166992186,2.5024285452706474,0.0,0.7052639722824097,0.0,0.0,0.0,0.0,0.0,0.0,0.0,0.0,0.0,0.0,19.0,-2.8208420276641846,0.0,0.9957398176193237,0.28214019536972046,0.4875776767730713
23.434377670288086,102.40679168701172,2.1012065410614014,0.0,0.0,0.0,0.0,0.0,-0.0,0.0,3.561142866952079,2.4897141592843193,0.0,0.6709100008010864,0.0,0.0,0.0,0.0,0.0,0.0,0.0,0.0,0.0,0.0,20.0,-2.1011435985565186,0.0,0.9950895309448242,0.23506063222885132,0.3144508898258209
23.029518127441406,101.73556518554688,1.4165620803833008,0.0,0.0,0.0,0.0,0.0,-0.0,0.0,3.5514286041259764,2.480000032697405,0.0,0.5575230121612549,0.0,0.0,0.0,0.0,0.0,0.0,0.0,0.0,0.0,0.0,21.0,-1.4165196418762207,0.0,0.9603265523910522,0.340472936630249,0.29229801893234253
22.744606018066406,88.48600769042969,0.8476356267929077,0.0,0.0,0.0,0.0,0.0,-0.0,0.0,3.540857124328613,2.46942868913923,0.0,0.4691759943962097,0.0,0.0,0.0,0.0,0.0,0.0,0.0,0.0,0.0,0.0,22.0,-0.8476102352142334,0.0,0.7256684303283691,0.4873870313167572,0.3052828907966614
22.186330795288086,68.04656219482422,0.36887356638908386,0.0,0.0,0.0,0.0,-0.01407744192923103,-0.0,0.0,3.5229999814714703,2.451571546282087,0.0,0.3614852081558695,0.046924804566145895,0.0,0.0,0.0,0.0,0.0,0.0,0.0,0.0,0.0,23.0,-0.368862509727478,0.0,0.8116486072540283,0.6021983027458191,0.10734358429908752
21.809839248657227,67.37533569335938,1.1115933375549503e-5,0.0,0.0,0.0,0.0,-0.5853612327719215,-0.0,0.0,3.509571293422154,2.4381427219935827,0.0,0.0,0.3546009957790375,0.0,0.0,0.0,1.5966030359268188,0.0,0.0,0.0,0.0,1.5966030359268188,24.0,0.0,-1.5966030359268188,0.18290910124778748,0.6193752288818359,0.5571627616882324
21.251564025878906,109.14412689208984,1.1115600500488654e-5,0.0,0.0,0.0,0.0,-0.6270262937556215,-0.0,0.0,3.490357208251953,2.4189286368233818,0.0,0.0,0.27628400921821594,0.0,0.0,0.0,1.8138035535812378,0.0,0.0,0.0,1.8138035535812378,0.0,25.0,0.0,1.8138035535812378,0.43244627118110657,0.6012994647026062,0.4425886273384094
22.006481170654297,93.52086639404297,1.1115267625427805e-5,0.0,0.0,0.0,0.0,-0.07241670479046114,-0.0,0.0,3.464785657610212,2.3933570861816404,0.0,0.0,0.24138900637626648,0.0,0.0,0.0,0.0,0.0,0.0,0.0,0.0,0.0,26.0,0.0,0.0,0.8226821422576904,0.5728499293327332,0.17975765466690063
21.629989624023438,92.84963989257812,1.1114934750366956e-5,0.0,0.0,0.0,0.0,-0.6064759718964874,-0.0,0.0,3.446714346749442,2.3752857753208705,0.0,0.0,0.22142000496387482,0.0,0.0,0.0,1.8001664876937866,0.0,0.0,0.0,1.8001664876937866,0.0,27.0,0.0,1.8001664876937866,0.7873387336730957,0.600485622882843,0.2834087610244751
22.002412796020508,92.17841339111328,1.1114601875306107e-5,0.0,0.0,0.0,0.0,-0.061961703974473537,-0.0,0.0,3.417928641183036,2.3465000697544642,0.0,0.0,0.20653900504112244,0.0,0.0,0.0,0.0,0.0,0.0,0.0,0.0,0.0,28.0,0.0,0.0,0.9504357576370239,0.4258892834186554,0.4055424928665161
21.807706832885742,91.50718688964844,1.1114269000245258e-5,0.0,0.0,0.0,0.0,-0.2024715355027329,-0.0,0.0,3.404642868041992,2.333214296613421,0.0,0.0,0.20070600509643555,0.0,0.0,0.0,0.4741990864276886,0.0,0.0,0.0,0.0,0.4741990864276886,29.0,0.0,-0.4741990864276886,0.85845547914505,0.3048975169658661,0.5753535032272339
21.613000869750977,112.05464172363281,1.111393612518441e-5,0.0,0.0,0.0,0.0,-0.1751687208878483,-0.0,0.0,3.4029287065778457,2.3315001351492746,0.0,0.0,0.21046000719070435,0.0,0.0,0.0,0.37343570590019226,0.0,0.0,0.0,0.0,0.37343570590019226,30.0,0.0,-0.37343570590019226,0.8712037801742554,0.10763323307037354,0.6755183935165405
21.054725646972656,128.08102416992188,1.111360325012356e-5,0.0,0.0,0.0,0.0,-0.0717405019895434,-0.0,0.0,3.404928697858538,2.3335001264299664,0.0,0.0,0.2391349971294403,0.0,0.0,0.0,0.0,0.0,0.0,0.0,0.0,0.0,31.0,0.0,0.0,0.5737574696540833,0.057194024324417114,0.6533495783805847
20.496450424194336,127.40979766845703,1.1113270375062712e-5,0.0,0.0,0.0,0.0,-0.10328190439072849,-0.0,0.0,3.4093570164271765,2.337928444998605,0.0,0.0,0.34427300095558167,0.0,0.0,0.0,0.0,0.0,0.0,0.0,0.0,0.0,32.0,0.0,0.0,0.3842098116874695,0.02357664704322815,0.5482817888259888
19.756389617919922,126.73857116699219,1.1112937500001863e-5,0.0,0.0,0.0,0.0,0.03228769635078025,-0.0,0.0,3.4374285561697824,2.3659999847412108,0.39383500814437866,0.0,0.0,0.2046365588903427,0.358752153164276,0.0,0.0,0.0,0.0,0.0,0.0,0.0,33.0,0.2046365588903427,0.0,0.02046176791191101,0.09834414720535278,0.3520994186401367
19.379898071289062,126.06734466552734,0.20464153587818146,0.0,0.0,0.0,0.0,-0.1630467002807734,-0.0,0.0,3.550142914908273,2.4787142072405133,0.4058389961719513,0.0,0.0,0.0,0.0,2.4565110206604004,0.5434889793395996,0.0,0.0,0.0,3.0,0.0,34.0,0.10539580136537552,3.0,0.031000733375549316,0.40200427174568176,0.34243112802505493
20.600971221923828,125.3961181640625,0.2046353965997696,0.0,0.0,0.0,0.0,0.0,-0.0,0.0,3.6194999694824217,2.5480713980538505,0.4112839996814728,0.0,0.0,0.6453456241324602,0.0,3.0,0.0,0.0,0.0,0.0,3.0,0.0,35.0,2.4272024631500244,3.0,0.26318079233169556,0.8867348432540894,0.7603819370269775
22.0350399017334,97.01807403564453,0.8499555587768555,0.0,0.0,0.0,0.0,0.0,-0.0,0.0,3.675857080732073,2.60442864554269,0.544202983379364,0.0,0.0,4.159107305888881,0.0,1.2633100748062134,0.0,0.0,0.0,0.0,0.0,1.2633100748062134,36.0,4.599999904632568,-1.2633100748062134,0.8842693567276001,0.9343675374984741,0.8028380870819092
21.598241806030273,148.4521942138672,5.008912563323975,0.0,0.0,0.0,0.0,0.0,-0.0,0.0,3.7092142922537668,2.637785720825195,0.4423390030860901,0.0,0.0,2.792520977964614,0.0,3.0,0.0,0.0,0.0,0.0,3.0,0.0,37.0,4.599999904632568,3.0,0.9775530099868774,0.9756972789764404,0.5735394954681396
22.891557693481445,143.82884216308594,7.801199436187744,0.0,0.0,0.0,0.0,0.09504285900798747,-0.0,0.0,3.7312143325805662,2.659785624912807,0.42735400795936584,0.0,0.0,2.12158203125,1.0560316828295568,2.100184679031372,0.0,0.0,0.0,0.0,2.100184679031372,0.0,38.0,2.12158203125,2.100184679031372,0.9922751188278198,0.974662184715271,0.4974393844604492
23.873294830322266,138.93907165527344,9.922484397888184,0.0,0.0,0.0,0.0,0.4691073338971381,-0.0,0.0,3.749999945504325,2.6785713740757533,0.4101420044898987,0.0,0.0,0.0,5.2123032957315445,0.16590438783168793,0.0,0.0,0.0,0.0,0.0,0.16590438783168793,39.0,-4.599999904632568,-0.16590438783168793,0.9897720813751221,0.9544975757598877,0.7924512624740601
23.860374450683594,146.790283203125,9.922186851501465,0.0,0.0,0.0,0.0,0.2612051701784431,-0.0,0.0,3.7524999346051895,2.6810713631766183,0.42344900965690613,0.0,0.0,0.01733442023396492,2.9022794379969166,0.4223833382129669,0.0,0.0,0.0,0.0,0.4223833382129669,0.0,40.0,0.01733442023396492,0.4223833382129669,0.9939491152763367,0.9810830950737,0.7220854759216309
23.905399322509766,146.11904907226562,9.939223289489746,0.0,0.0,0.0,0.0,0.041025417429241734,-0.0,0.0,3.721285765511649,2.6498570578438896,0.42343100905418396,0.0,0.0,0.0,0.4558379352092743,0.46213093400001526,0.0,0.0,0.0,0.0,0.0,0.46213093400001526,41.0,-4.599999904632568,-0.46213093400001526,0.9478111267089844,0.98265540599823,0.8777010440826416
23.894460678100586,160.43023681640625,9.938925743103027,0.0,0.0,0.0,0.0,0.0,-0.0,0.0,3.638785716465541,2.56735714503697,0.09120000153779984,0.4409540295600891,0.0,0.0,0.0,0.0,0.0,0.0,0.0,0.0,0.0,0.0,42.0,-4.599999904632568,0.0,0.9996744394302368,0.748508632183075,0.7312222719192505
23.48748016357422,159.75900268554688,9.488688468933105,0.0,0.0,0.0,0.0,0.0,-0.0,0.0,3.60014283316476,2.5287142617361886,0.0,0.7052639722824097,0.0,0.0,0.0,0.0,0.0,0.0,0.0,0.0,0.0,0.0,43.0,-4.599999904632568,0.0,0.9997121095657349,0.229342520236969,0.5652551651000977
22.86925506591797,159.0877685546875,8.768768310546875,0.0,0.0,0.0,0.0,0.0,-0.0,0.0,3.582071386064802,2.5106429508754187,0.0,1.0569510459899902,0.0,0.0,0.0,0.0,0.0,0.0,0.0,0.0,0.0,0.0,44.0,-4.599999904632568,0.0,0.9964675903320312,0.259030818939209,0.7115113735198975
22.3111515045166,137.3531951904297,7.690016269683838,0.0,0.0,0.0,0.0,0.0,-0.0,0.0,3.5696428298950194,2.498214394705636,0.0,0.5575230121612549,0.0,0.0,0.0,0.0,0.0,0.0,0.0,0.0,0.0,0.0,45.0,-4.599999904632568,0.0,0.9956713914871216,0.3877284824848175,0.443464457988739
22.11744499206543,124.88610076904297,7.120901584625244,0.0,0.0,0.0,0.0,0.0,-0.0,0.0,3.553857203892299,2.4824286324637277,0.0,0.4691759943962097,0.0,0.0,0.0,0.0,0.0,0.0,0.0,0.0,0.0,0.0,46.0,-4.599999904632568,0.0,0.996147871017456,0.3565841019153595,0.2533860504627228
21.922739028930664,124.21487426757812,6.641951560974121,0.0,0.0,0.0,0.0,0.0,-0.0,0.0,3.534785761151995,2.4633570534842355,0.0,0.4084100127220154,0.0,0.0,0.0,0.0,0.0,0.0,0.0,0.0,0.0,0.0,47.0,-4.599999904632568,0.0,0.9771876335144043,0.29469531774520874,0.21652346849441528
21.364463806152344,113.19732666015625,6.225019931793213,0.0,0.0,0.0,0.0,0.0,-0.0,0.0,3.5165713991437637,2.4451429639543805,0.0,0.3546009957790375,0.0,0.0,0.0,0.0,0.0,0.0,0.0,0.0,0.0,0.0,48.0,-4.599999904632568,0.0,0.9556288719177246,0.47034087777137756,0.20709511637687683
20.987972259521484,103.765380859375,5.863006591796875,0.0,0.0,0.0,0.0,0.0,-0.0,0.0,3.5008571624755858,2.4294285910470146,0.0,0.27628400921821594,0.0,0.0,0.0,0.0,0.0,0.0,2.0043842792510986,0.0,2.0043842792510986,0.0,49.0,-4.599999904632568,2.0043842792510986,0.9411656856536865,0.496454119682312,0.1723012626171112
21.482255935668945,103.09415435791016,3.5356881618499756,0.0,0.0,0.0,0.0,0.0,-0.0,0.0,3.4950713566371374,2.423642785208566,0.0,0.24138900637626648,0.0,0.0,0.0,0.0,0.0,0.0,0.877609133720398,0.0,0.877609133720398,0.0,50.0,-3.5355820655822754,0.877609133720398,0.943225622177124,0.5131753087043762,0.17809519171714783
21.565860748291016,102.42292785644531,2.3937816619873047,0.0,0.0,0.0,0.0,0.0,-0.0,0.0,3.4862141745431083,2.4147856031145367,0.0,0.22142000496387482,0.0,0.0,0.0,0.0,0.0,0.0,0.0,0.0,0.0,0.0,51.0,-2.393709897994995,0.0,0.897243320941925,0.5017795562744141,0.22729814052581787
20.8257999420166,101.75170135498047,2.1677777767181396,0.0,0.0,0.0,0.0,-0.3246542413871377,-0.0,0.0,3.4810714176722937,2.409642846243722,0.0,0.20653900504112244,0.0,0.0,0.0,0.0,1.0821807616217924,0.0,1.9178192383782076,0.0,3.0,0.0,52.0,-2.167712688446045,3.0,0.8394747972488403,0.6108627319335938,0.42434075474739075
21.834007263183594,101.08047485351562,6.532366387546062e-5,0.0,0.0,0.0,0.0,-0.15700541762532438,-0.0,0.0,3.475642830984933,2.404214259556362,0.0,0.0,0.20070600509643555,0.0,0.0,0.0,0.322645366191864,0.0,0.0,0.0,0.0,0.322645366191864,53.0,0.0,-0.322645366191864,0.9217023849487305,0.2236698865890503,0.5955480933189392
21.09394645690918,115.28578186035156,6.532170664286241e-5,0.0,0.0,0.0,0.0,-0.20233828335357806,-0.0,0.0,3.468285642351423,2.3968570709228514,0.0,0.0,0.21046000719070435,0.0,0.0,0.0,0.4640009105205536,0.0,0.0,0.0,0.0,0.4640009105205536,54.0,0.0,-0.4640009105205536,0.7131410837173462,0.20129090547561646,0.7246572971343994
20.53567123413086,135.9432373046875,6.53197494102642e-5,0.0,0.0,0.0,0.0,-0.0717405019895434,-0.0,0.0,3.45471431187221,2.3832857404436383,0.0,0.0,0.2391349971294403,0.0,0.0,0.0,0.0,0.0,0.0,0.0,0.0,0.0,55.0,0.0,0.0,0.4904787540435791,0.08926013112068176,0.6925138831138611
19.795610427856445,135.27200317382812,6.531779217766598e-5,0.0,0.0,0.0,0.0,-0.10328190439072849,-0.0,0.0,3.4454999106270927,2.374071339198521,0.0,0.0,0.34427300095558167,0.0,0.0,0.0,0.0,0.0,0.0,0.0,0.0,0.0,56.0,0.0,0.0,0.0553613007068634,0.15447258949279785,0.4617970287799835
19.237335205078125,126.53924560546875,6.531583494506776e-5,0.0,0.0,0.0,0.0,-0.4283239594429311,-0.0,0.0,3.4707142421177455,2.3992856706891743,0.39383500814437866,0.0,0.0,0.0,0.0,0.11536496877670288,1.4277464747428894,0.0,0.0,0.0,1.5431114435195923,0.0,57.0,0.14216500520706177,1.5431114435195923,0.023945987224578857,0.09648603200912476,0.3041858673095703
19.48241424560547,125.8680191040039,6.531387771246955e-5,0.0,0.0,0.0,0.0,-0.44320172640489375,-0.0,0.0,3.5489286150251114,2.47750004359654,0.4058389961719513,0.0,0.0,0.0,0.0,1.5226609706878662,1.4773390293121338,0.0,0.0,0.0,3.0,0.0,58.0,0.11411235481500626,3.0,0.011414766311645508,0.3804364800453186,0.2980039119720459
20.702896118164062,110.8370361328125,6.531192047987133e-5,0.0,0.0,0.0,0.0,-0.05410022950570692,-0.0,0.0,3.58742858341762,2.5159998757498605,0.4112839996814728,0.0,0.0,0.0,0.0,2.8196659088134766,0.18033409118652344,0.0,0.0,0.0,3.0,0.0,59.0,1.1922366619110107,3.0,0.11922720074653625,0.7743110656738281,0.655417263507843
21.941707611083984,100.28189086914062,6.530996324727312e-5,0.0,0.0,0.0,0.0,0.0,-0.0,0.0,3.6272857666015623,2.555857195172991,0.399042010307312,0.0,0.0,1.6274447567111565,0.0,3.0,0.0,0.0,0.0,0.0,3.0,0.0,60.0,4.599999904632568,3.0,0.7328349351882935,0.926945686340332,0.785004198551178
23.13836097717285,92.27375793457031,1.627461314201355,0.0,0.0,0.0,0.0,0.09145775093037589,-0.0,0.0,3.683499962942941,2.6120713915143696,0.4126780033111572,0.0,0.0,4.599999904632568,1.0161971517996369,0.48164740204811096,0.0,0.0,0.0,0.0,0.0,0.48164740204811096,61.0,4.599999904632568,-0.48164740204811096,0.9833893775939941,0.9545096158981323,0.5983264446258545
22.732872009277344,115.73030853271484,6.227274417877197,0.0,0.0,0.0,0.0,0.06501099329128672,-0.0,0.0,3.739714295523507,2.6682855878557477,0.42735400795936584,0.0,0.0,3.754568099975586,0.7223443124964164,2.6656596660614014,0.0,0.0,0.0,0.0,2.6656596660614014,0.0,62.0,3.754568099975586,2.6656596660614014,0.9981812238693237,0.970343291759491,0.4311022162437439
23.851701736450195,115.05908203125,9.98154354095459,0.0,0.0,0.0,0.0,0.4628693078255081,-0.0,0.0,3.7727142878941127,2.7012857164655415,0.4101420044898987,0.0,0.0,0.0,5.142991900444031,1.4721161127090454,0.0,0.0,0.0,0.0,0.0,1.4721161127090454,63.0,-4.599999904632568,-1.4721161127090454,0.9966945648193359,0.9296488165855408,0.9518394470214844
23.748401641845703,172.29238891601562,9.981244087219238,0.0,0.0,0.0,0.0,0.454132774353643,-0.0,0.0,3.776071493966239,2.7046429225376674,0.42344900965690613,0.0,0.0,0.0,5.045919314026833,0.20308171212673187,0.0,0.0,0.0,0.0,0.20308171212673187,0.0,64.0,-4.599999904632568,0.20308171212673187,0.9956347942352295,0.9701046347618103,0.8139124512672424
23.850507736206055,171.62115478515625,9.980944633483887,0.0,0.0,0.0,0.0,0.23535108171709918,-0.0,0.0,3.7349286215645927,2.663500050136021,0.42343100905418396,0.0,0.0,0.0,2.6150118112564087,0.14690721035003662,0.0,0.0,0.0,0.0,0.14690721035003662,0.0,65.0,-4.599999904632568,0.14690721035003662,0.9896207451820374,0.9841791391372681,0.8747227787971497
23.920879364013672,170.94992065429688,9.980645179748535,0.0,0.0,0.0,0.0,0.0,-0.0,0.0,3.6094286237444195,2.5380000523158484,0.36195001006126404,0.1702040135860443,0.0,0.0,0.0,0.0,0.0,0.0,0.0,0.0,0.0,0.0,66.0,-4.599999904632568,0.0,0.9997462630271912,0.8156930208206177,0.7741845846176147
23.513898849487305,170.2786865234375,9.806674003601074,0.0,0.0,0.0,0.0,0.0,-0.0,0.0,3.568071447099958,2.4966427394321986,0.0,0.7052639722824097,0.0,0.0,0.0,0.0,0.0,0.0,0.0,0.0,0.0,0.0,67.0,-4.599999904632568,0.0,0.9997224807739258,0.31209027767181396,0.6467123031616211
23.017183303833008,169.60745239257812,9.08674430847168,0.0,0.0,0.0,0.0,0.0,-0.0,0.0,3.5732143402099608,2.5017857687813896,0.0,0.6709100008010864,0.0,0.0,0.0,0.0,0.0,0.0,0.0,0.0,0.0,0.0,68.0,-4.599999904632568,0.0,0.9987207651138306,0.2218226194381714,0.6113275289535522
22.459566116333008,160.82591247558594,8.401890754699707,0.0,0.0,0.0,0.0,0.0,-0.0,0.0,3.570857129778181,2.499428558349609,0.0,0.5575230121612549,0.0,0.0,0.0,0.0,0.0,0.0,0.0,0.0,0.0,0.0,69.0,-4.599999904632568,0.0,0.9943873882293701,0.1836492419242859,0.5351625084877014
21.720020294189453,147.5165252685547,7.832755088806152,0.0,0.0,0.0,0.0,0.0,-0.0,0.0,3.557499967302595,2.4860713958740233,0.0,0.4691759943962097,0.0,0.0,0.0,0.0,0.0,0.0,0.0,0.0,0.0,0.0,70.0,-4.599999904632568,0.0,0.9854222536087036,0.24267420172691345,0.40067756175994873
21.161745071411133,138.41339111328125,7.35378360748291,0.0,0.0,0.0,0.0,0.0,-0.0,0.0,3.5498570850917273,2.4784286499023436,0.0,0.4084100127220154,0.0,0.0,0.0,0.0,0.0,0.0,0.3891260623931885,0.0,0.3891260623931885,0.0,71.0,-4.599999904632568,0.3891260623931885,0.976845383644104,0.43485116958618164,0.33918219804763794
21.174240112304688,130.25794982910156,6.539775371551514,0.0,0.0,0.0,0.0,0.0,-0.0,0.0,3.543142809186663,2.4717142377580914,0.0,0.3546009957790375,0.0,0.0,0.0,0.0,0.0,0.0,0.0,0.0,0.0,0.0,72.0,-4.599999904632568,0.0,0.9679241180419922,0.3853873610496521,0.21845489740371704
20.797748565673828,129.5867156982422,6.177752494812012,0.0,0.0,0.0,0.0,0.0,-0.0,0.0,3.5308571679251535,2.459428460257394,0.0,0.27628400921821594,0.0,0.0,0.0,0.0,0.0,0.0,1.9143521785736084,0.0,1.9143521785736084,0.0,73.0,-4.599999904632568,1.9143521785736084,0.9241540431976318,0.45067670941352844,0.24017035961151123
21.253368377685547,128.9154815673828,3.942291259765625,0.0,0.0,0.0,0.0,0.0,-0.0,0.0,3.4987143925258093,2.4272858210972377,0.0,0.24138900637626648,0.0,0.0,0.0,0.0,0.0,0.0,0.0,0.0,0.0,0.0,74.0,-3.9421730041503906,0.0,0.9271092414855957,0.4426162540912628,0.2738155126571655
20.876876831054688,128.24424743652344,3.6958651542663574,0.0,0.0,0.0,0.0,0.0,-0.0,0.0,3.4707142421177455,2.3992856706891743,0.0,0.22142000496387482,0.0,0.0,0.0,0.0,0.0,0.0,1.8057857751846313,0.0,1.8057857751846313,0.0,75.0,-3.695754289627075,1.8057857751846313,0.9029392004013062,0.4881010949611664,0.35897475481033325
21.44049072265625,127.5730209350586,1.6272391080856323,0.0,0.0,0.0,0.0,0.0,-0.0,0.0,3.4590715135846817,2.3876429421561105,0.0,0.20653900504112244,0.0,0.0,0.0,0.0,0.0,0.0,0.0,0.0,0.0,0.0,76.0,-1.627190351486206,0.0,0.9100813865661621,0.4421546757221222,0.46326154470443726
20.88221549987793,126.90179443359375,1.4164425134658813,0.0,0.0,0.0,0.0,0.0,-0.0,0.0,3.4494998931884764,2.378071321759905,0.0,0.20070600509643555,0.0,0.0,0.0,0.0,0.0,0.0,1.1079738140106201,0.0,1.1079738140106201,0.0,77.0,-1.4164000749588013,1.1079738140106201,0.8480370044708252,0.41580674052238464,0.6272909045219421
21.079017639160156,126.2305679321289,0.08105254173278809,0.0,0.0,0.0,0.0,-0.10984414808145875,-0.0,0.0,3.443571308680943,2.372142737252372,0.0,0.07942910483098231,0.13103090235972203,0.0,0.0,0.0,0.23511624336242676,0.0,0.0,0.0,0.0,0.23511624336242676,78.0,-0.08105011284351349,-0.23511624336242676,0.7318058609962463,0.19327670335769653,0.7266086339950562
20.520742416381836,136.25546264648438,2.4362668682442745e-6,0.0,0.0,0.0,0.0,-0.0717405019895434,-0.0,0.0,3.451571546282087,2.3801429748535154,0.0,0.0,0.2391349971294403,0.0,0.0,0.0,0.0,0.0,0.0,0.0,0.0,0.0,79.0,0.0,0.0,0.22161513566970825,0.19484984874725342,0.6703344583511353
19.962467193603516,128.059326171875,2.4361938812944572e-6,0.0,0.0,0.0,0.0,-0.10328190439072849,-0.0,0.0,3.4532857077462333,2.3818571363176617,0.0,0.0,0.34427300095558167,0.0,0.0,0.0,0.0,0.0,0.0,0.0,0.0,0.0,80.0,0.0,0.0,0.2103753685951233,0.07695847749710083,0.5376510620117188
19.04062271118164,118.84483337402344,2.43612089434464e-6,0.0,0.0,0.0,0.0,-0.5584025902908074,-0.0,0.0,3.478142820085798,2.4067142486572264,0.39383500814437866,0.0,0.0,0.0,0.0,0.29206496477127075,1.8613418936729431,0.0,0.0,0.0,2.153406858444214,0.0,81.0,0.17618879675865173,2.153406858444214,0.01761612296104431,0.12116816639900208,0.2871823310852051
19.605825424194336,118.1736068725586,2.4360479073948227e-6,0.0,0.0,0.0,0.0,-0.24541169188069034,-0.0,0.0,3.5750000272478375,2.503571319580078,0.4058389961719513,0.0,0.0,0.0,0.0,2.1819610595703125,0.8180389404296875,0.0,0.0,0.0,3.0,0.0,82.0,0.21729245781898499,3.0,0.021726489067077637,0.43549755215644836,0.3808223307132721
20.838085174560547,105.55555725097656,2.4359749204450054e-6,0.0,0.0,0.0,0.0,0.0,-0.0,0.0,3.6807856695992607,2.6093572344098774,0.4112839996814728,0.0,0.0,0.24222283834774316,0.0,3.0,0.0,0.0,0.0,0.0,3.0,0.0,83.0,2.093998908996582,3.0,0.20939713716506958,0.8086878657341003,0.7259103059768677
21.9361629486084,71.4288330078125,0.242218017578125,0.0,0.0,0.0,0.0,0.0,-0.0,0.0,3.798214312962123,2.726785605294364,0.399042010307312,0.0,0.0,1.2458902220023447,0.0,2.2246413230895996,0.0,0.0,0.0,0.0,0.0,2.2246413230895996,84.0,2.658141851425171,-2.2246413230895996,0.2900329828262329,0.8740980625152588,0.8774555921554565
21.377887725830078,160.39096069335938,1.4880635738372803,0.0,0.0,0.0,0.0,0.0,-0.0,0.0,3.9153571265084404,2.843928691319057,0.4126780033111572,0.0,0.0,2.2285417036823674,0.0,3.0,0.0,0.0,0.0,0.0,3.0,0.0,85.0,4.599999904632568,3.0,0.7301344871520996,0.9612888097763062,0.7249895334243774
23.126876831054688,149.7894744873047,3.716493844985962,0.0,0.0,0.0,0.0,0.0,-0.0,0.0,3.9899285997663227,2.918500028337751,0.42735400795936584,0.0,0.0,4.293632934212837,0.0,1.5611381530761719,0.0,0.0,0.0,0.0,1.5611381530761719,0.0,86.0,4.599999904632568,1.5611381530761719,0.9904884099960327,0.9733019471168518,0.41190752387046814
23.86649513244629,149.1182403564453,8.009886741638184,0.0,0.0,0.0,0.0,0.25178242043933663,-0.0,0.0,4.002214241027832,2.9307858058384486,0.4101420044898987,0.0,0.0,0.8392481207847595,2.7975822269940984,0.0,0.0,0.0,0.0,0.0,0.0,0.0,87.0,0.8392481207847595,0.0,0.884910523891449,0.962069034576416,0.7752049565315247
23.853574752807617,148.44700622558594,8.848869323730469,0.0,0.0,0.0,0.0,0.11049699275668352,-0.0,0.0,3.9815000261579243,2.9100714547293527,0.42344900965690613,0.0,0.0,0.0,1.2277442663908005,0.20700664818286896,0.0,0.0,0.0,0.0,0.0,0.20700664818286896,88.0,-4.599999904632568,-0.20700664818286896,0.7294009327888489,0.9764860272407532,0.8708162307739258
23.840654373168945,159.32867431640625,8.848604202270508,0.0,0.0,0.0,0.0,0.008003202163880833,-0.0,0.0,3.924214308602469,2.85278560093471,0.42343100905418396,0.0,0.0,0.29552027583122253,0.08892446142048344,0.09334322065114975,0.0,0.0,0.0,0.0,0.0,0.09334322065114975,89.0,0.29552027583122253,-0.09334322065114975,0.9144093990325928,0.9795517921447754,0.8985389471054077
23.827733993530273,163.76431274414062,9.143850326538086,0.0,0.0,0.0,0.0,0.0,-0.0,0.0,3.819571440560477,2.7481427328927177,0.07124999910593033,0.4609040319919586,0.0,0.0,0.0,0.0,0.0,0.0,0.0,0.0,0.0,0.0,90.0,-4.599999904632568,0.0,0.9993496537208557,0.727453887462616,0.7588413953781128
23.451242446899414,163.09307861328125,8.673279762268066,0.0,0.0,0.0,0.0,0.0,-0.0,0.0,3.7734999792916435,2.7020715441022602,0.0,0.7052639722824097,0.0,0.0,0.0,0.0,0.0,0.0,0.0,0.0,0.0,0.0,91.0,-4.599999904632568,0.0,0.9992157220840454,0.2661164402961731,0.6239520311355591
22.892967224121094,154.4583740234375,7.9533843994140625,0.0,0.0,0.0,0.0,0.0,-0.0,0.0,3.7483571733747207,2.6769286019461496,0.0,0.6709100008010864,0.0,0.0,0.0,0.0,0.0,0.0,0.0,0.0,0.0,0.0,92.0,-4.599999904632568,0.0,0.9967015981674194,0.2935793399810791,0.5786125659942627
22.515962600708008,138.0167236328125,7.268564224243164,0.0,0.0,0.0,0.0,0.0,-0.0,0.0,3.72478575025286,2.6533570425851005,0.0,0.5575230121612549,0.0,0.0,0.0,0.0,0.0,0.0,0.0,0.0,0.0,0.0,93.0,-4.599999904632568,0.0,0.9525555372238159,0.45918023586273193,0.5384874939918518
22.140491485595703,90.26695251464844,6.699462413787842,0.0,0.0,0.0,0.0,0.0,-0.0,0.0,3.701571410042899,2.6301429748535154,0.0,0.4691759943962097,0.0,0.0,0.0,0.0,0.0,0.0,0.0,0.0,0.0,0.0,94.0,-4.599999904632568,0.0,0.9946044683456421,0.261483371257782,0.10534939169883728
21.582216262817383,89.5957260131836,6.220524787902832,0.0,0.0,0.0,0.0,0.0,-0.0,0.0,3.7003571101597377,2.6289285387311665,0.0,0.4084100127220154,0.0,0.0,0.0,0.0,0.0,0.0,0.0,0.0,0.0,0.0,95.0,-4.599999904632568,0.0,0.9725358486175537,0.4365827441215515,0.1524764597415924
21.205724716186523,79.7840347290039,5.803606033325195,0.0,0.0,0.0,0.0,0.0,-0.0,0.0,3.6978571210588727,2.6264285496303015,0.0,0.3546009957790375,0.0,0.0,0.0,0.0,0.0,0.0,2.0357871055603027,0.0,0.0,2.0357871055603027,96.0,-4.599999904632568,-2.0357871055603027,0.0996747612953186,0.6951795220375061,0.6912212371826172
21.011018753051758,130.59347534179688,3.3643336296081543,0.0,0.0,0.0,0.0,0.0,-0.0,0.0,3.6876428604125975,2.6162141527448384,0.0,0.27628400921821594,0.0,0.0,0.0,0.0,0.0,0.0,0.7431545257568359,0.0,0.7431545257568359,0.0,97.0,-3.3642327785491943,0.7431545257568359,0.8597305417060852,0.40912315249443054,0.30793434381484985
21.04560089111328,129.9222412109375,2.3240206241607666,0.0,0.0,0.0,0.0,0.0,-0.0,0.0,3.6634285245622906,2.5920000893729074,0.0,0.24138900637626648,0.0,0.0,0.0,0.0,0.0,0.0,2.000889778137207,0.0,2.000889778137207,0.0,98.0,-2.323951005935669,2.000889778137207,0.6038796305656433,0.48101451992988586,0.3589656352996826
21.405057907104492,129.25100708007812,0.03598001226782799,0.0,0.0,0.0,0.0,-0.05584819860924207,-0.0,0.0,3.649285670689174,2.5778570992606027,0.0,0.03525935033042771,0.1861606546334471,0.0,0.0,0.0,0.0,0.0,0.0,0.0,0.0,0.0,99.0,-0.035978931933641434,0.0,0.8353456854820251,0.3045007884502411,0.40420982241630554
21.210351943969727,128.57977294921875,1.0840269624168286e-6,0.0,0.0,0.0,0.0,-0.061961703974473537,-0.0,0.0,3.6642143521990094,2.59278564453125,0.0,0.0,0.20653900504112244,0.0,0.0,0.0,0.0,0.0,0.0,0.0,0.0,0.0,100.0,0.0,0.0,0.9030457735061646,0.1952863335609436,0.4698086678981781
21.197431564331055,127.9085464477539,1.0839944479812402e-6,0.0,0.0,0.0,0.0,-0.06021180392153269,-0.0,0.0,3.7036429268973214,2.63221435546875,0.0,0.0,0.20070600509643555,0.0,0.0,0.0,0.0,0.0,0.0,0.0,0.0,0.0,101.0,0.0,0.0,0.7866575717926025,0.28093981742858887,0.6308872699737549
20.639156341552734,127.23731994628906,1.0839619335456518e-6,0.0,0.0,0.0,0.0,-0.10626139616018104,-0.0,0.0,3.7356427873883926,2.6642142159598214,0.0,0.0,0.21046000719070435,0.0,0.0,0.0,0.14374463260173798,0.0,0.0,0.0,0.0,0.14374463260173798,102.0,0.0,-0.14374463260173798,0.49891233444213867,0.2033756673336029,0.7119534015655518
20.080881118774414,133.91061401367188,1.0839294191100635e-6,0.0,0.0,0.0,0.0,-0.0717405019895434,-0.0,0.0,3.7397856848580497,2.6683572496686665,0.0,0.0,0.2391349971294403,0.0,0.0,0.0,0.0,0.0,0.0,0.0,0.0,0.0,103.0,0.0,0.0,0.09127697348594666,0.14108192920684814,0.6024524569511414
19.704389572143555,133.2393798828125,1.083896904674475e-6,0.0,0.3992402642967221,0.0,0.0,-0.5025221686874506,-0.3992402642967221,0.0,3.708428600856236,2.6369998931884764,0.0,0.0,0.34427300095558167,0.0,0.0,0.0,0.0,0.0,0.0,0.0,0.0,0.0,104.0,0.0,0.0,0.2894446849822998,0.03395971655845642,0.5454016923904419
18.600759506225586,132.56814575195312,1.0838643902388867e-6,0.0,0.0,0.0,0.0,-1.0033305417827965,-0.0,0.0,3.6504999705723353,2.579071535382952,0.049400001764297485,0.0,0.3444350063800812,0.0,0.0,0.0,3.0,0.0,0.0,0.0,3.0,0.0,105.0,0.0,3.0,0.007748007774353027,0.22593587636947632,0.2598932385444641
19.866992950439453,131.89691162109375,1.0838318758032983e-6,0.0,0.0,0.0,0.0,-0.006326696528065057,-0.0,0.0,3.605857113429478,2.534428678240095,0.38475000858306885,0.0,0.021088987588882446,0.0,0.0,0.0,0.0,0.0,0.0,0.0,0.0,0.0,106.0,0.0,0.0,0.004873514175415039,0.1080096960067749,0.30971506237983704
19.672286987304688,131.22567749023438,1.08379936136771e-6,0.0,0.0,0.0,0.0,-0.4129238769580468,-0.0,0.0,3.5843570709228514,2.51292849949428,0.4567109942436218,0.0,0.0,0.0,0.0,0.4011390209197998,1.3764128684997559,0.0,0.0,0.0,1.7775518894195557,0.0,107.0,0.08721353113651276,1.7775518894195557,0.00871846079826355,0.2503035068511963,0.22826972603797913
20.251502990722656,121.64418029785156,1.0837668469321216e-6,0.0,0.0,0.0,0.0,-0.11302189083981062,-0.0,0.0,3.586928585597447,2.5154998779296873,0.399042010307312,0.0,0.0,0.0,0.0,1.0373579263687134,0.37673962116241455,0.0,0.0,0.0,1.414097547531128,0.0,108.0,1.1098254919052124,1.414097547531128,0.11097964644432068,0.29081666469573975,0.2984592616558075
20.45406723022461,120.97295379638672,1.0837343324965332e-6,0.0,0.0,0.0,0.0,-0.4891434267816308,-0.0,0.0,3.596142850603376,2.5247142791748045,0.4126780033111572,0.0,0.0,0.0,0.0,1.369521975517273,1.630478024482727,0.0,0.0,0.0,3.0,0.0,109.0,1.4633220434188843,3.0,0.5898033976554871,0.49438613653182983,0.4415053725242615
21.332271575927734,120.30172729492188,1.0837018180609448e-6,0.0,0.0,0.0,0.0,-0.5391462421077975,-0.0,0.0,3.5923571722848076,2.520928464617048,0.42735400795936584,0.0,0.0,0.0,0.0,1.2028459310531616,1.7971540689468384,0.0,0.0,0.0,3.0,0.0,110.0,1.2886459827423096,3.0,0.7651327848434448,0.8855007290840149,0.5702605247497559
22.572341918945312,119.63050079345703,1.0836693036253564e-6,0.0,0.0,0.0,0.0,-0.34992527564069675,-0.0,0.0,3.570571436200823,2.4991427285330636,0.4101420044898987,0.0,0.0,0.0,0.0,0.6766579747200012,1.1664175391197205,0.0,0.0,0.0,1.8430755138397217,0.0,111.0,0.733858048915863,1.8430755138397217,0.953619658946991,0.8365981578826904,0.6188618540763855
23.18297576904297,115.18592071533203,1.083636789189768e-6,0.0,0.0,0.0,0.0,-0.027559993766148594,-0.0,0.0,3.546500015258789,2.4750714438302177,0.42344900965690613,0.0,0.0,0.0,0.0,0.3080509603023529,0.0918666422367096,0.0,0.0,0.0,0.0,0.3999176025390625,112.0,0.34655097126960754,-0.3999176025390625,0.9876962900161743,0.5799967050552368,0.6859311461448669
22.62470054626465,129.7470703125,1.0836042747541796e-6,0.0,0.0,0.0,0.0,0.0,-0.0,0.0,3.5285714830671036,2.4571429116385324,0.42343100905418396,0.0,0.0,0.0440005406360342,0.0,0.16627046465873718,0.0,0.0,0.0,0.0,0.0,0.16627046465873718,113.0,0.24456897377967834,-0.16627046465873718,0.9743242263793945,0.5350573658943176,0.7307057976722717
22.24820899963379,136.9110107421875,0.044000305235385895,0.0,0.0,0.0,0.0,-0.5142932360403681,-0.0,0.0,3.5024285452706474,2.430999973842076,0.09404999762773514,0.043119000290612775,0.7040349971306519,0.0,0.0,0.0,1.0102757215499878,0.0,0.0,0.0,0.0,1.0102757215499878,114.0,-0.04399898648262024,-1.0102757215499878,0.8057354688644409,0.31733784079551697,0.9151398539543152
21.87171745300293,166.4204559326172,1.3261635558592388e-6,0.0,0.0,0.0,0.0,-0.5794581285897138,-0.0,0.0,3.4852141789027624,2.413785607474191,0.0,0.0,1.2256369590759277,0.0,0.0,0.0,0.7058900594711304,0.0,0.0,0.0,0.0,0.7058900594711304,115.0,0.0,-0.7058900594711304,0.4548594057559967,0.32646510004997253,0.9776958227157593
21.222034454345703,176.42941284179688,1.3261237654660363e-6,0.0,0.0,0.0,0.0,-0.20127300823819638,-0.0,0.0,3.474142837524414,2.4027142660958427,0.0,0.0,0.6709100008010864,0.0,0.0,0.0,0.0,0.0,0.0,0.0,0.0,0.0,116.0,0.0,0.0,0.42207932472229004,0.2322654128074646,0.9580341577529907
20.66427230834961,175.7581787109375,1.3260839750728337e-6,0.0,0.0,0.0,0.0,-0.16725691029456868,-0.0,0.0,3.4600001198904855,2.388571548461914,0.0,0.0,0.5575230121612549,0.0,0.0,0.0,0.0,0.0,0.0,0.0,0.0,0.0,117.0,0.0,0.0,0.18563735485076904,0.3148346543312073,0.943531334400177
20.10599708557129,175.08694458007812,1.3260441846796311e-6,0.0,0.0,0.0,0.0,-1.0407528396746635,-0.0,0.0,3.436928558349609,2.365499986921038,0.0,0.0,0.4691759943962097,0.0,0.0,0.0,3.0,0.0,0.0,0.0,3.0,0.0,118.0,0.0,3.0,0.05622151494026184,0.39338088035583496,0.9471505880355835
20.730770111083984,174.41571044921875,1.3260043942864286e-6,0.0,0.0,0.0,0.0,-0.7887124434595272,-0.0,0.0,3.4022142682756695,2.3307856968470984,0.0,0.0,0.4084100127220154,0.0,0.0,0.0,2.2206313610076904,0.0,0.0,0.0,2.2206313610076904,0.0,119.0,0.0,2.2206313610076904,0.06497424840927124,0.38843974471092224,0.9102722406387329
20.942184448242188,173.74447631835938,1.325964603893226e-6,0.0,0.0,0.0,0.0,-0.6612353855862363,-0.0,0.0,3.358785574776786,2.2873570033482142,0.0,0.0,0.3546009957790375,0.0,0.0,0.0,1.8495168685913086,0.0,0.0,0.0,1.8495168685913086,0.0,120.0,0.0,1.8495168685913086,0.06788253784179688,0.42679181694984436,0.8957341909408569
21.133943557739258,164.12806701660156,1.3259248135000234e-6,0.0,0.0,0.0,0.0,-0.7264438053545863,-0.0,0.0,3.319571576799665,2.2481430053710936,0.0,0.0,0.27628400921821594,0.0,0.0,0.0,2.145195245742798,0.0,0.0,0.0,2.145195245742798,0.0,121.0,0.0,2.145195245742798,0.17365777492523193,0.45605674386024475,0.8288520574569702
21.2802677154541,163.4568328857422,1.3258850231068209e-6,0.0,0.0,0.0,0.0,-0.7847719653356844,-0.0,0.0,3.283142852783203,2.2117142813546318,0.0,0.0,0.24138900637626648,0.0,0.0,0.0,2.3745174407958984,0.0,0.0,0.0,2.3745174407958984,0.0,122.0,0.0,2.3745174407958984,0.18553763628005981,0.46920716762542725,0.8210523724555969
21.346019744873047,162.7855987548828,1.3258452327136183e-6,0.0,0.0,0.0,0.0,-0.753329889608616,-0.0,0.0,3.24985716683524,2.1784285954066687,0.0,0.0,0.22142000496387482,0.0,0.0,0.0,2.289679527282715,0.0,0.0,0.0,2.289679527282715,0.0,123.0,0.0,2.289679527282715,0.415454626083374,0.508072018623352,0.8270499110221863
21.54034423828125,162.11436462402344,1.3258054423204158e-6,0.0,0.0,0.0,0.0,-0.061961703974473537,-0.0,0.0,3.224142837524414,2.1527142660958427,0.0,0.0,0.20653900504112244,0.0,0.0,0.0,0.0,0.0,0.0,0.0,0.0,0.0,124.0,0.0,0.0,0.6763319373130798,0.4442009925842285,0.8421030044555664
20.618499755859375,161.44313049316406,1.3257656519272132e-6,0.0,0.0,0.0,0.0,-0.9602118396843196,-0.0,0.0,3.209999847412109,2.138571275983538,0.0,0.0,0.20070600509643555,0.0,0.0,0.0,3.0,0.0,0.0,0.0,3.0,0.0,125.0,0.0,3.0,0.49465760588645935,0.5948362350463867,0.8903234004974365
21.141155242919922,160.7718963623047,1.3257258615340106e-6,0.0,0.0,0.0,0.0,-0.0631380046660901,-0.0,0.0,3.214285659790039,2.1428570883614677,0.0,0.0,0.21046000719070435,0.0,0.0,0.0,0.0,0.0,0.0,0.0,0.0,0.0,126.0,0.0,0.0,0.7693057656288147,0.15170085430145264,0.8466097712516785
20.219310760498047,160.1006622314453,1.325686071140808e-6,0.0,0.0,0.0,0.0,-0.0717405019895434,-0.0,0.0,3.2247142246791296,2.153285653250558,0.0,0.0,0.2391349971294403,0.0,0.0,0.0,0.0,0.0,0.0,0.0,0.0,0.0,127.0,0.0,0.0,0.5007128119468689,0.16454729437828064,0.7681773900985718
19.297466278076172,159.42942810058594,1.3256462807476055e-6,0.0,0.0,0.0,0.0,-1.0032819401535154,-0.0,0.0,3.2389286041259764,2.167500032697405,0.0,0.0,0.34427300095558167,0.0,0.0,0.0,3.0,0.0,0.0,0.0,3.0,0.0,128.0,0.0,3.0,0.10935747623443604,0.3223840594291687,0.48807284235954285
20.014923095703125,149.31004333496094,1.325606490354403e-6,0.0,0.0,0.0,0.0,0.0,-0.0,0.0,3.2657857077462333,2.1943571363176617,0.39383500814437866,0.0,0.0,0.0637146896603582,0.0,0.0,0.0,0.0,0.0,0.0,0.0,0.0,129.0,0.08916500210762024,0.0,0.22978746891021729,0.027293086051940918,0.3927779793739319
19.27486228942871,148.63880920410156,0.06371410191059113,0.0,0.6469827192314455,0.0,0.0,-0.6469827192314455,-0.6469827192314455,0.0,3.3161427089146205,2.2447141374860493,0.4058389961719513,0.0,0.0,0.8768168143217281,0.0,0.0,0.0,0.0,0.0,0.0,0.0,0.0,130.0,0.9631609916687012,0.0,0.14689743518829346,0.043214768171310425,0.2564656138420105
18.353017807006836,147.9675750732422,0.9405027031898499,0.0,0.0,0.0,0.0,-0.40641484455214005,-0.0,0.0,3.3570714133126396,2.285642841884068,1.2514309883117676,0.0,0.0,0.0,0.0,0.7236189842224121,1.3547160946755525,0.0,0.9216649211020354,0.0,3.0,0.0,131.0,-0.9404745101928711,3.0,0.08457764983177185,0.7077767848968506,0.190424382686615
19.123640060424805,108.07563781738281,2.831135680025909e-5,0.0,0.0,0.0,0.0,-0.4432478961645714,-0.0,0.0,3.3955715179443358,2.3241429465157646,0.47059300541877747,0.0,0.0,0.0,0.0,1.5225070714950562,1.4774929285049438,0.0,0.0,0.0,3.0,0.0,132.0,0.3885226547718048,3.0,0.03885209560394287,0.7658346891403198,0.33513206243515015
20.275156021118164,52.85691833496094,2.8310507332207635e-5,0.0,0.0,0.0,0.0,0.0,-0.0,0.0,3.43499995640346,2.3635713849748883,0.5296559929847717,0.0,0.0,0.3558822176579497,0.0,2.051248788833618,0.0,0.0,0.0,0.0,0.0,2.051248788833618,133.0,2.030283212661743,-2.051248788833618,0.20302814245224,0.8158016800880432,0.6649079322814941
19.716880798339844,126.38335418701172,0.3558998703956604,0.0,0.0,0.0,0.0,-0.1079412503219146,-0.0,0.0,3.4683570316859655,2.396928460257394,0.42735400795936584,0.0,0.0,0.0,0.0,2.640195846557617,0.3598041534423828,0.0,0.0,0.0,3.0,0.0,134.0,2.8016459941864014,3.0,0.3481995463371277,0.8420577049255371,0.7839617729187012
20.90114974975586,56.06158447265625,0.3558892011642456,0.0,0.0,0.0,0.0,-0.2506925682502015,-0.0,0.0,3.490499986921038,2.4190714154924664,0.4101420044898987,0.0,0.0,0.0,0.0,2.164358139038086,0.8356418609619141,0.0,0.0,0.0,0.0,3.0,135.0,2.2998580932617188,-3.0,0.5745198726654053,0.8338263630867004,0.930551290512085
20.161088943481445,144.47039794921875,0.3558785319328308,0.0,0.0,0.0,0.0,-0.5188797560882463,-0.0,0.0,3.4974285670689174,2.425999995640346,0.42344900965690613,0.0,0.0,0.0,0.0,1.270400881767273,1.729599118232727,0.0,0.0,0.0,3.0,0.0,136.0,1.359550952911377,3.0,0.5965792536735535,0.8246042132377625,0.9151322841644287
20.813087463378906,116.2286148071289,0.355867862701416,0.0,0.0,0.0,0.0,-0.36755962938307185,-0.0,0.0,3.4846427917480467,2.4132142203194755,0.42343100905418396,0.0,0.0,0.0,0.0,0.13801899552345276,1.2251987159252167,0.0,0.0,0.0,0.0,1.3632177114486694,137.0,0.16756901144981384,-1.3632177114486694,0.7488577365875244,0.4488643407821655,0.9384514093399048
20.072513580322266,170.1503143310547,0.3558571934700012,0.0,0.0,0.0,0.0,-0.5739057349826422,-0.0,0.0,3.4556429181780133,2.384214346749442,0.026600001379847527,0.348729571334772,0.15682444907004367,0.0,0.0,0.0,1.7561945915222168,0.0,0.0,0.0,1.7561945915222168,0.0,138.0,-0.3558465242385864,1.7561945915222168,0.3941037654876709,0.2668384909629822,0.9813648462295532
20.334177017211914,169.4790802001953,1.0698712685552891e-5,0.0,0.0,0.0,0.0,-0.9311613333686708,-0.0,0.0,3.4274285997663223,2.356000028337751,0.0,0.0,0.7052639722824097,0.0,0.0,0.0,2.398607015609741,0.0,0.0,0.0,2.398607015609741,0.0,139.0,0.0,2.398607015609741,0.31317511200904846,0.292743980884552,0.9863467216491699
20.46370506286621,168.80784606933594,1.0698391633923166e-5,0.0,0.0,0.0,0.0,-0.7322169475641616,-0.0,0.0,3.411000061035156,2.339571489606585,0.0,0.0,0.6709100008010864,0.0,0.0,0.0,1.769813060760498,0.0,0.0,0.0,1.769813060760498,0.0,140.0,0.0,1.769813060760498,0.2464754283428192,0.32583677768707275,0.9738574028015137
20.629169464111328,168.13661193847656,1.069807058229344e-5,0.0,0.0,0.0,0.0,-1.0672569460573555,-0.0,0.0,3.4010001046316964,2.329571533203125,0.0,0.0,0.5575230121612549,0.0,0.0,0.0,3.0,0.0,0.0,0.0,3.0,0.0,141.0,0.0,3.0,0.11703196167945862,0.44702479243278503,0.9655589461326599
21.05599021911621,158.4397430419922,1.0697749530663714e-5,0.0,0.0,0.0,0.0,-0.8462047734341915,-0.0,0.0,3.3952142987932477,2.3237857273646765,0.0,0.0,0.4691759943962097,0.0,0.0,0.0,2.351506471633911,0.0,0.0,0.0,2.351506471633911,0.0,142.0,0.0,2.351506471633911,0.15678733587265015,0.4299912750720978,0.8929724097251892
21.149940490722656,157.7685089111328,1.0697428479033988e-5,0.0,0.0,0.0,0.0,-0.7947698730138875,-0.0,0.0,3.3921429225376674,2.320714351109096,0.0,0.0,0.4084100127220154,0.0,0.0,0.0,2.2408227920532227,0.0,0.0,0.0,2.2408227920532227,0.0,143.0,0.0,2.2408227920532227,0.12018465995788574,0.43730098009109497,0.8370674848556519
21.18648910522461,157.09727478027344,1.0697107427404262e-5,0.0,0.0,0.0,0.0,-0.10638030296088452,-0.0,0.0,3.3896429334368023,2.318214362008231,0.0,0.0,0.3546009957790375,0.0,0.0,0.0,0.0,0.0,0.0,0.0,0.0,0.0,144.0,0.0,0.0,0.11187422275543213,0.4325971007347107,0.8078085780143738
20.08091926574707,156.42604064941406,1.0696786375774536e-5,0.0,0.0,0.0,0.0,-0.9828852418218137,-0.0,0.0,3.3863571166992186,2.3149285452706474,0.0,0.0,0.27628400921821594,0.0,0.0,0.0,3.0,0.0,0.0,0.0,3.0,0.0,145.0,0.0,3.0,0.04935792088508606,0.5163914561271667,0.8401405811309814
20.486225128173828,155.7548065185547,1.069646532414481e-5,0.0,0.0,0.0,0.0,-0.972416740553248,-0.0,0.0,3.3838571275983536,2.3124285561697824,0.0,0.0,0.24138900637626648,0.0,0.0,0.0,3.0,0.0,0.0,0.0,3.0,0.0,146.0,0.0,3.0,0.06742194294929504,0.5148151516914368,0.8141822814941406
20.882801055908203,155.0835723876953,1.0696144272515085e-5,0.0,0.0,0.0,0.0,-0.9664260398914815,-0.0,0.0,3.381714357648577,2.3102857862200055,0.0,0.0,0.22142000496387482,0.0,0.0,0.0,3.0,0.0,0.0,0.0,3.0,0.0,147.0,0.0,3.0,0.19601967930793762,0.5349801778793335,0.8154811859130859
21.27069091796875,154.41233825683594,1.0695823220885359e-5,0.0,0.0,0.0,0.0,-0.061961703974473537,-0.0,0.0,3.3819285256522043,2.3104999542236326,0.0,0.0,0.20653900504112244,0.0,0.0,0.0,0.0,0.0,0.0,0.0,0.0,0.0,148.0,0.0,0.0,0.5000579953193665,0.414423406124115,0.8246144652366638
20.143041610717773,153.74110412597656,1.0695502169255633e-5,0.0,0.0,0.0,0.0,-0.9602118396843196,-0.0,0.0,3.3892143249511717,2.3177857535226005,0.0,0.0,0.20070600509643555,0.0,0.0,0.0,3.0,0.0,0.0,0.0,3.0,0.0,149.0,0.0,3.0,0.29632771015167236,0.6207231283187866,0.8750804662704468
20.546350479125977,153.0698699951172,1.0695181117625907e-5,0.0,0.0,0.0,0.0,-0.09343424065646477,-0.0,0.0,3.394428471156529,2.3229998997279577,0.0,0.0,0.21046000719070435,0.0,0.0,0.0,0.10098744928836823,0.0,0.0,0.0,0.0,0.10098744928836823,150.0,0.0,-0.10098744928836823,0.5709661841392517,0.22978025674819946,0.8556225299835205
19.426660537719727,156.89767456054688,1.0694860065996181e-5,0.0,0.0,0.0,0.0,-0.9717405377523303,-0.0,0.0,3.3968570709228514,2.32542849949428,0.0,0.0,0.2391349971294403,0.0,0.0,0.0,3.0,0.0,0.0,0.0,3.0,0.0,151.0,0.0,3.0,0.26017114520072937,0.33321934938430786,0.7517551183700562
19.828447341918945,156.2264404296875,1.0694539014366455e-5,0.0,0.30236142683759226,0.0,0.0,-0.40564333122832075,-0.30236142683759226,0.0,3.4005001068115233,2.329071535382952,0.0,0.0,0.34427300095558167,0.0,0.0,0.0,0.0,0.0,0.0,0.0,0.0,0.0,152.0,0.0,0.0,0.4112868309020996,0.04378300905227661,0.619536280632019
18.69763946533203,155.55520629882812,1.069421796273673e-5,0.0,0.0,0.0,0.0,-0.8921805378667713,-0.0,0.0,3.4257141658238,2.354285594395229,0.39383500814437866,0.0,0.0,0.0,0.0,0.02606499195098877,2.9739350080490112,0.0,0.0,0.0,3.0,0.0,153.0,0.04816499352455139,3.0,0.1284465789794922,0.09567674994468689,0.3852834105491638
19.10399627685547,154.88397216796875,1.0693896911107004e-5,0.0,0.0,0.0,0.0,-0.38701452362595035,-0.0,0.0,3.527285657610212,2.4558570861816404,0.5079860091209412,0.0,0.0,0.0,0.0,1.457563877105713,1.290048360824585,0.0,0.0,0.0,2.747612237930298,0.0,154.0,1.244865894317627,2.747612237930298,0.12448465824127197,0.0877092182636261,0.2333223819732666
19.43852996826172,143.3355712890625,1.0693575859477278e-5,0.0,0.0,0.0,0.0,0.0,-0.0,0.0,3.58242860521589,2.5109998975481305,0.4112839996814728,0.0,0.0,0.8166495482123537,0.0,3.0,0.0,0.0,0.0,0.0,3.0,0.0,155.0,2.1307995319366455,3.0,0.21307802200317383,0.8194582462310791,0.4699648916721344
20.219669342041016,90.5302505493164,0.8166357278823853,0.0,0.0,0.0,0.0,0.0,-0.0,0.0,3.6024285180228097,2.5310000828334265,0.399042010307312,0.0,0.0,2.5910299137860875,0.0,3.0,0.0,0.0,0.0,0.0,3.0,0.0,156.0,4.599999904632568,3.0,0.5892363786697388,0.8830603361129761,0.8183640241622925
21.1007022857666,72.81639862060547,3.4075634479522705,0.0,0.0,0.0,0.0,0.05282378052003144,-0.0,0.0,3.6099286215645927,2.538500050136021,0.4126780033111572,0.0,0.0,4.599999904632568,0.5869308480219422,1.4619133472442627,0.0,0.0,0.0,0.0,0.0,1.4619133472442627,157.0,4.599999904632568,-1.4619133472442627,0.9484463334083557,0.9323874711990356,0.7707368731498718
20.179370880126953,143.3159942626953,8.007323265075684,0.0,0.0,0.0,0.0,0.14498336579036097,-0.0,0.0,3.608928625924247,2.537500054495675,0.42735400795936584,0.0,0.0,1.8355107307434082,1.6109261585346553,3.0,0.0,0.0,0.0,0.0,3.0,0.0,158.0,1.8355107307434082,3.0,0.9842803478240967,0.9839804172515869,0.5732425451278687
21.06332778930664,142.64476013183594,9.842538833618164,0.0,0.0,0.0,0.0,0.23031901270021138,-0.0,0.0,3.6036428179059707,2.5322142464773996,0.4101420044898987,0.0,0.0,0.08433672040700912,2.5590999377344654,3.0,0.0,0.0,0.0,0.0,3.0,0.0,159.0,0.08433672040700912,3.0,0.992684543132782,0.9768785238265991,0.6707403659820557
22.49026107788086,121.72270202636719,9.9265775680542,0.0,0.0,0.0,0.0,0.08561946807475629,-0.0,0.0,3.5900714874267576,2.5186429159981865,0.42344900965690613,0.0,0.0,0.05955835059285164,0.9513273474481413,3.0,0.0,0.0,0.0,0.0,3.0,0.0,160.0,0.05955835059285164,3.0,0.9986106157302856,0.9833387136459351,0.4477771818637848
23.72930335998535,121.05147552490234,9.98583698272705,0.0,0.0,0.0,0.0,0.11926701897517934,-0.0,0.0,3.562071473257882,2.4906427655901227,0.42343100905418396,0.0,0.0,0.0,1.3251889944076538,0.706180214881897,0.0,0.0,0.0,0.0,0.706180214881897,0.0,161.0,-4.599999904632568,0.706180214881897,0.9963433146476746,0.9823863506317139,0.6197201609611511
23.911916732788086,120.3802490234375,9.9855375289917,0.0,0.0,0.0,0.0,0.0,-0.0,0.0,3.495357186453683,2.423928615025112,0.33249998092651367,0.19965404272079468,0.0,0.0,0.0,0.0,0.0,0.0,0.0,0.0,0.0,0.0,162.0,-4.599999904632568,0.0,0.9998806715011597,0.40359199047088623,0.3357136845588684
23.0804500579834,119.70902252197266,9.781516075134277,0.0,0.0,0.0,0.0,0.0,-0.0,0.0,3.4354999542236326,2.3640713827950615,0.0,0.7052639722824097,0.0,0.0,0.0,0.0,0.0,0.0,0.0,0.0,0.0,0.0,163.0,-4.599999904632568,0.0,0.999374270439148,0.2160586416721344,0.41675639152526855
22.15911865234375,109.99784088134766,9.0615873336792,0.0,0.0,0.0,0.0,0.0,-0.0,0.0,3.402071489606585,2.3306429181780133,0.0,0.6709100008010864,0.0,0.0,0.0,0.0,0.0,0.0,0.0,0.0,0.0,0.0,164.0,-4.599999904632568,0.0,0.9984773397445679,0.2238321602344513,0.3387693762779236
21.419057846069336,109.32661437988281,8.376733779907227,0.0,0.0,0.0,0.0,0.0,-0.0,0.0,3.381714357648577,2.3102857862200055,0.0,0.5575230121612549,0.0,0.0,0.0,0.0,0.0,0.0,0.0,0.0,0.0,0.0,165.0,-4.599999904632568,0.0,0.9661954641342163,0.3579809069633484,0.5538545250892639
20.678997039794922,79.87071228027344,7.80759859085083,0.0,0.0,0.0,0.0,0.0,-0.0,0.0,3.3742857796805246,2.302857208251953,0.0,0.4691759943962097,0.0,0.0,0.0,0.0,0.0,0.0,2.0807061195373535,0.0,2.0807061195373535,0.0,166.0,-4.599999904632568,2.0807061195373535,0.9620624780654907,0.398417204618454,0.33335965871810913
20.9920711517334,69.17424774169922,5.205522060394287,0.0,0.0,0.0,0.0,0.0,-0.0,0.0,3.3769999367850168,2.305571365356445,0.0,0.4084100127220154,0.0,0.0,0.0,0.0,0.0,0.0,2.2041513919830322,0.0,2.2041513919830322,0.0,167.0,-4.599999904632568,2.2041513919830322,0.9522154927253723,0.5100647211074829,0.19044142961502075
21.550308227539062,68.50302124023438,2.539566993713379,0.0,0.0,0.0,0.0,-0.01426199081261949,-0.0,0.0,3.381785746983119,2.310357175554548,0.0,0.3546009957790375,0.0,0.0,0.0,0.0,0.047539967486329715,0.0,2.134099703839354,0.0,2.1816396713256836,0.0,168.0,-2.5394909381866455,2.1816396713256836,0.846577525138855,0.5833877325057983,0.17871704697608948
21.91692352294922,67.83179473876953,7.653103239135817e-5,0.0,0.0,0.0,0.0,-0.08288520605902683,-0.0,0.0,3.37792854309082,2.306499971662249,0.0,0.0,0.27628400921821594,0.0,0.0,0.0,0.0,0.0,0.0,0.0,0.0,0.0,169.0,0.0,0.0,0.6256412267684937,0.5747610926628113,0.21332985162734985
20.995079040527344,67.16056823730469,7.65287404647097e-5,0.0,0.0,0.0,0.0,-0.9750312417757989,-0.0,0.0,3.3696427481515068,2.298214176722935,0.0,0.0,0.25010401010513306,0.0,0.0,0.0,3.0,0.0,0.0,0.0,3.0,0.0,170.0,0.0,3.0,0.2959798574447632,0.5961910486221313,0.3332015872001648
21.58957290649414,66.48934173583984,7.652644853806123e-5,0.0,0.0,0.0,0.0,-0.8510007108648887,-0.0,0.0,3.3530714307512555,2.2816428593226843,0.0,0.0,0.22142000496387482,0.0,0.0,0.0,2.615248918533325,0.0,0.0,0.0,2.615248918533325,0.0,171.0,0.0,2.615248918533325,0.6918529272079468,0.5966222286224365,0.3081744313240051
21.983095169067383,65.818115234375,7.652415661141276e-5,0.0,0.0,0.0,0.0,-0.27794298143954954,-0.0,0.0,3.328214318411691,2.2567857469831196,0.0,0.0,0.20653900504112244,0.0,0.0,0.0,0.7199375629425049,0.0,0.0,0.0,0.0,0.7199375629425049,172.0,0.0,-0.7199375629425049,0.8769336938858032,0.28435975313186646,0.47692593932151794
20.879465103149414,96.30622863769531,7.65218646847643e-5,0.0,0.0,0.0,0.0,-0.9602118396843196,-0.0,0.0,3.3016427721296036,2.2302142007010324,0.0,0.0,0.20070600509643555,0.0,0.0,0.0,3.0,0.0,0.0,0.0,3.0,0.0,173.0,0.0,3.0,0.5312268733978271,0.6138089299201965,0.7756627798080444
21.443359375,88.11105346679688,7.651957275811583e-5,0.0,0.0,0.0,0.0,-0.4537845613076108,-0.0,0.0,3.2778570447649273,2.206428473336356,0.0,0.0,0.21046000719070435,0.0,0.0,0.0,1.3021551370620728,0.0,0.0,0.0,0.0,1.3021551370620728,174.0,0.0,-1.3021551370620728,0.8469727635383606,0.09297779202461243,0.7658892273902893
20.521514892578125,142.54034423828125,7.651728083146736e-5,0.0,0.0,0.0,0.0,-0.0717405019895434,-0.0,0.0,3.2636429377964564,2.1922143663678852,0.0,0.0,0.2391349971294403,0.0,0.0,0.0,0.0,0.0,0.0,0.0,0.0,0.0,175.0,0.0,0.0,0.6072076559066772,0.09633871912956238,0.749193012714386
19.59967041015625,141.86911010742188,7.651498890481889e-5,0.0,0.5039594262840268,0.0,0.0,-0.6072413306747553,-0.5039594262840268,0.0,3.258714348929269,2.1872857775006977,0.0,0.0,0.34427300095558167,0.0,0.0,0.0,0.0,0.0,0.0,0.0,0.0,0.0,176.0,0.0,0.0,0.3512633442878723,0.09083190560340881,0.6216328144073486
18.49604034423828,141.1978759765625,7.651269697817042e-5,0.0,0.0,0.0,0.0,-0.7119279131065959,-0.0,0.0,3.2865000588553293,2.2150714874267576,0.4304429888725281,0.0,0.0,0.0,0.0,0.6269070506095886,2.3730929493904114,0.0,0.0,0.0,3.0,0.0,177.0,0.1641395390033722,3.0,0.01641860604286194,0.4582892656326294,0.17419934272766113
19.416688919067383,123.03422546386719,7.651040505152196e-5,0.0,0.0,0.0,0.0,0.0,-0.0,0.0,3.368499973842076,2.2970714024135046,0.40821000933647156,0.0,0.0,1.015643826224732,0.0,2.2414188385009766,0.0,0.0,0.0,0.0,2.2414188385009766,0.0,178.0,1.6699254512786865,2.2414188385009766,0.16699719429016113,0.12547820806503296,0.2671963572502136
19.627376556396484,122.36299896240234,1.0156898498535156,0.0,0.0,0.0,0.0,0.0,-0.0,0.0,3.4654287065778457,2.3940001351492746,0.4112839996814728,0.0,0.0,2.041845838232348,0.0,3.0,0.0,0.0,0.0,0.0,3.0,0.0,179.0,3.360085964202881,3.0,0.4375745952129364,0.6595034599304199,0.509274423122406
20.3553524017334,121.6917724609375,3.0574440956115723,0.0,0.0,0.0,0.0,0.0,-0.0,0.0,3.5608571733747207,2.4894286019461496,0.399042010307312,0.0,0.0,1.4784848024112307,0.0,3.0,0.0,0.0,0.0,0.0,3.0,0.0,180.0,3.9186525344848633,3.0,0.6976066827774048,0.9323574900627136,0.7508116960525513
21.39997673034668,121.02054595947266,4.535792827606201,0.0,0.0,0.0,0.0,0.0,-0.0,0.0,3.6169999803815567,2.5455714089529855,0.4126780033111572,0.0,0.0,0.18034151428264522,0.0,3.0,0.0,0.0,0.0,0.0,3.0,0.0,181.0,3.373322010040283,3.0,0.8867062330245972,0.970136284828186,0.7075563669204712
22.377944946289062,110.99665069580078,4.7159929275512695,0.0,0.0,0.0,0.0,-0.3333762420565378,-0.0,0.0,3.6608571461268835,2.589428438459124,0.42735400795936584,0.0,0.0,0.0,0.0,1.888745903968811,1.111254096031189,0.0,0.0,0.0,3.0,0.0,182.0,2.010645866394043,3.0,0.915438175201416,0.9774594306945801,0.5309835076332092
23.649354934692383,110.32542419433594,4.715851306915283,0.0,0.0,0.0,0.0,0.0,-0.0,0.0,3.7099999836512976,2.638571548461914,0.4101420044898987,0.0,0.0,0.9102731881876025,0.0,1.4245576858520508,0.0,0.0,0.0,0.0,1.4245576858520508,0.0,183.0,2.4988579750061035,1.4245576858520508,0.995323657989502,0.9766693115234375,0.37474364042282104
23.883331298828125,109.6541976928711,5.625955581665039,0.0,0.0,0.0,0.0,0.0,-0.0,0.0,3.7288571221487863,2.657428686959403,0.42344900965690613,0.0,0.0,1.5643257874727396,0.0,0.0,0.0,0.0,0.0,0.0,0.0,0.0,184.0,1.7025508880615234,0.0,0.9994485974311829,0.8941912651062012,0.4133889973163605
22.961999893188477,108.98297119140625,7.190065860748291,0.0,0.0,0.0,0.0,0.0,-0.0,0.0,3.71707147870745,2.6456429072788783,0.42343100905418396,0.0,0.0,0.21625556711042293,0.0,0.0,0.0,0.0,0.0,0.0,0.0,0.0,185.0,0.2545689642429352,0.0,0.998970627784729,0.5242306590080261,0.4913316071033478
22.0401554107666,108.3117446899414,7.406099319458008,0.0,0.0,0.0,0.0,0.0,-0.0,0.0,3.681857190813337,2.6104286193847654,0.0750500038266182,0.45710402727127075,0.0,0.0,0.0,0.0,0.0,0.0,0.0672326311469078,0.0,0.0,0.0672326311469078,186.0,-4.599999904632568,-0.0672326311469078,0.9967012405395508,0.253629207611084,0.568801760673523
21.118310928344727,111.0063705444336,6.870855808258057,0.0,0.0,0.0,0.0,0.0,-0.0,0.0,3.6514285768781387,2.5799998692103796,0.0,0.7052639722824097,0.0,0.0,0.0,0.0,0.0,0.0,0.7683979868888855,0.0,0.0,0.7683979868888855,187.0,-4.599999904632568,-0.7683979868888855,0.9708324670791626,0.3220592141151428,0.7328425645828247
20.378250122070312,137.2528839111328,5.366958141326904,0.0,0.0,0.0,0.0,0.0,-0.0,0.0,3.6337857382638115,2.56235716683524,0.0,0.6709100008010864,0.0,0.0,0.0,0.0,0.0,0.0,0.7451240420341492,0.0,0.0,0.7451240420341492,188.0,-4.599999904632568,-0.7451240420341492,0.7906815409660339,0.31343531608581543,0.8923977613449097
19.274620056152344,162.78172302246094,3.921907901763916,0.0,0.0,0.0,0.0,0.0,-0.0,0.0,3.6232856478009903,2.551857212611607,0.0,0.5575230121612549,0.0,0.0,0.0,0.0,0.0,0.0,3.0,0.0,3.0,0.0,189.0,-3.921790361404419,3.0,0.28791314363479614,0.3981069326400757,0.9372998476028442
19.983253479003906,151.91575622558594,0.2917737066745758,0.0,0.0,0.0,0.0,-0.9549739495897199,-0.0,0.0,3.6197856630597793,2.548357227870396,0.0,0.2859296222546561,0.1832463721415536,0.0,0.0,0.0,3.0,0.0,0.0,0.0,3.0,0.0,190.0,-0.2917649447917938,3.0,0.05091744661331177,0.45914581418037415,0.8984192609786987
20.690311431884766,143.71990966796875,8.791421350906603e-6,0.0,0.0,0.0,0.0,-0.9176932997581666,-0.0,0.0,3.6247857775006973,2.553357206072126,0.0,0.0,0.4084100127220154,0.0,0.0,0.0,2.6505675315856934,0.0,0.0,0.0,2.6505675315856934,0.0,191.0,0.0,2.6505675315856934,0.06739199161529541,0.441928505897522,0.7415108680725098
21.209627151489258,143.04867553710938,8.791157597443089e-6,0.0,0.0,0.0,0.0,-0.10638030296088452,-0.0,0.0,3.631071444920131,2.559642737252372,0.0,0.0,0.3546009957790375,0.0,0.0,0.0,0.0,0.0,0.0,0.0,0.0,0.0,192.0,0.0,0.0,0.09753060340881348,0.4137398600578308,0.646966814994812
20.10599708557129,142.37744140625,8.790893843979575e-6,0.0,0.0,0.0,0.0,-0.9828852418218137,-0.0,0.0,3.632428523472377,2.560999952043806,0.0,0.0,0.27628400921821594,0.0,0.0,0.0,3.0,0.0,0.0,0.0,3.0,0.0,193.0,0.0,3.0,0.04540443420410156,0.4774135947227478,0.6871083378791809
20.818744659423828,141.70620727539062,8.79063009051606e-6,0.0,0.0,0.0,0.0,-0.8020402422364636,-0.0,0.0,3.626357160295759,2.5549285888671873,0.0,0.0,0.24138900637626648,0.0,0.0,0.0,2.4320783615112305,0.0,0.0,0.0,2.4320783615112305,0.0,194.0,0.0,2.4320783615112305,0.09178435802459717,0.4439704120159149,0.6063945293426514
21.219837188720703,141.03497314453125,8.790366337052546e-6,0.0,0.0,0.0,0.0,-0.0664260041286946,-0.0,0.0,3.6439999989100866,2.572571563720703,0.0,0.0,0.22142000496387482,0.0,0.0,0.0,0.0,0.0,0.0,0.0,0.0,0.0,195.0,0.0,0.0,0.29198336601257324,0.437652051448822,0.5914418697357178
20.297992706298828,140.36373901367188,8.790102583589032e-6,0.0,0.0,0.0,0.0,-0.9619617397372604,-0.0,0.0,3.6875714710780554,2.616142763410296,0.0,0.0,0.20653900504112244,0.0,0.0,0.0,3.0,0.0,0.0,0.0,3.0,0.0,196.0,0.0,3.0,0.28798431158065796,0.5048923492431641,0.7239012718200684
21.21734046936035,139.6925048828125,8.789838830125518e-6,0.0,0.0,0.0,0.0,-0.06021180392153269,-0.0,0.0,3.716785648890904,2.6453570774623327,0.0,0.0,0.20070600509643555,0.0,0.0,0.0,0.0,0.0,0.0,0.0,0.0,0.0,197.0,0.0,0.0,0.6992332935333252,0.23407402634620667,0.7465635538101196
20.295495986938477,139.02127075195312,8.789575076662004e-6,0.0,0.0,0.0,0.0,-0.5953631011789273,-0.0,0.0,3.7562857491629464,2.684857177734375,0.0,0.0,0.2189050018787384,0.0,0.0,0.0,1.7656385898590088,0.0,0.0,0.0,1.7656385898590088,0.0,198.0,0.0,1.7656385898590088,0.3738445043563843,0.3100575804710388,0.7690047025680542
20.55027198791504,138.35003662109375,8.78931132319849e-6,0.0,0.0,0.0,0.0,-0.0717405019895434,-0.0,0.0,3.771428598676409,2.6999998910086496,0.0,0.0,0.2391349971294403,0.0,0.0,0.0,0.0,0.0,0.0,0.0,0.0,0.0,199.0,0.0,0.0,0.3666946589946747,0.07330629229545593,0.6747099161148071
19.628427505493164,128.4681854248047,8.789047569734976e-6,0.0,0.11163274691244851,0.0,0.0,-0.23928125159278402,-0.11163274691244851,0.0,3.7658570970807754,2.6944285256522043,0.0,0.0,0.4254949986934662,0.0,0.0,0.0,0.0,0.0,0.0,0.0,0.0,0.0,200.0,0.0,0.0,0.10325482487678528,0.057230859994888306,0.4470925033092499
18.88836669921875,127.79695892333984,8.788783816271462e-6,0.0,0.0,0.0,0.0,-1.0132451042828983,-0.0,0.0,3.7384286063058036,2.667000034877232,0.0,0.0,0.47356098890304565,0.0,0.0,0.0,2.9039225578308105,0.0,0.0,0.0,2.9039225578308105,0.0,201.0,0.0,2.9039225578308105,0.05611959099769592,0.08263367414474487,0.33696335554122925
19.41315269470215,118.07273864746094,8.788520062807947e-6,0.0,0.0,0.0,0.0,-1.024839632703447,-0.0,0.0,3.7112142835344586,2.6397857121058874,0.10164999961853027,0.0,0.41613197326660156,0.0,0.0,0.0,3.0,0.0,0.0,0.0,3.0,0.0,202.0,0.0,3.0,0.0034565627574920654,0.33887138962745667,0.2219785451889038
20.3431396484375,81.44120025634766,8.788256309344433e-6,0.0,0.0,0.0,0.0,-0.862930233793664,-0.0,0.0,3.7001428059169226,2.628714370727539,0.4112839996814728,0.0,0.0,0.0,0.0,0.12356600165367126,2.8764339983463287,0.0,0.0,0.0,0.0,3.0,203.0,0.0013822837499901652,-3.0,0.0001361072063446045,0.3619536757469177,0.9800236821174622
19.78486442565918,126.52536010742188,8.787992555880919e-6,0.0,0.0,0.0,0.0,-0.5726994265198471,-0.0,0.0,3.7157142639160154,2.6442856924874443,0.44989800453186035,0.0,0.0,0.0,0.0,1.0910019874572754,1.9089980125427246,0.0,0.0,0.0,3.0,0.0,204.0,0.13415519893169403,3.0,0.013413399457931519,0.7380830645561218,0.31314757466316223
21.0804443359375,97.46814727783203,8.787728802417405e-6,0.0,0.0,0.0,0.0,-0.14343839261684366,-0.0,0.0,3.754071453639439,2.6826427459716795,0.4126780033111572,0.0,0.0,0.0,0.0,2.521872043609619,0.47812795639038086,0.0,0.0,0.0,3.0,0.0,205.0,2.6763219833374023,3.0,0.6672658324241638,0.7468690276145935,0.6016327738761902
21.8474178314209,88.91764068603516,8.78746504895389e-6,0.0,0.0,0.0,0.0,-0.04495625674550752,-0.0,0.0,3.7865000588553293,2.7150714874267576,0.42735400795936584,0.0,0.0,0.0,0.0,2.8501458168029785,0.14985418319702148,0.0,0.0,0.0,3.0,0.0,206.0,3.022645950317383,3.0,0.944881796836853,0.9423607587814331,0.6186075210571289
22.720905303955078,88.24641418457031,8.787201295490377e-6,0.0,0.0,0.0,0.0,-0.22633453314838903,-0.0,0.0,3.8076428822108674,2.7362141745431083,0.4101420044898987,0.0,0.0,0.0,0.0,2.1767079830169678,0.754448413848877,0.0,0.0,0.0,2.9311563968658447,0.0,207.0,2.3128581047058105,2.9311563968658447,0.9879682064056396,0.9309958219528198,0.48046940565109253
23.654964447021484,87.57518768310547,8.786937542026863e-6,0.0,0.0,0.0,0.0,0.0,-0.0,0.0,3.8144999367850168,2.743071365356445,0.42344900965690613,0.0,0.0,1.2133388922329118,0.0,0.0,0.0,0.0,0.0,0.0,0.0,0.0,208.0,1.32555091381073,0.0,0.9966956973075867,0.7488551139831543,0.38136374950408936
22.91490364074707,86.90396118164062,1.2133113145828247,0.0,0.0,0.0,0.0,-0.07420686480231531,-0.0,0.0,3.804499980381557,2.7330714089529855,0.42343100905418396,0.0,0.0,0.0,0.0,0.3916689455509186,0.24735620617866516,0.0,0.0,0.0,0.0,0.6390251517295837,209.0,0.43456897139549255,-0.6390251517295837,0.9823653697967529,0.6471244096755981,0.5419343113899231
22.35662841796875,106.70756530761719,1.2132749557495117,0.0,0.0,0.0,0.0,0.0,-0.0,0.0,3.765571403503418,2.6941429683140345,0.08170000463724136,0.4504540264606476,0.0,0.0,0.0,0.0,0.0,0.0,0.5506370067596436,0.0,0.0,0.5506370067596436,210.0,-1.2132385969161987,-0.5506370067596436,0.9732311964035034,0.23761138319969177,0.715554416179657
21.706945419311523,134.48678588867188,0.1917477697134018,0.0,0.0,0.0,0.0,-0.3491684971077297,-0.0,0.0,3.736142785208566,2.6647142137799946,0.0,0.18790716656192785,0.5173568057204818,0.0,0.0,0.0,0.6465381383895874,0.0,0.0,0.0,0.0,0.6465381383895874,211.0,-0.19174201786518097,-0.6465381383895874,0.7591050863265991,0.1638401746749878,0.9178630113601685
20.785614013671875,166.8561553955078,5.766576578025706e-6,0.0,0.0,0.0,0.0,-0.2462265559524912,-0.0,0.0,3.7165714808872767,2.6451429094587056,0.0,0.0,0.6709100008010864,0.0,0.0,0.0,0.149845153093338,0.0,0.0,0.0,0.0,0.149845153093338,212.0,0.0,-0.149845153093338,0.25839072465896606,0.26453471183776855,0.9611766338348389
19.681983947753906,173.78634643554688,5.766403774032369e-6,0.0,0.0,0.0,0.0,-1.0672569460573555,-0.0,0.0,3.69007146017892,2.618642752511161,0.0,0.0,0.5575230121612549,0.0,0.0,0.0,3.0,0.0,0.0,0.0,3.0,0.0,213.0,0.0,3.0,0.050050199031829834,0.3968544602394104,0.9610600471496582
20.420671463012695,165.16552734375,5.766230970039032e-6,0.0,0.0,0.0,0.0,-0.5642471239664992,-0.0,0.0,3.6579999378749304,2.5865715026855467,0.0,0.0,0.4691759943962097,0.0,0.0,0.0,1.4116476774215698,0.0,0.0,0.0,1.4116476774215698,0.0,214.0,0.0,1.4116476774215698,0.08763551712036133,0.3273962140083313,0.8677656650543213
20.636966705322266,164.49429321289062,5.7660581660456955e-6,0.0,0.0,0.0,0.0,-0.12252300868523136,-0.0,0.0,3.6256428582327707,2.554214150565011,0.0,0.0,0.4084100127220154,0.0,0.0,0.0,0.0,0.0,0.0,0.0,0.0,0.0,215.0,0.0,0.0,0.08473777770996094,0.32321083545684814,0.8035913705825806
20.260475158691406,156.2978515625,5.765885362052359e-6,0.0,0.0,0.0,0.0,-0.7191859799300016,-0.0,0.0,3.5949285507202147,2.5235001155308314,0.0,0.0,0.3546009957790375,0.0,0.0,0.0,2.0426855087280273,0.0,0.0,0.0,2.0426855087280273,0.0,216.0,0.0,2.0426855087280273,0.06827157735824585,0.3607420325279236,0.7750849723815918
20.803695678710938,155.62661743164062,5.765712558059022e-6,0.0,0.0,0.0,0.0,-0.5131999547560984,-0.0,0.0,3.561928558349609,2.490499986921038,0.0,0.0,0.27628400921821594,0.0,0.0,0.0,1.434382438659668,0.0,0.0,0.0,1.434382438659668,0.0,217.0,0.0,1.434382438659668,0.12146502733230591,0.40236222743988037,0.7505557537078857
21.011795043945312,145.99171447753906,5.765539754065685e-6,0.0,0.0,0.0,0.0,-0.5707758087228054,-0.0,0.0,3.5254999705723353,2.454071535382952,0.0,0.0,0.24138900637626648,0.0,0.0,0.0,1.6611969470977783,0.0,0.0,0.0,1.6611969470977783,0.0,218.0,0.0,1.6611969470977783,0.1888592541217804,0.4300464987754822,0.636698842048645
21.150217056274414,145.3204803466797,5.765366950072348e-6,0.0,0.0,0.0,0.0,-0.7801956829506418,-0.0,0.0,3.4825714111328123,2.411142839704241,0.0,0.0,0.22142000496387482,0.0,0.0,0.0,2.379232168197632,0.0,0.0,0.0,2.379232168197632,0.0,219.0,0.0,2.379232168197632,0.31575721502304077,0.4942528009414673,0.6966779828071594
21.471248626708984,144.6492462158203,5.765194146079011e-6,0.0,0.0,0.0,0.0,-0.061961703974473537,-0.0,0.0,3.426857212611607,2.355428641183036,0.0,0.0,0.20653900504112244,0.0,0.0,0.0,0.0,0.0,0.0,0.0,0.0,0.0,220.0,0.0,0.0,0.7326922416687012,0.44949644804000854,0.6960567235946655
20.73118782043457,143.97801208496094,5.765021342085674e-6,0.0,0.0,0.0,0.0,-0.9602118396843196,-0.0,0.0,3.374428558349609,2.302999986921038,0.0,0.0,0.20070600509643555,0.0,0.0,0.0,3.0,0.0,0.0,0.0,3.0,0.0,221.0,0.0,3.0,0.4245455861091614,0.6842138171195984,0.8324428796768188
21.509620666503906,131.39682006835938,5.7648485380923375e-6,0.0,0.0,0.0,0.0,-0.1188287484180428,-0.0,0.0,3.3251429421561105,2.253714370727539,0.0,0.0,0.21046000719070435,0.0,0.0,0.0,0.18563580513000488,0.0,0.0,0.0,0.0,0.18563580513000488,222.0,0.0,-0.18563580513000488,0.8674522638320923,0.10479891300201416,0.7421937584877014
20.769559860229492,138.74908447265625,5.764675734099001e-6,0.0,0.0,0.0,0.0,-0.0717405019895434,-0.0,0.0,3.2828572954450332,2.211428724016462,0.0,0.0,0.2391349971294403,0.0,0.0,0.0,0.0,0.0,0.0,0.0,0.0,0.0,223.0,0.0,0.0,0.6254690885543823,0.0787653923034668,0.709283709526062
20.029499053955078,138.07785034179688,5.764502930105664e-6,0.0,0.07413078248519867,0.0,0.0,-0.17741268687592715,-0.07413078248519867,0.0,3.2464285714285714,2.175,0.0,0.0,0.34427300095558167,0.0,0.0,0.0,0.0,0.0,0.0,0.0,0.0,0.0,224.0,0.0,0.0,0.3927939534187317,0.06876108050346375,0.6137624382972717
18.92586898803711,129.88140869140625,5.764330126112327e-6,0.0,0.0,0.0,0.0,-0.34697550721865866,-0.0,0.0,3.2537857600620814,2.1823571886335102,0.39383500814437866,0.0,0.0,0.0,0.0,1.8434150218963623,1.1565849781036377,0.0,0.0,0.0,3.0,0.0,225.0,0.6744632720947266,3.0,0.06744390726089478,0.13357600569725037,0.22970283031463623
19.650012969970703,129.21017456054688,5.76415732211899e-6,0.0,0.0,0.0,0.0,0.0,-0.0,0.0,3.3213571275983536,2.2499285561697824,0.4058389961719513,0.0,0.0,1.6673335209152356,0.0,3.0,0.0,0.0,0.0,0.0,3.0,0.0,226.0,3.3853976726531982,3.0,0.338537335395813,0.5789886713027954,0.5006766319274902
20.585834503173828,128.5389404296875,1.6672892570495605,0.0,0.0,0.0,0.0,0.0,-0.0,0.0,3.371714401245117,2.300285829816546,0.4213930070400238,0.0,0.0,3.615570205485483,0.0,3.0,0.0,0.0,0.0,0.0,3.0,0.0,227.0,4.599999904632568,3.0,0.7826701998710632,0.8887190222740173,0.8049923777580261
21.272153854370117,110.4806900024414,5.282701015472412,0.0,0.0,0.0,0.0,0.0306041089368726,-0.0,0.0,3.4127142224993023,2.341285651070731,0.4557420015335083,0.0,0.0,4.4375505447387695,0.340045627829741,3.0,0.0,0.0,0.0,0.0,3.0,0.0,228.0,4.4375505447387695,3.0,0.9720221161842346,0.9374333024024963,0.818895697593689
21.886545181274414,96.73748779296875,9.71996021270752,0.0,0.0,0.0,0.0,0.4626363404545427,-0.0,0.0,3.446428516932896,2.374999945504325,0.4292140007019043,0.0,0.0,0.25448843836784363,5.140403374305688,3.0,0.0,0.0,0.0,0.0,3.0,0.0,229.0,0.25448843836784363,3.0,0.9974418878555298,0.9615987539291382,0.6949949860572815
22.515079498291016,85.61868286132812,9.974149703979492,0.0,0.0,0.0,0.0,0.4577609771473188,-0.0,0.0,3.468642861502511,2.39721429007394,0.42735400795936584,0.0,0.0,0.018927056342363358,5.08623267519719,3.0,0.0,0.0,0.0,0.0,3.0,0.0,230.0,0.018927056342363358,3.0,0.9993046522140503,0.9703277349472046,0.5397837162017822
23.154638290405273,79.20711517333984,9.992776870727539,0.0,0.0,0.0,0.0,0.3799942890798463,-0.0,0.0,3.485857227870396,2.414428656441825,0.4101420044898987,0.0,0.0,0.0,4.222158432006836,3.0,0.0,0.0,0.0,0.0,3.0,0.0,231.0,0.004891831893473864,3.0,0.9997638463973999,0.980902910232544,0.342190146446228
23.619644165039062,78.535888671875,9.992477416992188,0.0,0.0,0.0,0.0,0.32530601702578843,-0.0,0.0,3.500214385986328,2.4287858145577568,0.42344900965690613,0.0,0.0,0.0,3.614511013031006,1.943239688873291,0.0,0.0,0.0,0.0,1.943239688873291,0.0,232.0,0.005580384749919176,1.943239688873291,0.999802827835083,0.9799723625183105,0.3435734510421753
23.89984703063965,68.22545623779297,9.992177963256836,0.0,0.0,0.0,0.0,0.26430472567118884,-0.0,0.0,3.4950713566371374,2.423642785208566,0.42343100905418396,0.0,0.0,0.0,2.9367189407348633,0.0,0.0,0.0,0.0,0.0,0.0,0.0,233.0,0.004367311019450426,0.0,0.9996515512466431,0.9710373878479004,0.2571987211704254
23.159786224365234,60.02901077270508,9.991878509521484,0.0,0.0,0.0,0.0,0.0,-0.0,0.0,3.457642909458705,2.386214338030134,0.43129998445510864,0.10085403919219971,0.0,0.0,0.0,0.0,0.0,0.0,0.0,0.0,0.0,0.0,234.0,-4.599999904632568,0.0,0.9996954798698425,0.5633481740951538,0.175481915473938
22.41972541809082,59.35778045654297,9.888669967651367,0.0,0.0,0.0,0.0,0.0,-0.0,0.0,3.4449999128069195,2.3735713413783484,0.0,0.7052639722824097,0.0,0.0,0.0,0.0,0.0,0.0,0.0,0.0,0.0,0.0,235.0,-4.599999904632568,0.0,0.9994913339614868,0.3350955843925476,0.19168147444725037
21.679664611816406,58.68655014038086,9.16873836517334,0.0,0.0,0.0,0.0,0.0,-0.0,0.0,3.4464999062674386,2.375071334838867,0.0,0.6709100008010864,0.0,0.0,0.0,0.0,0.0,0.0,0.0,0.0,0.0,0.0,236.0,-4.599999904632568,0.0,0.9982540607452393,0.359065443277359,0.20341825485229492
21.121389389038086,58.01531982421875,8.483881950378418,0.0,0.0,0.0,0.0,0.0,-0.0,0.0,3.431142752511161,2.3597141810825892,0.0,0.5575230121612549,0.0,0.0,0.0,0.0,0.0,0.0,2.140982151031494,0.0,0.0,2.140982151031494,237.0,-4.599999904632568,-2.140982151031494,0.9706773161888123,0.5350580811500549,0.623335599899292
20.744897842407227,119.73177337646484,5.730133533477783,0.0,0.0,0.0,0.0,0.0,-0.0,0.0,3.3908570970807754,2.3194285256522043,0.0,0.4691759943962097,0.0,0.0,0.0,0.0,0.0,0.0,2.196291446685791,0.0,2.196291446685791,0.0,238.0,-4.599999904632568,2.196291446685791,0.8317350745201111,0.4607468843460083,0.5875022411346436
21.30371856689453,102.10877227783203,3.010178565979004,0.0,0.0,0.0,0.0,0.0,-0.0,0.0,3.358142798287528,2.2867142268589564,0.0,0.4084100127220154,0.0,0.0,0.0,0.0,0.0,0.0,1.8000496625900269,0.0,1.8000496625900269,0.0,239.0,-3.0100882053375244,1.8000496625900269,0.8347609639167786,0.5304363965988159,0.34618306159973145
21.65216636657715,101.43754577636719,0.7566256523132324,0.0,0.0,0.0,0.0,-0.5180649916815278,-0.0,0.0,3.3162857600620814,2.2448571886335102,0.0,0.3546009957790375,0.0,0.0,0.0,0.0,1.7268832369849179,0.0,0.38686984338312413,0.0,2.113753080368042,0.0,240.0,-0.756602942943573,2.113753080368042,0.5660455226898193,0.5927183032035828,0.3341429829597473
21.963577270507812,100.76631927490234,2.276925260957796e-5,0.0,0.0,0.0,0.0,-0.08288520605902683,-0.0,0.0,3.2784284319196426,2.2069998604910714,0.0,0.0,0.27628400921821594,0.0,0.0,0.0,0.0,0.0,0.0,0.0,0.0,0.0,241.0,0.0,0.0,0.6686961650848389,0.5886700749397278,0.30132997035980225
21.2235164642334,100.0950927734375,2.276857048855163e-5,0.0,0.0,0.0,0.0,-0.972416740553248,-0.0,0.0,3.2526427132742746,2.181214141845703,0.0,0.0,0.24138900637626648,0.0,0.0,0.0,3.0,0.0,0.0,0.0,3.0,0.0,242.0,0.0,3.0,0.4186564087867737,0.6430842876434326,0.39780595898628235
21.947145462036133,99.42386627197266,2.2767888367525302e-5,0.0,0.0,0.0,0.0,-0.0664260041286946,-0.0,0.0,3.2382144383021765,2.166785866873605,0.0,0.0,0.22142000496387482,0.0,0.0,0.0,0.0,0.0,0.0,0.0,0.0,0.0,243.0,0.0,0.0,0.8354830145835876,0.5868626236915588,0.3502194583415985
21.20708465576172,98.75263977050781,2.2767206246498972e-5,0.0,0.0,0.0,0.0,-0.9619617397372604,-0.0,0.0,3.240357208251953,2.1689286368233818,0.0,0.0,0.20653900504112244,0.0,0.0,0.0,3.0,0.0,0.0,0.0,3.0,0.0,244.0,0.0,3.0,0.7471677660942078,0.6639494299888611,0.5660151243209839
21.925186157226562,98.08141326904297,2.2766524125472642e-5,0.0,0.0,0.0,0.0,-0.2612392648553552,-0.0,0.0,3.2369286128452845,2.1655000414167134,0.0,0.0,0.20070600509643555,0.0,0.0,0.0,0.6700915098190308,0.0,0.0,0.0,0.0,0.6700915098190308,245.0,0.0,-0.6700915098190308,0.9320257902145386,0.20199567079544067,0.6577560305595398
21.003341674804688,125.23904418945312,2.2765842004446313e-5,0.0,0.0,0.0,0.0,-0.24854433332063053,-0.0,0.0,3.2230000632149833,2.1515714917864117,0.0,0.0,0.21046000719070435,0.0,0.0,0.0,0.6180210709571838,0.0,0.0,0.0,0.0,0.6180210709571838,246.0,0.0,-0.6180210709571838,0.7456203699111938,0.20148706436157227,0.8129439353942871
20.081497192382812,150.06910705566406,2.2765159883419983e-5,0.0,0.0,0.0,0.0,-0.6546988777199925,-0.0,0.0,3.2063570840018136,2.134928512573242,0.0,0.0,0.2391349971294403,0.0,0.0,0.0,1.9431945085525513,0.0,0.0,0.0,1.9431945085525513,0.0,247.0,0.0,1.9431945085525513,0.45737364888191223,0.21885082125663757,0.761827826499939
20.09423828125,149.3978729248047,2.2764477762393653e-5,0.0,0.0,0.0,0.0,-0.10328190439072849,-0.0,0.0,3.204785701206752,2.133357129778181,0.0,0.0,0.34427300095558167,0.0,0.0,0.0,0.0,0.0,0.0,0.0,0.0,0.0,248.0,0.0,0.0,0.22426876425743103,0.09827038645744324,0.5364454984664917
19.53596305847168,148.7266387939453,2.2763795641367324e-5,0.0,0.0,0.0,0.0,-0.5869455332337026,-0.0,0.0,3.255857140677316,2.1844285692487446,0.39383500814437866,0.0,0.0,0.0,0.0,1.0435149669647217,1.9564850330352783,0.0,0.0,0.0,3.0,0.0,249.0,0.2621213495731354,3.0,0.026211410760879517,0.5982109904289246,0.3077399730682373
20.62460708618164,113.59209442138672,2.2763113520340994e-5,0.0,0.0,0.0,0.0,-0.09550173662113082,-0.0,0.0,3.3577141898018974,2.286285618373326,0.4058389961719513,0.0,0.0,0.0,0.0,2.6816608905792236,0.31833910942077637,0.0,0.0,0.0,0.0,3.0,250.0,1.0947753190994263,-3.0,0.10947680473327637,0.4368076026439667,0.974170446395874
20.066299438476562,138.9749755859375,2.2762431399314664e-5,0.0,0.0,0.0,0.0,0.0,-0.0,0.0,3.4764286586216517,2.4050000871930806,0.4112839996814728,0.0,0.0,1.1685678900225867,0.0,3.0,0.0,0.0,0.0,0.0,3.0,0.0,251.0,4.16332483291626,3.0,0.41633176803588867,0.880144476890564,0.6190291047096252
21.16330909729004,99.34346008300781,1.1685556173324585,0.0,0.0,0.0,0.0,0.0,-0.0,0.0,3.627857153756278,2.5564285823277064,1.0242329835891724,0.0,0.0,0.48781210895094773,0.0,3.0,0.0,0.0,0.0,0.0,3.0,0.0,252.0,3.735767364501953,3.0,0.6653832197189331,0.9465810060501099,0.7242690920829773
22.328975677490234,77.34060668945312,1.6563180685043335,0.0,0.0,0.0,0.0,0.0,-0.0,0.0,3.755714225769043,2.6842857905796595,0.4126780033111572,0.0,0.0,3.302068865193519,0.0,0.9507639408111572,0.0,0.0,0.0,0.0,0.0,0.9507639408111572,253.0,4.569321632385254,-0.9507639408111572,0.9161104559898376,0.9529428482055664,0.66009920835495
21.679292678833008,125.61396026611328,4.958238124847412,0.0,0.0,0.0,0.0,-0.037546207012582045,-0.0,0.0,3.811357171194894,2.7399285997663227,0.42735400795936584,0.0,0.0,0.0,0.0,2.8748459815979004,0.1251540184020996,0.0,0.0,0.0,3.0,0.0,254.0,3.0486459732055664,3.0,0.874837338924408,0.9793760776519775,0.535122275352478
23.10931968688965,124.94273376464844,4.958089351654053,0.0,0.0,0.0,0.0,-0.14539225679207846,-0.0,0.0,3.824428503853934,2.7529999324253627,0.4101420044898987,0.0,0.0,0.0,0.0,1.8081080913543701,0.48464083671569824,0.0,0.0,0.0,2.2927489280700684,0.0,255.0,1.9248580932617188,2.2927489280700684,0.9794009923934937,0.9732654094696045,0.5741814374923706
23.86631202697754,112.5888671875,4.957940578460693,0.0,0.0,0.0,0.0,0.0,-0.0,0.0,3.8100714819771904,2.738642774309431,0.42344900965690613,0.0,0.0,0.7636659746980854,0.0,0.0,0.0,0.0,0.0,0.0,0.0,0.0,256.0,0.8425509929656982,0.0,0.9899160265922546,0.9391489028930664,0.469340056180954
23.48982048034668,111.91764068603516,5.721435070037842,0.0,0.0,0.0,0.0,-0.0010593027297378654,-0.0,0.0,3.770428603036063,2.6989998953683036,0.41990000009536743,0.0,0.0035310089588165283,0.0,0.0,0.0,0.0,0.0,0.0,0.0,0.0,0.0,257.0,0.018568992614746094,0.0,0.9984186887741089,0.616182267665863,0.4884004294872284
22.93154525756836,111.24641418457031,5.721263408660889,0.0,0.0,0.0,0.0,0.0,-0.0,0.0,3.728285734994071,2.6568570273263115,0.013300000689923763,0.518854022026062,0.0,0.0,0.0,0.0,0.0,0.0,0.0,0.0,0.0,0.0,258.0,-4.599999904632568,0.0,0.9960454702377319,0.5817520618438721,0.5622784495353699
22.736839294433594,102.34408569335938,5.191664695739746,0.0,0.0,0.0,0.0,0.0,-0.0,0.0,3.7198571613856726,2.648428453717913,0.0,0.7052639722824097,0.0,0.0,0.0,0.0,0.0,0.0,0.0,0.0,0.0,0.0,259.0,-4.599999904632568,0.0,0.9961928129196167,0.14005529880523682,0.5114449858665466
21.633209228515625,101.67285919189453,4.4718732833862305,0.0,0.0,0.0,0.0,0.0,-0.0,0.0,3.7243571417672294,2.652928706577846,0.0,0.6709100008010864,0.0,0.0,0.0,0.0,0.0,0.0,0.0,0.0,0.0,0.0,260.0,-4.471739292144775,0.0,0.9807217121124268,0.3122512102127075,0.4896514117717743
21.256717681884766,101.00163269042969,3.7871577739715576,0.0,0.0,0.0,0.0,0.0,-0.0,0.0,3.698357118879046,2.626928547450474,0.0,0.5575230121612549,0.0,0.0,0.0,0.0,0.0,0.0,0.4926033318042755,0.0,0.0,0.4926033318042755,261.0,-3.7870442867279053,-0.4926033318042755,0.8329290151596069,0.4354100823402405,0.5635499954223633
20.698442459106445,110.16608428955078,2.7155189514160156,0.0,0.0,0.0,0.0,0.0,-0.0,0.0,3.667785726274763,2.5963570186070033,0.0,0.4691759943962097,0.0,0.0,0.0,0.0,0.0,0.0,1.922425627708435,0.0,1.922425627708435,0.0,262.0,-2.715437650680542,1.922425627708435,0.7477582097053528,0.47592484951019287,0.4438719153404236
21.379608154296875,109.49485778808594,0.2751009464263916,0.0,0.0,0.0,0.0,-0.44916859907131346,-0.0,0.0,3.6439999989100866,2.572571563720703,0.0,0.2695908134001286,0.1388191993218868,0.0,0.0,0.0,1.3584094047546387,0.0,0.0,0.0,1.3584094047546387,0.0,263.0,-0.2750926911830902,1.3584094047546387,0.33076953887939453,0.5127706527709961,0.32221299409866333
21.563838958740234,108.8236312866211,8.284797331725713e-6,0.0,0.0,0.0,0.0,-0.6559118442102996,-0.0,0.0,3.632357134137835,2.5609285627092633,0.0,0.0,0.3546009957790375,0.0,0.0,0.0,1.831771731376648,0.0,0.0,0.0,1.831771731376648,0.0,264.0,0.0,1.831771731376648,0.06413772702217102,0.6007252931594849,0.6054572463035583
22.003610610961914,70.81121826171875,8.284549039672129e-6,0.0,0.0,0.0,0.0,-0.8905387844856083,-0.0,0.0,3.6307857513427733,2.559357179914202,0.0,0.0,0.27628400921821594,0.0,0.0,0.0,2.69217848777771,0.0,0.0,0.0,0.0,2.69217848777771,265.0,0.0,-2.69217848777771,0.035065531730651855,0.5410569906234741,0.8145307898521423
21.445335388183594,150.322998046875,8.284300747618545e-6,0.0,0.0,0.0,0.0,-0.5682482155461388,-0.0,0.0,3.044142804827009,1.9727142333984373,0.0,0.0,0.2425840049982071,0.0,0.0,0.0,1.6515766382217407,0.0,0.0,0.0,1.6515766382217407,0.0,266.0,0.0,1.6515766382217407,0.5263020396232605,0.5282440185546875,0.7407814264297485
21.641204833984375,149.65176391601562,8.28405245556496e-6,0.0,0.0,0.0,0.0,-0.06676290300539733,-0.0,0.0,3.0372142246791296,1.965785653250558,0.0,0.0,0.22254300117492676,0.0,0.0,0.0,0.0,0.0,0.0,0.0,0.0,0.0,267.0,0.0,0.0,0.7970952391624451,0.5093227028846741,0.6990889310836792
21.173307418823242,148.98052978515625,8.283804163511377e-6,0.0,0.0,0.0,0.0,-0.9373092025442586,-0.0,0.0,3.046642793927874,1.9752142224993023,0.0,0.0,0.20762799680233002,0.0,0.0,0.0,2.916735887527466,0.0,0.0,0.0,2.916735887527466,0.0,268.0,0.0,2.916735887527466,0.7605981230735779,0.5895969271659851,0.7937189936637878
21.947969436645508,148.30929565429688,8.283555871457793e-6,0.0,0.0,0.0,0.0,-0.08791334233337,-0.0,0.0,3.043214198521205,1.971785627092634,0.0,0.0,0.20176100730895996,0.0,0.0,0.0,0.09128345549106598,0.0,0.0,0.0,0.0,0.09128345549106598,269.0,0.0,-0.09128345549106598,0.9138849973678589,0.22291970252990723,0.8193240761756897
21.02663803100586,151.08993530273438,8.283307579404209e-6,0.0,0.0,0.0,0.0,-0.18185383208011885,-0.0,0.0,3.049357223510742,1.9779286520821708,0.0,0.0,0.21150100231170654,0.0,0.0,0.0,0.39467841386795044,0.0,0.0,0.0,0.0,0.39467841386795044,270.0,0.0,-0.39467841386795044,0.655695378780365,0.3445189595222473,0.8616747260093689
20.104793548583984,157.86602783203125,8.283059287350625e-6,0.0,0.0,0.0,0.0,-0.0720015032888055,-0.0,0.0,3.0551427568708145,1.9837141854422433,0.0,0.0,0.2400050014257431,0.0,0.0,0.0,0.0,0.0,0.0,0.0,0.0,0.0,271.0,0.0,0.0,0.5318626165390015,0.20541882514953613,0.8075644969940186
19.001163482666016,157.19479370117188,8.28281099529704e-6,0.0,0.0,0.0,0.0,-1.0034808438412668,-0.0,0.0,3.0671427045549664,1.9957141331263952,0.0,0.0,0.3449360132217407,0.0,0.0,0.0,3.0,0.0,0.0,0.0,3.0,0.0,272.0,0.0,3.0,0.12049907445907593,0.4490218758583069,0.5052406191825867
19.64080238342285,150.62228393554688,8.282562703243457e-6,0.0,0.0,0.0,0.0,-0.05307690414098509,-0.0,0.0,3.106642804827009,2.0352142333984373,0.25270000100135803,0.0,0.176923006772995,0.0,0.0,0.0,0.0,0.0,0.0,0.0,0.0,0.0,273.0,0.0,0.0,0.08393019437789917,0.11271017789840698,0.3638533353805542
19.08252716064453,144.9922637939453,8.282314411189873e-6,0.0,0.0,0.0,0.0,-0.8469414511101014,-0.0,0.0,3.1550714765276227,2.0836429050990515,0.6458380222320557,0.0,0.0,0.0,0.0,0.1768619418144226,2.8231380581855774,0.0,0.0,0.0,3.0,0.0,274.0,0.19030775129795074,3.0,0.01902860403060913,0.48773467540740967,0.1660866141319275
20.03475570678711,116.35276794433594,8.282066119136289e-6,0.0,0.0,0.0,0.0,-0.49239147473937095,-0.0,0.0,3.2325714111328123,2.161142839704241,0.7683550119400024,0.0,0.0,0.0,0.0,1.358695149421692,1.641304850578308,0.0,0.0,0.0,3.0,0.0,275.0,1.0666025876998901,3.0,0.10665807127952576,0.7498250603675842,0.37850746512413025
21.113561630249023,66.78450012207031,8.281817827082705e-6,0.0,0.0,0.0,0.0,0.0,-0.0,0.0,3.34514285496303,2.2737142835344586,0.39886701107025146,0.0,0.0,1.7804372800211468,0.0,1.9026100635528564,0.0,0.0,0.0,0.0,0.0,1.9026100635528564,276.0,3.7721445560455322,-1.9026100635528564,0.3772122859954834,0.8770312070846558,0.8067439794540405
20.828773498535156,149.07711791992188,1.7803921699523926,0.0,0.0,0.0,0.0,0.0,-0.0,0.0,3.4364285605294365,2.364999989100865,0.4125719964504242,0.0,0.0,3.277882563491403,0.0,3.0,0.0,0.0,0.0,0.0,3.0,0.0,277.0,4.599999904632568,3.0,0.9394992589950562,0.9750423431396484,0.6421498656272888
22.0900821685791,148.4058837890625,5.0581231117248535,0.0,0.0,0.0,0.0,0.0,-0.0,0.0,3.4927858080182754,2.4213572365897043,0.4273020029067993,0.0,0.0,3.809943816904024,0.0,3.0,0.0,0.0,0.0,0.0,3.0,0.0,278.0,4.599999904632568,3.0,0.9969428777694702,0.9864023327827454,0.37508833408355713
23.103559494018555,147.73464965820312,8.86780071258545,0.0,0.0,0.0,0.0,0.20189797839994478,-0.0,0.0,3.530999946594238,2.459571511404855,0.41009700298309326,0.0,0.0,1.1261248588562012,2.243310692828178,2.2584850788116455,0.0,0.0,0.0,0.0,2.2584850788116455,0.0,279.0,1.1261248588562012,2.2584850788116455,0.9993895292282104,0.9846581220626831,0.36487168073654175
23.923274993896484,147.06341552734375,9.99362564086914,0.0,0.0,0.0,0.0,0.2603914467804775,-0.0,0.0,3.559571484157017,2.4881427764892576,0.42232099175453186,0.0,0.0,0.0,2.893238067626953,0.7143409252166748,0.0,0.0,0.0,0.0,0.7143409252166748,0.0,280.0,-4.599999904632568,0.7143409252166748,0.9992130398750305,0.9856424331665039,0.5539594888687134
23.92819595336914,146.39218139648438,9.993326187133789,0.0,0.0,0.0,0.0,0.16387326350794265,-0.0,0.0,3.5599285670689174,2.488499995640346,0.417385995388031,0.0,0.0,0.0,1.8208138942718506,0.0,0.0,0.0,0.0,0.0,0.0,0.0,281.0,-4.599999904632568,0.0,0.9991145133972168,0.9823076725006104,0.6382342576980591
23.55170440673828,145.720947265625,9.993026733398438,0.0,0.0,0.0,0.0,0.0,-0.0,0.0,3.5241428920200892,2.452714320591518,0.5168240070343018,0.0,0.0,0.0,0.0,0.04177600145339966,0.0,0.0,0.6816563010215759,0.0,0.7234323024749756,0.0,282.0,-4.599999904632568,0.7234323024749756,0.9992592334747314,0.9478870630264282,0.7624795436859131
23.73941993713379,145.04971313476562,9.29718017578125,0.0,0.0,0.0,0.0,0.0,-0.0,0.0,3.447214344569615,2.3757857731410437,0.0,0.6819890141487122,0.0,0.0,0.0,0.0,0.0,0.0,0.0,0.0,0.0,0.0,283.0,-4.599999904632568,0.0,0.9998074769973755,0.2630729675292969,0.4734220802783966
23.18114471435547,144.37847900390625,8.601015090942383,0.0,0.0,0.0,0.0,0.0,-0.0,0.0,3.4057142530168805,2.3342856815883093,0.0,0.6540570259094238,0.0,0.0,0.0,0.0,0.0,0.0,0.0,0.0,0.0,0.0,284.0,-4.599999904632568,0.0,0.9990323781967163,0.23635393381118774,0.47093120217323303
22.62286949157715,136.1820526123047,7.9333720207214355,0.0,0.0,0.0,0.0,0.0,-0.0,0.0,3.373857171194894,2.3024285997663227,0.0,0.5621299743652344,0.0,0.0,0.0,0.0,0.0,0.0,0.0,0.0,0.0,0.0,285.0,-4.599999904632568,0.0,0.998399019241333,0.2668631374835968,0.3608107566833496
22.24637794494629,135.5108184814453,7.359549522399902,0.0,0.0,0.0,0.0,0.0,-0.0,0.0,3.3535714285714286,2.282142857142857,0.0,0.49087101221084595,0.0,0.0,0.0,0.0,0.0,0.0,0.0,0.0,0.0,0.0,286.0,-4.599999904632568,0.0,0.9936217069625854,0.30357053875923157,0.335338830947876
21.86988639831543,126.96887969970703,6.858455181121826,0.0,0.0,0.0,0.0,0.0,-0.0,0.0,3.3505000523158484,2.2790714808872767,0.0,0.4296489953994751,0.0,0.0,0.0,0.0,0.0,0.0,0.0,0.0,0.0,0.0,287.0,-4.599999904632568,0.0,0.989072859287262,0.2535516619682312,0.21933570504188538
21.31161117553711,126.29765319824219,6.4198455810546875,0.0,0.0,0.0,0.0,0.0,-0.0,0.0,3.341500091552734,2.270071520124163,0.0,0.3728249967098236,0.0,0.0,0.0,0.0,0.0,0.0,0.8442951440811157,0.0,0.8442951440811157,0.0,288.0,-4.599999904632568,0.8442951440811157,0.9684435129165649,0.5080205202102661,0.2764982581138611
21.54008674621582,116.26884460449219,5.177731037139893,0.0,0.0,0.0,0.0,0.0,-0.0,0.0,3.298500006539481,2.2270714351109095,0.0,0.2775129973888397,0.0,0.0,0.0,0.0,0.0,0.0,0.0,0.0,0.0,0.0,289.0,-4.599999904632568,0.0,0.9641581773757935,0.46018943190574646,0.19954776763916016
20.9818115234375,115.59761810302734,4.894407749176025,0.0,0.0,0.0,0.0,0.0,-0.0,0.0,3.258714348929269,2.1872857775006977,0.0,0.2425840049982071,0.0,0.0,0.0,0.0,0.0,0.0,2.4810142517089844,0.0,2.4810142517089844,0.0,290.0,-4.599999904632568,2.4810142517089844,0.9398927092552185,0.5636146068572998,0.2602464556694031
21.818058013916016,114.9263916015625,2.1151623725891113,0.0,0.0,0.0,0.0,0.0,-0.0,0.0,3.2312858581542967,2.1598572867257255,0.0,0.22254300117492676,0.0,0.0,0.0,0.0,0.0,0.0,1.4889768362045288,0.0,1.4889768362045288,0.0,291.0,-2.1150989532470703,1.4889768362045288,0.9036763310432434,0.6326556205749512,0.36365339159965515
22.16326332092285,100.8853759765625,0.3687025308609009,0.0,0.0,0.0,0.0,0.0,-0.0,0.0,3.207571520124163,2.1361429486955914,0.0,0.20762799680233002,0.0,0.0,0.0,0.0,0.0,0.0,0.0,0.0,0.0,0.0,292.0,-0.36869147419929504,0.0,0.9638611674308777,0.49593424797058105,0.38121500611305237
21.786771774291992,100.21414947509766,0.1568325310945511,0.0,0.0,0.0,0.0,-0.11006302310942866,-0.0,0.0,3.174857221330915,2.1034286499023436,0.0,0.15369125426917662,0.048069753039783336,0.0,0.0,0.0,0.3188069760799408,0.0,0.0,0.0,0.0,0.3188069760799408,293.0,-0.15682782232761383,-0.3188069760799408,0.9280077219009399,0.3791445195674896,0.5775335431098938
21.592065811157227,112.40345001220703,4.723526672023581e-6,0.0,0.0,0.0,0.0,-0.2394492840548068,-0.0,0.0,3.1281429835728236,2.0567144121442524,0.0,0.0,0.21150100231170654,0.0,0.0,0.0,0.5866632461547852,0.0,0.0,0.0,0.0,0.5866632461547852,294.0,0.0,-0.5866632461547852,0.8844358921051025,0.18080830574035645,0.7179642915725708
21.033790588378906,134.8723602294922,4.723385245597456e-6,0.0,0.0,0.0,0.0,-0.0720015032888055,-0.0,0.0,3.075214331490653,2.0037857600620814,0.0,0.0,0.2400050014257431,0.0,0.0,0.0,0.0,0.0,0.0,0.0,0.0,0.0,295.0,0.0,0.0,0.40340620279312134,0.14929956197738647,0.6475633382797241
20.83908462524414,134.2011260986328,4.72324381917133e-6,0.0,0.0,0.0,0.0,-0.08410081005497005,-0.0,0.0,3.018428475516183,1.9469999040876118,0.06460000574588776,0.0,0.28033602237701416,0.0,0.0,0.0,0.0,0.0,0.0,0.0,0.0,0.0,296.0,0.0,0.0,0.5320347547531128,0.03948846459388733,0.58785080909729
20.099023818969727,126.00468444824219,4.723102392745204e-6,0.0,0.0,0.0,0.0,-0.13166943119642838,-0.0,0.0,3.0297142573765345,1.9582856859479634,0.39451301097869873,0.0,0.0,0.0,0.0,2.0479369163513184,0.43889808654785156,0.0,0.0,0.0,2.48683500289917,0.0,297.0,0.8202203512191772,2.48683500289917,0.08201950788497925,0.42507076263427734,0.539121687412262
21.12533950805664,125.33345794677734,4.722960966319079e-6,0.0,0.0,0.0,0.0,-0.049373390252327454,-0.0,0.0,3.0860001155308314,2.0145715441022602,0.4468280076980591,0.0,0.0,0.0,0.0,2.8354220390319824,0.16457796096801758,0.0,0.0,0.0,3.0,0.0,298.0,3.008172035217285,3.0,0.36410263180732727,0.7939147353172302,0.7010440826416016
22.169456481933594,82.2047348022461,4.722819539892953e-6,0.0,0.0,0.0,0.0,-0.09821520241956705,-0.0,0.0,3.1110713958740233,2.039642824445452,0.41108399629592896,0.0,0.0,0.0,0.0,2.6726160049438477,0.32738399505615234,0.0,0.0,0.0,0.0,3.0,299.0,2.619460105895996,-3.0,0.2619434893131256,0.756982684135437,0.8942652940750122
21.91615104675293,138.40380859375,4.722678113466827e-6,0.0,0.0,0.0,0.0,0.0,-0.0,0.0,3.1169285910470146,2.045500019618443,0.39886701107025146,0.0,0.0,0.4163852391220644,0.0,3.0,0.0,0.0,0.0,0.0,3.0,0.0,300.0,3.6261329650878906,3.0,0.8213735222816467,0.9530503749847412,0.6641068458557129
23.00385856628418,137.73257446289062,0.4163774847984314,0.0,0.0,0.0,0.0,0.0,-0.0,0.0,3.128071321759905,2.0566427503313336,0.4125719964504242,0.0,0.0,1.9202818385977025,0.0,2.663907051086426,0.0,0.0,0.0,0.0,2.663907051086426,0.0,301.0,4.599999904632568,2.663907051086426,0.9844064712524414,0.9818211197853088,0.5098021030426025
23.909090042114258,137.06134033203125,2.3365893363952637,0.0,0.0,0.0,0.0,0.1498381912752211,-0.0,0.0,3.1485001155308314,2.0770715441022602,0.4273020029067993,0.0,0.0,4.599999904632568,1.664868659635025,0.4102020561695099,0.0,0.0,0.0,0.0,0.4102020561695099,0.0,302.0,4.599999904632568,0.4102020561695099,0.9992719888687134,0.9820227026939392,0.30836188793182373
23.910099029541016,136.39010620117188,6.9363813400268555,0.0,0.0,0.0,0.0,0.3737617143784569,-0.0,0.0,3.1568570273263115,2.08542845589774,0.41009700298309326,0.0,0.0,3.0619072914123535,4.15290760749496,0.0,0.0,0.0,0.0,0.0,0.0,0.0,303.0,3.0619072914123535,0.0,0.9998258352279663,0.9755581617355347,0.3365934491157532
23.809274673461914,135.7188720703125,9.9979887008667,0.0,0.0,0.0,0.0,0.5009909253113187,-0.0,0.0,3.13721433367048,2.0657857622419087,0.42232099175453186,0.0,0.0,0.0,5.56656539440155,0.8568135499954224,0.0,0.0,0.0,0.0,0.8568135499954224,0.0,304.0,0.0013584683183580637,0.8568135499954224,0.9999316930770874,0.9856764674186707,0.3170486092567444
23.928367614746094,130.11419677734375,9.997689247131348,0.0,0.0,0.0,0.0,0.29323648279797754,-0.0,0.0,3.082214300973075,2.0107857295445033,0.417385995388031,0.0,0.0,0.0,3.2581828832626343,0.8407312631607056,0.0,0.0,0.0,0.0,0.8407312631607056,0.0,305.0,0.0011467526201158762,0.8407312631607056,0.9998805522918701,0.9883145689964294,0.41303685307502747
23.941556930541992,116.6458740234375,9.997389793395996,0.0,0.0,0.0,0.0,0.08079534099859684,-0.0,0.0,2.9904285975864955,1.9190000261579243,0.5168240070343018,0.0,0.0,0.0,0.8977259397506714,0.0,0.0,0.0,0.0,0.0,0.0,0.0,306.0,0.001920182490721345,0.0,0.9999279975891113,0.8998743295669556,0.391349196434021
23.474672317504883,115.97464752197266,9.997090339660645,0.0,0.0,0.0,0.0,0.0,-0.0,0.0,2.875999941144671,1.8045713697160992,0.0,0.6819890141487122,0.0,0.0,0.0,0.0,0.0,0.0,0.0,0.0,0.0,0.0,307.0,-4.599999904632568,0.0,0.9998528957366943,0.45012056827545166,0.40077877044677734
23.09914207458496,115.30342102050781,9.300904273986816,0.0,0.0,0.0,0.0,0.0,-0.0,0.0,2.78692866734096,1.7155000959123887,0.0,0.6540570259094238,0.0,0.0,0.0,0.0,0.0,0.0,0.0,0.0,0.0,0.0,308.0,-4.599999904632568,0.0,0.9986932277679443,0.3823308050632477,0.4710423946380615
22.541379928588867,92.7717514038086,8.633240699768066,0.0,0.0,0.0,0.0,0.0,-0.0,0.0,2.7163573128836496,1.644928741455078,0.0,0.5621299743652344,0.0,0.0,0.0,0.0,0.0,0.0,0.0,0.0,0.0,0.0,309.0,-4.599999904632568,0.0,0.9964390993118286,0.3245481252670288,0.40239807963371277
21.801319122314453,71.40184783935547,8.059396743774414,0.0,0.0,0.0,0.0,0.0,-0.0,0.0,2.658071463448661,1.5866428920200892,0.0,0.49087101221084595,0.0,0.0,0.0,0.0,0.0,0.0,0.0,0.0,0.0,0.0,310.0,-4.599999904632568,0.0,0.995744526386261,0.29379433393478394,0.2309810221195221
21.06125831604004,70.73062133789062,7.558281421661377,0.0,0.0,0.0,0.0,0.0,-0.0,0.0,2.6112858363560267,1.5398572649274556,0.0,0.4296489953994751,0.0,0.0,0.0,0.0,0.0,0.0,0.0,0.0,0.0,0.0,311.0,-4.599999904632568,0.0,0.9812353253364563,0.4070231020450592,0.31095272302627563
20.139413833618164,70.05939483642578,7.119650840759277,0.0,0.0,0.0,0.0,0.0,-0.0,0.0,2.573357118879046,1.5019285474504747,0.0,0.3728249967098236,0.0,0.0,0.0,0.0,0.0,0.0,3.0,0.0,3.0,0.0,312.0,-4.599999904632568,3.0,0.8990563154220581,0.5706643462181091,0.5182707905769348
20.375579833984375,59.97291946411133,3.677882432937622,0.0,0.0,0.0,0.0,0.0,-0.0,0.0,2.536785616193499,1.4653570447649278,0.0,0.2775129973888397,0.0,0.0,0.0,0.0,0.0,0.0,3.0,0.0,3.0,0.0,313.0,-3.677772283554077,3.0,0.8559303283691406,0.6783274412155151,0.45816466212272644
20.77707290649414,59.30168914794922,0.33347147703170776,0.0,0.0,0.0,0.0,-0.5525683509784889,-0.0,0.0,2.495999962942941,1.4245713915143696,0.0,0.2425840049982071,0.0,0.0,0.0,0.0,1.8418944300713207,0.0,0.08420820817330821,0.0,0.0,1.926102638244629,314.0,-0.3334614932537079,-1.926102638244629,0.7482626438140869,0.7067610621452332,0.5703394412994385
20.21879768371582,111.25239562988281,1.0041208952316083e-5,0.0,0.0,0.0,0.0,-0.9667629387681842,-0.0,0.0,2.45307126726423,1.3816426958356587,0.0,0.0,0.22254300117492676,0.0,0.0,0.0,3.0,0.0,0.0,0.0,3.0,0.0,315.0,0.0,3.0,0.4263503849506378,0.7008835077285767,0.8518906831741333
20.400835037231445,110.58116912841797,1.0040907909569796e-5,0.0,0.0,0.0,0.0,-0.9622884372786045,-0.0,0.0,2.4102142333984373,1.3387856619698661,0.0,0.0,0.20762799680233002,0.0,0.0,0.0,3.0,0.0,0.0,0.0,3.0,0.0,316.0,0.0,3.0,0.6981698870658875,0.8012241125106812,0.826522946357727
20.927156448364258,109.90994262695312,1.004060686682351e-5,0.0,0.0,0.0,0.0,-0.9605283403606535,-0.0,0.0,2.3700716291155133,1.2986430576869417,0.0,0.0,0.20176100730895996,0.0,0.0,0.0,3.0,0.0,0.0,0.0,3.0,0.0,317.0,0.0,3.0,0.7735808491706848,0.7924399971961975,0.842706561088562
21.404916763305664,109.23871612548828,1.0040305824077222e-5,0.0,0.0,0.0,0.0,-0.6032809735648215,-0.0,0.0,2.3331429072788783,1.2617143358503071,0.0,0.0,0.21150100231170654,0.0,0.0,0.0,1.7994354963302612,0.0,0.0,0.0,0.0,1.7994354963302612,318.0,0.0,-1.7994354963302612,0.8663114905357361,0.4925982654094696,0.8256913423538208
20.75643539428711,152.10870361328125,1.0040004781330936e-5,0.0,0.0,0.0,0.0,-0.09131310050936925,-0.0,0.0,2.2972855704171318,1.2258569989885606,0.0,0.0,0.2400050014257431,0.0,0.0,0.0,0.0643719881772995,0.0,0.0,0.0,0.0,0.0643719881772995,319.0,0.0,-0.0643719881772995,0.7325938940048218,0.34172454476356506,0.8309546709060669
20.016374588012695,152.95082092285156,1.0039703738584649e-5,0.0,0.0,0.0,0.0,-0.9345108403567792,-0.0,0.0,2.2675712585449217,1.1961426871163505,0.22990000247955322,0.0,0.1150360107421875,0.0,0.0,0.0,3.0,0.0,0.0,0.0,3.0,0.0,320.0,0.0,3.0,0.5859934091567993,0.2413739562034607,0.7270042300224304
20.11493682861328,152.2795867919922,1.0039402695838362e-5,0.0,0.0,0.0,0.0,0.0,-0.0,0.0,2.320714351109096,1.249285779680525,0.39451301097869873,0.0,0.0,0.351758057764755,0.0,3.0,0.0,0.0,0.0,0.0,3.0,0.0,321.0,3.5564870834350586,3.0,0.4149545431137085,0.3883087635040283,0.42511433362960815
20.78276824951172,151.6083526611328,0.35175755620002747,0.0,0.0,0.0,0.0,0.0,-0.0,0.0,2.420428630283901,1.3490000588553297,0.40608200430870056,0.0,0.0,3.1026977093890764,0.0,3.0,0.0,0.0,0.0,0.0,3.0,0.0,322.0,4.599999904632568,3.0,0.8374195098876953,0.8852168321609497,0.7326070666313171
21.494956970214844,150.46624755859375,3.4543516635894775,0.0,0.0,0.0,0.0,0.04381544135272751,-0.0,0.0,2.5118571145193918,1.4404285430908201,0.41108399629592896,0.0,0.0,4.599999904632568,0.4868381985621033,3.0,0.0,0.0,0.0,0.0,3.0,0.0,323.0,4.599999904632568,3.0,0.9798352718353271,0.9596710205078125,0.8503441214561462
22.612886428833008,117.87454986572266,8.054110527038574,0.0,0.0,0.0,0.0,0.3752926609068115,-0.0,0.0,2.608285849434989,1.5368572780064174,0.39886701107025146,0.0,0.0,1.938255786895752,4.169918123124804,2.9534032344818115,0.0,0.0,0.0,0.0,2.9534032344818115,0.0,324.0,1.938255786895752,2.9534032344818115,0.9992336630821228,0.9514931440353394,0.7106390595436096
23.757450103759766,113.00865173339844,9.992066383361816,0.0,0.0,0.0,0.0,0.6787236466982847,-0.0,0.0,2.7046429225376674,1.6332143511090962,0.4125719964504242,0.0,0.0,0.0,7.541373252868652,1.5460548400878906,0.0,0.0,0.0,0.0,0.0,1.5460548400878906,325.0,0.006486375350505114,-1.5460548400878906,0.9998522996902466,0.9531878232955933,0.8020162582397461
23.74651527404785,148.32069396972656,9.991766929626465,0.0,0.0,0.0,0.0,0.7905678152495835,-0.0,0.0,2.8037144252232142,1.732285853794643,0.4273020029067993,0.0,0.0,0.0,8.784086138010025,0.288611501455307,0.0,0.0,0.0,0.0,0.288611501455307,0.0,326.0,0.007544000167399645,0.288611501455307,0.9999281167984009,0.9715946912765503,0.5237529277801514
23.85795783996582,147.6494598388672,9.991467475891113,0.0,0.0,0.0,0.0,0.7876257033000912,-0.0,0.0,2.8894284929547993,1.8179999215262277,0.41009700298309326,0.0,0.0,0.0,8.751396007835865,0.03260724991559982,0.0,0.0,0.0,0.0,0.03260724991559982,0.0,327.0,0.008079010993242264,0.03260724991559982,0.9999516606330872,0.9724349975585938,0.5116110444068909
23.862159729003906,146.9782257080078,9.991168022155762,0.0,0.0,0.0,0.0,0.5919573860929291,-0.0,0.0,2.9427857535226005,1.871357182094029,0.42232099175453186,0.0,0.0,0.0,6.577303767204285,0.5946751832962036,0.0,0.0,0.0,0.0,0.5946751832962036,0.0,328.0,0.008515793830156326,0.5946751832962036,0.9999653697013855,0.9863932132720947,0.2810489535331726
23.931949615478516,146.30699157714844,9.99086856842041,0.0,0.0,0.0,0.0,0.42744159433526346,-0.0,0.0,2.9454999106270927,1.874071339198521,0.417385995388031,0.0,0.0,0.0,4.749350670725107,0.0478132925927639,0.0,0.0,0.0,0.0,0.0478132925927639,0.0,329.0,0.007954079657793045,0.0478132925927639,0.9998792409896851,0.9886302947998047,0.5345697402954102
23.94313621520996,145.63575744628906,9.990569114685059,0.0,0.0,0.0,0.0,0.1381658544672208,-0.0,0.0,2.8884998866489955,1.8170713152204243,0.5168240070343018,0.0,0.0,0.0,1.5351760387420654,0.0,0.0,0.0,0.0,0.0,0.0,0.0,330.0,0.008167702704668045,0.0,0.9998706579208374,0.9864418506622314,0.6826459765434265
23.93120574951172,144.9645233154297,9.990269660949707,0.0,0.0,0.0,0.0,0.0,-0.0,0.0,2.763928495134626,1.6924999237060545,0.0,0.6819890141487122,0.0,0.0,0.0,0.0,0.0,0.0,0.0,0.0,0.0,0.0,331.0,-4.599999904632568,0.0,0.9998636245727539,0.7113950252532959,0.6550225615501404
23.737489700317383,135.52037048339844,9.294083595275879,0.0,0.0,0.0,0.0,0.0,-0.0,0.0,2.690857151576451,1.6194285801478792,0.0,0.6540570259094238,0.0,0.0,0.0,0.0,0.0,0.0,0.0,0.0,0.0,0.0,332.0,-4.599999904632568,0.0,0.999894380569458,0.7484852075576782,0.5406758189201355
23.72654914855957,134.84913635253906,8.626420021057129,0.0,0.0,0.0,0.0,0.0,-0.0,0.0,2.636714335850307,1.565285764421736,0.0,0.5621299743652344,0.0,0.0,0.0,0.0,0.0,0.0,0.0,0.0,0.0,0.0,333.0,-4.599999904632568,0.0,0.9996289014816284,0.724958062171936,0.4561399519443512
23.714618682861328,117.54573059082031,8.052577018737793,0.0,0.0,0.0,0.0,0.0,-0.0,0.0,2.5868570600237164,1.5154284885951448,0.0,0.49087101221084595,0.0,0.0,0.0,0.0,0.0,0.0,0.0,0.0,0.0,0.0,334.0,-4.599999904632568,0.0,0.9998037815093994,0.6923992037773132,0.21931713819503784
23.701698303222656,116.87450408935547,7.551461696624756,0.0,0.0,0.0,0.0,0.0,-0.0,0.0,2.5475714002336773,1.4761428288051057,0.0,0.4296489953994751,0.0,0.0,0.0,0.0,0.0,0.0,0.0,0.0,0.0,0.0,335.0,-4.599999904632568,0.0,0.9997254014015198,0.7063891887664795,0.15191444754600525
23.688777923583984,116.20327758789062,7.112831115722656,0.0,0.0,0.0,0.0,0.0,-0.0,0.0,2.5372142246791296,1.465785653250558,0.0,0.3728249967098236,0.0,0.0,0.0,0.0,0.0,0.0,0.0,0.0,0.0,0.0,336.0,-4.599999904632568,0.0,0.999184250831604,0.7435226440429688,0.14854729175567627
23.675857543945312,103.55721282958984,6.7321953773498535,0.0,0.0,0.0,0.0,0.0,-0.0,0.0,2.5651427132742746,1.493714141845703,0.0,0.2775129973888397,0.0,0.0,0.0,0.0,0.0,0.0,0.0,0.0,0.0,0.0,337.0,-4.599999904632568,0.0,0.9993633031845093,0.5031247138977051,0.07288327813148499
23.299365997314453,102.885986328125,6.448825359344482,0.0,0.0,0.0,0.0,0.0,-0.0,0.0,2.598642839704241,1.52721426827567,0.0,0.7857840061187744,0.0,0.0,0.0,0.0,0.0,0.0,0.0,0.0,0.0,0.0,338.0,-4.599999904632568,0.0,0.9853780269622803,0.7077097296714783,0.48568546772003174
23.28644561767578,57.37361526489258,5.646835803985596,0.0,0.0,0.0,0.0,0.0,-0.0,0.0,2.6224285670689174,1.5509999956403462,0.0,0.22254300117492676,0.0,0.0,0.0,0.0,0.0,0.0,0.0,0.0,0.0,0.0,339.0,-4.599999904632568,0.0,0.9967135190963745,0.5618051290512085,0.10486799478530884
22.909954071044922,56.70238494873047,5.419588565826416,0.0,0.0,0.0,0.0,0.0,-0.0,0.0,2.6371429443359373,1.5657143729073661,0.0,0.20762799680233002,0.0,0.0,0.0,0.0,0.0,0.0,0.0,0.0,0.0,0.0,340.0,-4.599999904632568,0.0,0.9925157427787781,0.4131815731525421,0.18429335951805115
22.3516788482666,56.03115463256836,5.20756721496582,0.0,0.0,0.0,0.0,0.0,-0.0,0.0,2.6498570578438896,1.5784284864153184,0.0,0.20176100730895996,0.0,0.0,0.0,0.0,0.0,0.0,0.7426199316978455,0.0,0.0,0.7426199316978455,341.0,-4.599999904632568,-0.7426199316978455,0.968161404132843,0.34925568103790283,0.3615109920501709
21.79340362548828,77.83984375,4.243785858154297,0.0,0.0,0.0,0.0,0.0,-0.0,0.0,2.643071528843471,1.5716429574149,0.0,0.21150100231170654,0.0,0.0,0.0,0.0,0.0,0.0,1.138895869255066,0.0,0.0,1.138895869255066,342.0,-4.243658542633057,-1.138895869255066,0.9185001850128174,0.30208295583724976,0.5718621611595154
21.416912078857422,111.49602508544922,2.86574387550354,0.0,0.0,0.0,0.0,0.0,-0.0,0.0,2.617857197352818,1.5464286259242463,0.0,0.2400050014257431,0.0,0.0,0.0,0.0,0.0,0.0,0.4039395749568939,0.0,0.0,0.4039395749568939,343.0,-2.8656580448150635,-0.4039395749568939,0.8937360048294067,0.14649537205696106,0.642540693283081
21.040420532226562,122.80459594726562,2.2085914611816406,0.0,0.0,0.0,0.0,0.0,-0.0,0.0,2.609142793927874,1.5377142224993028,0.08170000463724136,0.26323601603507996,0.0,0.0,0.0,0.0,0.0,0.0,0.0,0.0,0.0,0.0,344.0,-2.2085251808166504,0.0,0.6374006867408752,0.08382764458656311,0.6270161867141724
20.482114791870117,109.31483459472656,1.9399250745773315,0.0,0.0,0.0,0.0,0.01710515520107929,-0.0,0.0,2.6588572910853796,1.587428719656808,0.39451301097869873,0.0,0.0,0.3981541097164154,0.19005726490759745,0.0,0.0,0.0,0.0,0.0,0.0,0.0,345.0,0.3981541097164154,0.0,0.23380491137504578,0.09289535880088806,0.5079915523529053
19.833948135375977,89.75897979736328,2.3380091190338135,0.0,0.08789687328417983,0.0,0.0,-0.03734335689170572,-0.08789687328417983,0.0,2.7870000566755024,1.7155714852469313,0.40608200430870056,0.0,0.0,0.814555823802948,0.5617056930537982,0.36228299140930176,0.0,0.0,0.0,0.0,0.0,0.36228299140930176,346.0,0.814555823802948,-0.36228299140930176,0.31525349617004395,0.07243120670318604,0.4514302909374237
18.9121036529541,92.2269287109375,3.152470350265503,0.0,0.0,0.0,0.0,0.028333442078704866,-0.0,0.0,2.9401427132742746,1.868714141845703,0.41108399629592896,0.0,0.0,0.0,0.3148159980773926,3.0,0.0,0.0,0.0,0.0,3.0,0.0,347.0,-3.1523759365081787,3.0,0.23027345538139343,0.5505664944648743,0.537585973739624
19.67689323425293,91.55570220947266,3.1523759365081787,0.0,0.0,0.0,0.0,0.0,-0.0,0.0,3.113642774309431,2.042214202880859,0.39886701107025146,0.0,0.0,2.428276185566574,0.0,3.0,0.0,0.0,0.0,0.0,3.0,0.0,348.0,3.0275866985321045,3.0,0.6179932355880737,0.931624174118042,0.7819986343383789
21.06511116027832,90.88447570800781,5.580484867095947,0.0,0.0,0.0,0.0,0.013347617874119528,-0.0,0.0,3.2817142486572264,2.210285677228655,0.4125719964504242,0.0,0.0,4.265568733215332,0.14830685348162476,3.0,0.0,0.0,0.0,0.0,3.0,0.0,349.0,4.265568733215332,3.0,0.9846023321151733,0.9526113867759705,0.7401522397994995
22.347177505493164,90.21324920654297,9.845758438110352,0.0,0.0,0.0,0.0,0.3625829360898045,-0.0,0.0,3.3971429007393974,2.325714329310826,0.4273020029067993,0.0,0.0,0.14577431976795197,4.028698969714482,3.0,0.0,0.0,0.0,0.0,3.0,0.0,350.0,0.14577431976795197,3.0,0.999150276184082,0.9650778770446777,0.4892486333847046
23.317615509033203,89.54202270507812,9.991232872009277,0.0,0.0,0.0,0.0,0.24409101757137006,-0.0,0.0,3.457571520124163,2.3861429486955914,0.41009700298309326,0.0,0.0,0.0,2.7121222019195557,2.1407806873321533,0.0,0.0,0.0,0.0,2.1407806873321533,0.0,351.0,-4.599999904632568,2.1407806873321533,0.9990889430046082,0.9739280939102173,0.4521881341934204
23.869625091552734,80.79467010498047,9.990933418273926,0.0,0.0,0.0,0.0,0.29978958128210415,-0.0,0.0,3.5022143772670202,2.4307858058384486,0.42232099175453186,0.0,0.0,0.0,3.3309950828552246,1.100234031677246,0.0,0.0,0.0,0.0,1.100234031677246,0.0,352.0,0.005878884810954332,1.100234031677246,0.9996782541275024,0.9778704643249512,0.2954615354537964
23.88933753967285,80.12344360351562,9.990633964538574,0.0,0.0,0.0,0.0,0.2217567763135245,-0.0,0.0,3.52957147870745,2.4581429072788783,0.417385995388031,0.0,0.0,0.0,2.4639639854431152,0.0,0.0,0.0,0.0,0.0,0.0,0.0,353.0,-4.599999904632568,0.0,0.9986563920974731,0.9752299189567566,0.3369479179382324
23.512845993041992,79.45221710205078,9.990334510803223,0.0,0.0,0.0,0.0,0.027357842116184274,-0.0,0.0,3.5288571766444616,2.457428468976702,0.5168240070343018,0.0,0.0,0.0,0.30397599935531616,0.0,0.0,0.0,0.0,0.0,0.0,0.0,354.0,0.0034184048417955637,0.0,0.9993722438812256,0.7848270535469055,0.2376556396484375
22.954570770263672,72.67060852050781,9.990035057067871,0.0,0.0,0.0,0.0,0.0,-0.0,0.0,3.4959285736083983,2.424500002179827,0.0,0.6819890141487122,0.0,0.0,0.0,0.0,0.0,0.0,3.0,0.0,0.0,3.0,355.0,-4.599999904632568,-3.0,0.8471019864082336,0.7210443019866943,0.918759822845459
22.39629554748535,131.41830444335938,6.2327165603637695,0.0,0.0,0.0,0.0,0.0,-0.0,0.0,3.4834286281040736,2.4120000566755024,0.0,0.6540570259094238,0.0,0.0,0.0,0.0,0.0,0.0,0.0,0.0,0.0,0.0,356.0,-4.599999904632568,0.0,0.9952583312988281,0.2074260711669922,0.5785374641418457
21.83802032470703,130.7470703125,5.5651445388793945,0.0,0.0,0.0,0.0,0.0,-0.0,0.0,3.415142822265625,2.3437142508370536,0.0,0.5621299743652344,0.0,0.0,0.0,0.0,0.0,0.0,0.0,0.0,0.0,0.0,357.0,-4.599999904632568,0.0,0.9856669306755066,0.2600224018096924,0.5462664365768433
21.461528778076172,130.07583618164062,4.991393089294434,0.0,0.0,0.0,0.0,0.0,-0.0,0.0,3.318357140677316,2.2469285692487446,0.0,0.49087101221084595,0.0,0.0,0.0,0.0,0.0,0.0,0.0,0.0,0.0,0.0,358.0,-4.599999904632568,0.0,0.9479070901870728,0.2919347882270813,0.5399436950683594
20.90325355529785,129.40460205078125,4.49036979675293,0.0,0.0,0.0,0.0,0.0,-0.0,0.0,3.239571380615234,2.168142809186663,0.0,0.4296489953994751,0.0,0.0,0.0,0.0,0.0,0.0,1.8863065242767334,0.0,1.8863065242767334,0.0,359.0,-4.490235328674316,1.8863065242767334,0.8838886022567749,0.4886801838874817,0.5144876837730408
21.44338607788086,128.73336791992188,2.1270861625671387,0.0,0.0,0.0,0.0,-0.031848135385489765,-0.0,0.0,3.1919285365513392,2.120499965122768,0.0,0.3728249967098236,0.0,0.0,0.0,0.0,0.10616044706652872,0.0,1.7116566448753048,0.0,1.8178170919418335,0.0,360.0,-2.1270225048065186,1.8178170919418335,0.6915543675422668,0.5874523520469666,0.5541418790817261
21.937246322631836,119.66568756103516,6.41187943983823e-5,0.0,0.0,0.0,0.0,-0.08325390252486464,-0.0,0.0,3.1191427503313336,2.0477141789027624,0.0,0.0,0.2775129973888397,0.0,0.0,0.0,0.0,0.0,0.0,0.0,0.0,0.0,361.0,0.0,0.0,0.8193069100379944,0.5686653852462769,0.4168318212032318
21.560754776000977,118.99446105957031,6.411687354557216e-5,0.0,0.0,0.0,0.0,-0.8675787123075596,-0.0,0.0,3.0295000893729074,1.9580715179443358,0.0,0.0,0.2425840049982071,0.0,0.0,0.0,2.6493449211120605,0.0,0.0,0.0,2.6493449211120605,0.0,362.0,0.0,2.6493449211120605,0.6606228947639465,0.6412844061851501,0.5204123854637146
22.20640754699707,118.32323455810547,6.411495269276202e-5,0.0,0.0,0.0,0.0,-0.06676290300539733,-0.0,0.0,2.9594287327357702,1.8880001613071986,0.0,0.0,0.22254300117492676,0.0,0.0,0.0,0.0,0.0,0.0,0.0,0.0,0.0,363.0,0.0,0.0,0.9357898831367493,0.5766146779060364,0.42151039838790894
21.82991600036621,117.65200805664062,6.411303183995187e-5,0.0,0.0,0.0,0.0,-0.12287921052691164,-0.0,0.0,2.9108572823660714,1.8394287109374998,0.0,0.0,0.21530300378799438,0.0,0.0,0.0,0.19429434835910797,0.0,0.0,0.0,0.0,0.19429434835910797,364.0,0.0,-0.19429434835910797,0.8896690011024475,0.5971582531929016,0.6489795446395874
21.089855194091797,123.8348159790039,6.411111098714173e-5,0.0,0.0,0.0,0.0,-0.9605283403606535,-0.0,0.0,2.8690713609967915,1.7976427895682203,0.0,0.0,0.20176100730895996,0.0,0.0,0.0,3.0,0.0,0.0,0.0,3.0,0.0,365.0,0.0,3.0,0.7639927864074707,0.6471423506736755,0.8178303837776184
21.64087677001953,123.16358947753906,6.410919013433158e-5,0.0,0.0,0.0,0.0,-0.22556645574436374,-0.0,0.0,2.8339998517717633,1.7625712803431917,0.0,0.0,0.21150100231170654,0.0,0.0,0.0,0.5403871536254883,0.0,0.0,0.0,0.0,0.5403871536254883,366.0,0.0,-0.5403871536254883,0.902645468711853,0.24867194890975952,0.7547547221183777
21.08260154724121,140.7588348388672,6.410726928152144e-5,0.0,0.0,0.0,0.0,-0.0720015032888055,-0.0,0.0,2.8094285692487446,1.7379999978201734,0.0,0.0,0.2400050014257431,0.0,0.0,0.0,0.0,0.0,0.0,0.0,0.0,0.0,367.0,0.0,0.0,0.7351745367050171,0.15133529901504517,0.7266613841056824
20.52432632446289,140.0876007080078,6.41053484287113e-5,0.0,0.0,0.0,0.0,-0.04106580629212875,-0.0,0.0,2.8146429879324777,1.743214416503906,0.20804999768733978,0.0,0.13688601553440094,0.0,0.0,0.0,0.0,0.0,0.0,0.0,0.0,0.0,368.0,0.0,0.0,0.7348096966743469,0.03352370858192444,0.6857572197914124
19.420696258544922,139.41636657714844,6.410342757590115e-5,0.0,0.0,0.0,0.0,0.0,-0.0,0.0,2.94471435546875,1.8732857840401786,0.39451301097869873,0.0,0.0,0.32529319919456157,0.0,2.2043049335479736,0.0,0.0,0.0,0.0,2.2043049335479736,0.0,369.0,1.753957748413086,2.2043049335479736,0.17539918422698975,0.13086175918579102,0.26993468403816223
19.654293060302734,138.74513244628906,0.32534754276275635,0.0,0.0,0.0,0.0,0.0,-0.0,0.0,3.0689999171665736,1.9975713457380024,0.40608200430870056,0.0,0.0,2.29086556124912,0.0,3.0,0.0,0.0,0.0,0.0,3.0,0.0,370.0,4.483404636383057,3.0,0.48087218403816223,0.5190369486808777,0.45451846718788147
20.2952823638916,138.0738983154297,2.6161346435546875,0.0,0.0,0.0,0.0,0.0,-0.0,0.0,3.1639286586216517,2.0925000871930806,0.41108399629592896,0.0,0.0,4.348128107774073,0.0,3.0,0.0,0.0,0.0,0.0,3.0,0.0,371.0,4.599999904632568,3.0,0.857671320438385,0.9144688844680786,0.7890691161155701
21.16077423095703,131.29415893554688,6.964054107666016,0.0,0.0,0.0,0.0,0.22376315379800302,-0.0,0.0,3.2394286019461496,2.168000030517578,0.39886701107025146,0.0,0.0,2.955117702484131,2.4862570668322928,3.0,0.0,0.0,0.0,0.0,3.0,0.0,372.0,2.955117702484131,3.0,0.9919142127037048,0.9569826126098633,0.6849228143692017
22.423810958862305,128.50201416015625,9.918874740600586,0.0,0.0,0.0,0.0,0.47562414003391523,-0.0,0.0,3.2999286106654577,2.228500039236886,0.4125719964504242,0.0,0.0,0.0744461640715599,5.284712247052299,3.0,0.0,0.0,0.0,0.0,3.0,0.0,373.0,0.0744461640715599,3.0,0.9993290901184082,0.9640690088272095,0.4921874403953552
23.53228759765625,127.8307876586914,9.993021011352539,0.0,0.0,0.0,0.0,0.3656688241695406,-0.0,0.0,3.335285677228655,2.2638571058000836,0.4823800027370453,0.0,0.0,0.0,4.062986612319946,1.4519836902618408,0.0,0.0,0.0,0.0,1.4519836902618408,0.0,374.0,0.0010866711381822824,1.4519836902618408,0.9994077682495117,0.9764456748962402,0.4332093596458435
23.882213592529297,119.63434600830078,9.992721557617188,0.0,0.0,0.0,0.0,0.1458656188540149,-0.0,0.0,3.345285633632115,2.2738570622035437,0.4424610137939453,0.0,0.0,0.0,1.6207289695739746,1.4803099632263184,0.0,0.0,0.0,0.0,1.4803099632263184,0.0,375.0,0.00377031066454947,1.4803099632263184,0.9996461868286133,0.976995587348938,0.3821225166320801
23.88496208190918,118.96311950683594,9.992422103881836,0.0,0.0,0.0,0.0,0.11288909289352785,-0.0,0.0,3.333214296613421,2.261785725184849,0.42232099175453186,0.0,0.0,0.0,1.2543231546878815,0.49600574374198914,0.0,0.0,0.0,0.0,0.0,0.49600574374198914,376.0,-4.599999904632568,-0.49600574374198914,0.9802961349487305,0.9826234579086304,0.748805046081543
23.872041702270508,139.806884765625,9.992122650146484,0.0,0.0,0.0,0.0,0.05588676360342982,-0.0,0.0,3.2851428440638952,2.2137142726353236,0.417385995388031,0.0,0.0,0.0,0.620963990688324,0.0,0.0,0.0,0.0,0.0,0.0,0.0,377.0,0.00220628478564322,0.0,0.9994299411773682,0.9647066593170166,0.6984164714813232
23.49555015563965,139.13565063476562,9.991823196411133,0.0,0.0,0.0,0.0,0.0,-0.0,0.0,3.225642830984933,2.154214259556362,0.21564999222755432,0.30117401480674744,0.0,0.0,0.0,0.0,0.0,0.0,0.0,0.0,0.0,0.0,378.0,-4.599999904632568,0.0,0.9998133182525635,0.31596556305885315,0.5229548215866089
22.573705673217773,138.46441650390625,9.684212684631348,0.0,0.0,0.0,0.0,0.0,-0.0,0.0,3.1764286041259764,2.105000032697405,0.0,0.6819890141487122,0.0,0.0,0.0,0.0,0.0,0.0,0.0,0.0,0.0,0.0,379.0,-4.599999904632568,0.0,0.9988595247268677,0.34185120463371277,0.6278709769248962
22.015430450439453,129.98626708984375,8.988036155700684,0.0,0.0,0.0,0.0,0.0,-0.0,0.0,3.1525000980922155,2.081071526663644,0.0,0.6540570259094238,0.0,0.0,0.0,0.0,0.0,0.0,0.8420125842094421,0.0,0.0,0.8420125842094421,380.0,-4.599999904632568,-0.8420125842094421,0.9863770008087158,0.3394233286380768,0.7065957188606262
21.27536964416504,133.0533905029297,7.46121072769165,0.0,0.0,0.0,0.0,0.0,-0.0,0.0,3.143214307512556,2.071785736083984,0.0,0.5621299743652344,0.0,0.0,0.0,0.0,0.0,0.0,1.6599016189575195,0.0,0.0,1.6599016189575195,381.0,-4.599999904632568,-1.6599016189575195,0.847770094871521,0.5001619458198547,0.825719952583313
20.535308837890625,152.11328125,5.193675994873047,0.0,0.0,0.0,0.0,0.0,-0.0,0.0,3.1411429268973214,2.06971435546875,0.0,0.49087101221084595,0.0,0.0,0.0,0.0,0.0,0.0,2.3825361728668213,0.0,2.3825361728668213,0.0,382.0,-4.599999904632568,2.3825361728668213,0.7160097360610962,0.3835691809654236,0.8429231643676758
20.917831420898438,143.23098754882812,2.2615602016448975,0.0,0.0,0.0,0.0,-0.36401605145109833,-0.0,0.0,3.143571526663644,2.0721429552350727,0.0,0.4296489953994751,0.0,0.0,0.0,0.0,1.2133867899546686,0.0,1.7866132100453314,0.0,3.0,0.0,383.0,-2.2614924907684326,3.0,0.4399600028991699,0.46199434995651245,0.8344485759735107
21.228809356689453,142.55975341796875,6.819724512752146e-5,0.0,0.0,0.0,0.0,-0.8344766978214846,-0.0,0.0,3.146928460257394,2.0754998888288227,0.0,0.0,0.3728249967098236,0.0,0.0,0.0,2.408763885498047,0.0,0.0,0.0,2.408763885498047,0.0,384.0,0.0,2.408763885498047,0.22622168064117432,0.5251589417457581,0.7849633693695068
21.62578010559082,141.88851928710938,6.819520058343187e-5,0.0,0.0,0.0,0.0,-0.6958249756028234,-0.0,0.0,3.144785690307617,2.073357118879046,0.0,0.0,0.2775129973888397,0.0,0.0,0.0,2.041903495788574,0.0,0.0,0.0,2.041903495788574,0.0,385.0,0.0,2.041903495788574,0.4183071255683899,0.5334303975105286,0.7085283398628235
21.667137145996094,141.21728515625,6.819315603934228e-5,0.0,0.0,0.0,0.0,-0.07277520439128882,-0.0,0.0,3.1368571145193918,2.06542854309082,0.0,0.0,0.2425840049982071,0.0,0.0,0.0,0.0,0.0,0.0,0.0,0.0,0.0,386.0,0.0,0.0,0.6071816682815552,0.5234761238098145,0.6244882941246033
21.108861923217773,140.54605102539062,6.81911114952527e-5,0.0,0.0,0.0,0.0,-0.06676290300539733,-0.0,0.0,3.1267857687813896,2.055357197352818,0.0,0.0,0.22254300117492676,0.0,0.0,0.0,0.0,0.0,0.0,0.0,0.0,0.0,387.0,0.0,0.0,0.9069886207580566,0.3739997446537018,0.5680193305015564
21.0959415435791,139.87481689453125,6.818906695116311e-5,0.0,0.0,0.0,0.0,-0.08583993880311391,-0.0,0.0,3.1162858145577568,2.044857243129185,0.0,0.0,0.20762799680233002,0.0,0.0,0.0,0.07850512117147446,0.0,0.0,0.0,0.07850512117147446,0.0,388.0,0.0,0.07850512117147446,0.8831329941749573,0.42394644021987915,0.6528419852256775
21.11971664428711,131.6795654296875,6.818702240707353e-5,0.0,0.0,0.0,0.0,-0.06052830459786662,-0.0,0.0,3.101856994628906,2.030428423200335,0.0,0.0,0.20176100730895996,0.0,0.0,0.0,0.0,0.0,0.0,0.0,0.0,0.0,389.0,0.0,0.0,0.8868213891983032,0.32370635867118835,0.6430256366729736
21.106796264648438,131.00833129882812,6.818497786298394e-5,0.0,0.0,0.0,0.0,-0.16672528750599547,-0.0,0.0,3.081428473336356,2.0099999019077845,0.0,0.0,0.21150100231170654,0.0,0.0,0.0,0.3442499339580536,0.0,0.0,0.0,0.0,0.3442499339580536,390.0,0.0,-0.3442499339580536,0.7728649377822876,0.3320499062538147,0.7725567817687988
20.548521041870117,143.60716247558594,6.818293331889436e-5,0.0,0.0,0.0,0.0,-0.0720015032888055,-0.0,0.0,3.0582141331263952,1.9867855616978236,0.0,0.0,0.2400050014257431,0.0,0.0,0.0,0.0,0.0,0.0,0.0,0.0,0.0,391.0,0.0,0.0,0.35279083251953125,0.229404479265213,0.6558918356895447
20.35381507873535,142.93592834472656,6.818088877480477e-5,0.0,0.0,0.0,0.0,-0.1006308088950636,-0.0,0.0,3.036571448189872,1.9651428767613002,0.009499999694526196,0.0,0.33543601632118225,0.0,0.0,0.0,0.0,0.0,0.0,0.0,0.0,0.0,392.0,0.0,0.0,0.652690589427948,0.03270769119262695,0.6706345677375793
19.250185012817383,142.2646942138672,6.817884423071519e-5,0.0,0.0,0.0,0.0,-0.8444016136487953,-0.0,0.0,3.0345714569091795,1.9631428854806083,0.39451301097869873,0.0,0.0,0.0,0.0,0.13273698091506958,2.8146719336509705,0.0,0.0,0.0,2.94740891456604,0.0,393.0,0.16048699617385864,2.94740891456604,0.03710228204727173,0.2611411213874817,0.3400348722934723
20.30569076538086,141.5934600830078,6.81767996866256e-5,0.0,0.0,0.0,0.0,0.004309700971036263,-0.0,0.0,3.042142813546317,1.9707142421177455,0.40608200430870056,0.0,0.0,1.0335397720336914,0.0478855625392447,0.0,0.0,0.0,0.0,0.0,0.0,0.0,394.0,1.0335397720336914,0.0,0.10335779190063477,0.10228988528251648,0.2907579243183136
19.838788986206055,140.92222595214844,1.0335769653320312,0.0,0.0,0.0,0.0,-0.2127851570759276,-0.0,0.0,3.05264276776995,1.9812141963413783,0.41108399629592896,0.0,0.0,0.0,0.0,2.2907161712646484,0.7092838287353516,0.0,0.0,0.0,3.0,0.0,395.0,1.0972788333892822,3.0,0.21308258175849915,0.8486877083778381,0.53084796667099
20.959062576293945,69.99044036865234,1.033545970916748,0.0,0.0,0.0,0.0,0.0,-0.0,0.0,3.0716429574148996,2.000214385986328,0.39886701107025146,0.0,0.0,0.7934401380468898,0.0,3.0,0.0,0.0,0.0,0.0,0.0,3.0,396.0,4.031132698059082,-3.0,0.5962621569633484,0.8309739232063293,0.9081926941871643
20.127595901489258,133.3140106201172,1.826931357383728,0.0,0.0,0.0,0.0,0.0,-0.0,0.0,3.0925714765276227,2.0211429050990515,0.4125719964504242,0.0,0.0,2.1876814218965137,0.0,3.0,0.0,0.0,0.0,0.0,3.0,0.0,397.0,4.599999904632568,3.0,0.8747181296348572,0.9455859661102295,0.618986189365387
20.688814163208008,132.6427764892578,4.014492511749268,0.0,0.0,0.0,0.0,0.0,-0.0,0.0,3.09442868913923,2.0230001177106587,0.4730199873447418,0.0,0.0,2.022308474799729,0.0,3.0,0.0,0.0,0.0,0.0,3.0,0.0,398.0,4.599999904632568,3.0,0.9057475328445435,0.9728626012802124,0.8892586827278137
21.34124755859375,80.43746185302734,6.036620140075684,0.0,0.0,0.0,0.0,0.0,-0.0,0.0,3.079142924717494,2.007714353288923,0.41009700298309326,0.0,0.0,0.8894998151331492,0.0,3.0,0.0,0.0,0.0,0.0,0.0,3.0,399.0,3.6360249519348145,-3.0,0.967261552810669,0.9556986689567566,0.9131578207015991
20.78297233581543,146.1321258544922,6.925912380218506,0.0,0.0,0.0,0.0,-0.1685613937601005,-0.0,0.0,3.0606430053710936,1.9892144339425224,0.42232099175453186,0.0,0.0,0.0,0.0,2.438128709793091,0.5618712902069092,0.0,0.0,0.0,3.0,0.0,400.0,2.5886788368225098,3.0,0.9877481460571289,0.9539916515350342,0.8255219459533691
21.23841667175293,145.4608917236328,6.9257049560546875,0.0,0.0,0.0,0.0,-0.535015818874669,-0.0,0.0,3.041785866873605,1.9703572954450337,0.417385995388031,0.0,0.0,0.0,0.0,1.216614007949829,1.783385992050171,0.0,0.0,0.0,3.0,0.0,401.0,1.3026139736175537,3.0,0.9919453859329224,0.8425041437149048,0.8649433851242065
21.86716079711914,144.78965759277344,6.925497531890869,0.0,0.0,0.0,0.0,-0.205241068412505,-0.0,0.0,3.010928508213588,1.9394999367850168,0.5168240070343018,0.0,0.0,0.0,0.0,0.058875977993011475,0.6841368675231934,0.0,0.0,0.0,0.0,0.7430128455162048,402.0,0.0891759991645813,-0.7430128455162048,0.990746259689331,0.5787414312362671,0.8878705501556396
21.30888557434082,162.057373046875,6.925290107727051,0.0,0.0,0.0,0.0,0.0,-0.0,0.0,2.9518571036202568,1.8804285321916852,0.0,0.6819890141487122,0.0,0.0,0.0,0.0,0.0,0.0,0.1952911764383316,0.0,0.0,0.1952911764383316,403.0,-4.599999904632568,-0.1952911764383316,0.9813278913497925,0.2478468418121338,0.9276926517486572
20.7506103515625,168.42889404296875,6.029925346374512,0.0,0.0,0.0,0.0,0.0,-0.0,0.0,2.8957856859479634,1.8243571145193918,0.0,0.6858599781990051,0.0,0.0,0.0,0.0,0.0,0.0,0.07860428839921951,0.0,0.0,0.07860428839921951,404.0,-4.599999904632568,-0.07860428839921951,0.9392271041870117,0.23788973689079285,0.9406859278678894
20.37411880493164,170.50782775878906,5.249702453613281,0.0,0.0,0.0,0.0,0.0,-0.0,0.0,2.8483572823660714,1.7769287109374998,0.0,0.5621299743652344,0.0,0.0,0.0,0.0,0.0,0.0,2.1667401790618896,0.0,2.1667401790618896,0.0,405.0,-4.599999904632568,2.1667401790618896,0.7463657259941101,0.3483212888240814,0.9530671834945679
20.74159049987793,161.76754760742188,2.465067148208618,0.0,0.0,0.0,0.0,-0.11948931199941228,-0.0,0.0,2.802285548618862,1.7308569771902906,0.0,0.49087101221084595,0.0,0.0,0.0,0.0,0.39829769083777933,0.0,1.9248221879311416,0.0,2.323119878768921,0.0,406.0,-2.4649932384490967,2.323119878768921,0.5762898921966553,0.468324214220047,0.923639714717865
21.34160614013672,161.0963134765625,7.413259299937636e-5,0.0,0.0,0.0,0.0,-0.5676202880390591,-0.0,0.0,2.749428558349609,1.677999986921038,0.0,0.0,0.4296489953994751,0.0,0.0,0.0,1.462418556213379,0.0,0.0,0.0,1.462418556213379,0.0,407.0,0.0,1.462418556213379,0.3669835925102234,0.5136505961418152,0.8989956378936768
21.5682373046875,160.42507934570312,7.413037383230403e-5,0.0,0.0,0.0,0.0,-0.750240167984968,-0.0,0.0,2.693642970493862,1.6222143990652906,0.0,0.0,0.3728249967098236,0.0,0.0,0.0,2.1279754638671875,0.0,0.0,0.0,2.1279754638671875,0.0,408.0,0.0,2.1279754638671875,0.4224846363067627,0.5739554166793823,0.8852890133857727
21.869762420654297,159.75384521484375,7.41281546652317e-5,0.0,0.0,0.0,0.0,-0.8951653269992388,-0.0,0.0,2.642428479875837,1.5709999084472654,0.0,0.0,0.2775129973888397,0.0,0.0,0.0,2.706371307373047,0.0,0.0,0.0,2.706371307373047,0.0,409.0,0.0,2.706371307373047,0.5557630062103271,0.6041284799575806,0.87167888879776
22.020626068115234,159.08261108398438,7.412593549815938e-5,0.0,0.0,0.0,0.0,-0.6803947048542769,-0.0,0.0,2.598285620553153,1.5268570491245814,0.0,0.0,0.2425840049982071,0.0,0.0,0.0,2.0253982543945312,0.0,0.0,0.0,2.0253982543945312,0.0,410.0,0.0,2.0253982543945312,0.6765729188919067,0.6139929294586182,0.8323041796684265
22.069950103759766,158.411376953125,7.412371633108705e-5,0.0,0.0,0.0,0.0,-0.5284155101941224,-0.0,0.0,2.5604999542236326,1.4890713827950615,0.0,0.0,0.22254300117492676,0.0,0.0,0.0,1.538841962814331,0.0,0.0,0.0,1.538841962814331,0.0,411.0,0.0,1.538841962814331,0.8491218090057373,0.6205440759658813,0.8002140522003174
22.102705001831055,157.74014282226562,7.412149716401473e-5,0.0,0.0,0.0,0.0,-0.062288401515817604,-0.0,0.0,2.5254998343331474,1.4540712629045762,0.0,0.0,0.20762799680233002,0.0,0.0,0.0,0.0,0.0,0.0,0.0,0.0,0.0,412.0,0.0,0.0,0.8985508680343628,0.5803482532501221,0.8557427525520325
21.36264419555664,157.06890869140625,7.41192779969424e-5,0.0,0.0,0.0,0.0,-0.9605283403606535,-0.0,0.0,2.492071369716099,1.4206427982875276,0.0,0.0,0.20176100730895996,0.0,0.0,0.0,3.0,0.0,0.0,0.0,3.0,0.0,413.0,0.0,3.0,0.8416267037391663,0.6739084124565125,0.8637890815734863
21.925800323486328,156.39767456054688,7.411705882987007e-5,0.0,0.0,0.0,0.0,-0.06345030321480039,-0.0,0.0,2.4646428789411274,1.3932143075125563,0.0,0.0,0.21150100231170654,0.0,0.0,0.0,0.0,0.0,0.0,0.0,0.0,0.0,414.0,0.0,0.0,0.9362368583679199,0.19312787055969238,0.8385034203529358
21.185739517211914,155.7264404296875,7.411483966279775e-5,0.0,0.0,0.0,0.0,-0.0720015032888055,-0.0,0.0,2.4427857535226005,1.3713571820940293,0.0,0.0,0.2400050014257431,0.0,0.0,0.0,0.0,0.0,0.0,0.0,0.0,0.0,415.0,0.0,0.0,0.7580602765083313,0.2810943126678467,0.7403703927993774
20.809247970581055,155.05520629882812,7.411262049572542e-5,0.0,0.0,0.0,0.0,-0.045055806937051024,-0.0,0.0,2.4332855224609373,1.3618569510323661,0.19474999606609344,0.0,0.15018601715564728,0.0,0.0,0.0,0.0,0.0,0.0,0.0,0.0,0.0,416.0,0.0,0.0,0.44452202320098877,0.23761200904846191,0.6270236968994141
20.250972747802734,139.5169219970703,7.41104013286531e-5,0.0,0.0,0.0,0.0,0.0,-0.0,0.0,2.5146429334368023,1.4432143620082307,0.39451301097869873,0.0,0.0,2.197833056310401,0.0,0.0,0.0,0.0,0.0,0.0,0.0,0.0,417.0,2.3814868927001953,0.0,0.33326518535614014,0.1641657054424286,0.3735266923904419
19.692697525024414,138.84568786621094,2.197841167449951,0.0,0.0,0.0,0.0,0.0,-0.0,0.0,2.643071528843471,1.5716429574149,0.40608200430870056,0.0,0.0,2.5655106376241292,0.0,3.0,0.0,0.0,0.0,0.0,3.0,0.0,418.0,4.599999904632568,3.0,0.684961199760437,0.8307405710220337,0.7028863430023193
20.50558853149414,138.17445373535156,4.763208866119385,0.0,0.0,0.0,0.0,0.024235914802790155,-0.0,0.0,2.783142852783203,1.7117142813546318,0.41108399629592896,0.0,0.0,4.599999904632568,0.26928792085214237,3.0,0.0,0.0,0.0,0.0,3.0,0.0,419.0,4.599999904632568,3.0,0.9368418455123901,0.9413275718688965,0.8445130586624146
21.381961822509766,113.66349792480469,9.36292839050293,0.0,0.0,0.0,0.0,0.49273050891339676,-0.0,0.0,2.896428462437221,1.8249998910086496,0.39886701107025146,0.0,0.0,0.6138233542442322,5.4747829972744055,3.0,0.0,0.0,0.0,0.0,3.0,0.0,420.0,0.6138233542442322,3.0,0.9976722002029419,0.947046160697937,0.6463161110877991
22.310819625854492,112.99227142333984,9.976452827453613,0.0,0.0,0.0,0.0,0.5462098975157251,-0.0,0.0,2.9710714612688336,1.8996428898402624,0.4125719964504242,0.0,0.0,0.018061120063066483,6.068998378965168,3.0,0.0,0.0,0.0,0.0,3.0,0.0,421.0,0.018061120063066483,3.0,0.9994484186172485,0.9642717242240906,0.5080761909484863
23.089527130126953,112.321044921875,9.994214057922363,0.0,0.0,0.0,0.0,0.5514355668573009,-0.0,0.0,3.0275000980922155,1.956071526663644,0.4273020029067993,0.0,0.0,0.0,6.127061367034912,2.94563627243042,0.0,0.0,0.0,0.0,2.94563627243042,0.0,422.0,0.00441976310685277,2.94563627243042,0.999860405921936,0.9737905263900757,0.3843829333782196
23.868938446044922,111.64981842041016,9.993914604187012,0.0,0.0,0.0,0.0,0.7855158285709843,-0.0,0.0,3.0666429792131695,1.9952144077845984,0.41009700298309326,0.0,0.0,0.0,8.72795295715332,0.0,0.0,0.0,0.0,0.0,0.0,0.0,423.0,0.005610902328044176,0.0,0.99994957447052,0.9673606753349304,0.5330774784088135
23.674232482910156,110.97859191894531,9.99361515045166,0.0,0.0,0.0,0.0,0.5256361473112199,-0.0,0.0,3.086071504865374,2.0146429334368023,0.42232099175453186,0.0,0.0,0.0,5.8404011726379395,1.334428310394287,0.0,0.0,0.0,0.0,1.334428310394287,0.0,424.0,0.006023843307048082,1.334428310394287,0.9999608993530273,0.983095645904541,0.2509332299232483
23.915462493896484,110.30736541748047,9.993315696716309,0.0,0.0,0.0,0.0,0.39959584461417363,-0.0,0.0,3.070857129778181,1.9994285583496092,0.417385995388031,0.0,0.0,0.0,4.439953476190567,0.43321022391319275,0.0,0.0,0.0,0.0,0.43321022391319275,0.0,425.0,0.005769212264567614,0.43321022391319275,0.9999054670333862,0.9840642213821411,0.359366238117218
23.920305252075195,102.11092376708984,9.993016242980957,0.0,0.0,0.0,0.0,0.15475285091025365,-0.0,0.0,3.0089999062674386,1.937571334838867,0.5168240070343018,0.0,0.0,0.0,1.7194759845733643,0.0,0.0,0.0,0.0,0.0,0.0,0.0,426.0,0.005924661178141832,0.0,0.9998910427093506,0.9416942596435547,0.3024425804615021
23.362030029296875,88.55472564697266,9.992716789245605,0.0,0.0,0.0,0.0,0.0,-0.0,0.0,2.8849999019077845,1.8135713304792134,0.01615000143647194,0.6658390164375305,0.0,0.0,0.0,0.0,0.0,0.0,0.0,0.0,0.0,0.0,427.0,-4.599999904632568,0.0,0.9997189044952393,0.5269994139671326,0.30725985765457153
22.985538482666016,75.60570526123047,9.313010215759277,0.0,0.0,0.0,0.0,0.0,-0.0,0.0,2.788285609654018,1.7168570382254469,0.0,0.6540570259094238,0.0,0.0,0.0,0.0,0.0,0.0,0.0,0.0,0.0,0.0,428.0,-4.599999904632568,0.0,0.9996460676193237,0.2649574279785156,0.21023231744766235
22.2454776763916,74.93447875976562,8.645345687866211,0.0,0.0,0.0,0.0,0.0,-0.0,0.0,2.7111428941999165,1.6397143227713453,0.0,0.5621299743652344,0.0,0.0,0.0,0.0,0.0,0.0,0.0,0.0,0.0,0.0,429.0,-4.599999904632568,0.0,0.9974603652954102,0.3063024878501892,0.3157128393650055
21.505416870117188,64.00431060791016,8.071501731872559,0.0,0.0,0.0,0.0,0.0,-0.0,0.0,2.6425712585449217,1.5711426871163505,0.0,1.0771600008010864,0.0,0.0,0.0,0.0,0.0,0.0,3.0,0.0,0.0,3.0,430.0,-4.599999904632568,-3.0,0.9864180088043213,0.4087120294570923,0.7342014908790588
20.947141647338867,131.08335876464844,3.9110171794891357,0.0,0.0,0.0,0.0,-0.010564368999895856,-0.0,0.0,2.584571511404855,1.5131429399762837,0.0,0.8678960204124451,0.0,0.0,0.0,0.0,0.03521456193368522,0.0,2.964785438066315,0.0,3.0,0.0,431.0,-3.9108998775482178,3.0,0.674662709236145,0.5147541761398315,0.9030758142471313
21.551923751831055,110.76180267333984,0.0001178046441054903,0.0,0.0,0.0,0.0,-1.1885043497285963,-0.0,0.0,2.533142852783203,1.4617142813546318,0.0,0.0,0.9616810083389282,0.0,0.0,0.0,3.0,0.0,0.0,0.0,0.0,3.0,432.0,0.0,-3.0,0.37051132321357727,0.5858923196792603,0.9423688650131226
20.993648529052734,170.41241455078125,0.00011780111526604742,0.0,0.0,0.0,0.0,-0.3166834688855591,-0.0,0.0,2.4896427699497767,1.4182141985212056,0.0,0.0,0.2775129973888397,0.0,0.0,0.0,0.7780985236167908,0.0,0.0,0.0,0.7780985236167908,0.0,433.0,0.0,0.7780985236167908,0.8012980222702026,0.4542641043663025,0.8364688158035278
21.271305084228516,169.74118041992188,0.00011779758642660454,0.0,0.0,0.0,0.0,-0.9727752401540757,-0.0,0.0,2.4603573390415736,1.3889287676130024,0.0,0.0,0.2425840049982071,0.0,0.0,0.0,3.0,0.0,0.0,0.0,3.0,0.0,434.0,0.0,3.0,0.508140504360199,0.6700572967529297,0.913192868232727
21.8201904296875,169.0699462890625,0.00011779405758716166,0.0,0.0,0.0,0.0,-0.6226868280842623,-0.0,0.0,2.4416429792131695,1.370214407784598,0.0,0.0,0.22254300117492676,0.0,0.0,0.0,1.8530796766281128,0.0,0.0,0.0,1.8530796766281128,0.0,435.0,0.0,1.8530796766281128,0.8574506640434265,0.6244798302650452,0.8434793949127197
22.12238311767578,168.39871215820312,0.00011779052874771878,0.0,0.0,0.0,0.0,-0.062288401515817604,-0.0,0.0,2.4389285496303015,1.3674999782017299,0.0,0.0,0.20762799680233002,0.0,0.0,0.0,0.0,0.0,0.0,0.0,0.0,0.0,436.0,0.0,0.0,0.9371401071548462,0.5819323062896729,0.8158054947853088
21.745891571044922,167.72747802734375,0.0001177869999082759,0.0,0.0,0.0,0.0,-0.6261380086794688,-0.0,0.0,2.4538570949009486,1.3824285234723774,0.0,0.0,0.20176100730895996,0.0,0.0,0.0,1.885365605354309,0.0,0.0,0.0,1.885365605354309,0.0,437.0,0.0,1.885365605354309,0.8983027935028076,0.5763187408447266,0.8683794736862183
21.88157844543457,167.05624389648438,0.00011778347106883302,0.0,0.0,0.0,0.0,-0.06345030321480039,-0.0,0.0,2.46707147870745,1.3956429072788783,0.0,0.0,0.21150100231170654,0.0,0.0,0.0,0.0,0.0,0.0,0.0,0.0,0.0,438.0,0.0,0.0,0.9355248808860779,0.31946492195129395,0.7793853282928467
21.50508689880371,166.385009765625,0.00011777994222939014,0.0,0.0,0.0,0.0,-0.0720015032888055,-0.0,0.0,2.469785635811942,1.3983570643833705,0.0,0.0,0.2400050014257431,0.0,0.0,0.0,0.0,0.0,0.0,0.0,0.0,0.0,439.0,0.0,0.0,0.8752303123474121,0.1251838207244873,0.768546462059021
20.94681167602539,165.71377563476562,0.00011777641338994727,0.0,0.0,0.0,0.0,-0.060445808785987154,-0.0,0.0,2.4683573041643414,1.3969287327357698,0.14344999194145203,0.0,0.2014860212802887,0.0,0.0,0.0,0.0,0.0,0.0,0.0,0.0,0.0,440.0,0.0,0.0,0.587282657623291,0.13417205214500427,0.6197944283485413
20.57032012939453,165.04254150390625,0.00011777288455050439,0.0,0.0,0.0,0.0,-0.04608017389298169,-0.0,0.0,2.5340714590890068,1.4626428876604356,0.39451301097869873,0.0,0.0,0.0,0.0,1.292686939239502,0.1536005735397339,0.0,0.0,0.0,1.4462875127792358,0.0,441.0,1.3814870119094849,1.4462875127792358,0.23193439841270447,0.40315139293670654,0.4329138398170471
21.0157413482666,164.37130737304688,0.00011776935571106151,0.0,0.0,0.0,0.0,0.0,-0.0,0.0,2.680214146205357,1.6087855747767854,0.40608200430870056,0.0,0.0,1.5172043809541265,0.0,3.0,0.0,0.0,0.0,0.0,3.0,0.0,442.0,4.599999904632568,3.0,0.7452459931373596,0.801948070526123,0.5877121090888977
21.754453659057617,154.75665283203125,1.517276644706726,0.0,0.0,0.0,0.0,0.0,-0.0,0.0,2.820571572440011,1.74914300101144,0.41108399629592896,0.0,0.0,3.823044584294621,0.0,3.0,0.0,0.0,0.0,0.0,3.0,0.0,443.0,4.599999904632568,3.0,0.9524198174476624,0.9515843391418457,0.7987684607505798
22.739076614379883,137.78692626953125,5.340161323547363,0.0,0.0,0.0,0.0,0.09134152812231502,-0.0,0.0,2.946428516932896,1.874999945504325,0.39886701107025146,0.0,0.0,4.599999904632568,1.0149057873682557,3.0,0.0,0.0,0.0,0.0,3.0,0.0,444.0,4.599999904632568,3.0,0.9981147050857544,0.9642043113708496,0.5368748307228088
23.567920684814453,137.11569213867188,9.939863204956055,0.0,0.0,0.0,0.0,0.6262831613689025,-0.0,0.0,3.049357223510742,1.9779286520821708,0.4125719964504242,0.0,0.0,0.05858464911580086,6.958701239959907,2.068946599960327,0.0,0.0,0.0,0.0,2.068946599960327,0.0,445.0,0.05858464911580086,2.068946599960327,0.9998417496681213,0.9732241630554199,0.3346253037452698
23.866106033325195,136.4444580078125,9.998147964477539,0.0,0.0,0.0,0.0,0.8165428524448716,-0.0,0.0,3.1344285147530693,2.0629999433244977,0.4273020029067993,0.0,0.0,0.0,9.072697639465332,0.0,0.0,0.0,0.0,0.0,0.0,0.0,446.0,0.0012125561479479074,0.0,0.9999330043792725,0.9712172746658325,0.4866536259651184
23.58048439025879,128.2480010986328,9.997848510742188,0.0,0.0,0.0,0.0,0.6976485532640228,-0.0,0.0,3.199285725184849,2.127857153756278,0.41009700298309326,0.0,0.0,0.0,7.751649975776672,0.7264527082443237,0.0,0.0,0.0,0.0,0.7264527082443237,0.0,447.0,0.001058060908690095,0.7264527082443237,0.9998877048492432,0.9652625322341919,0.5950002670288086
23.826297760009766,127.57677459716797,9.997549057006836,0.0,0.0,0.0,0.0,0.5680511878372155,-0.0,0.0,3.2421427590506418,2.17071418762207,0.42232099175453186,0.0,0.0,0.0,6.311679363250732,0.5011997222900391,0.0,0.0,0.0,0.0,0.5011997222900391,0.0,448.0,0.001386124873533845,0.5011997222900391,0.9998905658721924,0.9750703573226929,0.5608336925506592
23.875335693359375,108.98052978515625,9.997249603271484,0.0,0.0,0.0,0.0,0.28147927479777796,-0.0,0.0,3.252571323939732,2.181142752511161,0.417385995388031,0.0,0.0,0.0,3.12754724919796,0.19711662828922272,0.0,0.0,0.0,0.0,0.0,0.19711662828922272,449.0,-4.599999904632568,-0.19711662828922272,0.9986954927444458,0.9814765453338623,0.603478729724884
23.862415313720703,116.55467987060547,9.996950149536133,0.0,0.0,0.0,0.0,0.001964337385840199,-0.0,0.0,3.2284286499023436,2.1570000784737724,0.5168240070343018,0.0,0.0,0.0,0.021825969219207764,0.0,0.0,0.0,0.0,0.0,0.0,0.0,450.0,0.0009340832475572824,0.0,0.9997854232788086,0.9119428396224976,0.5290703773498535
23.577783584594727,115.88345336914062,9.996650695800781,0.0,0.0,0.0,0.0,0.0,-0.0,0.0,3.175,2.1035714285714286,0.0,0.6819890141487122,0.0,0.0,0.0,0.0,0.0,0.0,0.0,0.0,0.0,0.0,451.0,-4.599999904632568,0.0,0.999758243560791,0.49079400300979614,0.3946290612220764
23.202255249023438,105.83529663085938,9.300464630126953,0.0,0.0,0.0,0.0,0.0,-0.0,0.0,3.1444998604910714,2.0730712890625,0.0,0.6540570259094238,0.0,0.0,0.0,0.0,0.0,0.0,0.0,0.0,0.0,0.0,452.0,-4.599999904632568,0.0,0.9996871948242188,0.26457107067108154,0.2355179786682129
22.644468307495117,105.16407012939453,8.632801055908203,0.0,0.0,0.0,0.0,0.0,-0.0,0.0,3.134714344569615,2.0632857731410437,0.0,0.5621299743652344,0.0,0.0,0.0,0.0,0.0,0.0,0.0,0.0,0.0,0.0,453.0,-4.599999904632568,0.0,0.9991065263748169,0.3022405207157135,0.20592141151428223
22.178085327148438,104.49284362792969,8.05895709991455,0.0,0.0,0.0,0.0,0.0,-0.0,0.0,3.1080714089529855,2.036642837524414,0.0,0.49087101221084595,0.0,0.0,0.0,0.0,0.0,0.0,0.0,0.0,0.0,0.0,454.0,-4.599999904632568,0.0,0.9946703910827637,0.32071977853775024,0.23307392001152039
21.619810104370117,92.78335571289062,7.557841777801514,0.0,0.0,0.0,0.0,0.0,-0.0,0.0,3.0865715026855467,2.0151429312569755,0.0,0.4296489953994751,0.0,0.0,0.0,0.0,0.0,0.0,3.0,0.0,0.0,3.0,455.0,-4.599999904632568,-3.0,0.8484411239624023,0.6641109585762024,0.7947746515274048
21.244321823120117,146.2611541748047,4.058078289031982,0.0,0.0,0.0,0.0,0.0,-0.0,0.0,3.0756429399762832,2.004214368547712,0.0,0.3728249967098236,0.0,0.0,0.0,0.0,0.0,0.0,0.0,0.0,0.0,0.0,456.0,-4.057956695556641,0.0,0.9650110602378845,0.44617217779159546,0.4773162603378296
21.231401443481445,145.5899200439453,3.677534341812134,0.0,0.0,0.0,0.0,0.0,-0.0,0.0,3.0674285343715124,1.9959999629429408,0.0,0.2775129973888397,0.0,0.0,0.0,0.0,0.0,0.0,1.0294063091278076,0.0,1.0294063091278076,0.0,457.0,-3.677424192428589,1.0294063091278076,0.9407787322998047,0.5020711421966553,0.4760509729385376
21.510339736938477,144.91868591308594,2.3438730239868164,0.0,0.0,0.0,0.0,0.0,-0.0,0.0,3.835785675048828,2.7643571036202568,0.0,0.21376900374889374,0.0,0.0,0.0,0.0,0.0,0.0,0.0,0.0,0.0,0.0,458.0,-2.3438026905059814,0.0,0.066897451877594,0.04683774709701538,0.09411746263504028
20.952064514160156,143.05999755859375,2.1256775856018066,0.0,0.0,0.0,0.0,0.0,-0.0,0.0,3.828928620474679,2.7574999128069195,0.0,0.1956239938735962,0.0,0.0,0.0,0.0,0.0,0.0,0.0,0.0,0.0,0.0,459.0,-2.1256139278411865,0.0,0.06623461842536926,0.020281225442886353,0.1415899395942688
20.575572967529297,136.05174255371094,1.9260035753250122,0.0,0.0,0.0,0.0,0.0,-0.0,0.0,3.812071473257882,2.7406427655901227,0.0,0.1819709986448288,0.0,0.0,0.0,0.0,0.0,0.0,0.0,0.0,0.0,0.0,460.0,-1.9259458780288696,0.0,0.08252254128456116,0.010850965976715088,0.13428202271461487
20.199081420898438,135.38050842285156,1.7402666807174683,0.0,0.0,0.0,0.0,0.0,-0.0,0.0,3.809214265005929,2.737785829816546,0.0,0.17693200707435608,0.0,0.0,0.0,0.0,0.0,0.0,0.0,0.0,0.0,0.0,461.0,-1.740214467048645,0.0,0.07600250840187073,0.012107133865356445,0.12560349702835083
19.822589874267578,134.7092742919922,1.559677004814148,0.0,0.0,0.0,0.0,0.0,-0.0,0.0,3.8132142475673128,2.7417858123779295,0.0,0.18479299545288086,0.0,0.0,0.0,0.0,0.0,0.0,0.0,0.0,0.0,0.0,462.0,-1.559630274772644,0.0,0.02794349193572998,0.015731751918792725,0.1390264630317688
19.264314651489258,134.0380401611328,1.3710715770721436,0.0,0.11217623145842026,0.0,0.0,-0.11217623145842026,-0.11217623145842026,0.0,3.821428516932896,2.749999945504325,0.0,0.2110850065946579,0.0,0.0,0.0,0.0,0.0,0.0,0.0,0.0,0.0,0.0,463.0,-1.3710304498672485,0.0,0.07250237464904785,0.029659628868103027,0.07362177968025208
18.8878231048584,133.36680603027344,1.1556440591812134,0.0,0.0,0.0,0.0,-0.6239541029531922,-0.0,0.0,3.844571467808315,2.7731428963797433,0.09689999371767044,0.21234402060508728,0.0,0.0,0.0,0.0,2.0798469271982825,0.0,0.9201530728017175,0.0,3.0,0.0,464.0,-1.155609369277954,3.0,0.003407120704650879,0.537749707698822,0.2156246304512024
19.87782096862793,71.0958023071289,3.4801643778337166e-5,0.0,0.0,0.0,0.0,-0.23957180736747574,-0.0,0.0,3.89957150050572,2.8281429290771483,0.351065993309021,0.0,0.0,0.0,0.0,0.7765840291976929,0.7985726594924927,0.0,0.0,0.0,1.5751566886901855,0.0,465.0,0.835934042930603,1.5751566886901855,0.1978931427001953,0.32098957896232605,0.12001737952232361
20.60493278503418,70.42457580566406,3.480059967841953e-5,0.0,0.0,0.0,0.0,0.1480230258713363,-0.0,0.0,4.0087857382638115,2.93735716683524,0.35998600721359253,0.0,0.0,2.9073305130004883,1.644700156750265,0.0,0.0,0.0,0.0,0.0,0.0,0.0,466.0,2.9073305130004883,0.0,0.2907335162162781,0.29251542687416077,0.2538214325904846
20.109033584594727,69.75334930419922,2.907278060913086,0.0,0.0,0.0,0.0,0.0,-0.0,0.0,4.108357102530343,3.03692866734096,0.3635280132293701,0.0,0.0,3.679725413414417,0.0,3.0,0.0,0.0,0.0,0.0,3.0,0.0,467.0,4.599999904632568,3.0,0.8196678161621094,0.6215023994445801,0.327472060918808
21.61224365234375,69.08212280273438,6.586805820465088,0.0,0.0,0.0,0.0,0.24211406277868394,-0.0,0.0,4.137000029427664,3.065571321759905,0.3520059883594513,0.0,0.0,3.3264083862304688,2.6901560393020905,1.5387940406799316,0.0,0.0,0.0,0.0,0.0,1.5387940406799316,468.0,3.3264083862304688,-1.5387940406799316,0.99131840467453,0.60019451379776,0.8180218935012817
21.297502517700195,150.88157653808594,9.912917137145996,0.0,0.0,0.0,0.0,0.734040046471157,-0.0,0.0,4.14992858341762,3.0785001482282364,0.36357200145721436,0.0,0.0,0.021440941840410233,8.155999868165543,0.0,0.0,0.0,0.0,0.0,0.0,0.0,469.0,0.021440941840410233,0.0,0.9934327602386475,0.36773329973220825,0.7423447966575623
21.104280471801758,142.7587890625,9.934060096740723,0.0,0.0,0.0,0.0,0.648353882102477,-0.0,0.0,4.156357165745327,3.084928458077567,0.37676000595092773,0.0,0.0,0.0,7.203931450843811,0.6396578550338745,0.0,0.0,0.0,0.0,0.0,0.6396578550338745,470.0,-4.599999904632568,-0.6396578550338745,0.9794133901596069,0.26566049456596375,0.9817885160446167
21.094858169555664,177.08424377441406,9.933762550354004,0.0,0.0,0.0,0.0,0.6833865279663791,-0.0,0.0,4.148214285714285,3.0767857142857142,0.3611670136451721,0.0,0.0,0.0,7.5931830406188965,0.0,0.0,0.0,0.0,0.0,0.0,0.0,471.0,-4.599999904632568,0.0,0.9847104549407959,0.3513255715370178,0.8821642398834229
20.903146743774414,176.4130096435547,9.933465003967285,0.0,0.0,0.0,0.0,0.5012124221493715,-0.0,0.0,4.128999928065708,3.0575713566371374,0.37240099906921387,0.0,0.0,0.0,5.569026470184326,0.9004721641540527,0.0,0.0,0.0,0.0,0.9004721641540527,0.0,472.0,-4.599999904632568,0.9004721641540527,0.9784533977508545,0.4534327983856201,0.9097762703895569
21.267148971557617,175.7417755126953,9.933167457580566,0.0,0.0,0.0,0.0,0.2476661235226082,-0.0,0.0,4.075714329310825,3.0042857578822546,0.3644320070743561,0.0,0.0,0.0,2.751845598220825,1.8142225742340088,0.0,0.0,0.0,0.0,1.8142225742340088,0.0,473.0,-4.599999904632568,1.8142225742340088,0.9695018529891968,0.6366130709648132,0.9487245082855225
22.18305015563965,167.21847534179688,9.932869911193848,0.0,0.0,0.0,0.0,0.0,-0.0,0.0,3.9646428789411274,2.893214307512556,0.4492720067501068,0.0,0.0,0.0,0.0,2.077728033065796,0.0,0.0,0.4271514415740967,0.0,2.5048794746398926,0.0,474.0,-4.599999904632568,2.5048794746398926,0.9898080825805664,0.8776546716690063,0.9058274626731873
23.38825798034668,166.5472412109375,9.496716499328613,0.0,0.0,0.0,0.0,0.0,-0.0,0.0,3.783642850603376,2.7122142791748045,0.3543500006198883,0.2393690049648285,0.0,0.0,0.0,0.0,0.0,0.0,1.1542494297027588,0.0,1.1542494297027588,0.0,475.0,-4.599999904632568,1.1542494297027588,0.9982225894927979,0.9092662334442139,0.789857804775238
23.546316146850586,145.16624450683594,8.07441520690918,0.0,0.0,0.0,0.0,0.0,-0.0,0.0,3.6373571123395645,2.5659285409109933,0.0,0.5670509934425354,0.0,0.0,0.0,0.0,0.0,0.0,0.0,0.0,0.0,0.0,476.0,-4.599999904632568,0.0,0.9993278980255127,0.8586854338645935,0.5591947436332703
23.170488357543945,144.49501037597656,7.4955668449401855,0.0,0.0,0.0,0.0,0.0,-0.0,0.0,3.563071468898228,2.4916427612304686,0.0,0.4981609880924225,0.0,0.0,0.0,0.0,0.0,0.0,0.0,0.0,0.0,0.0,477.0,-4.599999904632568,0.0,0.9985498189926147,0.773318886756897,0.37204012274742126
22.794511795043945,143.8237762451172,6.987030029296875,0.0,0.0,0.0,0.0,0.0,-0.0,0.0,3.5094999040876114,2.43807133265904,0.0,0.45346799492836,0.0,0.0,0.0,0.0,0.0,0.0,0.0,0.0,0.0,0.0,478.0,-4.599999904632568,0.0,0.9915175437927246,0.6542463898658752,0.24916726350784302
22.418020248413086,128.53077697753906,6.524112224578857,0.0,0.0,0.0,0.0,0.0,-0.0,0.0,3.485285840715681,2.413857269287109,0.0,0.40605100989341736,0.0,0.0,0.0,0.0,0.0,0.0,0.0,0.0,0.0,0.0,479.0,-4.599999904632568,0.0,0.9790026545524597,0.22603797912597656,0.04557892680168152
21.677959442138672,127.85955047607422,6.109591484069824,0.0,0.0,0.0,0.0,0.0,-0.0,0.0,3.478500039236886,2.407071467808315,0.0,0.3171739876270294,0.0,0.0,0.0,0.0,0.0,0.0,0.0,0.0,0.0,0.0,480.0,-4.599999904632568,0.0,0.7493880391120911,0.2957391142845154,0.05056914687156677
20.937898635864258,119.66450500488281,5.785770893096924,0.0,0.0,0.0,0.0,0.0,-0.0,0.0,3.476928656441825,2.4055000850132533,0.0,0.24729099869728088,0.0,0.0,0.0,0.0,0.0,0.0,0.0,0.0,0.0,0.0,481.0,-4.599999904632568,0.0,0.34443292021751404,0.2573244273662567,0.05271434783935547
20.197837829589844,118.99327850341797,5.533267021179199,0.0,0.0,0.0,0.0,0.0,-0.0,0.0,3.4783572605678015,2.40692868913923,0.0,0.21376900374889374,0.0,0.0,0.0,0.0,0.0,0.0,0.0,0.0,0.0,0.0,482.0,-4.599999904632568,0.0,0.08923688530921936,0.1944316327571869,0.06076750159263611
19.45777702331543,118.32205200195312,5.314976215362549,0.0,0.0,0.0,0.0,0.0,-0.0,0.0,3.4827855791364395,2.4113570077078683,0.0,0.1956239938735962,0.0,0.0,0.0,0.0,0.0,0.0,1.5310561656951904,0.0,1.5310561656951904,0.0,483.0,-4.599999904632568,1.5310561656951904,0.03959643840789795,0.13987362384796143,0.11350551247596741
19.699352264404297,117.65082550048828,3.5529510974884033,0.0,0.0,0.0,0.0,0.0,-0.0,0.0,3.4957857949393136,2.424357223510742,0.0,0.1819709986448288,0.0,0.0,0.0,0.0,0.0,0.0,0.0,0.0,0.0,0.0,484.0,-3.552844524383545,0.0,0.05423003435134888,0.05475452542304993,0.15729224681854248
19.322860717773438,116.97959899902344,3.3671655654907227,0.0,0.0,0.0,0.0,0.0,-0.0,0.0,3.5024285452706474,2.430999973842076,0.0,0.17693200707435608,0.0,0.0,0.0,0.0,0.0,0.0,0.1745651811361313,0.0,0.1745651811361313,0.0,485.0,-3.3670647144317627,0.1745651811361313,0.3995092511177063,0.08033275604248047,0.07296311855316162
19.401649475097656,116.3083724975586,3.0084047317504883,0.0,0.0,0.0,0.0,0.0,-0.0,0.0,3.491142763410296,2.419714191981724,0.0,0.18479299545288086,0.0,0.0,0.0,0.0,0.0,0.0,0.9153047800064087,0.0,0.9153047800064087,0.0,486.0,-3.008314609527588,0.9153047800064087,0.14403003454208374,0.13725537061691284,0.10134127736091614
19.686262130737305,115.63714599609375,1.8857994079589844,0.0,0.0,0.0,0.0,0.0,-0.0,0.0,3.4780714307512555,2.4066428593226843,0.0,0.2110850065946579,0.0,0.0,0.0,0.0,0.0,0.0,0.0,0.0,0.0,0.0,487.0,-1.8857429027557373,0.0,0.05743929743766785,0.07277652621269226,0.12071919441223145
19.127986907958984,114.9659194946289,1.6703565120697021,0.0,0.0,0.0,0.0,-0.25831317543145305,-0.0,0.0,3.5182856968470984,2.4468571254185267,0.3092440068721771,0.0,0.0,0.0,0.0,0.5020560026168823,0.8610438838900336,0.0,1.636900113493084,0.0,3.0,0.0,488.0,-1.6703064441680908,3.0,0.07190525531768799,0.35046136379241943,0.11685571074485779
20.15242576599121,96.38320922851562,5.0304810429224744e-5,0.0,0.0,0.0,0.0,0.0,-0.0,0.0,3.57542849949428,2.5039999280657086,0.351065993309021,0.0,0.0,0.27493737279030483,0.0,2.3162357807159424,0.0,0.0,0.0,0.0,2.3162357807159424,0.0,489.0,2.751934051513672,2.3162357807159424,0.2823951244354248,0.415817528963089,0.18798604607582092
21.079072952270508,95.71198272705078,0.27497944235801697,0.0,0.0,0.0,0.0,0.0,-0.0,0.0,3.6375000272478375,2.566071319580078,0.35998600721359253,0.0,0.0,3.632214219929523,0.0,0.7625234723091125,0.0,0.0,0.0,0.0,0.7625234723091125,0.0,490.0,4.599999904632568,0.7625234723091125,0.49545949697494507,0.42392438650131226,0.2717979848384857
21.119606018066406,83.0218276977539,3.907076597213745,0.0,0.0,0.0,0.0,0.0,-0.0,0.0,3.683999960763114,2.6125713893345424,0.4260939955711365,0.0,0.0,4.477696321136051,0.0,0.9290282130241394,0.0,0.0,0.0,0.0,0.9290282130241394,0.0,491.0,4.599999904632568,0.9290282130241394,0.9029107093811035,0.4393136501312256,0.20060497522354126
21.196552276611328,82.35060119628906,8.384521484375,0.0,0.0,0.0,0.0,0.31870891899681486,-0.0,0.0,3.719999940054757,2.648571504865374,0.4152370095252991,0.0,0.0,1.510392665863037,3.5412099296456354,1.5380359888076782,0.0,0.0,0.0,0.0,1.5380359888076782,0.0,492.0,1.510392665863037,1.5380359888076782,0.9894883632659912,0.5298649072647095,0.32107681035995483
21.649309158325195,73.00226593017578,9.894617080688477,0.0,0.0,0.0,0.0,0.48793831387708236,-0.0,0.0,3.743214280264718,2.671785845075335,0.3765510022640228,0.0,0.0,0.0625118836760521,5.421536389991461,1.9442747831344604,0.0,0.0,0.0,0.0,0.0,1.9442747831344604,493.0,0.0625118836760521,-1.9442747831344604,0.9957098960876465,0.5211820602416992,0.9497288465499878
21.63690185546875,171.95468139648438,9.956830024719238,0.0,0.0,0.0,0.0,0.5950005670388963,-0.0,0.0,3.740142904009138,2.6687141963413783,0.3960829973220825,0.0,0.0,0.0,6.611116886138916,0.0,0.0,0.0,0.0,0.0,0.0,0.0,494.0,-4.599999904632568,0.0,0.9897583723068237,0.4110155999660492,0.812926709651947
21.62497329711914,171.283447265625,9.956531524658203,0.0,0.0,0.0,0.0,0.48571049735629307,-0.0,0.0,3.7227142333984373,2.651285661969866,0.3611670136451721,0.0,0.0,0.0,5.396782875061035,0.0,0.0,0.0,0.0,0.0,0.0,0.0,495.0,-4.599999904632568,0.0,0.9751105308532715,0.4710831940174103,0.9023339748382568
21.6130428314209,170.61221313476562,9.956233024597168,0.0,0.0,0.0,0.0,0.11931621069242188,-0.0,0.0,3.6940000534057615,2.6225713457380024,0.4102570116519928,0.0,0.0,0.0,1.3257355690002441,2.4402072429656982,0.0,0.0,0.0,0.0,2.4402072429656982,0.0,496.0,-4.599999904632568,2.4402072429656982,0.9823400974273682,0.7544867992401123,0.891204297542572
22.772418975830078,162.385986328125,9.955934524536133,0.0,0.0,0.0,0.0,0.1627246422747479,-0.0,0.0,3.653785651070731,2.5823570796421595,0.3644320070743561,0.0,0.0,0.0,1.808051437139511,0.41531649231910706,0.0,0.0,0.0,0.0,0.0,0.41531649231910706,497.0,-4.599999904632568,-0.41531649231910706,0.9585942029953003,0.8002802729606628,0.9667163491249084
22.760011672973633,174.67269897460938,9.955636024475098,0.0,0.0,0.0,0.0,0.0,-0.0,0.0,3.6025714329310827,2.531142861502511,0.4492720067501068,0.0,0.0,0.0,0.0,0.5833779573440552,0.0,0.0,1.15857994556427,0.0,1.7419579029083252,0.0,498.0,-4.599999904632568,1.7419579029083252,0.9830536842346191,0.9376870393753052,0.9621165990829468
23.688419342041016,174.00146484375,8.773148536682129,0.0,0.0,0.0,0.0,0.0,-0.0,0.0,3.551285689217704,2.47985725402832,0.097850002348423,0.4958690106868744,0.0,0.0,0.0,0.0,0.0,0.0,0.0,0.0,0.0,0.0,499.0,-4.599999904632568,0.0,0.9993891716003418,0.6748565435409546,0.5685399770736694
22.9483585357666,162.55421447753906,8.266911506652832,0.0,0.0,0.0,0.0,0.0,-0.0,0.0,3.522285679408482,2.450857107979911,0.0,0.5670509934425354,0.0,0.0,0.0,0.0,0.0,0.0,1.695352554321289,0.0,1.695352554321289,0.0,500.0,-4.599999904632568,1.695352554321289,0.9989367723464966,0.9298788905143738,0.7947566509246826
23.64937973022461,161.8829803466797,5.958158016204834,0.0,0.0,0.0,0.0,0.0,-0.0,0.0,3.5194999967302594,2.4480712890625,0.0,0.4981609880924225,0.0,0.0,0.0,0.0,0.0,0.0,0.0,0.0,0.0,0.0,501.0,-4.599999904632568,0.0,0.9987325668334961,0.8981704711914062,0.5675879716873169
23.454673767089844,153.37557983398438,5.449666976928711,0.0,0.0,0.0,0.0,0.0,-0.0,0.0,3.5231428963797433,2.4517143249511717,0.0,0.45346799492836,0.0,0.0,0.0,0.0,0.0,0.0,0.5544480681419373,0.0,0.5544480681419373,0.0,502.0,-4.599999904632568,0.5544480681419373,0.9982126951217651,0.9469555616378784,0.5598193407058716
23.73476219177246,152.704345703125,4.421048641204834,0.0,0.0,0.0,0.0,0.0,-0.0,0.0,3.5351428440638952,2.4637142726353236,0.0,0.7963470220565796,0.0,0.0,0.0,0.0,0.0,0.0,0.0,0.0,0.0,0.0,503.0,-4.4209160804748535,0.0,0.9978688359260559,0.49567824602127075,0.1849839687347412
23.540056228637695,142.2058563232422,3.6083414554595947,0.0,0.0,0.0,0.0,0.0,-0.0,0.0,3.548357091631208,2.476928656441825,0.0,0.3171739876270294,0.0,0.0,0.0,0.0,0.0,0.0,0.0,0.0,0.0,0.0,504.0,-3.6082332134246826,0.0,0.9770615100860596,0.7352796792984009,0.13552916049957275
23.34535026550293,133.98643493652344,3.2845959663391113,0.0,0.0,0.0,0.0,0.0,-0.0,0.0,3.5606428691319056,2.489214161464146,0.0,0.24729099869728088,0.0,0.0,0.0,0.0,0.0,0.0,0.0,0.0,0.0,0.0,505.0,-3.2844974994659424,0.0,0.9244402647018433,0.7102082967758179,0.09645524621009827
23.150644302368164,130.58847045898438,3.0321671962738037,0.0,0.0,0.0,0.0,0.0,-0.0,0.0,3.5731428146362303,2.501714379446847,0.0,0.21376900374889374,0.0,0.0,0.0,0.0,0.0,0.0,0.0,0.0,0.0,0.0,506.0,-3.032076358795166,0.0,0.68939208984375,0.38501104712486267,0.056634604930877686
22.592369079589844,124.01057434082031,2.813951253890991,0.0,0.0,0.0,0.0,0.0,-0.0,0.0,3.5818570818219864,2.510428510393415,0.0,0.1956239938735962,0.0,0.0,0.0,0.0,0.0,0.0,0.0,0.0,0.0,0.0,507.0,-2.8138668537139893,0.0,0.4613966643810272,0.27828270196914673,0.06913897395133972
22.034093856811523,123.33934783935547,2.6142566204071045,0.0,0.0,0.0,0.0,0.0,-0.0,0.0,3.579357092721122,2.50792852129255,0.0,0.1819709986448288,0.0,0.0,0.0,0.0,0.0,0.0,0.0,0.0,0.0,0.0,508.0,-2.61417818069458,0.0,0.18888211250305176,0.11457055807113647,0.12254425883293152
21.29403305053711,122.66812133789062,2.428499221801758,0.0,0.0,0.0,0.0,0.0,-0.0,0.0,3.5616428647722516,2.490214157104492,0.0,0.17693200707435608,0.0,0.0,0.0,0.0,0.0,0.0,0.0,0.0,0.0,0.0,509.0,-2.428426504135132,0.0,0.10568928718566895,0.13292360305786133,0.15739291906356812
20.73575782775879,121.99689483642578,2.2478890419006348,0.0,0.0,0.0,0.0,0.0,-0.0,0.0,3.5342142377580914,2.4627856663295202,0.0,0.18479299545288086,0.0,0.0,0.0,0.0,0.0,0.0,0.0,0.0,0.0,0.0,510.0,-2.247821569442749,0.0,0.07139259576797485,0.04156956076622009,0.17972564697265625
19.995697021484375,121.32566833496094,2.059262990951538,0.0,0.0,0.0,0.0,0.0,-0.0,0.0,3.511214338030134,2.4397857666015623,0.0,0.2110850065946579,0.0,0.0,0.0,0.0,0.0,0.0,0.0,0.0,0.0,0.0,511.0,-2.059201240539551,0.0,0.07790166139602661,0.09071755409240723,0.13066750764846802
19.437421798706055,120.6544418334961,1.8438148498535156,0.0,0.3026384536995579,0.0,0.0,-0.2988354136081196,-0.3026384536995579,0.0,3.511214338030134,2.4397857666015623,0.3092440068721771,0.0,0.0,0.0,0.04225599765777588,0.0,0.0,0.0,0.0,0.0,0.0,0.0,512.0,-1.843759536743164,0.0,0.09595590829849243,0.04876333475112915,0.10277047753334045
18.69736099243164,119.98321533203125,1.843759536743164,0.0,0.0,0.0,0.0,-0.1389408252019662,-0.0,0.0,3.5278571810041153,2.456428473336356,0.351065993309021,0.0,0.0,0.0,0.0,0.7300339937210083,0.4631360656031802,0.0,1.8068299406758115,0.0,3.0,0.0,513.0,-1.8437042236328125,3.0,0.09862130880355835,0.32992395758628845,0.10444000363349915
19.726621627807617,109.61804962158203,5.5549862736370414e-5,0.0,0.0,0.0,0.0,-0.3318481875200341,-0.0,0.0,3.537928526742118,2.466500091552734,0.35998600721359253,0.0,0.0,0.0,0.0,0.8607639670372009,1.106160581111908,0.0,0.0,0.0,1.9669245481491089,0.0,514.0,0.9250139594078064,1.9669245481491089,0.14892911911010742,0.2424374520778656,0.10916444659233093
20.21217155456543,108.94682312011719,5.5548196542076766e-5,0.0,0.0,0.0,0.0,-0.4454552827459679,-0.0,0.0,3.561214256286621,2.4897858210972377,0.40860098600387573,0.0,0.0,0.0,0.0,1.5151491165161133,1.4848508834838867,0.0,0.0,0.0,3.0,0.0,515.0,1.6163990497589111,3.0,0.22623175382614136,0.6879090070724487,0.2326415479183197
21.437713623046875,100.75112915039062,5.554653034778312e-5,0.0,0.0,0.0,0.0,-0.04409873660797814,-0.0,0.0,3.598500061035156,2.527071489606585,0.406917005777359,0.0,0.0,0.0,0.0,2.7043330669403076,0.14699578285217285,0.0,0.0,0.0,2.8513288497924805,0.0,516.0,2.8680830001831055,2.8513288497924805,0.47363758087158203,0.7201657295227051,0.2621893584728241
22.600812911987305,92.5546875,5.554486415348947e-5,0.0,0.0,0.0,0.0,0.0,-0.0,0.0,3.6415713991437637,2.5701429639543805,0.36357200145721436,0.0,0.0,2.5991902642676337,0.0,1.5033427476882935,0.0,0.0,0.0,0.0,0.0,1.5033427476882935,517.0,4.393427848815918,-1.5033427476882935,0.9020718336105347,0.4137372672557831,0.7883771657943726
22.587892532348633,146.13844299316406,2.599167823791504,0.0,0.0,0.0,0.0,0.0,-0.0,0.0,3.6638571330479213,2.592428697858538,0.37676000595092773,0.0,0.0,4.190812821890631,0.0,0.0,0.0,0.0,0.0,0.0,0.0,0.0,518.0,4.521239757537842,0.0,0.9512917399406433,0.5183706879615784,0.5833920240402222
22.57497215270996,143.14857482910156,6.7897772789001465,0.0,0.0,0.0,0.0,0.05812492665600295,-0.0,0.0,3.6746429170880996,2.6032142094203405,0.3611670136451721,0.0,0.0,2.829483985900879,0.6458324670738786,0.424471914768219,0.0,0.0,0.0,0.0,0.0,0.424471914768219,519.0,2.829483985900879,-0.424471914768219,0.9619231224060059,0.4585108458995819,0.8634085655212402
22.563039779663086,158.14344787597656,9.618972778320312,0.0,0.0,0.0,0.0,0.2763039158824205,-0.0,0.0,3.681857190813337,2.6104286193847654,0.37240099906921387,0.0,0.0,0.0,3.0700432658195496,0.2606557011604309,0.0,0.0,0.0,0.0,0.0,0.2606557011604309,520.0,-4.599999904632568,-0.2606557011604309,0.9604686498641968,0.62746262550354,0.9407705664634705
22.550119400024414,170.5213623046875,9.618684768676758,0.0,0.0,0.0,0.0,0.11270145894697922,-0.0,0.0,3.6755713871547155,2.604142815726144,0.3644320070743561,0.0,0.0,0.0,1.2522383332252502,0.9131795763969421,0.0,0.0,0.0,0.0,0.9131795763969421,0.0,521.0,-4.599999904632568,0.9131795763969421,0.9502252340316772,0.8083342909812927,0.9684062600135803
23.041656494140625,160.69024658203125,9.618396759033203,0.0,0.0,0.0,0.0,-0.1976546366077514,-0.0,0.0,3.6527142660958427,2.581285694667271,0.4492720067501068,0.0,0.0,0.0,0.0,0.7980779409408569,0.658848762512207,0.0,0.0,0.0,1.456926703453064,0.0,522.0,0.32540079951286316,1.456926703453064,0.9943767786026001,0.9294416308403015,0.9121373891830444
23.647193908691406,156.33975219726562,9.618108749389648,0.0,0.0,0.0,0.0,0.0,-0.0,0.0,3.59478577205113,2.5233570643833705,0.1928499937057495,0.4008690118789673,0.0,0.0,0.0,0.0,0.0,0.0,0.0,0.0,0.0,0.0,523.0,-4.599999904632568,0.0,0.9995535016059875,0.8983628749847412,0.7285915613174438
23.179296493530273,155.66851806640625,9.208782196044922,0.0,0.0,0.0,0.0,0.0,-0.0,0.0,3.518928609575544,2.4474999019077845,0.0,0.5670509934425354,0.0,0.0,0.0,0.0,0.0,0.0,1.3203085660934448,0.0,1.3203085660934448,0.0,524.0,-4.599999904632568,1.3203085660934448,0.9966897964477539,0.972763180732727,0.8980255722999573
23.863800048828125,141.13267517089844,7.282686710357666,0.0,0.0,0.0,0.0,0.0,-0.0,0.0,3.489571380615234,2.418142809186663,0.0,0.4981609880924225,0.0,0.0,0.0,0.0,0.0,0.0,0.0,0.0,0.0,0.0,525.0,-4.599999904632568,0.0,0.9985290169715881,0.9716514945030212,0.7333667278289795
23.851869583129883,140.46144104003906,6.774156093597412,0.0,0.0,0.0,0.0,0.0,-0.0,0.0,3.4655000959123883,2.394071524483817,0.0,0.45346799492836,0.0,0.0,0.0,0.0,0.0,0.0,0.04717734083533287,0.0,0.04717734083533287,0.0,526.0,-4.599999904632568,0.04717734083533287,0.9977311491966248,0.9726975560188293,0.6045048832893372
23.86347198486328,139.7902069091797,6.263105869293213,0.0,0.0,0.0,0.0,0.0,-0.0,0.0,3.4474999019077845,2.3760713304792134,0.0,0.40605100989341736,0.0,0.0,0.0,0.0,0.0,0.0,0.0,0.0,0.0,0.0,527.0,-4.599999904632568,0.0,0.9882295727729797,0.7522035837173462,0.15090391039848328
23.486980438232422,115.91669464111328,5.848592758178711,0.0,0.0,0.0,0.0,0.0,-0.0,0.0,3.4259286063058036,2.354500034877232,0.0,0.3171739876270294,0.0,0.0,0.0,0.0,0.0,0.0,0.0,0.0,0.0,0.0,528.0,-4.599999904632568,0.0,0.9669246673583984,0.7210701107978821,0.06855154037475586
23.110488891601562,107.98601531982422,5.5247802734375,0.0,0.0,0.0,0.0,0.0,-0.0,0.0,3.4128572736467633,2.341428702218192,0.0,0.24729099869728088,0.0,0.0,0.0,0.0,0.0,0.0,0.0,0.0,0.0,0.0,529.0,-4.599999904632568,0.0,0.6788685321807861,0.5760321021080017,0.05347925424575806
22.552213668823242,95.04225158691406,5.272284507751465,0.0,0.0,0.0,0.0,0.0,-0.0,0.0,3.391285705566406,2.319857134137835,0.0,0.21376900374889374,0.0,0.0,0.0,0.0,0.0,0.0,0.0,0.0,0.0,0.0,530.0,-4.599999904632568,0.0,0.6012560129165649,0.4932211637496948,0.03943052887916565
21.993938446044922,94.37102508544922,5.054001331329346,0.0,0.0,0.0,0.0,0.0,-0.0,0.0,3.36014278956822,2.2887142181396483,0.0,0.1956239938735962,0.0,0.0,0.0,0.0,0.0,0.0,0.0,0.0,0.0,0.0,531.0,-4.599999904632568,0.0,0.2933732271194458,0.5005764961242676,0.061919331550598145
21.4356632232666,93.69979858398438,4.854239463806152,0.0,0.0,0.0,0.0,0.0,-0.0,0.0,3.3309998648507255,2.259571293422154,0.0,0.1819709986448288,0.0,0.0,0.0,0.0,0.0,0.0,0.0,0.0,0.0,0.0,532.0,-4.599999904632568,0.0,0.09832125902175903,0.2980881333351135,0.10443949699401855
20.695602416992188,90.01946258544922,4.66841459274292,0.0,0.0,0.0,0.0,0.0,-0.0,0.0,3.311857169015067,2.2404285975864955,0.0,0.17693200707435608,0.0,0.0,0.0,0.0,0.0,0.0,1.9666398763656616,0.0,1.9666398763656616,0.0,533.0,-4.599999904632568,1.9666398763656616,0.04842999577522278,0.4228653013706207,0.15396583080291748
21.11431121826172,84.83346557617188,2.4810221195220947,0.0,0.0,0.0,0.0,0.0,-0.0,0.0,3.298500006539481,2.2270714351109095,0.0,0.18479299545288086,0.0,0.0,0.0,0.0,0.0,0.0,0.0,0.0,0.0,0.0,534.0,-2.480947732925415,0.0,0.08274489641189575,0.06169721484184265,0.17402592301368713
20.374250411987305,84.16223907470703,2.292389154434204,0.0,0.0,0.0,0.0,0.0,-0.0,0.0,3.294142804827009,2.2227142333984373,0.0,0.2110850065946579,0.0,0.0,0.0,0.0,0.0,0.0,0.0,0.0,0.0,0.0,535.0,-2.292320489883423,0.0,0.05001288652420044,0.2122189998626709,0.16294848918914795
19.815975189208984,74.91485595703125,2.0769340991973877,0.0,0.0,0.0,0.0,-0.20689794615222704,-0.0,0.0,3.3544286455426895,2.2830000741141183,0.3092440068721771,0.0,0.0,0.0,0.0,0.275005966424942,0.6896597931028055,0.0,2.0353342404722525,0.0,3.0,0.0,536.0,-2.076871871948242,3.0,0.08857506513595581,0.6450784802436829,0.2608785033226013
20.948976516723633,45.57722473144531,6.246379780350253e-5,0.0,0.0,0.0,0.0,0.0,-0.0,0.0,3.4412857600620814,2.3698571886335102,0.351065993309021,0.0,0.0,0.8403421470163721,0.0,0.7873920202255249,0.0,0.0,0.0,0.0,0.0,0.7873920202255249,537.0,1.7499340772628784,-0.7873920202255249,0.3010725975036621,0.34505999088287354,0.29932647943496704
20.572484970092773,67.89031219482422,0.8403794169425964,0.0,0.0,0.0,0.0,0.0,-0.0,0.0,3.515428624834333,2.4439999171665736,0.35998600721359253,0.0,0.0,2.4250877947727076,0.0,1.3900845050811768,0.0,0.0,0.0,0.0,1.3900845050811768,0.0,538.0,3.123610258102417,1.3900845050811768,0.3963959813117981,0.3675229549407959,0.3253023028373718
20.83759880065918,54.201499938964844,3.265369415283203,0.0,0.0,0.0,0.0,0.0,-0.0,0.0,3.593785776410784,2.5223570687430246,0.3635280132293701,0.0,0.0,4.289112386734871,0.0,1.3588265180587769,0.0,0.0,0.0,0.0,1.3588265180587769,0.0,539.0,4.599999904632568,1.3588265180587769,0.8871238231658936,0.43872469663619995,0.23113137483596802
21.193607330322266,53.530269622802734,7.554255485534668,0.0,0.0,0.0,0.0,0.42782400744661664,-0.0,0.0,3.675642912728446,2.6042142050606865,0.3520059883594513,0.0,0.0,2.379760265350342,4.753599704958015,0.45461776852607727,0.0,0.0,0.0,0.0,0.0,0.45461776852607727,540.0,2.379760265350342,-0.45461776852607727,0.9933985471725464,0.601301372051239,0.3472887873649597
20.817630767822266,75.56429290771484,9.933717727661133,0.0,0.0,0.0,0.0,0.4856200969353478,-0.0,0.0,3.7541428429739816,2.6827144077845984,0.36357200145721436,0.0,0.0,0.034102875739336014,5.395778426019247,3.0,0.0,0.0,0.0,0.0,3.0,0.0,541.0,0.034102875739336014,3.0,0.9967790842056274,0.6312941312789917,0.41931217908859253
22.130504608154297,74.89306640625,9.967521667480469,0.0,0.0,0.0,0.0,0.535273561102035,-0.0,0.0,3.822571427481515,2.7511429922921318,0.37676000595092773,0.0,0.0,0.0,5.947483539581299,2.1535563468933105,0.0,0.0,0.0,0.0,0.0,2.1535563468933105,542.0,-4.599999904632568,-2.1535563468933105,0.9963709712028503,0.48744767904281616,0.9984252452850342
22.117584228515625,179.74612426757812,9.967223167419434,0.0,0.0,0.0,0.0,0.5687923788064595,-0.0,0.0,3.868071365356445,2.796642793927874,0.41938498616218567,0.0,0.0,0.0,6.319914817810059,0.0,0.0,0.0,0.0,0.0,0.0,0.0,543.0,-4.599999904632568,0.0,0.9928680658340454,0.48481452465057373,0.7930837869644165
21.92287826538086,179.07489013671875,9.966924667358398,0.0,0.0,0.0,0.0,0.13804120683997462,-0.0,0.0,3.883428519112723,2.8119999476841517,0.37240099906921387,0.0,0.0,0.0,1.5337910652160645,2.4020578861236572,0.0,0.0,0.0,0.0,2.4020578861236572,0.0,544.0,-4.599999904632568,2.4020578861236572,0.9881973266601562,0.7892248630523682,0.8312440514564514
22.946109771728516,178.40365600585938,9.966626167297363,0.0,0.0,0.0,0.0,-0.18503884812350435,-0.0,0.0,3.8706428800310406,2.799214172363281,0.3644320070743561,0.0,0.0,0.0,0.0,1.7664180994033813,0.6167961359024048,0.0,0.0,0.0,2.383214235305786,0.0,545.0,0.007598359603434801,2.383214235305786,0.9974194169044495,0.9179501533508301,0.7844919562339783
23.58973503112793,170.2072296142578,9.966327667236328,0.0,0.0,0.0,0.0,0.03000392760248566,-0.0,0.0,3.834285681588309,2.7628571101597377,0.4492720067501068,0.0,0.0,0.026215989142656326,0.3333769468665319,0.0,0.0,0.0,0.0,0.0,0.0,0.0,546.0,0.026215989142656326,0.0,0.9992513656616211,0.9076272249221802,0.7429147958755493
22.849674224853516,169.53599548339844,9.992243766784668,0.0,0.0,0.0,0.0,0.0,-0.0,0.0,3.7671429225376674,2.695714351109096,0.21660000085830688,0.3771190047264099,0.0,0.0,0.0,0.0,0.0,0.0,1.738720417022705,0.0,1.738720417022705,0.0,547.0,-4.599999904632568,1.738720417022705,0.9937801361083984,0.9638538956642151,0.9550461769104004
23.81925392150879,168.86476135253906,7.83298921585083,0.0,0.0,0.0,0.0,0.0,-0.0,0.0,3.7112142835344586,2.6397857121058874,0.0,0.5670509934425354,0.0,0.0,0.0,0.0,0.0,0.0,0.0,0.0,0.0,0.0,548.0,-4.599999904632568,0.0,0.9973037242889404,0.3743872046470642,0.2681307792663574
22.897409439086914,142.6795196533203,7.254148483276367,0.0,0.0,0.0,0.0,0.0,-0.0,0.0,3.737642914908273,2.6662142072405133,0.0,0.4981609880924225,0.0,0.0,0.0,0.0,0.0,0.0,0.0,0.0,0.0,0.0,549.0,-4.599999904632568,0.0,0.9955962896347046,0.184131920337677,0.07979735732078552
21.97556495666504,142.00828552246094,6.74561882019043,0.0,0.0,0.0,0.0,0.0,-0.0,0.0,3.757428523472377,2.685999952043806,0.0,0.45346799492836,0.0,0.0,0.0,0.0,0.0,0.0,0.0,0.0,0.0,0.0,550.0,-4.599999904632568,0.0,0.9368242621421814,0.18744194507598877,0.06115293502807617
21.053720474243164,131.97296142578125,6.282708168029785,0.0,0.0,0.0,0.0,0.0,-0.0,0.0,3.7431428909301756,2.6717141832624165,0.0,0.40605100989341736,0.0,0.0,0.0,0.0,0.0,0.0,0.0,0.0,0.0,0.0,551.0,-4.599999904632568,0.0,0.8434746265411377,0.20855456590652466,0.06865870952606201
20.495445251464844,131.30172729492188,5.868194580078125,0.0,0.0,0.0,0.0,0.0,-0.0,0.0,3.7369286128452845,2.6655000414167134,0.0,0.3171739876270294,0.0,0.0,0.0,0.0,0.0,0.0,0.0,0.0,0.0,0.0,552.0,-4.599999904632568,0.0,0.11456096172332764,0.2128421664237976,0.05668798089027405
19.75538444519043,119.81050109863281,5.544381618499756,0.0,0.0,0.0,0.0,0.0,-0.0,0.0,3.7606428146362303,2.689214379446847,0.0,0.24729099869728088,0.0,0.0,0.0,0.0,0.0,0.0,0.0,0.0,0.0,0.0,553.0,-4.599999904632568,0.0,0.020720303058624268,0.14783471822738647,0.08695527911186218
19.19710922241211,106.40470123291016,5.2918853759765625,0.0,0.0,0.0,0.0,0.0,-0.0,0.0,3.7733572006225584,2.7019284929547993,0.0,0.21376900374889374,0.0,0.0,0.0,0.0,0.0,0.0,0.7275314927101135,0.0,0.7275314927101135,0.0,554.0,-4.599999904632568,0.7275314927101135,0.12577369809150696,0.08284074068069458,0.06429028511047363
19.414188385009766,105.73347473144531,4.331244945526123,0.0,0.0,0.0,0.0,0.0,-0.0,0.0,3.7869285311017715,2.7155000959123883,0.0,0.1956239938735962,0.0,0.0,0.0,0.0,0.0,0.0,0.0,0.0,0.0,0.0,555.0,-4.331115245819092,0.0,0.07863637804985046,0.043253958225250244,0.08349883556365967
19.219482421875,105.06224822998047,4.131504535675049,0.0,0.0,0.0,0.0,0.0,-0.0,0.0,3.8041428974696565,2.7327141898018974,0.0,0.1819709986448288,0.0,0.0,0.0,0.0,0.0,0.0,0.43464305996894836,0.0,0.43464305996894836,0.0,556.0,-4.131380558013916,0.43464305996894836,0.06040620803833008,0.05456167459487915,0.10156470537185669
19.27279281616211,104.39102172851562,3.502201557159424,0.0,0.0,0.0,0.0,0.0,-0.0,0.0,3.8464285441807338,2.7750001089913505,0.0,0.2773529887199402,0.0,0.0,0.0,0.0,0.0,0.0,1.0008227825164795,0.0,1.0008227825164795,0.0,557.0,-3.502096652984619,1.0008227825164795,0.006231039762496948,0.05839422345161438,0.17317748069763184
19.291955947875977,93.7722396850586,2.1978747844696045,0.0,0.26631961980066876,0.0,0.0,-0.26631961980066876,-0.26631961980066876,0.0,3.9068571635654994,2.83542845589774,0.0,0.23891299962997437,0.0,0.0,0.0,0.0,0.0,0.0,0.0,0.0,0.0,0.0,558.0,-2.1978089809417725,0.0,0.008783996105194092,0.025364696979522705,0.13147574663162231
18.733680725097656,93.10101318359375,1.9540274143218994,0.0,0.0,0.0,0.0,-0.06004172339245344,-0.0,0.0,3.9203571047101704,2.8489286695207867,0.0,0.22377300262451172,0.0,0.0,0.0,0.0,0.20013907002203268,0.0,1.6911163087011118,0.0,1.8912553787231445,0.0,559.0,-1.95396888256073,1.8912553787231445,0.006470680236816406,0.02115890383720398,0.10117349028587341
19.10577964782715,92.4297866821289,5.876556315342896e-5,0.0,0.0,0.0,0.0,-0.38848164731191126,-0.0,0.0,3.864571380615234,2.793142809186663,0.17100000381469727,0.0,0.13824400305747986,0.0,0.0,0.0,1.156694769859314,0.0,0.0,0.0,1.156694769859314,0.0,560.0,0.0,1.156694769859314,0.017698705196380615,0.0436076819896698,0.08255496621131897
19.2180233001709,80.11843872070312,5.8763802371686324e-5,0.0,0.5225511496046948,0.0,0.0,-0.5152775195365955,-0.5225511496046948,0.0,3.8524285180228097,2.7810000828334265,0.351065993309021,0.0,0.0,0.5375455021858215,0.08081810544492385,0.0,0.0,0.0,0.0,0.0,0.0,0.0,561.0,0.5375455021858215,0.0,0.053757429122924805,0.035829782485961914,0.09667855501174927
18.477449417114258,79.44721221923828,0.5375881195068359,0.0,0.0,0.0,0.0,-0.2299458595095416,-0.0,0.0,3.8994999749319894,2.828071539742606,0.35998600721359253,0.0,0.0,0.0,0.0,2.233513832092285,0.7664861679077148,0.0,0.0,0.0,3.0,0.0,562.0,0.5380333065986633,3.0,0.10755914449691772,0.2733669877052307,0.1579747498035431
19.764841079711914,78.77598571777344,0.5375720262527466,0.0,0.0,0.0,0.0,0.0,-0.0,0.0,3.952428490774972,2.880999919346401,0.3635280132293701,0.0,0.0,1.6202237969072257,0.0,2.7787821292877197,0.0,0.0,0.0,0.0,2.7787821292877197,0.0,563.0,1.8784157037734985,2.7787821292877197,0.2415957748889923,0.38917848467826843,0.2738686800003052
20.945877075195312,78.1047592163086,2.157731056213379,0.0,0.0,0.0,0.0,0.0,-0.0,0.0,4.025928579057966,2.9545001438685827,0.3520059883594513,0.0,0.0,4.325028045907857,0.0,3.0,0.0,0.0,0.0,0.0,0.0,3.0,564.0,4.599999904632568,-3.0,0.7886496186256409,0.11291921138763428,0.9999998807907104
20.662309646606445,144.5778045654297,6.482564926147461,0.0,0.0,0.0,0.0,0.18489576611831274,-0.0,0.0,4.111714308602469,3.04028560093471,0.4535300135612488,0.0,0.0,3.210257053375244,2.0543972380457594,3.0,0.0,0.0,0.0,0.0,3.0,0.0,565.0,3.210257053375244,3.0,0.9692792296409607,0.6696252226829529,0.980696439743042
22.136585235595703,90.36739349365234,9.69253158569336,0.0,0.0,0.0,0.0,0.581258800039462,-0.0,0.0,4.199214335850307,3.1277857644217355,0.3876180052757263,0.0,0.0,0.2602495849132538,6.458430598279618,1.4583406448364258,0.0,0.0,0.0,0.0,0.0,1.4583406448364258,566.0,0.2602495849132538,-1.4583406448364258,0.9952751398086548,0.28303229808807373,0.9823509454727173
21.942888259887695,177.17422485351562,9.952483177185059,0.0,0.0,0.0,0.0,0.6596612380175748,-0.0,0.0,4.267071396963937,3.1956429617745536,0.3611670136451721,0.0,0.0,0.0,7.329568728804588,0.03561462461948395,0.0,0.0,0.0,0.0,0.0,0.03561462461948395,567.0,-4.599999904632568,-0.03561462461948395,0.9642281532287598,0.17104288935661316,0.9917974472045898
21.932950973510742,178.6856689453125,9.952184677124023,0.0,0.0,0.0,0.0,0.5184719020900624,-0.0,0.0,4.28500006539481,3.213571493966239,0.37240099906921387,0.0,0.0,0.0,5.760798454284668,0.0,0.0,0.0,0.0,0.0,0.0,0.0,568.0,-4.599999904632568,0.0,0.963437557220459,0.37365323305130005,0.9481725692749023
21.739242553710938,178.01443481445312,9.951886177062988,0.0,0.0,0.0,0.0,0.07873880535275146,-0.0,0.0,4.24021429334368,3.1687858581542967,0.3644320070743561,0.0,0.0,0.0,0.874875545501709,1.867192268371582,0.0,0.0,0.0,0.0,1.867192268371582,0.0,569.0,-4.599999904632568,1.867192268371582,0.8968654870986938,0.7469233274459839,0.9614813327789307
22.734601974487305,177.34320068359375,9.951587677001953,0.0,0.0,0.0,0.0,0.0,-0.0,0.0,4.161142839704241,3.0897142682756695,0.4492720067501068,0.0,0.0,0.0,0.0,0.6954779624938965,0.0,0.0,1.1826694011688232,0.0,1.8781473636627197,0.0,570.0,-4.599999904632568,1.8781473636627197,0.9817683100700378,0.9245591163635254,0.9381871223449707
23.622779846191406,176.67196655273438,8.74452018737793,0.0,0.0,0.0,0.0,0.0,-0.0,0.0,4.0688571384974885,2.9974285670689174,0.12825000286102295,0.48260802030563354,0.0,0.0,0.0,0.0,0.0,0.0,0.0,0.0,0.0,0.0,571.0,-4.599999904632568,0.0,0.9957494735717773,0.8917287588119507,0.776136040687561
23.06499481201172,143.40414428710938,8.251815795898438,0.0,0.0,0.0,0.0,0.0,-0.0,0.0,3.989142772129604,2.9177142007010324,0.0,0.5670509934425354,0.0,0.0,0.0,0.0,0.0,0.0,1.1398298740386963,0.0,1.1398298740386963,0.0,572.0,-4.599999904632568,1.1398298740386963,0.9964801073074341,0.8744099140167236,0.6195896863937378
23.372034072875977,135.20794677734375,6.5099053382873535,0.0,0.0,0.0,0.0,0.0,-0.0,0.0,3.945000049046108,2.8735713413783484,0.0,0.4981609880924225,0.0,0.0,0.0,0.0,0.0,0.0,0.0,0.0,0.0,0.0,573.0,-4.599999904632568,0.0,0.996940016746521,0.8619204759597778,0.3945389688014984
23.087919235229492,134.53671264648438,6.001398086547852,0.0,0.0,0.0,0.0,0.0,-0.0,0.0,3.8956429072788783,2.824214335850307,0.0,0.45346799492836,0.0,0.0,0.0,0.0,0.0,0.0,0.0,0.0,0.0,0.0,574.0,-4.599999904632568,0.0,0.9937868118286133,0.7578123211860657,0.22534453868865967
22.803327560424805,133.865478515625,5.538509368896484,0.0,0.0,0.0,0.0,0.0,-0.0,0.0,3.8559286390032086,2.7845000675746374,0.0,0.40605100989341736,0.0,0.0,0.0,0.0,0.0,0.0,0.0,0.0,0.0,0.0,575.0,-4.599999904632568,0.0,0.9765368700027466,0.26284515857696533,0.053468555212020874
22.245052337646484,133.19424438476562,5.12401819229126,0.0,0.0,0.0,0.0,0.0,-0.0,0.0,3.811928558349609,2.740499986921038,0.0,0.3171739876270294,0.0,0.0,0.0,0.0,0.0,0.0,0.0,0.0,0.0,0.0,576.0,-4.599999904632568,0.0,0.7623133659362793,0.1781555414199829,0.035842835903167725
21.50499153137207,132.52301025390625,4.800227165222168,0.0,0.0,0.0,0.0,0.0,-0.0,0.0,3.7709999901907785,2.6995715550013952,0.0,0.24729099869728088,0.0,0.0,0.0,0.0,0.0,0.0,0.0,0.0,0.0,0.0,577.0,-4.599999904632568,0.0,0.013886094093322754,0.3057391047477722,0.10253980755805969
20.583147048950195,100.07717895507812,4.547752857208252,0.0,0.0,0.0,0.0,0.0,-0.0,0.0,3.740142904009138,2.6687141963413783,0.0,0.21376900374889374,0.0,0.0,0.0,0.0,0.0,0.0,0.0,0.0,0.0,0.0,578.0,-4.547616481781006,0.0,0.010092705488204956,0.08711990714073181,0.041707634925842285
19.479516983032227,99.40595245361328,4.32949161529541,0.0,0.260543269373386,0.0,0.0,-0.260543269373386,-0.260543269373386,0.0,3.7172142573765345,2.6457856859479634,0.0,0.1956239938735962,0.0,0.0,0.0,0.0,0.0,0.0,0.0,0.0,0.0,0.0,579.0,-4.329361915588379,0.0,0.003333568572998047,0.04430851340293884,0.0983726978302002
18.739456176757812,98.73472595214844,4.129751682281494,0.0,0.0,0.0,0.0,0.0,-0.0,0.0,3.696071434020996,2.624642726353237,0.0,0.1819709986448288,0.0,0.0,0.0,0.0,0.0,0.0,1.6245031356811523,0.0,1.6245031356811523,0.0,580.0,-4.129627704620361,1.6245031356811523,0.010529965162277222,0.05272427201271057,0.11797326803207397
19.263607025146484,98.0634994506836,2.286342144012451,0.0,0.0,0.0,0.0,0.0,-0.0,0.0,3.671285711015974,2.5998572758265905,0.0,0.17693200707435608,0.0,0.0,0.0,0.0,0.0,0.0,0.0,0.0,0.0,0.0,581.0,-2.28627347946167,0.0,0.06020379066467285,0.021673530340194702,0.08601701259613037
19.06890106201172,97.39227294921875,2.105736255645752,0.0,0.0,0.0,0.0,0.0,-0.0,0.0,3.6436429159981865,2.572214344569615,0.0,0.18479299545288086,0.0,0.0,0.0,0.0,0.0,0.0,1.6675816774368286,0.0,1.6675816774368286,0.0,582.0,-2.10567307472229,1.6675816774368286,0.007954001426696777,0.12076711654663086,0.14073443412780762
19.60382080078125,82.01969146728516,0.21555158495903015,0.0,0.0,0.0,0.0,0.0,-0.0,0.0,3.6264999389648436,2.5550713675362724,0.0,0.2110850065946579,0.0,0.0,0.0,0.0,0.0,0.0,0.0,0.0,0.0,0.0,583.0,-0.21554511785507202,0.0,0.07957437634468079,0.056966692209243774,0.06737321615219116
19.409114837646484,81.34846496582031,0.00015872051881160587,0.0,0.0,0.0,0.0,-0.23162179317560927,-0.0,0.0,3.6448570796421595,2.5734285082135884,0.23464998602867126,0.0,0.07459402084350586,0.0,0.0,0.0,0.6974785923957825,0.0,0.0,0.0,0.6974785923957825,0.0,584.0,0.0,0.6974785923957825,0.07515379786491394,0.10086977481842041,0.06911009550094604
19.50433349609375,80.67723846435547,0.0001587157603353262,0.0,0.0,0.0,0.0,-0.47464984157283396,-0.0,0.0,3.707928603036063,2.6364998953683036,0.351065993309021,0.0,0.0,0.0,0.0,1.417833924293518,1.582166075706482,0.0,0.0,0.0,3.0,0.0,585.0,1.2349731922149658,3.0,0.12351018190383911,0.36647161841392517,0.255963534116745
20.676034927368164,52.00421905517578,0.00015871100185904652,0.0,0.0,0.0,0.0,0.05870043522457474,-0.0,0.0,3.818714359828404,2.7472857883998327,0.35998600721359253,0.0,0.0,4.599999904632568,0.6522270062164841,0.18390966951847076,0.0,0.0,0.0,0.0,0.0,0.18390966951847076,586.0,4.599999904632568,-0.18390966951847076,0.5821535587310791,0.40058252215385437,0.25640398263931274
20.361446380615234,61.0227165222168,4.600020885467529,0.0,0.0,0.0,0.0,0.0,-0.0,0.0,3.893214307512556,2.821785736083984,0.4017370045185089,0.0,0.0,4.316324575508361,0.0,3.0,0.0,0.0,0.0,0.0,3.0,0.0,587.0,4.599999904632568,3.0,0.9398435354232788,0.6786659359931946,0.29457560181617737
21.737886428833008,60.35148620605469,8.916078567504883,0.0,0.0,0.0,0.0,0.4595656006049792,-0.0,0.0,3.9389999389648436,2.8675713675362724,0.3649429976940155,0.0,0.0,1.0368285179138184,5.106284045355432,0.877934455871582,0.0,0.0,0.0,0.0,0.0,0.877934455871582,588.0,1.0368285179138184,-0.877934455871582,0.9952877163887024,0.49845030903816223,0.5014578104019165
21.332921981811523,100.23133087158203,9.952609062194824,0.0,0.0,0.0,0.0,0.5266414822452427,-0.0,0.0,3.988857214791434,2.9174286433628627,0.44078001379966736,0.0,0.0,0.0,5.851571559906006,1.1290478706359863,0.0,0.0,0.0,0.0,0.0,1.1290478706359863,589.0,-4.599999904632568,-1.1290478706359863,0.9909032583236694,0.3964715003967285,0.8920795917510986
21.321500778198242,162.73081970214844,9.952310562133789,0.0,0.0,0.0,0.0,0.7151837213980101,-0.0,0.0,4.0356428418840675,2.964214270455497,0.37676000595092773,0.0,0.0,0.0,7.946485161781311,0.16880452632904053,0.0,0.0,0.0,0.0,0.0,0.16880452632904053,590.0,-4.599999904632568,-0.16880452632904053,0.9882811307907104,0.25994664430618286,0.9478603005409241
21.310604095458984,171.65573120117188,9.952012062072754,0.0,0.0,0.0,0.0,0.6842571006621567,-0.0,0.0,4.061142866952078,2.9897141592843193,0.3611670136451721,0.0,0.0,0.0,7.602856069803238,0.25727710127830505,0.0,0.0,0.0,0.0,0.0,0.25727710127830505,591.0,-4.599999904632568,-0.25727710127830505,0.984006404876709,0.22175055742263794,0.9888303279876709
21.29970359802246,178.2109375,9.951713562011719,0.0,0.0,0.0,0.0,0.6085889823110061,-0.0,0.0,4.061999947684152,2.99057137625558,0.37240099906921387,0.0,0.0,0.0,6.762099266052246,0.0,0.0,0.0,0.0,0.0,0.0,0.0,592.0,-4.599999904632568,0.0,0.9746623039245605,0.2732973098754883,0.9814441800117493
21.289825439453125,177.53970336914062,9.951415061950684,0.0,0.0,0.0,0.0,0.18605120706965098,-0.0,0.0,4.029999950953892,2.958571515764509,0.3644320070743561,0.0,0.0,0.0,2.0672354698181152,2.214782238006592,0.0,0.0,0.0,0.0,2.214782238006592,0.0,593.0,-4.599999904632568,2.214782238006592,0.9746716022491455,0.6874039769172668,0.9306260347366333
22.43700408935547,176.86846923828125,9.951116561889648,0.0,0.0,0.0,0.0,0.0,-0.0,0.0,3.964285659790039,2.8928570883614677,0.4492720067501068,0.0,0.0,0.0,0.0,1.3851779699325562,0.0,0.0,0.10767865180969238,0.0,1.4928566217422485,0.0,594.0,-4.599999904632568,1.4928566217422485,0.9412340521812439,0.8631755113601685,0.9775251746177673
23.31586265563965,176.19723510742188,9.84094524383545,0.0,0.0,0.0,0.0,0.0,-0.0,0.0,3.8657856804983957,2.7943572453090124,0.3610000014305115,0.23271900415420532,0.0,0.0,0.0,0.0,0.0,0.0,0.8707152009010315,0.0,0.8707152009010315,0.0,595.0,-4.599999904632568,0.8707152009010315,0.9936028718948364,0.961976170539856,0.9576143026351929
23.809865951538086,175.5260009765625,8.714730262756348,0.0,0.0,0.0,0.0,0.0,-0.0,0.0,3.740499986921038,2.6690714154924664,0.0,0.5670509934425354,0.0,0.0,0.0,0.0,0.0,0.0,0.15035434067249298,0.0,0.15035434067249298,0.0,596.0,-4.599999904632568,0.15035434067249298,0.9981122016906738,0.9766697883605957,0.9153509140014648
23.883333206176758,174.85476684570312,7.982444763183594,0.0,0.0,0.0,0.0,0.0,-0.0,0.0,3.6479285921369278,2.5764998844691687,0.0,0.4981609880924225,0.0,0.0,0.0,0.0,0.0,0.0,0.058444052934646606,0.0,0.058444052934646606,0.0,597.0,-4.599999904632568,0.058444052934646606,0.9973791837692261,0.9806821346282959,0.8669135570526123
23.903396606445312,164.2291259765625,7.414258003234863,0.0,0.0,0.0,0.0,0.0,-0.0,0.0,3.580571392604283,2.5091429574148996,0.0,0.45346799492836,0.0,0.0,0.0,0.0,0.0,0.0,0.03228006139397621,0.0,0.03228006139397621,0.0,598.0,-4.599999904632568,0.03228006139397621,0.9948388338088989,0.9819669723510742,0.7662426233291626
23.909820556640625,150.03329467773438,6.918389320373535,0.0,0.0,0.0,0.0,0.0,-0.0,0.0,3.53500006539481,2.463571493966239,0.0,0.40605100989341736,0.0,0.0,0.0,0.0,0.0,0.0,0.0,0.0,0.0,0.0,599.0,-4.599999904632568,0.0,0.9968154430389404,0.9391768574714661,0.3502652645111084
23.71611785888672,149.362060546875,6.503856658935547,0.0,0.0,0.0,0.0,0.0,-0.0,0.0,3.500999941144671,2.429571369716099,0.0,0.3171739876270294,0.0,0.0,0.0,0.0,0.0,0.0,0.0,0.0,0.0,0.0,600.0,-4.599999904632568,0.0,0.9832078218460083,0.5721907019615173,0.07957863807678223
23.158842086791992,137.69985961914062,6.18002462387085,0.0,0.0,0.0,0.0,0.0,-0.0,0.0,3.480500030517578,2.4090714590890068,0.0,0.24729099869728088,0.0,0.0,0.0,0.0,0.0,0.0,1.4115488529205322,0.0,1.4115488529205322,0.0,601.0,-4.599999904632568,1.4115488529205322,0.8450406193733215,0.9769726395606995,0.30030399560928345
23.88484764099121,137.02862548828125,4.487196445465088,0.0,0.0,0.0,0.0,0.0,-0.0,0.0,3.478785596575056,2.407357025146484,0.0,0.21376900374889374,0.0,0.0,0.0,0.0,0.0,0.0,0.0,0.0,0.0,0.0,602.0,-4.487061977386475,0.0,0.9103469848632812,0.973292350769043,0.23746880888938904
23.874916076660156,136.35739135742188,4.268936634063721,0.0,0.0,0.0,0.0,0.0,-0.0,0.0,3.4715000697544642,2.400071498325893,0.0,0.1956239938735962,0.0,0.0,0.0,0.0,0.0,0.0,0.0,0.0,0.0,0.0,603.0,-4.268808841705322,0.0,0.7771499752998352,0.9724027514457703,0.17337581515312195
23.863983154296875,135.6861572265625,4.069198131561279,0.0,0.0,0.0,0.0,0.0,-0.0,0.0,3.454357092721122,2.38292852129255,0.0,0.1819709986448288,0.0,0.0,0.0,0.0,0.0,0.0,0.0,0.0,0.0,0.0,604.0,-4.069076061248779,0.0,0.613081693649292,0.9715824127197266,0.13161280751228333
23.853046417236328,135.01492309570312,3.883397102355957,0.0,0.0,0.0,0.0,0.0,-0.0,0.0,3.432499967302595,2.3610713958740233,0.0,0.17693200707435608,0.0,0.0,0.0,0.0,0.0,0.0,0.021445246413350105,0.0,0.021445246413350105,0.0,605.0,-3.8832807540893555,0.021445246413350105,0.5502204895019531,0.9706337451934814,0.11344307661056519
23.853153228759766,134.34368896484375,3.680860996246338,0.0,0.0,0.0,0.0,0.0,-0.0,0.0,3.3924998692103796,2.321071297781808,0.0,0.18479299545288086,0.0,0.0,0.0,0.0,0.0,0.0,0.0,0.0,0.0,0.0,606.0,-3.680750608444214,0.0,0.6072927713394165,0.9672396183013916,0.10032591223716736
23.842220306396484,133.67245483398438,3.492192029953003,0.0,0.0,0.0,0.0,0.0,-0.0,0.0,3.3425714765276227,2.2711429050990515,0.0,0.2110850065946579,0.0,0.0,0.0,0.0,0.0,0.0,0.0,0.0,0.0,0.0,607.0,-3.4920873641967773,0.0,0.7093608379364014,0.9579256176948547,0.09966039657592773
23.83228302001953,133.001220703125,3.276700973510742,0.0,0.0,0.0,0.0,0.0,-0.0,0.0,3.321714346749442,2.2502857753208705,0.3092440068721771,0.0,0.0,0.8383467742053199,0.0,0.0,0.0,0.0,0.0,0.0,0.0,0.0,608.0,0.9167559146881104,0.0,0.9432483911514282,0.9033868312835693,0.10596776008605957
23.81936264038086,132.32998657226562,4.114924430847168,0.0,0.0,0.0,0.0,0.0,-0.0,0.0,3.3377856663295202,2.2663570949009486,0.351065993309021,0.0,0.0,3.3091991687151676,0.0,0.0,0.0,0.0,0.0,0.0,0.0,0.0,609.0,3.572934150695801,0.0,0.9871172904968262,0.7980546355247498,0.16573655605316162
23.809429168701172,115.10478973388672,7.423901081085205,0.0,0.0,0.0,0.0,0.0,-0.0,0.0,3.368642752511161,2.2972141810825892,0.35998600721359253,0.0,0.0,2.282041994640622,0.0,3.0,0.0,0.0,0.0,0.0,0.0,3.0,610.0,2.5149612426757812,-3.0,0.9938832521438599,0.6629922986030579,0.9997826218605042
23.797531127929688,141.11642456054688,9.705652236938477,0.0,0.0,0.0,0.0,0.5475545416589082,-0.0,0.0,3.401285661969866,2.3298570905412945,0.3635280132293701,0.0,0.0,0.2850651443004608,6.083938868257616,0.0,0.0,0.0,0.0,0.0,0.0,0.0,611.0,0.2850651443004608,0.0,0.9990687370300293,0.6431533098220825,0.206093430519104
23.423036575317383,128.85606384277344,9.99041748046875,0.0,0.0,0.0,0.0,0.6568510243774244,-0.0,0.0,3.4374285561697824,2.3659999847412108,0.3520059883594513,0.0,0.0,0.0,7.298344135284424,0.0,0.0,0.0,0.0,0.0,0.0,0.0,612.0,0.004538018722087145,0.0,0.9994925856590271,0.5104701519012451,0.6183640956878662
23.229341506958008,96.04823303222656,9.990118026733398,0.0,0.0,0.0,0.0,0.7244665149423656,-0.0,0.0,3.4733572823660714,2.4019287109375,0.36357200145721436,0.0,0.0,0.0,8.049627304077148,0.0,0.0,0.0,0.0,0.0,0.0,0.0,613.0,0.005743463058024645,0.0,0.9995831847190857,0.35223257541656494,0.4325906038284302
23.00583267211914,95.37700653076172,9.989818572998047,0.0,0.0,0.0,0.0,0.6895928167973181,-0.0,0.0,3.4987857818603514,2.42735721043178,0.37676000595092773,0.0,0.0,0.0,7.662141799926758,0.9623489379882812,0.0,0.0,0.0,0.0,0.0,0.9623489379882812,614.0,0.006414849776774645,-0.9623489379882812,0.9996203184127808,0.31919723749160767,0.7469174861907959
22.814002990722656,139.50489807128906,9.989519119262695,0.0,0.0,0.0,0.0,0.6831042254451263,-0.0,0.0,3.5052857535226005,2.433857182094029,0.3611670136451721,0.0,0.0,0.0,7.5900463461875916,0.7099366784095764,0.0,0.0,0.0,0.0,0.0,0.7099366784095764,615.0,-4.599999904632568,-0.7099366784095764,0.9989238977432251,0.2418641746044159,0.949830949306488
22.803112030029297,171.9710235595703,9.989219665527344,0.0,0.0,0.0,0.0,0.6536474365907826,-0.0,0.0,3.495714405604771,2.4242858341762,0.37240099906921387,0.0,0.0,0.0,7.262748718261719,0.0,0.0,0.0,0.0,0.0,0.0,0.0,616.0,-4.599999904632568,0.0,0.9982609748840332,0.31654125452041626,0.931472659111023
22.793243408203125,171.29978942871094,9.988920211791992,0.0,0.0,0.0,0.0,0.4235639723987537,-0.0,0.0,3.470285633632115,2.3988570622035437,0.3644320070743561,0.0,0.0,0.0,4.706265985965729,0.5523523688316345,0.0,0.0,0.0,0.0,0.0,0.5523523688316345,617.0,-4.599999904632568,-0.5523523688316345,0.9957839250564575,0.5111246109008789,0.9739584922790527
22.783384323120117,175.83143615722656,9.98862075805664,0.0,0.0,0.0,0.0,0.1445761414032088,-0.0,0.0,3.426142774309431,2.354714202880859,0.4492720067501068,0.0,0.0,0.0,1.6064014434814453,1.0175764560699463,0.0,0.0,0.0,0.0,1.0175764560699463,0.0,618.0,-4.599999904632568,1.0175764560699463,0.9961794018745422,0.8591941595077515,0.9414106607437134
23.295955657958984,175.1602020263672,9.988321304321289,0.0,0.0,0.0,0.0,-0.36533043644151775,-0.0,0.0,3.350642830984933,2.279214259556362,0.5889999866485596,0.0,0.0047190189361572266,0.0,0.0,0.0,1.213049054145813,0.0,0.0,0.0,1.213049054145813,0.0,619.0,0.0008768627885729074,1.213049054145813,0.9989168643951416,0.9611781239509583,0.9204987287521362
23.805875778198242,163.4476776123047,9.988021850585938,0.0,0.0,0.0,0.0,0.0,-0.0,0.0,3.258071572440011,2.18664300101144,0.0,0.5670509934425354,0.0,0.0,0.0,0.0,0.0,0.0,0.3369978368282318,0.0,0.3369978368282318,0.0,620.0,-4.599999904632568,0.3369978368282318,0.9918521046638489,0.9741721153259277,0.8970907330513
23.870845794677734,96.8525161743164,9.065251350402832,0.0,0.0,0.0,0.0,0.0,-0.0,0.0,3.234500013078962,2.1630714416503904,0.0,0.4981609880924225,0.0,0.0,0.0,0.0,0.0,0.0,1.5247654914855957,0.0,0.0,1.5247654914855957,621.0,-4.599999904632568,-1.5247654914855957,0.9902564883232117,0.9801952838897705,0.7416446208953857
23.86046600341797,138.66122436523438,7.00083065032959,0.0,0.0,0.0,0.0,0.0,-0.0,0.0,3.2213572910853796,2.149928719656808,0.0,0.45346799492836,0.0,0.0,0.0,0.0,0.0,0.0,0.0,0.0,0.0,0.0,622.0,-4.599999904632568,0.0,0.9986757040023804,0.9699138402938843,0.5709130764007568
23.850582122802734,137.989990234375,6.537912368774414,0.0,0.0,0.0,0.0,0.0,-0.0,0.0,3.2152142660958427,2.143785694667271,0.0,0.40605100989341736,0.0,0.0,0.0,0.0,0.0,0.0,0.03227727860212326,0.0,0.03227727860212326,0.0,623.0,-4.599999904632568,0.03227727860212326,0.9973114132881165,0.9710507988929749,0.4296697676181793
23.855239868164062,137.31875610351562,6.090456008911133,0.0,0.0,0.0,0.0,0.0,-0.0,0.0,3.2152142660958427,2.143785694667271,0.0,0.3171739876270294,0.0,0.0,0.0,0.0,0.0,0.0,0.0,0.0,0.0,0.0,624.0,-4.599999904632568,0.0,0.9941524267196655,0.9221498370170593,0.18479615449905396
23.66153335571289,136.64752197265625,5.766636371612549,0.0,0.0,0.0,0.0,0.0,-0.0,0.0,3.217285646711077,2.1458570752825055,0.0,0.24729099869728088,0.0,0.0,0.0,0.0,0.0,0.0,0.5600226521492004,0.0,0.5600226521492004,0.0,625.0,-4.599999904632568,0.5600226521492004,0.7304659485816956,0.9837779998779297,0.3140352964401245
23.918874740600586,113.60639190673828,4.942698955535889,0.0,0.0,0.0,0.0,0.0,-0.0,0.0,3.2197142464773996,2.148285675048828,0.0,0.21376900374889374,0.0,0.0,0.0,0.0,0.0,0.0,0.0,0.0,0.0,0.0,626.0,-4.599999904632568,0.0,0.9376096725463867,0.9377678632736206,0.10324150323867798
23.726165771484375,112.93516540527344,4.724425792694092,0.0,0.0,0.0,0.0,0.0,-0.0,0.0,3.2218570164271765,2.150428444998605,0.0,0.1956239938735962,0.0,0.0,0.0,0.0,0.0,0.0,0.0,0.0,0.0,0.0,627.0,-4.599999904632568,0.0,0.8213699460029602,0.9378869533538818,0.09691864252090454
23.532453536987305,112.2639389038086,4.524673938751221,0.0,0.0,0.0,0.0,0.0,-0.0,0.0,3.2239286695207867,2.1525000980922155,0.0,0.1819709986448288,0.0,0.0,0.0,0.0,0.0,0.0,0.6997486352920532,0.0,0.6997486352920532,0.0,628.0,-4.524538516998291,0.6997486352920532,0.48486003279685974,0.97198486328125,0.1277184784412384
23.859909057617188,111.59271240234375,3.6248514652252197,0.0,0.0,0.0,0.0,0.0,-0.0,0.0,3.2238570077078683,2.1524284362792967,0.0,0.17693200707435608,0.0,0.0,0.0,0.0,0.0,0.0,0.0,0.0,0.0,0.0,629.0,-3.6247427463531494,0.0,0.6315711140632629,0.8918448686599731,0.10451892018318176
23.54514503479004,110.9214859008789,3.4442052841186523,0.0,0.0,0.0,0.0,0.0,-0.0,0.0,3.223285620553153,2.1518570491245814,0.0,0.18479299545288086,0.0,0.0,0.0,0.0,0.0,0.0,0.0,0.0,0.0,0.0,630.0,-3.4441020488739014,0.0,0.5649860501289368,0.8917403221130371,0.1203790009021759
23.260560989379883,110.25025939941406,3.2555434703826904,0.0,0.0,0.0,0.0,0.0,-0.0,0.0,3.2255714416503904,2.1541428702218193,0.0,0.2110850065946579,0.0,0.0,0.0,0.0,0.0,0.0,0.9119541645050049,0.0,0.9119541645050049,0.0,631.0,-3.255445957183838,0.9119541645050049,0.5886207818984985,0.9379763007164001,0.11099815368652344
23.689865112304688,109.57903289794922,2.1095218658447266,0.0,0.0,0.0,0.0,0.0,-0.0,0.0,3.2907855987548826,2.2193570273263115,0.3092440068721771,0.0,0.0,0.9966168716803736,0.0,0.0,0.0,0.0,0.0,0.0,0.0,0.0,632.0,1.0867559909820557,0.0,0.8844056129455566,0.5425650477409363,0.1723846197128296
22.949804306030273,101.10054016113281,3.106045722961426,0.0,0.0,0.0,0.0,0.0,-0.0,0.0,3.3585714067731582,2.287142835344587,0.351065993309021,0.0,0.0,3.6620483729702755,0.0,0.0,0.0,0.0,0.0,0.0,0.0,0.0,633.0,3.9519338607788086,0.0,0.9765585660934448,0.6643926501274109,0.12755551934242249
22.937875747680664,100.42931365966797,6.7678914070129395,0.0,0.0,0.0,0.0,0.2597404258221229,-0.0,0.0,3.4272141592843193,2.3557855878557477,0.35998600721359253,0.0,0.0,3.212106704711914,2.886004501997886,0.0,0.0,0.0,0.0,0.0,0.0,0.0,634.0,3.212106704711914,0.0,0.9979968070983887,0.536182701587677,0.1628130078315735
22.925947189331055,99.75808715820312,9.97969913482666,0.0,0.0,0.0,0.0,0.713678570746085,-0.0,0.0,3.490499986921038,2.4190714154924664,0.3635280132293701,0.0,0.0,0.015102822333574295,7.929761266977905,0.0,0.0,0.0,0.0,0.0,0.0,0.0,635.0,0.015102822333574295,0.0,0.9994771480560303,0.45214685797691345,0.40098708868026733
22.913026809692383,99.08686065673828,9.994502067565918,0.0,0.0,0.0,0.0,0.7621964386857664,-0.0,0.0,3.5425714220319473,2.471142850603376,0.3520059883594513,0.0,0.0,0.0,8.468848645687103,0.603145182132721,0.0,0.0,0.0,0.0,0.0,0.603145182132721,636.0,0.001989800715819001,-0.603145182132721,0.9996461868286133,0.4231697916984558,0.609421968460083
22.720304489135742,117.5055923461914,9.994202613830566,0.0,0.0,0.0,0.0,0.7382670339558116,-0.0,0.0,3.589642878941127,2.518214307512556,0.36357200145721436,0.0,0.0,0.0,8.202966392040253,0.9334614872932434,0.0,0.0,0.0,0.0,0.0,0.9334614872932434,637.0,-4.599999904632568,-0.9334614872932434,0.9992977380752563,0.29091283679008484,0.8869821429252625
22.709365844726562,161.9152374267578,9.993903160095215,0.0,0.0,0.0,0.0,0.8151619062949703,-0.0,0.0,3.631000055585589,2.5595713479178293,0.37676000595092773,0.0,0.0,0.0,9.057353794574738,0.06588572263717651,0.0,0.0,0.0,0.0,0.0,0.06588572263717651,638.0,-4.599999904632568,-0.06588572263717651,0.9989639520645142,0.2331092357635498,0.90300053358078
22.69743537902832,164.47816467285156,9.993603706359863,0.0,0.0,0.0,0.0,0.7658049421652076,-0.0,0.0,3.6582142421177455,2.5867856706891743,0.3611670136451721,0.0,0.0,0.0,8.508943125605583,0.1947893649339676,0.0,0.0,0.0,0.0,0.0,0.1947893649339676,639.0,-4.599999904632568,-0.1947893649339676,0.9985356330871582,0.2181796431541443,0.959201455116272
22.68451499938965,173.47030639648438,9.993304252624512,0.0,0.0,0.0,0.0,0.625959041691542,-0.0,0.0,3.6696428026471817,2.5982142312186105,0.37240099906921387,0.0,0.0,0.0,6.955099910497665,0.38839831948280334,0.0,0.0,0.0,0.0,0.0,0.38839831948280334,640.0,-4.599999904632568,-0.38839831948280334,0.9972081780433655,0.2519010007381439,0.9863978028297424
22.672588348388672,177.8217315673828,9.99300479888916,0.0,0.0,0.0,0.0,0.48165469659603977,-0.0,0.0,3.6640714372907364,2.592642865862165,0.3644320070743561,0.0,0.0,0.0,5.351718425750732,0.0,0.0,0.0,0.0,0.0,0.0,0.0,641.0,-4.599999904632568,0.0,0.9933851361274719,0.487377405166626,0.9570402503013611
22.65966796875,177.15049743652344,9.992705345153809,0.0,0.0,0.0,0.0,0.16908837410516453,-0.0,0.0,3.636571420942034,2.565142985752651,0.4492720067501068,0.0,0.0,0.0,1.8787595629692078,0.8316684365272522,0.0,0.0,0.0,0.0,0.8316684365272522,0.0,642.0,-4.599999904632568,0.8316684365272522,0.9922465085983276,0.8202831149101257,0.9567059278488159
23.10140037536621,176.47926330566406,9.992405891418457,0.0,0.0,0.0,0.0,-0.45568200968432393,-0.0,0.0,3.5227142878941127,2.4512857164655415,0.5937190055847168,0.0,0.0,0.0,0.0,0.032330989837646484,1.5189399719238281,0.0,0.0,0.0,1.5512709617614746,0.0,643.0,0.003183800959959626,1.5512709617614746,0.9995559453964233,0.8725686073303223,0.7690718173980713
23.36282730102539,175.8080291748047,9.992106437683105,0.0,0.0,0.0,0.0,0.0,-0.0,0.0,3.395714296613421,2.324285725184849,0.0,0.5670509934425354,0.0,0.0,0.0,0.0,0.0,0.0,1.0520119667053223,0.0,1.0520119667053223,0.0,644.0,-4.599999904632568,1.0520119667053223,0.9978753328323364,0.9775516986846924,0.9275171160697937
23.88774299621582,159.17498779296875,8.339751243591309,0.0,0.0,0.0,0.0,0.0,-0.0,0.0,3.3694285801478796,2.298000008719308,0.0,0.4981609880924225,0.0,0.0,0.0,0.0,0.0,0.0,0.0,0.0,0.0,0.0,645.0,-4.599999904632568,0.0,0.9990160465240479,0.9770457744598389,0.8103532791137695
23.876808166503906,158.50375366210938,7.831189155578613,0.0,0.0,0.0,0.0,0.0,-0.0,0.0,3.3607855660574777,2.289356994628906,0.0,0.472478985786438,0.0,0.0,0.0,0.0,0.0,0.0,0.0725686326622963,0.0,0.0725686326622963,0.0,646.0,-4.599999904632568,0.0725686326622963,0.9936649203300476,0.9804950952529907,0.7395332455635071
23.9024600982666,131.66468811035156,7.274799823760986,0.0,0.0,0.0,0.0,0.0,-0.0,0.0,3.3532855987548826,2.2818570273263115,0.0,0.4102729856967926,0.0,0.0,0.0,0.0,0.0,0.0,0.03006058745086193,0.0,0.03006058745086193,0.0,647.0,-4.599999904632568,0.03006058745086193,0.9910061359405518,0.9811336398124695,0.4986772835254669
23.90565299987793,124.32323455810547,6.825275421142578,0.0,0.0,0.0,0.0,0.0,-0.0,0.0,3.349642835344587,2.2782142639160154,0.0,0.3994159996509552,0.0,0.0,0.0,0.0,0.0,0.0,0.030702833086252213,0.0,0.030702833086252213,0.0,648.0,-4.599999904632568,0.030702833086252213,0.9631734490394592,0.9818328619003296,0.3566460609436035
23.909149169921875,111.27067565917969,6.3861870765686035,0.0,0.0,0.0,0.0,0.0,-0.0,0.0,3.3543572562081474,2.282928684779576,0.0,0.24729099869728088,0.0,0.0,0.0,0.0,0.0,0.0,0.09403915703296661,0.0,0.09403915703296661,0.0,649.0,-4.599999904632568,0.09403915703296661,0.5761497020721436,0.9889096021652222,0.30641281604766846
23.94453239440918,105.46340942382812,6.037710189819336,0.0,0.0,0.0,0.0,0.0,-0.0,0.0,3.3650713784354074,2.2936428070068358,0.0,0.21376900374889374,0.0,0.0,0.0,0.0,0.0,0.0,0.0,0.0,0.0,0.0,650.0,-4.599999904632568,0.0,0.5133835673332214,0.9888664484024048,0.2807418704032898
23.931612014770508,104.79218292236328,5.819404125213623,0.0,0.0,0.0,0.0,0.0,-0.0,0.0,3.378499930245536,2.3070713588169642,0.0,0.1956239938735962,0.0,0.0,0.0,0.0,0.0,0.0,0.0,0.0,0.0,0.0,651.0,-4.599999904632568,0.0,0.5248572826385498,0.96628737449646,0.12334394454956055
23.736906051635742,104.12095642089844,5.619619369506836,0.0,0.0,0.0,0.0,0.0,-0.0,0.0,3.4033570425851005,2.331928471156529,0.0,0.1819709986448288,0.0,0.0,0.0,0.0,0.0,0.0,0.3946918249130249,0.0,0.3946918249130249,0.0,652.0,-4.599999904632568,0.3946918249130249,0.14786824584007263,0.9850983619689941,0.15679344534873962
23.92547607421875,103.4497299194336,5.031036853790283,0.0,0.0,0.0,0.0,0.0,-0.0,0.0,3.4300713675362724,2.358642796107701,0.0,0.17693200707435608,0.0,0.0,0.0,0.0,0.0,0.0,0.0,0.0,0.0,0.0,653.0,-4.599999904632568,0.0,0.3024933636188507,0.9610598087310791,0.09911134839057922
23.730770111083984,102.77850341796875,4.850348472595215,0.0,0.0,0.0,0.0,0.0,-0.0,0.0,3.4430713108607702,2.3716427394321986,0.0,0.18479299545288086,0.0,0.0,0.0,0.0,0.0,0.0,0.29067254066467285,0.0,0.29067254066467285,0.0,654.0,-4.599999904632568,0.29067254066467285,0.23378029465675354,0.9735969305038452,0.10711756348609924
23.867969512939453,102.1072769165039,4.365048885345459,0.0,0.0,0.0,0.0,0.0,-0.0,0.0,3.4417857578822546,2.370357186453683,0.0,0.2110850065946579,0.0,0.0,0.0,0.0,0.0,0.0,2.9477202892303467,0.0,0.0,2.9477202892303467,655.0,-4.364918231964111,-2.9477202892303467,0.0044724345207214355,0.9666831493377686,0.8861758708953857
23.8560733795166,161.78622436523438,1.1417440176010132,0.0,0.0,0.0,0.0,0.0,-0.0,0.0,3.478000041416713,2.4065714699881418,0.3092440068721771,0.0,0.0,0.8076237573453113,0.0,0.0,0.0,0.0,0.0,0.0,0.0,0.0,656.0,0.8837559223175049,0.0,0.8738600015640259,0.7586722373962402,0.1665382981300354
23.29779815673828,161.114990234375,1.9493093490600586,0.0,0.0,0.0,0.0,0.0,-0.0,0.0,3.5865713664463588,2.5151429312569755,0.351065993309021,0.0,0.0,2.3506385809588695,0.0,0.02432330511510372,0.0,0.0,0.0,0.0,0.02432330511510372,0.0,657.0,2.5689339637756348,0.02432330511510372,0.7768597602844238,0.8595955967903137,0.5022764205932617
23.297962188720703,94.32254028320312,4.299818992614746,0.0,0.0,0.0,0.0,0.0,-0.0,0.0,3.759071431841169,2.687642996651786,0.35998600721359253,0.0,0.0,2.1014280442107065,0.0,3.0,0.0,0.0,0.0,0.0,0.0,3.0,658.0,4.599999904632568,-3.0,0.9567634463310242,0.49627259373664856,0.9992556571960449
22.984262466430664,157.2949981689453,6.401055335998535,0.0,0.0,0.0,0.0,0.0,-0.0,0.0,3.84514285496303,2.7737142835344586,0.3635280132293701,0.0,0.0,2.07855065099659,0.0,1.0067517757415771,0.0,0.0,0.0,0.0,1.0067517757415771,0.0,659.0,3.311471939086914,1.0067517757415771,0.9769309759140015,0.8440489768981934,0.2858719229698181
23.220230102539062,156.62376403808594,8.479351997375488,0.0,0.0,0.0,0.0,0.0,-0.0,0.0,3.8092857905796595,2.7378572191510884,0.36076200008392334,0.0,0.0,0.16746201364287572,0.0,1.0596083402633667,0.0,0.0,0.0,0.0,1.0596083402633667,0.0,660.0,1.1540532112121582,1.0596083402633667,0.9633374810218811,0.9265977144241333,0.4814550578594208
23.632972717285156,155.95252990722656,8.646554946899414,0.0,0.0,0.0,0.0,0.04545135091039999,-0.0,0.0,3.763571412222726,2.6921429770333427,0.4329800009727478,0.0,0.0,0.8878359198570251,0.5050149699805708,0.0,0.0,0.0,0.0,0.0,0.0,0.0,661.0,0.8878359198570251,0.0,0.9534360766410828,0.9045044779777527,0.6845768690109253
23.62205696105957,145.8759002685547,9.53410530090332,0.0,0.0,0.0,0.0,0.1297087709870945,-0.0,0.0,3.7982857022966656,2.7268572671072824,0.37676000595092773,0.0,0.0,0.0,1.4412084519863129,0.12763157486915588,0.0,0.0,0.0,0.0,0.0,0.12763157486915588,662.0,-4.599999904632568,-0.12763157486915588,0.9227415323257446,0.8444100618362427,0.8242572546005249
23.612165451049805,151.87924194335938,9.533819198608398,0.0,0.0,0.0,0.0,0.09463737792868394,-0.0,0.0,3.862357085091727,2.7909286499023436,0.3611670136451721,0.0,0.0,0.0,1.0515263378620148,0.2811565101146698,0.0,0.0,0.0,0.0,0.0,0.2811565101146698,663.0,-4.599999904632568,-0.2811565101146698,0.8690383434295654,0.8455279469490051,0.9141166806221008
23.600252151489258,166.25674438476562,9.533533096313477,0.0,0.0,0.0,0.0,0.10818575650209432,-0.0,0.0,3.942857142857143,2.8714285714285714,0.37240099906921387,0.0,0.0,0.012663323432207108,1.2020638656029266,0.23566339910030365,0.0,0.0,0.0,0.0,0.0,0.23566339910030365,664.0,0.012663323432207108,-0.23566339910030365,0.9546166658401489,0.8890458345413208,0.9158048629760742
23.377079010009766,166.52685546875,9.545909881591797,0.0,0.0,0.0,0.0,0.19645487295916983,-0.0,0.0,4.015642929077148,2.944214357648577,0.3644320070743561,0.0,0.0,0.1703009158372879,2.182831748292669,0.07195969671010971,0.0,0.0,0.0,0.0,0.0,0.07195969671010971,665.0,0.1703009158372879,-0.07195969671010971,0.9716180562973022,0.7953137755393982,0.9370043277740479
23.18437385559082,169.91876220703125,9.715919494628906,0.0,0.0,0.0,0.0,0.0022278322559859056,-0.0,0.0,4.059499958583286,2.9880713871547155,0.4492720067501068,0.0,0.0,0.0,0.024753689765930176,1.049774169921875,0.0,0.0,0.0,0.0,1.049774169921875,0.0,666.0,-4.599999904632568,1.049774169921875,0.9549046158790588,0.9263876676559448,0.9727978706359863
23.63192367553711,119.68346405029297,9.715628623962402,0.0,0.0,0.0,0.0,0.0,-0.0,0.0,4.058642877851214,2.9872141701834543,0.12065000087022781,0.4730690121650696,0.0,0.0,0.0,0.0,0.0,0.0,0.3084025979042053,0.0,0.0,0.3084025979042053,667.0,-4.599999904632568,-0.3084025979042053,0.9973798990249634,0.9314069747924805,0.7292635440826416
23.256608963012695,136.68023681640625,8.917941093444824,0.0,0.0,0.0,0.0,0.0,-0.0,0.0,4.049071393694197,2.977642822265625,0.0,0.5670509934425354,0.0,0.0,0.0,0.0,0.0,0.0,0.508531391620636,0.0,0.0,0.508531391620636,668.0,-4.599999904632568,-0.508531391620636,0.9854983687400818,0.9762037992477417,0.9065670371055603
23.245174407958984,165.04879760742188,7.820173740386963,0.0,0.0,0.0,0.0,0.0,-0.0,0.0,3.981642804827009,2.9102142333984373,0.0,0.4981609880924225,0.0,0.0,0.0,0.0,0.0,0.0,1.1750684976577759,0.0,1.1750684976577759,0.0,669.0,-4.599999904632568,1.1750684976577759,0.9965535402297974,0.9504575729370117,0.7480782270431519
23.752273559570312,164.3775634765625,6.112613677978516,0.0,0.0,0.0,0.0,0.0,-0.0,0.0,3.895928600856236,2.8244998931884764,0.0,0.45346799492836,0.0,0.0,0.0,0.0,0.0,0.0,0.0,0.0,0.0,0.0,670.0,-4.599999904632568,0.0,0.9974712133407593,0.43383991718292236,0.14438888430595398
23.193998336791992,163.70632934570312,5.649721622467041,0.0,0.0,0.0,0.0,0.0,-0.0,0.0,3.8515000479561943,2.7800714765276227,0.0,0.40605100989341736,0.0,0.0,0.0,0.0,0.0,0.0,0.0,0.0,0.0,0.0,671.0,-4.599999904632568,0.0,0.9784730076789856,0.13764458894729614,0.05274015665054321
22.272153854370117,163.03509521484375,5.235227108001709,0.0,0.0,0.0,0.0,0.0,-0.0,0.0,3.796000017438616,2.7245714460100445,0.0,0.3171739876270294,0.0,0.0,0.0,0.0,0.0,0.0,0.0,0.0,0.0,0.0,672.0,-4.599999904632568,0.0,0.8495010137557983,0.24569153785705566,0.10564848780632019
21.713878631591797,154.03407287597656,4.91143274307251,0.0,0.0,0.0,0.0,0.0,-0.0,0.0,3.736000006539481,2.6645714351109095,0.0,0.24729099869728088,0.0,0.0,0.0,0.0,0.0,0.0,0.0,0.0,0.0,0.0,673.0,-4.599999904632568,0.0,0.4860016405582428,0.22804346680641174,0.09997338056564331
21.155603408813477,144.6315460205078,4.658955097198486,0.0,0.0,0.0,0.0,0.0,-0.0,0.0,3.685999952043806,2.614571380615234,0.0,0.21376900374889374,0.0,0.0,0.0,0.0,0.0,0.0,0.0,0.0,0.0,0.0,674.0,-4.599999904632568,0.0,0.37054190039634705,0.13080036640167236,0.09017938375473022
20.597328186035156,143.96031188964844,4.440690517425537,0.0,0.0,0.0,0.0,0.0,-0.0,0.0,3.652928570338658,2.5815001351492746,0.0,0.1956239938735962,0.0,0.0,0.0,0.0,0.0,0.0,0.0,0.0,0.0,0.0,675.0,-4.440557479858398,0.0,0.14171761274337769,0.0999302864074707,0.12407228350639343
20.039052963256836,143.28907775878906,4.240947246551514,0.0,0.0,0.0,0.0,0.0,-0.0,0.0,3.6365000316074916,2.565071323939732,0.0,0.1819709986448288,0.0,0.0,0.0,0.0,0.0,0.0,0.0,0.0,0.0,0.0,676.0,-4.240819931030273,0.0,0.33916202187538147,0.08501270413398743,0.14858612418174744
19.84434700012207,142.6178436279297,4.055140972137451,0.0,0.0,0.0,0.0,0.0,-0.0,0.0,3.6160713740757533,2.544642802647182,0.0,0.17693200707435608,0.0,0.0,0.0,0.0,0.0,0.0,0.0,0.0,0.0,0.0,677.0,-4.055019378662109,0.0,0.11040768027305603,0.14081686735153198,0.17241257429122925
19.46785545349121,141.9466094970703,3.8744819164276123,0.0,0.0,0.0,0.0,0.0,-0.0,0.0,3.6012142181396483,2.529785646711077,0.0,0.18479299545288086,0.0,0.0,0.0,0.0,0.0,0.0,1.703908920288086,0.0,1.703908920288086,0.0,678.0,-3.87436580657959,1.703908920288086,0.08872917294502258,0.20236030220985413,0.15140259265899658
20.01178550720215,141.27537536621094,1.9471766948699951,0.0,0.0,0.0,0.0,0.0,-0.0,0.0,3.5935714721679686,2.5221429007393974,0.0,0.2110850065946579,0.0,0.0,0.0,0.0,0.0,0.0,0.0,0.0,0.0,0.0,679.0,-1.9471182823181152,0.0,0.12801524996757507,0.17749816179275513,0.11554580926895142
19.63529396057129,140.60414123535156,1.73173189163208,0.0,0.0,0.0,0.0,-0.6157182699727315,-0.0,0.0,3.6781429018293106,2.6067141941615515,0.3092440068721771,0.0,0.0,0.0,0.0,0.9476058483123779,2.052394151687622,0.0,0.0,0.0,3.0,0.0,680.0,0.2538411319255829,3.0,0.19855430722236633,0.41320210695266724,0.12700793147087097
20.91396713256836,139.9329071044922,1.731679916381836,0.0,0.0,0.0,0.0,0.0,-0.0,0.0,3.8044285910470146,2.733000019618443,0.351065993309021,0.0,0.0,1.3963429675071666,0.0,1.9642441272735596,0.0,0.0,0.0,0.0,1.9642441272735596,0.0,681.0,1.400261402130127,1.9642441272735596,0.31319111585617065,0.38625526428222656,0.3012179434299469
20.93126106262207,114.11952209472656,3.127929210662842,0.0,0.0,0.0,0.0,0.08587629975466289,-0.0,0.0,3.9867856979370115,2.9153569902692524,0.35998600721359253,0.0,0.0,1.655374526977539,0.9541810325536464,2.930375099182129,0.0,0.0,0.0,0.0,2.930375099182129,0.0,682.0,1.655374526977539,2.930375099182129,0.4783273935317993,0.5160125494003296,0.4311440587043762
21.580047607421875,90.01880645751953,4.783160209655762,0.0,0.0,0.0,0.0,0.11597816934900354,-0.0,0.0,4.208714294433594,3.1372857230050224,0.5459619760513306,0.0,0.0,3.8022284507751465,1.2886462236876368,1.775367021560669,0.0,0.0,0.0,0.0,1.775367021560669,0.0,683.0,3.8022284507751465,1.775367021560669,0.858535885810852,0.519446849822998,0.32625889778137207
21.597219467163086,78.55239868164062,8.585131645202637,0.0,0.0,0.0,0.0,0.6093249040701365,-0.0,0.0,4.33042847769601,3.2589999062674386,0.3520059883594513,0.0,0.0,1.326545238494873,6.770276173837186,0.0,0.0,0.0,0.0,0.0,0.0,0.0,684.0,1.326545238494873,0.0,0.9911646842956543,0.4550621807575226,0.2720784842967987
20.857158660888672,77.88117218017578,9.91137981414795,0.0,0.0,0.0,0.0,0.5092387508740998,-0.0,0.0,4.407714244297573,3.336285672869001,0.36357200145721436,0.0,0.0,0.0,5.658207893371582,2.838869094848633,0.0,0.0,0.0,0.0,2.838869094848633,0.0,685.0,-4.599999904632568,2.838869094848633,0.9878042936325073,0.5624532699584961,0.31544768810272217
21.812252044677734,77.20994567871094,9.91108226776123,0.0,0.0,0.0,0.0,0.5632711114506274,-0.0,0.0,4.457642909458706,3.386214338030134,0.37676000595092773,0.0,0.0,0.048229653388261795,6.258567407620711,1.6175092458724976,0.0,0.0,0.0,0.0,1.6175092458724976,0.0,686.0,0.048229653388261795,1.6175092458724976,0.995928168296814,0.5943927764892578,0.3139757513999939
21.971948623657227,76.5387191772461,9.959012985229492,0.0,0.0,0.0,0.0,0.10743865866968252,-0.0,0.0,4.454071399143764,3.3826426914760046,0.3611670136451721,0.0,0.0,0.0,1.1937627792358398,2.9613704681396484,0.0,0.0,0.0,0.0,2.9613704681396484,0.0,687.0,-4.599999904632568,2.9613704681396484,0.9896523952484131,0.7693715691566467,0.24683243036270142
22.84684181213379,75.86749267578125,9.958714485168457,0.0,0.0,0.0,0.0,0.0,-0.0,0.0,4.422071402413504,3.350642830984933,0.37240099906921387,0.0,0.0,0.0,0.0,1.9113991260528564,0.0,0.0,0.008626580238342285,0.0,1.9200257062911987,0.0,688.0,-4.599999904632568,1.9200257062911987,0.9869750738143921,0.8397171497344971,0.3140221834182739
23.198570251464844,75.1962661743164,9.949613571166992,0.0,0.0,0.0,0.0,0.0,-0.0,0.0,4.436142866952078,3.3647141592843193,0.3644320070743561,0.0,0.0,0.0,0.0,1.4994679689407349,0.0,0.0,0.2357466220855713,0.0,0.0,1.7352145910263062,689.0,-4.599999904632568,-1.7352145910263062,0.4646223187446594,0.731746256351471,0.9898379445075989
23.003864288330078,178.3721466064453,9.708765029907227,0.0,0.0,0.0,0.0,0.0,-0.0,0.0,4.39985705784389,3.328428486415318,0.4492720067501068,0.0,0.0,0.0,0.0,0.3743779957294464,0.0,0.0,0.43192383646965027,0.0,0.8063018321990967,0.0,690.0,-4.599999904632568,0.8063018321990967,0.7330942153930664,0.9046200513839722,0.9861460328102112
23.52308464050293,177.70091247558594,9.267748832702637,0.0,0.0,0.0,0.0,0.0,-0.0,0.0,4.341142872401646,3.269714300973075,0.1472499966621399,0.4464690089225769,0.0,0.0,0.0,0.0,0.0,0.0,0.8474330902099609,0.0,0.8474330902099609,0.0,691.0,-4.599999904632568,0.8474330902099609,0.9972660541534424,0.9396863579750061,0.8743168711662292
23.69841766357422,177.02967834472656,7.947202205657959,0.0,0.0,0.0,0.0,0.0,-0.0,0.0,4.330571528843471,3.2591429574148996,0.0,0.5670509934425354,0.0,0.0,0.0,0.0,0.0,0.0,0.0,0.0,0.0,0.0,692.0,-4.599999904632568,0.0,0.993719756603241,0.43057364225387573,0.2715935707092285
22.776573181152344,153.80453491210938,7.3683576583862305,0.0,0.0,0.0,0.0,0.0,-0.0,0.0,4.179785673958914,3.108357238769531,0.0,0.4981609880924225,0.0,0.0,0.0,0.0,0.0,0.0,0.0,0.0,0.0,0.0,693.0,-4.599999904632568,0.0,0.9889880418777466,0.32449662685394287,0.1497090458869934
22.03651237487793,145.60049438476562,6.8598246574401855,0.0,0.0,0.0,0.0,0.0,-0.0,0.0,4.109357098170689,3.037928662981306,0.0,0.45346799492836,0.0,0.0,0.0,0.0,0.0,0.0,2.1668245792388916,0.0,2.1668245792388916,0.0,694.0,-4.599999904632568,2.1668245792388916,0.9567343592643738,0.8354918956756592,0.4328386187553406
23.177444458007812,136.79766845703125,4.185931205749512,0.0,0.0,0.0,0.0,0.0,-0.0,0.0,4.118071365356445,3.046642793927874,0.0,0.40605100989341736,0.0,0.0,0.0,0.0,0.0,0.0,0.0,0.0,0.0,0.0,695.0,-4.185805797576904,0.0,0.9752103090286255,0.37590673565864563,0.06221321225166321
22.800952911376953,136.12643432617188,3.7714803218841553,0.0,0.0,0.0,0.0,0.0,-0.0,0.0,4.16150005885533,3.0900714874267576,0.0,0.3171739876270294,0.0,0.0,0.0,0.0,0.0,0.0,0.0,0.0,0.0,0.0,696.0,-3.771367311477661,0.0,0.8217871785163879,0.2548593282699585,0.04567211866378784
22.424461364746094,135.4552001953125,3.44773006439209,0.0,0.0,0.0,0.0,0.0,-0.0,0.0,4.1877857753208705,3.116357203892299,0.0,0.24729099869728088,0.0,0.0,0.0,0.0,0.0,0.0,0.0,0.0,0.0,0.0,697.0,-3.4476265907287598,0.0,0.4228760004043579,0.17546188831329346,0.0485648512840271
22.047969818115234,134.78396606445312,3.1952965259552,0.0,0.0,0.0,0.0,0.0,-0.0,0.0,4.1680714198521205,3.096642848423549,0.0,0.21376900374889374,0.0,0.0,0.0,0.0,0.0,0.0,0.0,0.0,0.0,0.0,698.0,-3.1952006816864014,0.0,0.32541924715042114,0.5253312587738037,0.10859113931655884
22.035049438476562,122.96255493164062,2.9770755767822266,0.0,0.0,0.0,0.0,0.0,-0.0,0.0,4.112785693577358,3.041357258387974,0.0,0.1956239938735962,0.0,0.0,0.0,0.0,0.0,0.0,0.0,0.0,0.0,0.0,699.0,-2.9769864082336426,0.0,0.07651540637016296,0.11259236931800842,0.05065256357192993
21.476774215698242,122.29132843017578,2.7773759365081787,0.0,0.0,0.0,0.0,0.0,-0.0,0.0,4.054499980381557,2.9830714089529855,0.0,0.1819709986448288,0.0,0.0,0.0,0.0,0.0,0.0,0.0,0.0,0.0,0.0,700.0,-2.7772927284240723,0.0,0.06878188252449036,0.1287415623664856,0.09353399276733398
21.100282669067383,121.62010192871094,2.591613531112671,0.0,0.0,0.0,0.0,0.0,-0.0,0.0,3.995499965122768,2.9240713936941964,0.0,0.23916499316692352,0.0,0.0,0.0,0.0,0.0,0.0,0.0,0.0,0.0,0.0,701.0,-2.591535806655884,0.0,0.086947500705719,0.13999056816101074,0.12225353717803955
20.723791122436523,120.9488754272461,2.3474972248077393,0.0,0.0,0.0,0.0,0.0,-0.0,0.0,3.908142852783203,2.8367142813546318,0.0,0.18479299545288086,0.0,0.0,0.0,0.0,0.0,0.0,0.0,0.0,0.0,0.0,702.0,-2.3474268913269043,0.0,0.04338669776916504,0.09016919136047363,0.15376073122024536
20.165515899658203,120.27764892578125,2.1588683128356934,0.0,0.0,0.0,0.0,0.0,-0.0,0.0,3.840428570338658,2.7690001351492746,0.0,0.2110850065946579,0.0,0.0,0.0,0.0,0.0,0.0,1.653543472290039,0.0,1.653543472290039,0.0,703.0,-2.158803701400757,1.653543472290039,0.12051180005073547,0.38467445969581604,0.10205954313278198
20.923357009887695,111.06250762939453,0.2561785578727722,0.0,0.0,0.0,0.0,0.0,-0.0,0.0,3.840928568158831,2.7694998604910714,0.2393999993801117,0.06984400749206543,0.0,0.0,0.0,0.0,0.0,0.0,0.0,0.0,0.0,0.0,704.0,-0.2561708688735962,0.0,0.12233495712280273,0.09723120927810669,0.12622877955436707
20.365081787109375,110.39128112792969,0.18490362167358398,0.0,0.0,0.0,0.0,0.0,-0.0,0.0,3.8952142987932477,2.8237857273646765,0.351065993309021,0.0,0.0,1.1250733189207835,0.0,0.0,0.0,0.0,0.0,0.0,0.0,0.0,705.0,1.2269339561462402,0.0,0.16191890835762024,0.10018375515937805,0.12509989738464355
19.62502098083496,109.72005462646484,1.3099377155303955,0.0,0.0,0.0,0.0,-0.10451703486907604,-0.0,0.0,3.9882856913975306,2.9168572562081474,0.4368399977684021,0.0,0.0,0.0,0.0,2.6516098976135254,0.3483901023864746,0.0,0.0,0.0,3.0,0.0,706.0,0.3591981828212738,3.0,0.1669105887413025,0.4152320921421051,0.24420294165611267
20.679689407348633,98.68789672851562,1.3098984956741333,0.0,0.0,0.0,0.0,0.02256288763635552,-0.0,0.0,4.076500020708357,3.005071313040597,0.3635280132293701,0.0,0.0,3.293464183807373,0.25069873159131584,1.5816453695297241,0.0,0.0,0.0,0.0,1.5816453695297241,0.0,707.0,3.293464183807373,1.5816453695297241,0.4603332579135895,0.43588656187057495,0.6331555843353271
21.17941665649414,69.6321792602539,4.603224754333496,0.0,0.0,0.0,0.0,0.23166016529021613,-0.0,0.0,4.1547142573765345,3.083285685947963,0.3520059883594513,0.0,0.0,4.599999904632568,2.5740016319946823,0.16156484186649323,0.0,0.0,0.0,0.0,0.0,0.16156484186649323,708.0,4.599999904632568,-0.16156484186649323,0.9569659233093262,0.43025872111320496,0.3657274842262268
20.62214469909668,78.51448059082031,9.202948570251465,0.0,0.0,0.0,0.0,0.40804670633996065,-0.0,0.0,4.225285748073032,3.1538570404052733,0.36357200145721436,0.0,0.0,0.7270378470420837,4.5338519323480435,3.0,0.0,0.0,0.0,0.0,3.0,0.0,709.0,0.7270378470420837,3.0,0.9929956793785095,0.675067663192749,0.657899022102356
22.147031784057617,77.84325408935547,9.929688453674316,0.0,0.0,0.0,0.0,0.5929081993836864,-0.0,0.0,4.297071402413504,3.225642830984933,0.37676000595092773,0.0,0.0,0.042133767157793045,6.587868358484212,1.7599270343780518,0.0,0.0,0.0,0.0,0.0,1.7599270343780518,710.0,0.042133767157793045,-1.7599270343780518,0.9971792697906494,0.3744579553604126,0.9835014939308167
21.77002716064453,177.3583221435547,9.97152328491211,0.0,0.0,0.0,0.0,0.4672966803945424,-0.0,0.0,4.3651427677699495,3.2937141963413783,0.3611670136451721,0.0,0.0,0.0,5.192184925079346,2.5396981239318848,0.0,0.0,0.0,0.0,2.5396981239318848,0.0,711.0,-4.599999904632568,2.5396981239318848,0.9937785267829895,0.7205050587654114,0.3530340790748596
22.602510452270508,176.6870880126953,9.971224784851074,0.0,0.0,0.0,0.0,0.3382497364878429,-0.0,0.0,4.416571426391601,3.34514285496303,0.37240099906921387,0.0,0.0,0.0,3.7583301067352295,2.6323187351226807,0.0,0.0,0.0,0.0,2.6323187351226807,0.0,712.0,0.00332780578173697,2.6323187351226807,0.9974522590637207,0.8485537767410278,0.31212955713272095
23.242753982543945,176.01585388183594,9.970926284790039,0.0,0.0,0.0,0.0,0.4023106990107437,-0.0,0.0,4.44085715157645,3.3694285801478796,0.3644320070743561,0.0,0.0,0.0,4.470118522644043,0.0,0.0,0.0,0.0,0.0,0.0,0.0,713.0,-4.599999904632568,0.0,0.9935528039932251,0.7153642177581787,0.7835670709609985
22.684478759765625,175.34461975097656,9.970627784729004,0.0,0.0,0.0,0.0,0.031101868240186882,-0.0,0.0,4.432642882210867,3.361214447021484,0.4492720067501068,0.0,0.0,0.0,0.34557628631591797,1.8632519245147705,0.0,0.0,0.0,0.0,1.8632519245147705,0.0,714.0,-4.599999904632568,1.8632519245147705,0.9926849603652954,0.8730111718177795,0.8455570340156555
23.365039825439453,174.6733856201172,9.970329284667969,0.0,0.0,0.0,0.0,0.0,-0.0,0.0,4.337142889840262,3.265714318411691,0.583299994468689,0.010419011116027832,0.0,0.0,0.0,0.0,0.0,0.0,1.2193350791931152,0.0,1.2193350791931152,0.0,715.0,-4.599999904632568,1.2193350791931152,0.9879428148269653,0.9564685821533203,0.9110046625137329
23.78232765197754,140.66281127929688,8.715216636657715,0.0,0.0,0.0,0.0,0.0,-0.0,0.0,4.2549999237060545,3.1835713522774833,0.0,0.6084210276603699,0.0,0.0,0.0,0.0,0.0,0.0,0.0,0.0,0.0,0.0,716.0,-4.599999904632568,0.0,0.997963011264801,0.9144595861434937,0.6391003131866455
23.40583610534668,139.9915771484375,8.094136238098145,0.0,0.0,0.0,0.0,0.0,-0.0,0.0,4.22478575025286,3.1533570425851005,0.0,0.5544440150260925,0.0,0.0,0.0,0.0,0.0,0.0,0.0,0.0,0.0,0.0,717.0,-4.599999904632568,0.0,0.995610773563385,0.8720583319664001,0.43776291608810425
23.02934455871582,139.32034301757812,7.528151512145996,0.0,0.0,0.0,0.0,0.0,-0.0,0.0,4.183642877851214,3.1122141701834543,0.0,0.47393500804901123,0.0,0.0,0.0,0.0,0.0,0.0,0.6973291039466858,0.0,0.6973291039466858,0.0,718.0,-4.599999904632568,0.6973291039466858,0.9743109941482544,0.8180950880050659,0.2970297932624817
23.0904598236084,130.63931274414062,6.332794189453125,0.0,0.0,0.0,0.0,0.0,-0.0,0.0,4.135857118879046,3.064428547450474,0.0,0.40605100989341736,0.0,0.0,0.0,0.0,0.0,0.0,0.0,0.0,0.0,0.0,719.0,-4.599999904632568,0.0,0.961686909198761,0.2250310778617859,0.02931821346282959
22.350399017333984,129.96807861328125,5.91827917098999,0.0,0.0,0.0,0.0,0.0,-0.0,0.0,4.084785679408482,3.013357107979911,0.0,0.3171739876270294,0.0,0.0,0.0,0.0,0.0,0.0,0.0,0.0,0.0,0.0,720.0,-4.599999904632568,0.0,0.5189783573150635,0.3110749423503876,0.04403960704803467
21.792123794555664,118.97943115234375,5.594464302062988,0.0,0.0,0.0,0.0,0.0,-0.0,0.0,4.038571439470564,2.967142868041992,0.0,0.24729099869728088,0.0,0.0,0.0,0.0,0.0,0.0,0.0,0.0,0.0,0.0,721.0,-4.599999904632568,0.0,0.26069915294647217,0.36371827125549316,0.05377066135406494
21.415632247924805,118.3082046508789,5.341966152191162,0.0,0.0,0.0,0.0,0.0,-0.0,0.0,3.9377857753208705,2.8663572038922993,0.0,0.2131669968366623,0.0,0.0,0.0,0.0,0.0,0.0,1.2393039464950562,0.0,1.2393039464950562,0.0,722.0,-4.599999904632568,1.2393039464950562,0.0031217634677886963,0.5542346835136414,0.15085935592651367
21.77115821838379,79.23747253417969,3.8597371578216553,0.0,0.0,0.0,0.0,0.0,-0.0,0.0,3.9065714699881418,2.83514289855957,0.0,0.19505299627780914,0.0,0.0,0.0,0.0,0.0,0.0,0.7851507663726807,0.0,0.7851507663726807,0.0,723.0,-3.859621524810791,0.7851507663726807,0.0194128155708313,0.607310950756073,0.08521628379821777
22.03653907775879,78.56624603271484,2.859443426132202,0.0,0.0,0.0,0.0,0.0,-0.0,0.0,3.881000055585589,2.8095713479178293,0.0,0.18143300712108612,0.0,0.0,0.0,0.0,0.0,0.0,0.6271894574165344,0.0,0.6271894574165344,0.0,724.0,-2.8593575954437256,0.6271894574165344,0.01981174945831299,0.64139324426651,0.10884788632392883
22.206951141357422,77.89501953125,2.034257411956787,0.0,0.0,0.0,0.0,0.0,-0.0,0.0,3.8474285398210797,2.7760001046316964,0.0,0.17640900611877441,0.0,0.0,0.0,0.0,0.0,0.0,0.0,0.0,0.0,0.0,725.0,-2.034196376800537,0.0,0.022411882877349854,0.2327064573764801,0.12253403663635254
21.6486759185791,77.22379302978516,1.8541926145553589,0.0,0.0,0.0,0.0,0.0,-0.0,0.0,3.8182143620082307,2.7467857905796595,0.0,0.1840440034866333,0.0,0.0,0.0,0.0,0.0,0.0,0.0,0.0,0.0,0.0,726.0,-1.8541370630264282,0.0,0.012580335140228271,0.07819527387619019,0.19523245096206665
20.908615112304688,69.02732849121094,1.6663426160812378,0.0,0.0,0.0,0.0,0.0,-0.0,0.0,3.8099285670689174,2.738499995640346,0.13109999895095825,0.07842400670051575,0.0,0.0,0.0,0.0,0.0,0.0,0.0,0.0,0.0,0.0,727.0,-1.666292667388916,0.0,0.024646252393722534,0.1145174503326416,0.1621864140033722
20.350339889526367,68.3561019897461,1.5862705707550049,0.0,0.0,0.0,0.0,-0.1996006329695632,-0.0,0.0,3.8891427993774412,2.817714364188058,0.30623799562454224,0.0,0.0,0.0,0.0,1.4446120262145996,0.6653354167938232,0.0,0.0,0.0,2.109947443008423,0.0,728.0,1.1110694408416748,2.109947443008423,0.26973098516464233,0.47750580310821533,0.3947966396808624
21.387514114379883,34.52920913696289,1.5862230062484741,0.0,0.0,0.0,0.0,0.0,-0.0,0.0,4.056642886570522,2.9852141789027624,0.34728100895881653,0.0,0.0,0.680138944511782,0.0,3.0,0.0,0.0,0.0,0.0,0.0,3.0,729.0,1.0815690755844116,-3.0,0.2667762041091919,0.05751067399978638,0.9999998807907104
21.011022567749023,100.12422943115234,2.266294002532959,0.0,0.0,0.0,0.0,0.16283887635018796,-0.0,0.0,4.158142852783203,3.0867142813546318,0.402195006608963,0.0,0.0,3.5155386924743652,1.8093207045435284,0.0,0.0,0.0,0.0,0.0,0.0,0.0,730.0,3.5155386924743652,0.0,0.5781802535057068,0.39166149497032166,0.3407856225967407
20.452747344970703,83.18802642822266,5.781659126281738,0.0,0.0,0.0,0.0,0.04043968835854173,-0.0,0.0,4.202857099260603,3.131428527832031,0.41805499792099,0.0,0.0,2.762765407562256,0.44932983494093603,2.3839666843414307,0.0,0.0,0.0,0.0,2.3839666843414307,0.0,731.0,2.762765407562256,2.3839666843414307,0.8544394373893738,0.47948136925697327,0.23527967929840088
21.39739227294922,82.51679992675781,8.544168472290039,0.0,0.0,0.0,0.0,0.4255747425312408,-0.0,0.0,4.263000025068011,3.191571589878627,0.3781130015850067,0.0,0.0,1.3377985954284668,4.728607874551122,0.9638286232948303,0.0,0.0,0.0,0.0,0.9638286232948303,0.0,732.0,1.3377985954284668,0.9638286232948303,0.9881937503814697,0.4910905957221985,0.3773415982723236
21.45543670654297,73.91119384765625,9.881670951843262,0.0,0.0,0.0,0.0,0.4396175812147593,-0.0,0.0,4.31542854309082,3.243999971662249,0.3568120002746582,0.0,0.0,0.04015966132283211,4.884639403078833,2.250119209289551,0.0,0.0,0.0,0.0,0.0,2.250119209289551,733.0,0.04015966132283211,-2.250119209289551,0.9921801090240479,0.6145601272583008,0.9908078908920288
21.0190372467041,178.52732849121094,9.921533584594727,0.0,0.0,0.0,0.0,0.54258850893088,-0.0,0.0,4.353928647722517,3.282500076293945,0.37003299593925476,0.0,0.0,0.0,6.028760731220245,0.8202564120292664,0.0,0.0,0.0,0.0,0.0,0.8202564120292664,734.0,-4.599999904632568,-0.8202564120292664,0.9702313542366028,0.3333803415298462,0.9954706430435181
20.82501792907715,179.27337646484375,9.921236038208008,0.0,0.0,0.0,0.0,0.4478935466522789,-0.0,0.0,4.38721433367048,3.3157857622419082,0.3545230031013489,0.0,0.0,0.0,4.976594567298889,1.7083820104599,0.0,0.0,0.0,0.0,1.7083820104599,0.0,735.0,-4.599999904632568,1.7083820104599,0.965811014175415,0.5145596265792847,0.7898849844932556
21.572782516479492,178.60214233398438,9.920938491821289,0.0,0.0,0.0,0.0,0.4769070575163388,-0.0,0.0,4.3944284711565285,3.3229998997279577,0.40768301486968994,0.0,0.0,0.0,5.298966884613037,0.0,0.0,0.0,0.0,0.0,0.0,0.0,736.0,-4.599999904632568,0.0,0.9357891082763672,0.4107946753501892,0.9518182873725891
21.378076553344727,177.930908203125,9.92064094543457,0.0,0.0,0.0,0.0,0.08365671107424943,-0.0,0.0,4.366714286804199,3.2952855791364395,0.3550240099430084,0.0,0.0,0.0,0.9295189380645752,2.7263569831848145,0.0,0.0,0.0,0.0,2.7263569831848145,0.0,737.0,-4.599999904632568,2.7263569831848145,0.9549034833908081,0.7574769854545593,0.9079062938690186
22.787368774414062,177.25967407226562,9.920343399047852,0.0,0.0,0.0,0.0,0.1523308883969688,-0.0,0.0,4.30957134791783,3.2381427764892576,0.4322409927845001,0.0,0.0,0.0,1.6925652921199799,0.1694437563419342,0.0,0.0,0.0,0.0,0.1694437563419342,0.0,738.0,-4.599999904632568,0.1694437563419342,0.8237146139144897,0.7767994999885559,0.9900505542755127
22.883981704711914,168.47537231445312,9.920045852661133,0.0,0.0,0.0,0.0,-0.38991565465591904,-0.0,0.0,4.232785715375628,3.1613570077078683,0.5608029961585999,0.0,0.0,0.0,0.0,0.33219701051712036,1.2997187972068787,0.0,0.0,0.0,1.631915807723999,0.0,739.0,0.06402727216482162,1.631915807723999,0.9984042644500732,0.836013674736023,0.6538463830947876
23.1800537109375,167.80413818359375,9.919748306274414,0.0,0.0,0.0,0.0,0.0,-0.0,0.0,4.1289285387311665,3.057499967302595,0.02944999933242798,0.48685401678085327,0.0,0.0,0.0,0.0,0.0,0.0,1.1460344791412354,0.0,1.1460344791412354,0.0,740.0,-4.599999904632568,1.1460344791412354,0.46262240409851074,0.9668025374412537,0.9888672828674316
23.83399772644043,79.47321319580078,8.253288269042969,0.0,0.0,0.0,0.0,0.0,-0.0,0.0,4.041214207240513,2.969785635811942,0.0,0.44597598910331726,0.0,0.0,0.0,0.0,0.0,0.0,1.5875591039657593,0.0,0.0,1.5875591039657593,741.0,-4.599999904632568,-1.5875591039657593,0.6597147583961487,0.9903164505958557,0.8770241141319275
23.82206916809082,160.32192993164062,6.178067207336426,0.0,0.0,0.0,0.0,0.0,-0.0,0.0,3.976642826625279,2.9052142551967077,0.0,0.4291419982910156,0.0,0.0,0.0,0.0,0.0,0.0,0.1459391564130783,0.0,0.1459391564130783,0.0,742.0,-4.599999904632568,0.1459391564130783,0.993661642074585,0.9794408679008484,0.7136049270629883
23.89719009399414,159.65069580078125,5.5910820960998535,0.0,0.0,0.0,0.0,0.0,-0.0,0.0,3.931214278084891,2.8597855704171318,0.0,0.42292600870132446,0.0,0.0,0.0,0.0,0.0,0.0,0.0,0.0,0.0,0.0,743.0,-4.599999904632568,0.0,0.9929097890853882,0.971867561340332,0.5375521183013916
23.8852596282959,158.97946166992188,5.159370422363281,0.0,0.0,0.0,0.0,0.0,-0.0,0.0,3.893999998910086,2.822571563720703,0.0,0.3358609974384308,0.0,0.0,0.0,0.0,0.0,0.0,0.029286855831742287,0.0,0.029286855831742287,0.0,744.0,-4.599999904632568,0.029286855831742287,0.9359561204910278,0.9780901670455933,0.4527358412742615
23.89043617248535,147.71742248535156,4.786627292633057,0.0,0.0,0.0,0.0,0.0,-0.0,0.0,3.8659285954066682,2.794500023978097,0.0,0.24664999544620514,0.0,0.0,0.0,0.0,0.0,0.0,0.025815362110733986,0.0,0.025815362110733986,0.0,745.0,-4.599999904632568,0.025815362110733986,0.8210818767547607,0.9784999489784241,0.29000961780548096
23.892484664916992,147.0461883544922,4.5084662437438965,0.0,0.0,0.0,0.0,0.0,-0.0,0.0,3.828571401323591,2.7571429661342077,0.0,0.2131669968366623,0.0,0.0,0.0,0.0,0.0,0.0,0.0,0.0,0.0,0.0,746.0,-4.508331298828125,0.0,0.796542227268219,0.9770587682723999,0.2772122025489807
23.87956428527832,146.3749542236328,4.290820121765137,0.0,0.0,0.0,0.0,0.0,-0.0,0.0,3.8039285932268414,2.7325000217982702,0.0,0.19505299627780914,0.0,0.0,0.0,0.0,0.0,0.0,0.0,0.0,0.0,0.0,747.0,-4.290691375732422,0.0,0.6183179616928101,0.9426923990249634,0.14432385563850403
23.684858322143555,138.17987060546875,4.091663837432861,0.0,0.0,0.0,0.0,0.0,-0.0,0.0,3.7938571112496513,2.722428676060268,0.0,0.18143300712108612,0.0,0.0,0.0,0.0,0.0,0.0,0.0,0.0,0.0,0.0,748.0,-4.091541290283203,0.0,0.49778395891189575,0.932854413986206,0.11401116847991943
23.49015235900879,137.50863647460938,3.9064109325408936,0.0,0.0,0.0,0.0,0.0,-0.0,0.0,3.7708570752825055,2.6994285038539343,0.0,0.17640900611877441,0.0,0.0,0.0,0.0,0.0,0.0,0.6329041719436646,0.0,0.6329041719436646,0.0,749.0,-3.9062938690185547,0.6329041719436646,0.3914629817008972,0.930689811706543,0.11016127467155457
23.65343475341797,136.83740234375,3.080488920211792,0.0,0.0,0.0,0.0,0.0,-0.0,0.0,3.744214275905064,2.672785840715681,0.0,0.1840440034866333,0.0,0.0,0.0,0.0,0.0,0.0,0.0,0.0,0.0,0.0,750.0,-3.0803966522216797,0.0,0.4859321713447571,0.8596521019935608,0.1164364218711853
23.27694320678711,136.16616821289062,2.8926022052764893,0.0,0.0,0.0,0.0,-0.0010122031375647822,-0.0,0.0,3.7378570829119,2.6664286477225168,0.20614999532699585,0.0,0.0033740103244781494,0.0,0.0,0.0,0.0,0.0,0.0,0.0,0.0,0.0,751.0,0.007475987076759338,0.0,0.4462774693965912,0.760225772857666,0.17033356428146362
22.71866798400879,125.46112823486328,2.8925154209136963,0.0,0.0,0.0,0.0,0.0,-0.0,0.0,3.7828571592058453,2.7114284515380858,0.30623799562454224,0.0,0.0,0.34740632256500703,0.0,0.9770658016204834,0.0,0.0,0.0,0.0,0.9770658016204834,0.0,752.0,1.417762041091919,0.9770658016204834,0.834572434425354,0.815678596496582,0.11839067935943604
23.07837677001953,124.78990173339844,3.2398245334625244,0.0,0.0,0.0,0.0,0.0,-0.0,0.0,3.8462142399379182,2.774785668509347,0.34728100895881653,0.0,0.0,3.002885843547233,0.0,0.0,0.0,0.0,0.0,0.0,0.0,0.0,753.0,3.2437191009521484,0.0,0.9483011960983276,0.7401642203330994,0.12135380506515503
22.883670806884766,124.1186752319336,6.242523193359375,0.0,0.0,0.0,0.0,0.07116810402640666,-0.0,0.0,3.905571474347796,2.834142902919224,0.5981490015983582,0.0,0.0,3.657893657684326,0.7907566485608251,0.0,0.0,0.0,0.0,0.0,0.0,0.0,754.0,3.657893657684326,0.0,0.9900386333465576,0.6658156514167786,0.19610294699668884
22.68896484375,113.33575439453125,9.90011978149414,0.0,0.0,0.0,0.0,0.41842348290519504,-0.0,0.0,3.94235714503697,2.8709285736083983,0.35659199953079224,0.0,0.0,0.017501313239336014,4.649149440576514,0.0,0.0,0.0,0.0,0.0,0.0,0.0,755.0,0.017501313239336014,0.0,0.9917591214179993,0.6264584064483643,0.48157548904418945
22.676044464111328,104.25997924804688,9.91732406616211,0.0,0.0,0.0,0.0,0.5164401343944108,-0.0,0.0,4.002642849513462,2.931214141845703,0.3721640110015869,0.0,0.0,0.04926915839314461,5.738223259460432,0.22238828241825104,0.0,0.0,0.0,0.0,0.0,0.22238828241825104,756.0,0.04926915839314461,-0.22238828241825104,0.9966562986373901,0.4366159439086914,0.5389001965522766
22.481338500976562,106.22211456298828,9.966294288635254,0.0,0.0,0.0,0.0,0.4549049488627848,-0.0,0.0,4.061857169015067,2.9904285975864955,0.38031598925590515,0.0,0.0,0.0,5.05449903011322,1.124935269355774,0.0,0.0,0.0,0.0,0.0,1.124935269355774,757.0,-4.599999904632568,-1.124935269355774,0.9846819639205933,0.29466262459754944,0.9379269480705261
22.46841812133789,170.06639099121094,9.965995788574219,0.0,0.0,0.0,0.0,0.49362831596559575,-0.0,0.0,4.1104286193847654,3.0390000479561943,0.42816799879074097,0.0,0.0,0.0,5.484758630394936,0.19747374951839447,0.0,0.0,0.0,0.0,0.0,0.19747374951839447,758.0,-4.599999904632568,-0.19747374951839447,0.9720263481140137,0.31500449776649475,0.9502055644989014
22.45549774169922,172.03097534179688,9.965697288513184,0.0,0.0,0.0,0.0,0.49058344925112884,-0.0,0.0,4.15028566632952,3.0788570949009486,0.3545230031013489,0.0,0.0,0.0,5.450926780700684,0.0,0.0,0.0,0.0,0.0,0.0,0.0,759.0,-4.599999904632568,0.0,0.970103919506073,0.4076542258262634,0.8903641104698181
22.260774612426758,171.3597412109375,9.965398788452148,0.0,0.0,0.0,0.0,0.39256784221075525,-0.0,0.0,4.175714302062988,3.104285866873605,0.36533498764038086,0.0,0.0,0.0,4.3618645668029785,0.0,0.0,0.0,0.0,0.0,0.0,0.0,760.0,-4.599999904632568,0.0,0.9466884136199951,0.5230634808540344,0.9376494884490967
22.07050132751465,170.68850708007812,9.965100288391113,0.0,0.0,0.0,0.0,0.24183959796743262,-0.0,0.0,4.190357153756278,3.1189285823277064,0.3550240099430084,0.0,0.0,0.0,2.687106430530548,0.6495694518089294,0.0,0.0,0.0,0.0,0.6495694518089294,0.0,761.0,-4.599999904632568,0.6495694518089294,0.9249134659767151,0.6632484197616577,0.9623063206672668
22.316226959228516,170.01727294921875,9.964801788330078,0.0,0.0,0.0,0.0,0.006176741614082754,-0.0,0.0,4.186142866952078,3.1147141592843193,0.4322409927845001,0.0,0.0,0.0,0.06863045692443848,2.0432286262512207,0.0,0.0,0.0,0.0,2.0432286262512207,0.0,762.0,-4.599999904632568,2.0432286262512207,0.9673465490341187,0.8631296157836914,0.9513685703277588
23.315631866455078,151.58685302734375,9.964503288269043,0.0,0.0,0.0,0.0,0.0,-0.0,0.0,4.146714292253767,3.075285720825195,0.5608029961585999,0.0,0.0,0.0,0.0,0.429097056388855,0.0,0.0,0.5486926436424255,0.0,0.9777897000312805,0.0,763.0,-4.599999904632568,0.9777897000312805,0.9962944388389587,0.9281451106071472,0.8797279596328735
23.640710830688477,150.91561889648438,9.40433120727539,0.0,0.0,0.0,0.0,0.0,-0.0,0.0,4.0276428767613,2.9562143053327286,0.028499998152256012,0.48780402541160583,0.0,0.0,0.0,0.0,0.0,0.0,0.5653422474861145,0.0,0.0,0.5653422474861145,764.0,-4.599999904632568,-0.5653422474861145,0.9692882299423218,0.9823206663131714,0.9412654638290405
23.629472732543945,170.60055541992188,8.329442024230957,0.0,0.0,0.0,0.0,0.0,-0.0,0.0,3.9403571537562776,2.8689285823277064,0.0,0.44597598910331726,0.0,0.0,0.0,0.0,0.0,0.0,0.6887734532356262,0.0,0.6887734532356262,0.0,765.0,-4.599999904632568,0.6887734532356262,0.9962122440338135,0.9688456058502197,0.8096680641174316
23.84421157836914,169.9293212890625,7.171319484710693,0.0,0.0,0.0,0.0,0.0,-0.0,0.0,3.8857143402099608,2.8142857687813896,0.0,0.4291419982910156,0.0,0.0,0.0,0.0,0.0,0.0,0.0,0.0,0.0,0.0,766.0,-4.599999904632568,0.0,0.9944378137588501,0.9589064121246338,0.6424832344055176
23.651025772094727,160.85772705078125,6.733217716217041,0.0,0.0,0.0,0.0,0.0,-0.0,0.0,3.843285642351423,2.7718570709228514,0.0,0.42292600870132446,0.0,0.0,0.0,0.0,0.0,0.0,0.0,0.0,0.0,0.0,767.0,-4.599999904632568,0.0,0.9942378997802734,0.9297181963920593,0.40705859661102295
23.457317352294922,160.18649291992188,6.301471710205078,0.0,0.0,0.0,0.0,0.0,-0.0,0.0,3.8087856565202984,2.737357221330915,0.0,0.3358609974384308,0.0,0.0,0.0,0.0,0.0,0.0,0.7736355662345886,0.0,0.7736355662345886,0.0,768.0,-4.599999904632568,0.7736355662345886,0.9606856107711792,0.9776777625083923,0.4937211573123932
23.88837432861328,159.5152587890625,5.169177532196045,0.0,0.0,0.0,0.0,0.0,-0.0,0.0,3.775928579057966,2.7044998713902064,0.0,0.24664999544620514,0.0,0.0,0.0,0.0,0.0,0.0,0.026895400136709213,0.0,0.026895400136709213,0.0,769.0,-4.599999904632568,0.026895400136709213,0.9056132435798645,0.9781400561332703,0.34103769063949585
23.89068603515625,158.84402465820312,4.8899030685424805,0.0,0.0,0.0,0.0,0.0,-0.0,0.0,3.743857192993164,2.6724286215645927,0.0,0.2131669968366623,0.0,0.0,0.0,0.0,0.0,0.0,0.0,0.0,0.0,0.0,770.0,-4.599999904632568,0.0,0.8917500972747803,0.9767882823944092,0.32720398902893066
23.877765655517578,158.17279052734375,4.672245502471924,0.0,0.0,0.0,0.0,0.0,-0.0,0.0,3.714571489606585,2.6431429181780133,0.0,0.19505299627780914,0.0,0.0,0.0,0.0,0.0,0.0,0.0,0.0,0.0,0.0,771.0,-4.599999904632568,0.0,0.8786323070526123,0.9335635900497437,0.16820770502090454
23.683059692382812,157.50155639648438,4.473077774047852,0.0,0.0,0.0,0.0,0.0,-0.0,0.0,3.688499941144671,2.617071369716099,0.0,0.18143300712108612,0.0,0.0,0.0,0.0,0.0,0.0,0.0,0.0,0.0,0.0,772.0,-4.4729437828063965,0.0,0.7479711771011353,0.9307050704956055,0.14634034037590027
23.488353729248047,156.830322265625,4.287813663482666,0.0,0.0,0.0,0.0,0.0,-0.0,0.0,3.6655714307512555,2.5941428593226843,0.0,0.17640900611877441,0.0,0.0,0.0,0.0,0.0,0.0,0.0,0.0,0.0,0.0,773.0,-4.287684917449951,0.0,0.6654499769210815,0.8518890738487244,0.12042969465255737
23.111862182617188,156.15908813476562,4.1076812744140625,0.0,0.0,0.0,0.0,0.0,-0.0,0.0,3.6468572071620398,2.57542849949428,0.0,0.1840440034866333,0.0,0.0,0.0,0.0,0.0,0.0,0.0,0.0,0.0,0.0,774.0,-4.107558250427246,0.0,0.5741629600524902,0.7259199619293213,0.1425234079360962
22.553586959838867,155.48785400390625,3.9197638034820557,0.0,0.0,0.0,0.0,0.0,-0.0,0.0,3.6794999803815567,2.6080714089529855,0.19474999606609344,0.40324801206588745,0.0,0.0,0.0,0.0,0.0,0.0,1.76859712600708,0.0,1.76859712600708,0.0,775.0,-3.9196462631225586,1.76859712600708,0.7887817025184631,0.83064866065979,0.20051497220993042
23.153228759765625,143.22044372558594,1.70354425907135,0.0,0.0,0.0,0.0,0.0,-0.0,0.0,3.8258571079799104,2.7544285365513392,0.9206219911575317,0.0,0.0,0.8843794875608069,0.0,0.0,0.0,0.0,0.0,0.0,0.0,0.0,776.0,0.9983780384063721,0.0,0.7084825038909912,0.6678042411804199,0.25810712575912476
22.23138427734375,113.87174987792969,2.587846040725708,0.0,0.0,0.0,0.0,0.0,-0.0,0.0,3.9705000741141183,2.8990715026855467,0.34728100895881653,0.0,0.0,3.756995875047096,0.0,0.0,0.0,0.0,0.0,0.0,0.0,0.0,777.0,4.0537190437316895,0.0,0.8398067951202393,0.5779398083686829,0.1456696093082428
21.854537963867188,113.20052337646484,6.344651699066162,0.0,0.0,0.0,0.0,0.20798953643239723,-0.0,0.0,4.078214318411691,3.006785746983119,0.35456401109695435,0.0,0.0,3.5090770721435547,2.3109946655874998,0.0,0.0,0.0,0.0,0.0,0.0,0.0,778.0,3.5090770721435547,0.0,0.9853699207305908,0.5213019847869873,0.1667032241821289
21.63176918029785,112.529296875,9.853433609008789,0.0,0.0,0.0,0.0,0.6601165443798793,-0.0,0.0,4.147857066563198,3.076428495134626,0.35659199953079224,0.0,0.0,0.10983797162771225,7.334627687983699,0.0,0.0,0.0,0.0,0.0,0.0,0.0,779.0,0.10983797162771225,0.0,0.9963241815567017,0.48284465074539185,0.29029467701911926
21.39335823059082,111.85807037353516,9.962972640991211,0.0,0.0,0.0,0.0,0.7060552514438001,-0.0,0.0,4.209428596496582,3.1379998888288223,0.40207400918006897,0.0,0.0,0.0,7.845057725906372,0.5356185436248779,0.0,0.0,0.0,0.0,0.0,0.5356185436248779,780.0,0.003962953109294176,-0.5356185436248779,0.9966905117034912,0.5391420722007751,0.7218518853187561
21.20024299621582,135.494384765625,9.962674140930176,0.0,0.0,0.0,0.0,0.5357942887679996,-0.0,0.0,4.263000025068011,3.191571589878627,0.9499139785766602,0.0,0.0,0.012354332953691483,5.953269402076643,2.280210256576538,0.0,0.0,0.0,0.0,2.280210256576538,0.0,781.0,0.012354332953691483,2.280210256576538,0.9974998831748962,0.7055172920227051,0.7905663251876831
22.527570724487305,110.64839172363281,9.974729537963867,0.0,0.0,0.0,0.0,0.6423532007021239,-0.0,0.0,4.308285794939314,3.236857223510742,0.5302309989929199,0.0,0.0,0.0,7.137257218360901,1.392661452293396,0.0,0.0,0.0,0.0,0.0,1.392661452293396,782.0,-4.599999904632568,-1.392661452293396,0.9955074787139893,0.2879874110221863,0.9996793270111084
22.517528533935547,179.94677734375,9.974430084228516,0.0,0.0,0.0,0.0,0.6531703198488776,-0.0,0.0,4.339571489606585,3.2681429181780133,0.3545230031013489,0.0,0.0,0.0,7.257447421550751,0.7955301403999329,0.0,0.0,0.0,0.0,0.0,0.7955301403999329,783.0,-4.599999904632568,-0.7955301403999329,0.9861092567443848,0.1186477541923523,0.9999762177467346
22.50868797302246,179.99429321289062,9.974130630493164,0.0,0.0,0.0,0.0,0.6166634191404488,-0.0,0.0,4.35321420942034,3.281785637991769,0.36533498764038086,0.0,0.0,0.0,6.851815223693848,0.0,0.0,0.0,0.0,0.0,0.0,0.0,784.0,-4.599999904632568,0.0,0.9486235976219177,0.16007927060127258,0.9973160028457642
22.498825073242188,179.32305908203125,9.973831176757812,0.0,0.0,0.0,0.0,0.4500322410489888,-0.0,0.0,4.348214231218611,3.276785659790039,0.3550240099430084,0.0,0.0,0.0,5.000357836484909,0.13561847805976868,0.0,0.0,0.0,0.0,0.0,0.13561847805976868,785.0,-4.599999904632568,-0.13561847805976868,0.8643938302993774,0.277044415473938,0.9978193044662476
22.49100685119629,179.649169921875,9.973531723022461,0.0,0.0,0.0,0.0,0.2588093295740536,-0.0,0.0,4.327928488595145,3.2564999171665736,0.4322409927845001,0.0,0.0,0.0,2.8756589889526367,0.0,0.0,0.0,0.0,0.0,0.0,0.0,786.0,-4.599999904632568,0.0,0.8844950199127197,0.6519134640693665,0.9890976548194885
22.481674194335938,178.97793579101562,9.97323226928711,0.0,0.0,0.0,0.0,0.0,-0.0,0.0,4.268714305332729,3.1972857339041574,0.5608029961585999,0.0,0.0,0.0,0.0,0.5126970410346985,0.0,0.0,1.253356397151947,0.0,1.7660534381866455,0.0,787.0,-4.599999904632568,1.7660534381866455,0.9562603235244751,0.9208024740219116,0.9781087636947632
23.60399627685547,178.30670166015625,8.694036483764648,0.0,0.0,0.0,0.0,0.0,-0.0,0.0,4.121071352277483,3.0496427808489117,0.05415000021457672,0.4621540307998657,0.0,0.0,0.0,0.0,0.0,0.0,0.4803025722503662,0.0,0.4803025722503662,0.0,788.0,-4.599999904632568,0.4803025722503662,0.9884747266769409,0.9786575436592102,0.9459885954856873
23.893272399902344,177.63546752929688,7.732114315032959,0.0,0.0,0.0,0.0,0.0,-0.0,0.0,4.099357141767229,3.0279287065778457,0.0,0.44597598910331726,0.0,0.0,0.0,0.0,0.0,0.0,0.08345799893140793,0.0,0.08345799893140793,0.0,789.0,-4.599999904632568,0.08345799893140793,0.9837502241134644,0.987220287322998,0.9047250747680664
23.936086654663086,167.2828826904297,7.191659927368164,0.0,0.0,0.0,0.0,0.0,-0.0,0.0,4.102714211600167,3.0312856401715957,0.0,0.4291419982910156,0.0,0.0,0.0,0.0,0.0,0.0,0.021241065114736557,0.0,0.021241065114736557,0.0,790.0,-4.599999904632568,0.021241065114736557,0.9867480993270874,0.9878584146499634,0.8118456602096558
23.93927764892578,166.6116485595703,6.731883525848389,0.0,0.0,0.0,0.0,0.0,-0.0,0.0,4.074928501674107,3.003499930245536,0.0,0.42292600870132446,0.0,0.0,0.0,0.0,0.0,0.0,0.0,0.0,0.0,0.0,791.0,-4.599999904632568,0.0,0.9606761336326599,0.9874199032783508,0.7209457159042358
23.92837142944336,156.5824432373047,6.300137519836426,0.0,0.0,0.0,0.0,0.0,-0.0,0.0,4.0260714939662385,2.9546429225376674,0.0,0.3358609974384308,0.0,0.0,0.0,0.0,0.0,0.0,0.0,0.0,0.0,0.0,792.0,-4.599999904632568,0.0,0.9795597791671753,0.8483901619911194,0.15610083937644958
23.55440330505371,155.9112091064453,5.9572434425354,0.0,0.0,0.0,0.0,0.0,-0.0,0.0,3.999428558349609,2.927999986921038,0.0,0.3551830053329468,0.0,0.0,0.0,0.0,0.0,0.0,0.6036372780799866,0.0,0.6036372780799866,0.0,793.0,-4.599999904632568,0.6036372780799866,0.7666149735450745,0.981126070022583,0.39408594369888306
23.905614852905273,147.16197204589844,4.978706359863281,0.0,0.0,0.0,0.0,0.0,-0.0,0.0,3.976642826625279,2.9052142551967077,0.0,0.2131669968366623,0.0,0.0,0.0,0.0,0.0,0.0,0.0,0.0,0.0,0.0,794.0,-4.599999904632568,0.0,0.7988084554672241,0.952672004699707,0.18416616320610046
23.711910247802734,146.49073791503906,4.761046409606934,0.0,0.0,0.0,0.0,0.0,-0.0,0.0,3.95471431187221,2.8832857404436383,0.0,0.19505299627780914,0.0,0.0,0.0,0.0,0.0,0.0,0.3498547077178955,0.0,0.3498547077178955,0.0,795.0,-4.599999904632568,0.3498547077178955,0.5980600118637085,0.9451504945755005,0.14648699760437012
23.725736618041992,145.8195037841797,4.204892158508301,0.0,0.0,0.0,0.0,0.0,-0.0,0.0,3.930571365356445,2.859142793927874,0.0,0.18143300712108612,0.0,0.0,0.0,0.0,0.0,0.0,0.2720663547515869,0.0,0.2720663547515869,0.0,796.0,-4.204766273498535,0.2720663547515869,0.2766086757183075,0.9752441644668579,0.1543114185333252
23.876205444335938,145.1482696533203,3.74202561378479,0.0,0.0,0.0,0.0,0.0,-0.0,0.0,3.911000061035156,2.839571489606585,0.0,0.17640900611877441,0.0,0.0,0.0,0.0,0.0,0.0,0.0,0.0,0.0,0.0,797.0,-3.741913318634033,0.0,0.28590962290763855,0.9749537110328674,0.12132865190505981
23.865270614624023,144.47703552246094,3.5619096755981445,0.0,0.0,0.0,0.0,0.0,-0.0,0.0,3.9107142312186105,2.839285659790039,0.0,0.1840440034866333,0.0,0.0,0.0,0.0,0.0,0.0,0.021436359733343124,0.0,0.021436359733343124,0.0,798.0,-3.561802864074707,0.021436359733343124,0.3493335247039795,0.9733849167823792,0.10673964023590088
23.86690902709961,143.80580139160156,3.352135419845581,0.0,0.0,0.0,0.0,0.0,-0.0,0.0,3.9137142181396483,2.842285646711077,0.209524005651474,0.0,0.0,0.023692481978912383,0.0,0.0,0.0,0.0,0.0,0.0,0.0,0.0,799.0,0.036476001143455505,0.0,0.5735064148902893,0.9635370969772339,0.10454225540161133
23.855976104736328,143.1345672607422,3.3757266998291016,0.0,0.0,0.0,0.0,0.0,-0.0,0.0,3.9890713827950615,2.91764281136649,0.30623799562454224,0.0,0.0,1.4799586679489494,0.0,0.0,0.0,0.0,0.0,0.0,0.0,0.0,800.0,1.605762004852295,0.0,0.7777463793754578,0.8886113166809082,0.21523737907409668
23.663257598876953,102.19937133789062,4.855539798736572,0.0,0.0,0.0,0.0,0.0,-0.0,0.0,4.090785653250558,3.0193570818219864,0.34728100895881653,0.0,0.0,3.6350346700519367,0.0,0.0,0.0,0.0,0.0,0.0,0.0,0.0,801.0,3.9227190017700195,0.0,0.9828382134437561,0.712997317314148,0.17840617895126343
23.590240478515625,86.09146881103516,8.490320205688477,0.0,0.0,0.0,0.0,0.18069450064449083,-0.0,0.0,4.299500002179827,3.2280714307512555,0.35456401109695435,0.0,0.0,1.4519925117492676,2.0077165142687,2.1505939960479736,0.0,0.0,0.0,0.0,0.0,2.1505939960479736,802.0,1.4519925117492676,-2.1505939960479736,0.9942282438278198,0.6101630330085754,0.9893779754638672
23.459341049194336,178.29855346679688,9.942014694213867,0.0,0.0,0.0,0.0,0.6233878077363069,-0.0,0.0,4.435499954223633,3.3640713827950615,0.35659199953079224,0.0,0.0,0.016343552619218826,6.9265306465988665,0.0,0.0,0.0,0.0,0.0,0.0,0.0,803.0,0.016343552619218826,0.0,0.9958328008651733,0.38767728209495544,0.8992208242416382
23.388887405395508,146.85818481445312,9.958059310913086,0.0,0.0,0.0,0.0,0.6022200630879424,-0.0,0.0,4.512428501674107,3.440999930245536,0.3451870083808899,0.0,0.0,0.0,6.691333502531052,0.2300293743610382,0.0,0.0,0.0,0.0,0.0,0.2300293743610382,804.0,-4.599999904632568,-0.2300293743610382,0.9868484735488892,0.255135715007782,0.8835553526878357
23.28915023803711,161.36692810058594,9.95776081085205,0.0,0.0,0.0,0.0,0.5134950883483933,-0.0,0.0,4.567928532191685,3.496499960763114,0.3568120002746582,0.0,0.0,0.0,5.705500528216362,0.23523767292499542,0.0,0.0,0.0,0.0,0.0,0.23523767292499542,805.0,-4.599999904632568,-0.23523767292499542,0.9166824221611023,0.23811420798301697,0.9779479503631592
23.28134536743164,176.46975708007812,9.957462310791016,0.0,0.0,0.0,0.0,0.5010465221441978,-0.0,0.0,4.571214348929269,3.4997857775006973,0.4588890075683594,0.0,0.0,0.0,5.567183136940002,0.026377558708190918,0.0,0.0,0.0,0.0,0.0,0.026377558708190918,806.0,-4.599999904632568,-0.026377558708190918,0.9119934439659119,0.2197461724281311,0.9848179817199707
23.274593353271484,177.56895446777344,9.95716381072998,0.0,0.0,0.0,0.0,0.37653209206716776,-0.0,0.0,4.4819286346435545,3.4105000632149833,0.4223720133304596,0.0,0.0,0.0,4.183689579367638,0.17148829996585846,0.0,0.0,0.0,0.0,0.0,0.17148829996585846,807.0,-4.599999904632568,-0.17148829996585846,0.8101364374160767,0.30592215061187744,0.9938485622406006
23.26784324645996,179.01385498046875,9.956865310668945,0.0,0.0,0.0,0.0,0.2824377743353651,-0.0,0.0,4.400999968392508,3.329571533203125,0.40814000368118286,0.0,0.0,0.0,3.1381972432136536,0.32776278257369995,0.0,0.0,0.0,0.0,0.0,0.32776278257369995,808.0,-4.599999904632568,-0.32776278257369995,0.7505210638046265,0.396385133266449,0.9969839453697205
23.261093139648438,179.5155029296875,9.95656681060791,0.0,0.0,0.0,0.0,0.2311013143143098,-0.0,0.0,4.333857073102679,3.262428501674107,0.3933579921722412,0.0,0.0,0.0,2.5677921772003174,0.0,0.0,0.0,0.0,0.0,0.0,0.0,809.0,-4.599999904632568,0.0,0.7976229190826416,0.6394711136817932,0.9902441501617432
23.254343032836914,178.84426879882812,9.956268310546875,0.0,0.0,0.0,0.0,0.08055480986275713,-0.0,0.0,4.240857206072127,3.1694286346435545,0.4322409927845001,0.0,0.0,0.0,0.8950533717870712,0.17180563509464264,0.0,0.0,0.0,0.0,0.17180563509464264,0.0,810.0,-4.599999904632568,0.17180563509464264,0.8762133121490479,0.8710843920707703,0.9847970008850098
23.35540771484375,178.17303466796875,9.95596981048584,0.0,0.0,0.0,0.0,0.0,-0.0,0.0,4.147071511404855,3.0756429399762832,0.35339999198913574,0.2074030041694641,0.0,0.0,0.0,0.0,0.0,0.0,0.7446976900100708,0.0,0.7446976900100708,0.0,811.0,-4.599999904632568,0.7446976900100708,0.9613038301467896,0.9620043039321899,0.9775665998458862
23.81000518798828,155.74061584472656,8.984169006347656,0.0,0.0,0.0,0.0,0.0,-0.0,0.0,4.076857103620257,3.005428532191685,0.0009500000160187483,0.5153540372848511,0.0,0.0,0.0,0.0,0.0,0.0,0.3306402564048767,0.0,0.0,0.3306402564048767,812.0,-4.599999904632568,-0.3306402564048767,0.9864084720611572,0.9787673950195312,0.9171625971794128
23.74054718017578,166.7440948486328,8.12066650390625,0.0,0.0,0.0,0.0,0.0,-0.0,0.0,4.03264285496303,2.9612142835344586,0.0,0.44597598910331726,0.0,0.0,0.0,0.0,0.0,0.0,0.33655330538749695,0.0,0.33655330538749695,0.0,813.0,-4.599999904632568,0.33655330538749695,0.9875882863998413,0.9867491722106934,0.8970766663551331
23.933731079101562,165.5976104736328,7.3219475746154785,0.0,0.0,0.0,0.0,0.0,-0.0,0.0,4.001642853873117,2.930214146205357,0.0,0.4291419982910156,0.0,0.0,0.0,0.0,0.0,0.0,0.028528867289423943,0.0,0.028528867289423943,0.0,814.0,-4.599999904632568,0.028528867289423943,0.9799742698669434,0.9879920482635498,0.8209501504898071
23.939945220947266,155.88819885253906,6.85473108291626,0.0,0.0,0.0,0.0,0.0,-0.0,0.0,3.9715000697544642,2.900071498325893,0.0,0.42292600870132446,0.0,0.0,0.0,0.0,0.0,0.0,0.0,0.0,0.0,0.0,815.0,-4.599999904632568,0.0,0.9916517734527588,0.9535211324691772,0.41842010617256165
23.7452392578125,155.2169647216797,6.422981262207031,0.0,0.0,0.0,0.0,0.0,-0.0,0.0,3.9565713882446287,2.8851429530552455,0.0,0.3358609974384308,0.0,0.0,0.0,0.0,0.0,0.0,0.33427318930625916,0.0,0.33427318930625916,0.0,816.0,-4.599999904632568,0.33427318930625916,0.9143842458724976,0.986740231513977,0.5327258110046387
23.933685302734375,154.5457305908203,5.738998889923096,0.0,0.0,0.0,0.0,0.0,-0.0,0.0,3.9572143009730745,2.8857857295445033,0.0,0.24664999544620514,0.0,0.0,0.0,0.0,0.0,0.0,0.03403710201382637,0.0,0.03403710201382637,0.0,817.0,-4.599999904632568,0.03403710201382637,0.6840257048606873,0.9881964921951294,0.3864685595035553
23.940967559814453,153.87449645996094,5.452420234680176,0.0,0.0,0.0,0.0,0.0,-0.0,0.0,3.9670714787074495,2.8956429072788783,0.0,0.26610198616981506,0.0,0.0,0.0,0.0,0.0,0.0,0.0,0.0,0.0,0.0,818.0,-4.599999904632568,0.0,0.6102207899093628,0.9875751733779907,0.38925686478614807
23.92804718017578,145.6780548095703,5.180732250213623,0.0,0.0,0.0,0.0,0.0,-0.0,0.0,3.9857143129621235,2.914285605294364,0.0,0.19505299627780914,0.0,0.0,0.0,0.0,0.0,0.0,0.0,0.0,0.0,0.0,819.0,-4.599999904632568,0.0,0.49340683221817017,0.9662069082260132,0.15902578830718994
23.733341217041016,145.00682067871094,4.981549263000488,0.0,0.0,0.0,0.0,0.0,-0.0,0.0,3.9997857775006977,2.928357206072126,0.0,0.18143300712108612,0.0,0.0,0.0,0.0,0.0,0.0,0.5193478465080261,0.0,0.5193478465080261,0.0,820.0,-4.599999904632568,0.5193478465080261,0.0010708868503570557,0.9885355234146118,0.7194840908050537
23.94266128540039,74.86024475097656,4.26633882522583,0.0,0.0,0.0,0.0,0.0,-0.0,0.0,4.013642937796456,2.9422143663678852,0.0,0.17640900611877441,0.0,0.0,0.0,0.0,0.0,0.0,0.04793861135840416,0.0,0.04793861135840416,0.0,821.0,-4.266211032867432,0.04793861135840416,0.0020617544651031494,0.9917232990264893,0.33976250886917114
23.958600997924805,66.76203155517578,4.037291526794434,0.0,0.0,0.0,0.0,0.0,-0.0,0.0,4.0292856488909035,2.9578570774623327,0.0,0.1840440034866333,0.0,0.0,0.0,0.0,0.0,0.0,0.0,0.0,0.0,0.0,822.0,-4.03717041015625,0.0,0.009297609329223633,0.9588161110877991,0.13313031196594238
23.76389503479004,66.09080505371094,3.8493762016296387,0.0,0.0,0.0,0.0,0.0,-0.0,0.0,4.043785721915109,2.9723572867257255,0.08644999563694,0.123074010014534,0.0,0.0,0.0,0.0,0.0,0.0,0.0,0.0,0.0,0.0,823.0,-3.8492608070373535,0.0,0.04506850242614746,0.8776621222496033,0.10355749726295471
23.38740348815918,65.4195785522461,3.7236788272857666,0.0,0.0,0.0,0.0,0.0,-0.0,0.0,4.079142924717495,3.007714353288923,0.30623799562454224,0.0,0.0,0.2259017869093327,0.0,0.0,0.0,0.0,0.0,0.0,0.0,0.0,824.0,0.258762001991272,0.0,0.430306613445282,0.2688975930213928,0.14372411370277405
22.465559005737305,64.74835205078125,3.9494621753692627,0.0,0.0,0.0,0.0,0.0,-0.0,0.0,4.098071452549526,3.0266428811209543,0.34728100895881653,0.0,0.0,0.0,0.0,0.5200690031051636,0.0,0.0,0.34595972299575806,0.0,0.8660287261009216,0.0,825.0,-3.949343681335449,0.8660287261009216,0.2949028015136719,0.724482536315918,0.2612946331501007
22.622398376464844,37.45561218261719,3.596334218978882,0.0,0.0,0.0,0.0,0.0,-0.0,0.0,4.1105713980538505,3.039142826625279,0.35456401109695435,0.0,0.0,0.11662901509302515,0.0,0.402326762676239,0.0,0.0,0.0,0.0,0.0,0.402326762676239,826.0,0.5674359798431396,-0.402326762676239,0.44539690017700195,0.6404621601104736,0.20444738864898682
22.18745231628418,52.70966339111328,3.7128520011901855,0.0,0.0,0.0,0.0,-0.01656982964554743,-0.0,0.0,4.116428593226841,3.0450000217982702,0.35659199953079224,0.0,0.0,0.0,0.0,0.8898079991340637,0.05523276329040527,0.0,0.0,0.0,0.945040762424469,0.0,827.0,0.9554080367088318,0.945040762424469,0.7196648716926575,0.7153916358947754,0.1766718029975891
22.576942443847656,52.03843307495117,3.712740659713745,0.0,0.0,0.0,0.0,0.0,-0.0,0.0,4.121571350097656,3.050142778669085,0.3451870083808899,0.0,0.0,0.9858385289851697,0.0,0.22870534658432007,0.0,0.0,0.0,0.0,0.0,0.22870534658432007,828.0,1.3178129196166992,-0.22870534658432007,0.6822511553764343,0.7237119078636169,0.2796711325645447
22.566022872924805,64.7454605102539,4.6984381675720215,0.0,0.0,0.0,0.0,0.0,-0.0,0.0,4.116357203892299,3.0449286324637277,0.3568120002746582,0.0,0.0,0.9887691013731583,0.0,0.1779898852109909,0.0,0.0,0.0,0.0,0.0,0.1779898852109909,829.0,1.2681879997253418,-0.1779898852109909,0.7382311820983887,0.7469395995140076,0.3404373526573181
22.463682174682617,74.46806335449219,5.687036991119385,0.0,0.0,0.0,0.0,0.0,-0.0,0.0,4.115071378435408,3.0436428070068358,0.4440380036830902,0.0,0.0,0.8553701197686507,0.0,0.3665352463722229,0.0,0.0,0.0,0.0,0.0,0.3665352463722229,830.0,1.3279619216918945,-0.3665352463722229,0.9041675925254822,0.7611287832260132,0.4212947487831116
22.180095672607422,87.40523529052734,6.542211055755615,0.0,0.0,0.0,0.0,0.0,-0.0,0.0,4.13178574698312,3.060357175554548,0.4155080020427704,0.0,0.0,0.0,0.0,1.49019193649292,0.0,0.0,0.10295629501342773,0.0,0.0,1.5931482315063477,831.0,-4.599999904632568,-1.5931482315063477,0.5849533081054688,0.5437851548194885,0.9457468390464783
22.16717529296875,171.31756591796875,6.436960697174072,0.0,0.0,0.0,0.0,0.10393896571310039,-0.0,0.0,4.161000061035156,3.089571489606585,0.36533498764038086,0.0,0.0,0.0,1.1548773050308228,0.6657377481460571,0.0,0.0,0.0,0.0,0.6657377481460571,0.0,832.0,-4.599999904632568,0.6657377481460571,0.6087416410446167,0.7141586542129517,0.9453949332237244
22.570777893066406,170.64633178710938,6.436767578125,0.0,0.0,0.0,0.0,0.033842164302671014,-0.0,0.0,4.17457139151437,3.103142820085798,0.3550240099430084,0.0,0.0,0.8161463141441345,0.37602401792375106,0.3370996117591858,0.0,0.0,0.0,0.0,0.3370996117591858,0.0,833.0,0.8161463141441345,0.3370996117591858,0.7252883911132812,0.7541947364807129,0.9606717824935913
22.770957946777344,169.97509765625,7.252696514129639,0.0,0.0,0.0,0.0,-0.017991919040358795,-0.0,0.0,4.167357117789132,3.095928682599749,0.4322409927845001,0.0,0.0,0.0,0.0,0.810359001159668,0.059973061084747314,0.0,0.0,0.0,0.8703320622444153,0.0,834.0,0.8757590055465698,0.8703320622444153,0.9024936556816101,0.8612297177314758,0.9605796337127686
23.306133270263672,169.30386352539062,7.252479076385498,0.0,0.0,0.0,0.0,0.0,-0.0,0.0,4.133142825535366,3.061714390345982,0.5110999941825867,0.049703001976013184,0.0,0.0,0.0,0.0,0.0,0.0,0.6445845365524292,0.0,0.6445845365524292,0.0,835.0,-4.599999904632568,0.6445845365524292,0.9858027696609497,0.9387701153755188,0.9310805797576904
23.693836212158203,158.86842346191406,6.543826103210449,0.0,0.0,0.0,0.0,0.0,-0.0,0.0,4.063499941144671,2.992071369716099,0.024700000882148743,0.8105140328407288,0.0,0.0,0.0,0.0,0.0,0.0,0.0,0.0,0.0,0.0,836.0,-4.599999904632568,0.0,0.9991735219955444,0.9117951393127441,0.7031468749046326
23.593067169189453,148.49017333984375,5.716599464416504,0.0,0.0,0.0,0.0,0.0,-0.0,0.0,4.002999932425363,2.9315713609967915,0.0,0.44597598910331726,0.0,0.0,0.0,0.0,0.0,0.0,0.0,0.0,0.0,0.0,837.0,-4.599999904632568,0.0,0.9970341920852661,0.8694796562194824,0.4216954708099365
23.308982849121094,147.81893920898438,5.261363983154297,0.0,0.0,0.0,0.0,0.0,-0.0,0.0,3.957571383884975,2.8861429486955914,0.0,0.4291419982910156,0.0,0.0,0.0,0.0,0.0,0.0,0.3498522937297821,0.0,0.3498522937297821,0.0,838.0,-4.599999904632568,0.3498522937297821,0.9890809059143066,0.8647982478141785,0.3635421693325043
23.323976516723633,137.5645294189453,4.466338157653809,0.0,0.0,0.0,0.0,0.0,-0.0,0.0,3.9203571047101704,2.8489286695207867,0.0,0.42292600870132446,0.0,0.0,0.0,0.0,0.0,0.0,0.0,0.0,0.0,0.0,839.0,-4.4662041664123535,0.0,0.9914937019348145,0.8622205257415771,0.2221461534500122
23.223194122314453,136.89329528808594,4.0346598625183105,0.0,0.0,0.0,0.0,0.0,-0.0,0.0,3.8922857012067524,2.820857129778181,0.0,0.3358609974384308,0.0,0.0,0.0,0.0,0.0,0.0,0.0,0.0,0.0,0.0,840.0,-4.034538745880127,0.0,0.9673215746879578,0.7023511528968811,0.11500927805900574
23.030494689941406,136.22206115722656,3.691833972930908,0.0,0.0,0.0,0.0,0.0,-0.0,0.0,3.867071369716099,2.795642798287528,0.0,0.24664999544620514,0.0,0.0,0.0,0.0,0.0,0.0,0.0,0.0,0.0,0.0,841.0,-3.691723346710205,0.0,0.857732892036438,0.6791943311691284,0.09645944833755493
22.8367862701416,135.5508270263672,3.440047264099121,0.0,0.0,0.0,0.0,0.0,-0.0,0.0,3.8578571047101704,2.7864286695207867,0.0,0.2131669968366623,0.0,0.0,0.0,0.0,0.0,0.0,0.786037027835846,0.0,0.786037027835846,0.0,842.0,-3.43994402885437,0.786037027835846,0.8171496987342834,0.8563442230224609,0.15586522221565247
23.281705856323242,134.8795928955078,2.4203786849975586,0.0,0.0,0.0,0.0,0.0,-0.0,0.0,3.8564286368233818,2.78500006539481,0.0,0.19505299627780914,0.0,0.0,0.0,0.0,0.0,0.0,0.12034553289413452,0.0,0.12034553289413452,0.0,843.0,-2.4203062057495117,0.12034553289413452,0.7493025064468384,0.867682933807373,0.12100446224212646
23.33839988708496,134.20835876464844,2.098480463027954,0.0,0.0,0.0,0.0,0.0,-0.0,0.0,3.8374999727521626,2.766071537562779,0.0,0.18143300712108612,0.0,0.0,0.0,0.0,0.0,0.0,0.1529577374458313,0.0,0.1529577374458313,0.0,844.0,-2.0984175205230713,0.1529577374458313,0.5639618635177612,0.8827078342437744,0.11297410726547241
23.413524627685547,133.53712463378906,1.75721275806427,0.0,0.0,0.0,0.0,0.0,-0.0,0.0,3.816571453639439,2.7451427459716795,0.0,0.17640900611877441,0.0,0.0,0.0,0.0,0.0,0.0,0.0,0.0,0.0,0.0,845.0,-1.7571600675582886,0.0,0.4313448965549469,0.7998813390731812,0.10836076736450195
23.21881866455078,132.8658905029297,1.5771563053131104,0.0,0.0,0.0,0.0,0.0,-0.0,0.0,3.7877142224993023,2.716285651070731,0.0,0.1840440034866333,0.0,0.0,0.0,0.0,0.0,0.0,0.0,0.0,0.0,0.0,846.0,-1.5771089792251587,0.0,0.3456440567970276,0.6999608278274536,0.12799131870269775
22.842327117919922,132.1946563720703,1.3893146514892578,0.0,0.0,0.0,0.0,-0.22400581683738263,-0.0,0.0,3.818071447099958,2.7466427394321986,0.209524005651474,0.0,0.0,0.0,0.0,0.027975991368293762,0.7466860264539719,0.0,0.0,0.0,0.7746620178222656,0.0,847.0,0.040475994348526,0.7746620178222656,0.4316851794719696,0.8182586431503296,0.11860808730125427
23.091278076171875,131.52342224121094,1.3892730474472046,0.0,0.0,0.0,0.0,0.0,-0.0,0.0,3.9585713795253206,2.8871429443359373,0.30623799562454224,0.0,0.0,1.5358188260490806,0.0,0.0,0.0,0.0,0.0,0.0,0.0,0.0,848.0,1.665761947631836,0.0,0.7860132455825806,0.7985230088233948,0.1050078272819519
22.89657211303711,130.85218811035156,2.925004243850708,0.0,0.0,0.0,0.0,0.0,-0.0,0.0,4.0723571232386995,3.0009285518101283,0.34728100895881653,0.0,0.0,3.752340628221873,0.0,0.0,0.0,0.0,0.0,0.0,0.0,0.0,849.0,4.0487189292907715,0.0,0.9293698668479919,0.6782787442207336,0.12337997555732727
22.61046028137207,130.1809539794922,6.677144527435303,0.0,0.0,0.0,0.0,0.22266888040610497,-0.0,0.0,4.174642780848911,3.1032142094203405,0.3953939974308014,0.0,0.0,3.254293441772461,2.474098474555259,0.0,0.0,0.0,0.0,0.0,0.0,0.0,850.0,3.254293441772461,0.0,0.9931408166885376,0.5839041471481323,0.20958369970321655
22.47865867614746,120.6269760131836,9.931139945983887,0.0,0.0,0.0,0.0,0.6510669134327336,-0.0,0.0,4.248142869131906,3.1767144339425224,0.412418007850647,0.0,0.0,0.046604592353105545,7.234076241006524,0.0,0.0,0.0,0.0,0.0,0.0,0.0,851.0,0.046604592353105545,0.0,0.9977715015411377,0.4415973722934723,0.2780349850654602
22.224937438964844,119.95574951171875,9.977445602416992,0.0,0.0,0.0,0.0,0.732613867629673,-0.0,0.0,4.298000008719308,3.2265714372907364,0.3451870083808899,0.0,0.0,0.0,8.14015343785286,0.17295977473258972,0.0,0.0,0.0,0.0,0.0,0.17295977473258972,852.0,-4.599999904632568,-0.17295977473258972,0.9967176914215088,0.3146023750305176,0.6874315142631531
22.016422271728516,129.98712158203125,9.97714614868164,0.0,0.0,0.0,0.0,0.7201145339103135,-0.0,0.0,4.33242860521589,3.2610001700265068,0.3568120002746582,0.0,0.0,0.0,8.001271963119507,0.7210657596588135,0.0,0.0,0.0,0.0,0.0,0.7210657596588135,853.0,-4.599999904632568,-0.7210657596588135,0.9931789636611938,0.24433672428131104,0.9650803804397583
21.900728225708008,174.4109344482422,9.976846694946289,0.0,0.0,0.0,0.0,0.7732185215328913,-0.0,0.0,4.35442864554269,3.2830000741141183,0.37003299593925476,0.0,0.0,0.0,8.591316223144531,0.0,0.0,0.0,0.0,0.0,0.0,0.0,854.0,-4.599999904632568,0.0,0.9894829988479614,0.1918773055076599,0.9581067562103271
21.76914405822754,173.7397003173828,9.976547241210938,0.0,0.0,0.0,0.0,0.6942455244458106,-0.0,0.0,4.361714308602469,3.29028560093471,0.3545230031013489,0.0,0.0,0.0,7.713838547468185,0.25363877415657043,0.0,0.0,0.0,0.0,0.0,0.25363877415657043,855.0,-4.599999904632568,-0.25363877415657043,0.9662666916847229,0.14184224605560303,0.998476505279541
21.760286331176758,179.7543182373047,9.976247787475586,0.0,0.0,0.0,0.0,0.5507720258452092,-0.0,0.0,4.355500030517578,3.2840714590890068,0.36533498764038086,0.0,0.0,0.0,6.11968868970871,0.6646764874458313,0.0,0.0,0.0,0.0,0.0,0.6646764874458313,856.0,-4.599999904632568,-0.6646764874458313,0.9575644731521606,0.16247409582138062,0.9998916387557983
21.750436782836914,179.9807586669922,9.975948333740234,0.0,0.0,0.0,0.0,0.4603568824415886,-0.0,0.0,4.334071513584682,3.2626429421561105,0.3550240099430084,0.0,0.0,0.0,5.115076065063477,0.0,0.0,0.0,0.0,0.0,0.0,0.0,857.0,-4.599999904632568,0.0,0.854493260383606,0.33334803581237793,0.9945535659790039
21.742095947265625,179.3095245361328,9.975648880004883,0.0,0.0,0.0,0.0,0.12811707561151728,-0.0,0.0,4.291785730634417,3.2203572954450332,0.4322409927845001,0.0,0.0,0.0,1.42352294921875,1.48158597946167,0.0,0.0,0.0,0.0,1.48158597946167,0.0,858.0,-4.599999904632568,1.48158597946167,0.9192854166030884,0.7252273559570312,0.9789570569992065
22.626121520996094,178.63829040527344,9.975349426269531,0.0,0.0,0.0,0.0,0.0,-0.0,0.0,4.211785670689174,3.1403570992606027,0.5608029961585999,0.0,0.0,0.0,0.0,0.5753969550132751,0.0,0.0,1.1030166745185852,0.0,1.6784136295318604,0.0,859.0,-4.599999904632568,1.6784136295318604,0.978874146938324,0.923069953918457,0.9679906368255615
23.615333557128906,177.96705627441406,8.849556922912598,0.0,0.0,0.0,0.0,0.0,-0.0,0.0,4.059928567068917,2.9884999956403457,0.06269999593496323,0.4536040127277374,0.0,0.0,0.0,0.0,0.0,0.0,0.552331805229187,0.0,0.552331805229187,0.0,860.0,-4.599999904632568,0.552331805229187,0.9937050342559814,0.9761821031570435,0.9296606779098511
23.880895614624023,177.2958221435547,7.82285737991333,0.0,0.0,0.0,0.0,0.0,-0.0,0.0,3.9567856924874443,2.8853571210588727,0.0,0.44597598910331726,0.0,0.0,0.0,0.0,0.0,0.0,0.09646885097026825,0.0,0.09646885097026825,0.0,861.0,-4.599999904632568,0.09646885097026825,0.9941091537475586,0.9853535890579224,0.8896130919456482
23.9267520904541,176.6245880126953,7.269124507904053,0.0,0.0,0.0,0.0,0.0,-0.0,0.0,3.9198571068899972,2.848428671700614,0.0,0.4291419982910156,0.0,0.0,0.0,0.0,0.0,0.0,0.02702273428440094,0.0,0.02702273428440094,0.0,862.0,-4.599999904632568,0.02702273428440094,0.990471363067627,0.9866527318954468,0.8258501291275024
23.93324851989746,168.42919921875,6.803446292877197,0.0,0.0,0.0,0.0,0.0,-0.0,0.0,3.8973570687430246,2.825928497314453,0.0,0.42292600870132446,0.0,0.0,0.0,0.0,0.0,0.0,0.0,0.0,0.0,0.0,863.0,-4.599999904632568,0.0,0.9951431751251221,0.9472202062606812,0.4567929804325104
23.740549087524414,167.75796508789062,6.371697902679443,0.0,0.0,0.0,0.0,0.0,-0.0,0.0,3.8877143314906526,2.8162857600620814,0.0,0.3358609974384308,0.0,0.0,0.0,0.0,0.0,0.0,0.0,0.0,0.0,0.0,864.0,-4.599999904632568,0.0,0.9886683225631714,0.8045194149017334,0.18756747245788574
23.364057540893555,167.08673095703125,6.028801918029785,0.0,0.0,0.0,0.0,0.0,-0.0,0.0,3.8826428277151925,2.8112143925258093,0.0,0.24664999544620514,0.0,0.0,0.0,0.0,0.0,0.0,0.9273009896278381,0.0,0.9273009896278381,0.0,865.0,-4.599999904632568,0.9273009896278381,0.8179277181625366,0.9786390066146851,0.4158876836299896
23.89318084716797,166.41549682617188,4.830748081207275,0.0,0.0,0.0,0.0,0.0,-0.0,0.0,3.878071457999093,2.8066427503313336,0.0,0.2131669968366623,0.0,0.0,0.0,0.0,0.0,0.0,0.0,0.0,0.0,0.0,866.0,-4.599999904632568,0.0,0.8788109421730042,0.9762932062149048,0.35467225313186646
23.881250381469727,165.7442626953125,4.613092422485352,0.0,0.0,0.0,0.0,0.0,-0.0,0.0,3.87292856488909,2.801499993460519,0.0,0.19505299627780914,0.0,0.0,0.0,0.0,0.0,0.0,0.0,0.0,0.0,0.0,867.0,-4.599999904632568,0.0,0.7217502593994141,0.97464519739151,0.2639196515083313
23.86931800842285,165.07302856445312,4.413926601409912,0.0,0.0,0.0,0.0,0.0,-0.0,0.0,3.8562143325805662,2.784785624912807,0.0,0.18143300712108612,0.0,0.0,0.0,0.0,0.0,0.0,0.02543853595852852,0.0,0.02543853595852852,0.0,868.0,-4.413794040679932,0.02543853595852852,0.5415332913398743,0.9742252826690674,0.19361048936843872
23.871110916137695,164.40179443359375,4.202707290649414,0.0,0.0,0.0,0.0,0.0,-0.0,0.0,3.825714329310826,2.7542857578822546,0.0,0.17640900611877441,0.0,0.0,0.0,0.0,0.0,0.0,0.0,0.0,0.0,0.0,869.0,-4.202581405639648,0.0,0.48767411708831787,0.9741610288619995,0.15952491760253906
23.858190536499023,163.73056030273438,4.022577285766602,0.0,0.0,0.0,0.0,0.0,-0.0,0.0,3.8067856652396066,2.7353572300502234,0.0,0.1840440034866333,0.0,0.0,0.0,0.0,0.0,0.0,0.0,0.0,0.0,0.0,870.0,-4.022456645965576,0.0,0.5985966920852661,0.9512556195259094,0.1348441243171692
23.663484573364258,163.059326171875,3.8346621990203857,0.0,0.0,0.0,0.0,-0.07861996605475596,-0.0,0.0,3.862214306422642,2.7907855987548826,0.209524005651474,0.0,0.0,0.0,0.0,0.0469760000705719,0.2620665431022644,0.0,0.0,0.0,0.3090425431728363,0.0,871.0,0.06047600507736206,0.3090425431728363,0.6546111106872559,0.9659233093261719,0.1468973159790039
23.829601287841797,162.38809204101562,3.834547281265259,0.0,0.0,0.0,0.0,0.0,-0.0,0.0,4.000999941144671,2.929571369716099,0.30623799562454224,0.0,0.0,1.4967167621090312,0.0,0.0,0.0,0.0,0.0,0.0,0.0,0.0,872.0,1.6237618923187256,0.0,0.9146791696548462,0.8123466968536377,0.15548399090766907
23.089540481567383,161.71685791015625,5.331104278564453,0.0,0.0,0.0,0.0,0.0,-0.0,0.0,4.124857166835239,3.0534285954066687,0.34728100895881653,0.0,0.0,3.4800007740453935,0.0,0.16389796137809753,0.0,0.0,0.0,0.0,0.16389796137809753,0.0,873.0,3.9287190437316895,0.16389796137809753,0.9791181683540344,0.8358065485954285,0.2014073133468628
23.179018020629883,161.04562377929688,8.810840606689453,0.0,0.0,0.0,0.0,0.4109716627976412,-0.0,0.0,4.226857130868094,3.155428423200335,0.35456401109695435,0.0,0.0,1.1331095695495605,4.566351445961665,0.0,0.0,0.0,0.0,0.0,0.0,0.0,874.0,1.1331095695495605,0.0,0.9943920373916626,0.6580908894538879,0.328210711479187
23.16609764099121,160.3743896484375,9.943652153015137,0.0,0.0,0.0,0.0,0.6520012628282563,-0.0,0.0,4.290571430751255,3.2191428593226843,0.35659199953079224,0.0,0.0,0.0185217447578907,7.244457900131716,0.0,0.0,0.0,0.0,0.0,0.0,0.0,875.0,0.0185217447578907,0.0,0.9962143898010254,0.3612789511680603,0.7330679893493652
23.15317726135254,152.17794799804688,9.961874961853027,0.0,0.0,0.0,0.0,0.6926791491253461,-0.0,0.0,4.331428473336356,3.2599999019077845,0.4477500021457672,0.0,0.0,0.0,7.696434378623962,0.45901548862457275,0.0,0.0,0.0,0.0,0.0,0.45901548862457275,876.0,0.005883653182536364,-0.45901548862457275,0.9967728853225708,0.2070554494857788,0.9519336819648743
23.141246795654297,172.30746459960938,9.961576461791992,0.0,0.0,0.0,0.0,0.770799928544949,-0.0,0.0,4.358428628104074,3.287000056675502,0.3568120002746582,0.0,0.0,0.0,8.564442969858646,0.09234490245580673,0.0,0.0,0.0,0.0,0.0,0.09234490245580673,877.0,-4.599999904632568,-0.09234490245580673,0.99201500415802,0.13767105340957642,0.9841212034225464
23.130308151245117,177.4574737548828,9.961277961730957,0.0,0.0,0.0,0.0,0.7609195347612691,-0.0,0.0,4.374428558349609,3.302999986921038,0.37003299593925476,0.0,0.0,0.0,8.454660825431347,0.03785664588212967,0.0,0.0,0.0,0.0,0.0,0.03785664588212967,878.0,-4.599999904632568,-0.03785664588212967,0.9874415397644043,0.11030319333076477,0.9949136972427368
23.11838150024414,179.18426513671875,9.960979461669922,0.0,0.0,0.0,0.0,0.670216408587803,-0.0,0.0,4.383071436200823,3.3116430010114395,0.7782509922981262,0.0,0.0,0.0,7.446848392486572,0.0,0.0,0.0,0.0,0.0,0.0,0.0,879.0,0.007550675887614489,0.0,0.9968500137329102,0.1567206084728241,0.9943210482597351
23.108430862426758,159.93824768066406,9.960680961608887,0.0,0.0,0.0,0.0,0.572314057832084,-0.0,0.0,4.379142842973981,3.3077144077845984,0.36533498764038086,0.0,0.0,0.0,6.359044581651688,0.323670357465744,0.0,0.0,0.0,0.0,0.0,0.323670357465744,880.0,-4.599999904632568,-0.323670357465744,0.9478367567062378,0.13810724020004272,0.9987567067146301
23.096023559570312,179.7991485595703,9.960382461547852,0.0,0.0,0.0,0.0,0.44137585332996265,-0.0,0.0,4.351071439470564,3.279642868041992,0.3550240099430084,0.0,0.0,0.0,4.904175758361816,0.0,0.0,0.0,0.0,0.0,0.0,0.0,881.0,-4.599999904632568,0.0,0.8733237981796265,0.27689504623413086,0.9981966018676758
23.08310317993164,169.79629516601562,9.960083961486816,0.0,0.0,0.0,0.0,0.17524830363180582,-0.0,0.0,4.293642807006836,3.2222142355782646,0.4322409927845001,0.0,0.0,0.0,1.9472032189369202,0.4021558165550232,0.0,0.0,0.0,0.0,0.0,0.4021558165550232,882.0,-4.599999904632568,-0.4021558165550232,0.9521960616111755,0.798488199710846,0.9749855995178223
22.888397216796875,175.9957733154297,9.959785461425781,0.0,0.0,0.0,0.0,-0.4029237430462729,-0.0,0.0,4.204785701206752,3.133357129778181,0.5608029961585999,0.0,0.0,0.0,0.0,0.36639702320098877,1.3430790901184082,0.0,0.0,0.0,1.709476113319397,0.0,883.0,0.026139695197343826,1.709476113319397,0.9985895156860352,0.8453097939491272,0.6878857612609863
23.226533889770508,175.3245391845703,9.959486961364746,0.0,0.0,0.0,0.0,0.0,-0.0,0.0,4.081714303152902,3.01028573172433,0.05795000120997429,0.45835402607917786,0.0,0.0,0.0,0.0,0.0,0.0,1.1485642194747925,0.0,1.1485642194747925,0.0,884.0,-4.599999904632568,1.1485642194747925,0.9511005878448486,0.9835667014122009,0.9661291837692261
23.917818069458008,155.54269409179688,8.319524765014648,0.0,0.0,0.0,0.0,0.0,-0.0,0.0,3.9812143325805662,2.909785624912807,0.0,0.44597598910331726,0.0,0.0,0.0,0.0,0.0,0.0,0.11575891822576523,0.0,0.0,0.11575891822576523,885.0,-4.599999904632568,-0.11575891822576523,0.9872770309448242,0.9870669841766357,0.8833323121070862
23.904897689819336,161.3312530517578,7.74609375,0.0,0.0,0.0,0.0,0.0,-0.0,0.0,3.9321428843906947,2.860714176722935,0.0,0.4291419982910156,0.0,0.0,0.0,0.0,0.0,0.0,0.07836773246526718,0.0,0.07836773246526718,0.0,886.0,-4.599999904632568,0.07836773246526718,0.9886012077331543,0.9880403280258179,0.8130689263343811
23.940185546875,160.66001892089844,7.228010177612305,0.0,0.0,0.0,0.0,0.0,-0.0,0.0,3.89992858341762,2.8284998757498605,0.0,0.42292600870132446,0.0,0.0,0.0,0.0,0.0,0.0,0.02061205357313156,0.0,0.02061205357313156,0.0,887.0,-4.599999904632568,0.02061205357313156,0.9661829471588135,0.9884645342826843,0.7164708971977234
23.942306518554688,149.9108123779297,6.775217056274414,0.0,0.0,0.0,0.0,0.0,-0.0,0.0,3.878857149396624,2.8074285779680523,0.0,0.3358609974384308,0.0,0.0,0.0,0.0,0.0,0.0,0.05639500916004181,0.0,0.05639500916004181,0.0,888.0,-4.599999904632568,0.05639500916004181,0.3455047607421875,0.9926466345787048,0.6379145979881287
23.963218688964844,115.46924591064453,6.374764919281006,0.0,0.0,0.0,0.0,0.0,-0.0,0.0,3.865714291163853,2.7942855834960936,0.0,0.24664999544620514,0.0,0.0,0.0,0.0,0.0,0.0,0.02523856982588768,0.0,0.02523856982588768,0.0,889.0,-4.599999904632568,0.02523856982588768,0.19971483945846558,0.9933870434761047,0.39913707971572876
23.9669189453125,114.79801940917969,6.097144603729248,0.0,0.0,0.0,0.0,0.0,-0.0,0.0,3.854285730634417,2.7828570229666574,0.0,0.2131669968366623,0.0,0.0,0.0,0.0,0.0,0.0,0.02827373519539833,0.0,0.02827373519539833,0.0,890.0,-4.599999904632568,0.02827373519539833,0.06070601940155029,0.9946688413619995,0.468084454536438
23.973329544067383,104.47698211669922,5.8506011962890625,0.0,0.0,0.0,0.0,0.0,-0.0,0.0,3.8403571810041157,2.768928473336356,0.0,0.19505299627780914,0.0,0.0,0.0,0.0,0.0,0.0,0.0,0.0,0.0,0.0,891.0,-4.599999904632568,0.0,0.07035136222839355,0.980663537979126,0.19330045580863953
23.7816162109375,99.87335968017578,5.651398181915283,0.0,0.0,0.0,0.0,0.0,-0.0,0.0,3.8310000010899135,2.759571293422154,0.0,0.18143300712108612,0.0,0.0,0.0,0.0,0.0,0.0,0.5085869431495667,0.0,0.5085869431495667,0.0,892.0,-4.599999904632568,0.5085869431495667,0.04508301615715027,0.9758367538452148,0.142713725566864
23.879169464111328,99.20213317871094,4.947147846221924,0.0,0.0,0.0,0.0,0.0,-0.0,0.0,3.8222857339041574,2.7508571624755858,0.0,0.17640900611877441,0.0,0.0,0.0,0.0,0.0,0.0,0.0,0.0,0.0,0.0,893.0,-4.599999904632568,0.0,0.05927377939224243,0.9678728580474854,0.10771334171295166
23.684463500976562,98.5309066772461,4.766995906829834,0.0,0.0,0.0,0.0,0.0,-0.0,0.0,3.8109285627092633,2.739499991280692,0.0,0.1840440034866333,0.0,0.0,0.0,0.0,0.0,0.0,0.0,0.0,0.0,0.0,894.0,-4.599999904632568,0.0,0.13911083340644836,0.9149593710899353,0.0943840742111206
23.30897331237793,97.85968017578125,4.579058647155762,0.0,0.0,0.0,0.0,0.0,-0.0,0.0,3.849142837524414,2.7777142660958427,0.209524005651474,0.0,0.0,0.0,0.0,0.05742597579956055,0.0,0.0,0.8910976648330688,0.0,0.9485236406326294,0.0,895.0,-4.578921318054199,0.9485236406326294,0.311640202999115,0.9329847693443298,0.09954071044921875
23.66490936279297,97.1884536743164,3.6696653366088867,0.0,0.0,0.0,0.0,0.0,-0.0,0.0,3.9899285997663227,2.918500028337751,0.30623799562454224,0.0,0.0,1.5246468411590968,0.0,0.0,0.0,0.0,0.0,0.0,0.0,0.0,896.0,1.6537621021270752,0.0,0.9263272285461426,0.8210220336914062,0.09101849794387817
23.65298080444336,96.51722717285156,5.194156646728516,0.0,0.0,0.0,0.0,0.0,-0.0,0.0,4.132071440560477,3.0606430053710936,0.34728100895881653,0.0,0.0,2.404369212692984,0.0,1.2814310789108276,0.0,0.0,0.0,0.0,0.0,1.2814310789108276,897.0,3.949718952178955,-1.2814310789108276,0.974583625793457,0.6958332657814026,0.7091353535652161
23.641048431396484,133.45974731445312,7.598298072814941,0.0,0.0,0.0,0.0,0.2963380678511677,-0.0,0.0,4.256714357648577,3.1852857862200055,0.35456401109695435,0.0,0.0,2.350618839263916,3.292644936670393,0.0,0.0,0.0,0.0,0.0,0.0,0.0,898.0,2.350618839263916,0.0,0.9948886632919312,0.5705811977386475,0.27160441875457764
23.629117965698242,132.78851318359375,9.94861888885498,0.0,0.0,0.0,0.0,0.6170611371247848,-0.0,0.0,4.352500043596541,3.2810714721679686,0.35659199953079224,0.0,0.0,0.0,6.856234312057495,0.2959730625152588,0.0,0.0,0.0,0.0,0.0,0.2959730625152588,899.0,0.005223710555583239,-0.2959730625152588,0.9953812956809998,0.32475611567497253,0.8171444535255432
23.61619758605957,150.74119567871094,9.948320388793945,0.0,0.0,0.0,0.0,0.6558024522306453,-0.0,0.0,4.4289999825613835,3.3575714111328123,0.4011799991130829,0.0,0.0,0.0,7.286693334579468,0.7471764087677002,0.0,0.0,0.0,0.0,0.0,0.7471764087677002,900.0,0.007619340438395739,-0.7471764087677002,0.9955909848213196,0.19121596217155457,0.9940013289451599
23.604267120361328,179.0382843017578,9.94802188873291,0.0,0.0,0.0,0.0,0.7629514537613716,-0.0,0.0,4.46778564453125,3.3963570731026786,0.3568120002746582,0.0,0.0,0.0,8.477237701416016,0.0,0.0,0.0,0.0,0.0,0.0,0.0,901.0,0.009752709418535233,0.0,0.995774507522583,0.16054582595825195,0.9060280323028564
23.409561157226562,178.36705017089844,9.947723388671875,0.0,0.0,0.0,0.0,0.7539810303037155,-0.0,0.0,4.487000002179827,3.4155714307512555,0.37003299593925476,0.0,0.0,0.0,8.37756633758545,0.0,0.0,0.0,0.0,0.0,0.0,0.0,902.0,-4.599999904632568,0.0,0.9930241703987122,0.13393616676330566,0.968531608581543
23.214855194091797,177.69581604003906,9.94742488861084,0.0,0.0,0.0,0.0,0.6970272653453577,-0.0,0.0,4.489428601946149,3.418000030517578,0.3545230031013489,0.0,0.0,0.0,7.744746777229011,0.010879424400627613,0.0,0.0,0.0,0.0,0.0,0.010879424400627613,903.0,-4.599999904632568,-0.010879424400627613,0.9850424528121948,0.13510918617248535,0.9858728647232056
23.02014923095703,177.73773193359375,9.947126388549805,0.0,0.0,0.0,0.0,0.5660009366075915,-0.0,0.0,4.4720714569091795,3.4006428854806083,0.36533498764038086,0.0,0.0,0.0,6.288898795843124,0.28741613030433655,0.0,0.0,0.0,0.0,0.0,0.28741613030433655,904.0,-4.599999904632568,-0.28741613030433655,0.9741649031639099,0.18775632977485657,0.9962339997291565
22.825443267822266,179.39552307128906,9.94682788848877,0.0,0.0,0.0,0.0,0.4416324012782077,-0.0,0.0,4.430285808018276,3.3588572365897043,0.3550240099430084,0.0,0.0,0.0,4.907026290893555,0.0,0.0,0.0,0.0,0.0,0.0,0.0,905.0,-4.599999904632568,0.0,0.9462000727653503,0.40493494272232056,0.9785689115524292
22.6307373046875,178.7242889404297,9.946529388427734,0.0,0.0,0.0,0.0,0.19817966367241954,-0.0,0.0,4.369714273725237,3.2982855660574777,0.4322409927845001,0.0,0.0,0.0,2.201996088027954,0.5473129749298096,0.0,0.0,0.0,0.0,0.5473129749298096,0.0,906.0,-4.599999904632568,0.5473129749298096,0.9486497640609741,0.7589571475982666,0.9717707633972168
22.794771194458008,170.06173706054688,9.9462308883667,0.0,0.0,0.0,0.0,-0.39566380761717923,-0.0,0.0,4.2882142203194755,3.216785648890904,0.5608029961585999,0.0,0.0,0.0,0.0,0.5658969283103943,1.3188793063163757,0.0,0.0,0.0,1.88477623462677,0.0,907.0,0.03649469092488289,1.88477623462677,0.9982695579528809,0.8534148335456848,0.6714735627174377
23.267059326171875,169.3905029296875,9.945932388305664,0.0,0.0,0.0,0.0,0.0,-0.0,0.0,4.155642863682338,3.0842142922537668,0.08264999836683273,0.4336540102958679,0.0,0.0,0.0,0.0,0.0,0.0,1.2903497219085693,0.0,1.2903497219085693,0.0,908.0,-4.599999904632568,1.2903497219085693,0.985456109046936,0.9753406643867493,0.9237018823623657
23.87668800354004,157.31997680664062,8.18649959564209,0.0,0.0,0.0,0.0,0.0,-0.0,0.0,4.058928571428572,2.9875,0.0,0.44597598910331726,0.0,0.0,0.0,0.0,0.0,0.0,0.2973206043243408,0.0,0.0,0.2973206043243408,909.0,-4.599999904632568,-0.2973206043243408,0.9688788652420044,0.9884274005889893,0.8926233053207397
23.863767623901367,162.81781005859375,7.427811145782471,0.0,0.0,0.0,0.0,0.0,-0.0,0.0,4.035500063214983,2.9640714917864117,0.0,0.4291419982910156,0.0,0.0,0.0,0.0,0.0,0.0,0.1498819887638092,0.0,0.1498819887638092,0.0,910.0,-4.599999904632568,0.1498819887638092,0.9679667949676514,0.9887144565582275,0.8269007205963135
23.943557739257812,151.08538818359375,6.836765289306641,0.0,0.0,0.0,0.0,0.0,-0.0,0.0,4.033857154846191,2.962428719656808,0.0,0.42292600870132446,0.0,0.0,0.0,0.0,0.0,0.0,0.0,0.0,0.0,0.0,911.0,-4.599999904632568,0.0,0.9721325039863586,0.9867621660232544,0.6598497629165649
23.9326229095459,150.41415405273438,6.40501594543457,0.0,0.0,0.0,0.0,0.0,-0.0,0.0,4.0297142573765345,2.958285685947963,0.0,0.3358609974384308,0.0,0.0,0.0,0.0,0.0,0.0,0.04295039549469948,0.0,0.04295039549469948,0.0,912.0,-4.599999904632568,0.04295039549469948,0.8678131699562073,0.989334225654602,0.5402406454086304
23.9466552734375,149.742919921875,6.018293380737305,0.0,0.0,0.0,0.0,0.0,-0.0,0.0,4.021714292253767,2.950285720825195,0.0,0.24664999544620514,0.0,0.0,0.0,0.0,0.0,0.0,0.03354336693882942,0.0,0.03354336693882942,0.0,913.0,-4.599999904632568,0.03354336693882942,0.50156170129776,0.9911931753158569,0.41612064838409424
23.955951690673828,149.07168579101562,5.732210159301758,0.0,0.0,0.0,0.0,0.0,-0.0,0.0,4.005928530011858,2.9344999585832867,0.0,0.2131669968366623,0.0,0.0,0.0,0.0,0.0,0.0,0.020014211535453796,0.0,0.020014211535453796,0.0,914.0,-4.599999904632568,0.020014211535453796,0.43364205956459045,0.9912123680114746,0.40141814947128296
23.95604705810547,148.40045166015625,5.494105339050293,0.0,0.0,0.0,0.0,0.0,-0.0,0.0,3.9922856739589143,2.920857238769531,0.0,0.19505299627780914,0.0,0.0,0.0,0.0,0.0,0.0,0.0,0.0,0.0,0.0,915.0,-4.599999904632568,0.0,0.24220064282417297,0.9894315600395203,0.2637714445590973
23.943126678466797,147.72921752929688,5.294912815093994,0.0,0.0,0.0,0.0,0.0,-0.0,0.0,3.9834286281040736,2.9120000566755024,0.0,0.18143300712108612,0.0,0.0,0.0,0.0,0.0,0.0,0.0,0.0,0.0,0.0,916.0,-4.599999904632568,0.0,0.15341639518737793,0.9878342151641846,0.17661070823669434
23.931194305419922,147.0579833984375,5.109623908996582,0.0,0.0,0.0,0.0,0.0,-0.0,0.0,3.9762142181396483,2.904785646711077,0.0,0.17640900611877441,0.0,0.0,0.0,0.0,0.0,0.0,0.0,0.0,0.0,0.0,917.0,-4.599999904632568,0.0,0.14989030361175537,0.9860795140266418,0.13712286949157715
23.91827392578125,146.38674926757812,4.929466724395752,0.0,0.0,0.0,0.0,0.0,-0.0,0.0,3.9607142857142854,2.8892857142857142,0.0,0.1840440034866333,0.0,0.0,0.0,0.0,0.0,0.0,0.0,0.0,0.0,0.0,918.0,-4.599999904632568,0.0,0.2372659146785736,0.9829176068305969,0.11647558212280273
23.905353546142578,145.71551513671875,4.741524696350098,0.0,0.0,0.0,0.0,0.006450839257306963,-0.0,0.0,3.977357128688267,2.905928693498884,0.209524005651474,0.0,0.0,0.0,0.07167598605155945,0.0,0.0,0.0,0.0,0.0,0.0,0.0,919.0,-4.599999904632568,0.0,0.44355541467666626,0.9749337434768677,0.12061363458633423
23.892433166503906,137.5196990966797,4.741382598876953,0.0,0.0,0.0,0.0,0.0,-0.0,0.0,4.116499982561384,3.0450714111328123,0.30623799562454224,0.0,0.0,1.3784797078440079,0.0,0.0,0.0,0.0,0.0,0.0,0.0,0.0,920.0,1.4967620372772217,0.0,0.914547324180603,0.7995498776435852,0.11861366033554077
23.152372360229492,136.8484649658203,6.119678974151611,0.0,0.0,0.0,0.0,0.0,-0.0,0.0,4.234928621564593,3.163500050136021,0.34728100895881653,0.0,0.0,3.487936674291973,0.0,0.0,0.0,0.0,0.0,0.0,0.0,0.0,921.0,3.651303291320801,0.0,0.9770952463150024,0.810655951499939,0.21409979462623596
23.13945198059082,125.7391357421875,9.607327461242676,0.0,0.0,0.0,0.0,0.47251437544775954,-0.0,0.0,4.363142776489258,3.2917142050606865,0.35456401109695435,0.0,0.0,0.31215617060661316,5.250159309952146,0.0,0.0,0.0,0.0,0.0,0.0,0.0,922.0,0.31215617060661316,0.0,0.9919453263282776,0.5714636445045471,0.42126578092575073
23.127525329589844,124.13117980957031,9.91918659210205,0.0,0.0,0.0,0.0,0.6284165275193156,-0.0,0.0,4.453500011989048,3.382071576799665,0.35659199953079224,0.0,0.0,0.05282445624470711,6.982405306414001,0.0,0.0,0.0,0.0,0.0,0.0,0.0,923.0,0.05282445624470711,0.0,0.9971981048583984,0.39013075828552246,0.34205150604248047
22.84339714050293,123.45995330810547,9.971712112426758,0.0,0.0,0.0,0.0,0.6287559073174691,-0.0,0.0,4.511428506033761,3.4399999346051895,0.3451870083808899,0.0,0.0,0.0,6.9861761927604675,0.846236526966095,0.0,0.0,0.0,0.0,0.0,0.846236526966095,924.0,-4.599999904632568,-0.846236526966095,0.9828213453292847,0.25453174114227295,0.9913675785064697
22.83147430419922,178.6168975830078,9.971413612365723,0.0,0.0,0.0,0.0,0.6983989173888266,-0.0,0.0,4.54571418762207,3.474285616193499,0.3568120002746582,0.0,0.0,0.0,7.7599873542785645,0.0,0.0,0.0,0.0,0.0,0.0,0.0,925.0,-4.599999904632568,0.0,0.9875315427780151,0.20795586705207825,0.8823898434638977
22.638282775878906,177.94566345214844,9.971115112304688,0.0,0.0,0.0,0.0,0.6406935676490092,-0.0,0.0,4.552214295523507,3.4807855878557477,0.37003299593925476,0.0,0.0,0.0,7.11881685256958,0.0,0.0,0.0,0.0,0.0,0.0,0.0,926.0,-4.599999904632568,0.0,0.9843451380729675,0.24110296368598938,0.9672513008117676
22.354196548461914,156.98057556152344,9.970816612243652,0.0,0.0,0.0,0.0,0.5952694129164519,-0.0,0.0,4.544857243129185,3.473428671700614,0.3545230031013489,0.0,0.0,0.0,6.614104062318802,0.32262298464775085,0.0,0.0,0.0,0.0,0.0,0.32262298464775085,927.0,-4.599999904632568,-0.32262298464775085,0.9566380381584167,0.17279720306396484,0.9862642288208008
22.160493850708008,177.80035400390625,9.970518112182617,0.0,0.0,0.0,0.0,0.5042591077369712,-0.0,0.0,4.50835712977818,3.436928558349609,0.36533498764038086,0.0,0.0,0.0,5.602878529578447,0.023436587303876877,0.0,0.0,0.0,0.0,0.0,0.023436587303876877,928.0,-4.599999904632568,-0.023436587303876877,0.8570156097412109,0.2463831603527069,0.991723895072937
22.05885124206543,178.6739044189453,9.970219612121582,0.0,0.0,0.0,0.0,0.30054741804181734,-0.0,0.0,4.446214348929269,3.3747857775006973,0.3550240099430084,0.0,0.0,0.0,3.339415490627289,0.16731029748916626,0.0,0.0,0.0,0.0,0.0,0.16731029748916626,929.0,-4.599999904632568,-0.16731029748916626,0.5618164539337158,0.44410818815231323,0.9971455931663513
22.049150466918945,179.54136657714844,9.969921112060547,0.0,0.0,0.0,0.0,0.017821681723728233,-0.0,0.0,4.365928595406668,3.294500023978097,0.4322409927845001,0.0,0.0,0.0,0.19801867008209229,1.3970404863357544,0.0,0.0,0.0,0.0,1.3970404863357544,0.0,930.0,-4.599999904632568,1.3970404863357544,0.7426172494888306,0.7910453677177429,0.9885262846946716
22.955211639404297,178.87013244628906,9.969622611999512,0.0,0.0,0.0,0.0,0.0,-0.0,0.0,4.272499983651297,3.201071275983538,0.5608029961585999,0.0,0.0,0.0,0.0,0.17354696989059448,0.0,0.0,1.0044122338294983,0.0,1.1779592037200928,0.0,931.0,-4.599999904632568,1.1779592037200928,0.9577032923698425,0.9402619004249573,0.9773005247116089
23.7012939453125,178.1988983154297,8.944443702697754,0.0,0.0,0.0,0.0,0.0,-0.0,0.0,4.179928588867187,3.108500017438616,0.04085000231862068,0.4754540026187897,0.0,0.0,0.0,0.0,0.0,0.0,0.33589059114456177,0.0,0.33589059114456177,0.0,932.0,-4.599999904632568,0.33589059114456177,0.9768766164779663,0.980616569519043,0.9548665285110474
23.90306854248047,168.2938690185547,8.116297721862793,0.0,0.0,0.0,0.0,0.0,-0.0,0.0,4.117428588867187,3.046000017438616,0.0,0.44597598910331726,0.0,0.0,0.0,0.0,0.0,0.0,0.07016085088253021,0.0,0.07016085088253021,0.0,933.0,-4.599999904632568,0.07016085088253021,0.9847186803817749,0.9877195358276367,0.9033609628677368
23.938583374023438,167.6226348876953,7.589399814605713,0.0,0.0,0.0,0.0,0.0,-0.0,0.0,4.068928527832031,2.99749995640346,0.0,0.4291419982910156,0.0,0.0,0.0,0.0,0.0,0.0,0.030887749046087265,0.0,0.030887749046087265,0.0,934.0,-4.599999904632568,0.030887749046087265,0.9735128879547119,0.9895158410072327,0.8433509469032288
23.94756317138672,158.60086059570312,7.119768142700195,0.0,0.0,0.0,0.0,0.0,-0.0,0.0,4.026428576878139,2.9549998692103796,0.0,0.42292600870132446,0.0,0.0,0.0,0.0,0.0,0.0,0.0,0.0,0.0,0.0,935.0,-4.599999904632568,0.0,0.9758827686309814,0.9876442551612854,0.6975235342979431
23.937183380126953,157.92962646484375,6.6880106925964355,0.0,0.0,0.0,0.0,0.0,-0.0,0.0,3.998857171194894,2.9274285997663227,0.0,0.3358609974384308,0.0,0.0,0.0,0.0,0.0,0.0,0.047224920243024826,0.0,0.047224920243024826,0.0,936.0,-4.599999904632568,0.047224920243024826,0.8003824353218079,0.9911279678344727,0.610306978225708
23.955623626708984,149.4412384033203,6.296917915344238,0.0,0.0,0.0,0.0,0.0,-0.0,0.0,3.9925713675362724,2.921142796107701,0.0,0.24664999544620514,0.0,0.0,0.0,0.0,0.0,0.0,0.0,0.0,0.0,0.0,937.0,-4.599999904632568,0.0,0.7670125961303711,0.97435462474823,0.25665730237960815
23.76192283630371,148.77000427246094,6.045053005218506,0.0,0.0,0.0,0.0,0.0,-0.0,0.0,3.999214254106794,2.927785818917411,0.0,0.2131669968366623,0.0,0.0,0.0,0.0,0.0,0.0,0.34237736463546753,0.0,0.34237736463546753,0.0,938.0,-4.599999904632568,0.34237736463546753,0.37707260251045227,0.9912818670272827,0.4210919141769409
23.95639419555664,148.09877014160156,5.478006839752197,0.0,0.0,0.0,0.0,0.0,-0.0,0.0,3.9959285736083983,2.924500002179827,0.0,0.19505299627780914,0.0,0.0,0.0,0.0,0.0,0.0,0.0,0.0,0.0,0.0,939.0,-4.599999904632568,0.0,0.4771219789981842,0.9709873199462891,0.17306363582611084
23.7626895904541,147.4275360107422,5.278814792633057,0.0,0.0,0.0,0.0,0.0,-0.0,0.0,3.9678571701049803,2.896428462437221,0.0,0.18143300712108612,0.0,0.0,0.0,0.0,0.0,0.0,0.0,0.0,0.0,0.0,940.0,-4.599999904632568,0.0,0.515407145023346,0.9096629023551941,0.10339793562889099
23.38719940185547,146.7563018798828,5.093526363372803,0.0,0.0,0.0,0.0,0.0,-0.0,0.0,3.9362857818603514,2.86485721043178,0.0,0.17640900611877441,0.0,0.0,0.0,0.0,0.0,0.0,0.796634316444397,0.0,0.796634316444397,0.0,941.0,-4.599999904632568,0.796634316444397,0.3842320442199707,0.8962180018424988,0.11099299788475037
23.481075286865234,146.08506774902344,4.100502014160156,0.0,0.0,0.0,0.0,0.0,-0.0,0.0,3.9100714547293527,2.838642883300781,0.0,0.1840440034866333,0.0,0.0,0.0,0.0,0.0,0.0,0.9127730131149292,0.0,0.9127730131149292,0.0,942.0,-4.10037899017334,0.9127730131149292,0.10350972414016724,0.9643470048904419,0.18232595920562744
23.821720123291016,116.19612884521484,2.9812116622924805,0.0,0.0,0.0,0.0,0.0,-0.0,0.0,3.950285720825195,2.878857149396624,0.209524005651474,0.0,0.0,0.08979347046138741,0.0,0.0,0.0,0.0,0.0,0.0,0.0,0.0,943.0,0.10747599601745605,0.0,0.36432433128356934,0.9262937307357788,0.10525566339492798
23.628028869628906,109.14959716796875,3.070913076400757,0.0,0.0,0.0,0.0,0.0,-0.0,0.0,4.05228568485805,2.980857249668666,0.30623799562454224,0.0,0.0,1.575851752434005,0.0,0.0,0.0,0.0,0.0,0.0,0.0,0.0,944.0,1.7087621688842773,0.0,0.9165126085281372,0.8257553577423096,0.08859816193580627
23.615108489990234,108.4783706665039,4.646625518798828,0.0,0.0,0.0,0.0,0.0,-0.0,0.0,4.129928534371512,3.058499962942941,0.34728100895881653,0.0,0.0,3.746754518951775,0.0,0.0,0.0,0.0,0.0,0.0,0.0,0.0,945.0,4.042718887329102,0.0,0.9843655824661255,0.7030937075614929,0.1077597439289093
23.513294219970703,107.80714416503906,8.393128395080566,0.0,0.0,0.0,0.0,0.3707439246144737,-0.0,0.0,4.1827857971191404,3.1113572256905693,0.35456401109695435,0.0,0.0,1.5730071067810059,4.1193766127821725,0.0,0.0,0.0,0.0,0.0,0.0,0.0,946.0,1.5730071067810059,0.0,0.9966105818748474,0.5234620571136475,0.5373104214668274
23.502891540527344,94.19869232177734,9.965836524963379,0.0,0.0,0.0,0.0,0.50756054620429,-0.0,0.0,4.2109999792916435,3.13957154410226,0.35659199953079224,0.0,0.0,0.0,5.639561176300049,1.184896469116211,0.0,0.0,0.0,0.0,0.0,1.184896469116211,947.0,-4.599999904632568,-1.184896469116211,0.9957125186920166,0.39619991183280945,0.9054549932479858
23.493003845214844,164.8708953857422,9.965538024902344,0.0,0.0,0.0,0.0,0.6368943148370009,-0.0,0.0,4.217499950953892,3.146071515764509,0.44169700145721436,0.0,0.0,0.0,7.076602935791016,0.0,0.0,0.0,0.0,0.0,0.0,0.0,948.0,-4.599999904632568,0.0,0.9964651465415955,0.29595786333084106,0.8358508348464966
23.481096267700195,156.67506408691406,9.965239524841309,0.0,0.0,0.0,0.0,0.6281046695991065,-0.0,0.0,4.2158571788242885,3.144428471156529,0.3568120002746582,0.0,0.0,0.0,6.9789402186870575,0.29369762539863586,0.0,0.0,0.0,0.0,0.0,0.29369762539863586,949.0,-4.599999904632568,-0.29369762539863586,0.9900233745574951,0.19731080532073975,0.960730254650116
23.47019386291504,173.7149200439453,9.964941024780273,0.0,0.0,0.0,0.0,0.5920440858240168,-0.0,0.0,4.208928598676409,3.1374998910086496,0.37003299593925476,0.0,0.0,0.0,6.5782670974731445,0.0,0.0,0.0,0.0,0.0,0.0,0.0,950.0,-4.599999904632568,0.0,0.9909853935241699,0.28334546089172363,0.8528124094009399
23.278526306152344,173.04368591308594,9.964642524719238,0.0,0.0,0.0,0.0,0.578345681198092,-0.0,0.0,4.205428613935198,3.1339999062674386,0.3545230031013489,0.0,0.0,0.0,6.426062613725662,0.10596415400505066,0.0,0.0,0.0,0.0,0.0,0.10596415400505066,951.0,-4.599999904632568,-0.10596415400505066,0.9659043550491333,0.17411601543426514,0.9921451807022095
23.26864242553711,178.74130249023438,9.964344024658203,0.0,0.0,0.0,0.0,0.572377744375633,-0.0,0.0,4.200500025068011,3.129071317400251,0.36533498764038086,0.0,0.0,0.0,6.359752209857106,0.019912688061594963,0.0,0.0,0.0,0.0,0.0,0.019912688061594963,952.0,-4.599999904632568,-0.019912688061594963,0.9650422930717468,0.18233418464660645,0.9954183101654053
23.26030158996582,179.2650146484375,9.964045524597168,0.0,0.0,0.0,0.0,0.3532970804609505,-0.0,0.0,4.191928536551339,3.1204999651227676,0.3550240099430084,0.0,0.0,0.0,3.925522804260254,1.0138030052185059,0.0,0.0,0.0,0.0,0.0,1.0138030052185059,953.0,-4.599999904632568,-1.0138030052185059,0.9636929631233215,0.30844730138778687,0.9999078512191772
23.252492904663086,179.9833526611328,9.963747024536133,0.0,0.0,0.0,0.0,0.2597498408754528,-0.0,0.0,4.168142809186663,3.0967142377580914,0.4322409927845001,0.0,0.0,0.0,2.8861091136932373,0.0,0.0,0.0,0.0,0.0,0.0,0.0,954.0,-4.599999904632568,0.0,0.9463053345680237,0.6585022807121277,0.9995952844619751
23.24538803100586,111.39527130126953,9.963448524475098,0.0,0.0,0.0,0.0,0.0,-0.0,0.0,4.116285678318569,3.044857243129185,0.5608029961585999,0.0,0.0,0.0,0.0,0.6551969647407532,0.0,0.0,0.4131842255592346,0.0,0.0,1.0683811902999878,955.0,-4.599999904632568,-1.0683811902999878,0.9655666947364807,0.9063212275505066,0.9569580554962158
23.235525131225586,173.11135864257812,9.541545867919922,0.0,0.0,0.0,0.0,0.0,-0.0,0.0,4.019428607395717,2.9479998997279577,0.09404999762773514,0.4222540259361267,0.0,0.0,0.0,0.0,0.0,0.0,1.1168205738067627,0.0,1.1168205738067627,0.0,956.0,-4.599999904632568,1.1168205738067627,0.9867660403251648,0.9802160859107971,0.9539912343025208
23.901065826416016,172.44012451171875,7.970822811126709,0.0,0.0,0.0,0.0,0.0,-0.0,0.0,3.929071371895926,2.857642800467355,0.0,0.44597598910331726,0.0,0.0,0.0,0.0,0.0,0.0,0.06339708715677261,0.0,0.06339708715677261,0.0,957.0,-4.599999904632568,0.06339708715677261,0.9937424659729004,0.9856821298599243,0.8871235847473145
23.928394317626953,171.76889038085938,7.450830936431885,0.0,0.0,0.0,0.0,0.0,-0.0,0.0,3.903428568158831,2.8319998604910714,0.0,0.4291419982910156,0.0,0.0,0.0,0.0,0.0,0.0,0.02427724562585354,0.0,0.02427724562585354,0.0,958.0,-4.599999904632568,0.02427724562585354,0.9933019876480103,0.9866508841514587,0.810198187828064
23.933238983154297,171.09765625,6.987948894500732,0.0,0.0,0.0,0.0,0.0,-0.0,0.0,3.891571399143764,2.8201429639543805,0.0,0.42292600870132446,0.0,0.0,0.0,0.0,0.0,0.0,0.0,0.0,0.0,0.0,959.0,-4.599999904632568,0.0,0.4447133243083954,0.9851087331771851,0.781234860420227
23.924402236938477,100.20124053955078,6.556195259094238,0.0,0.0,0.0,0.0,0.0,-0.0,0.0,3.888714327130999,2.8172857557024273,0.0,0.3358609974384308,0.0,0.0,0.0,0.0,0.0,0.0,1.4004439115524292,0.0,0.0,1.4004439115524292,960.0,-4.599999904632568,-1.4004439115524292,0.04458150267601013,0.9944859147071838,0.7707180976867676
23.91299819946289,143.31297302246094,4.7843122482299805,0.0,0.0,0.0,0.0,0.0,-0.0,0.0,3.88950001852853,2.8180713108607702,0.0,0.24664999544620514,0.0,0.0,0.0,0.0,0.0,0.0,0.0,0.0,0.0,0.0,961.0,-4.599999904632568,0.0,0.6354637145996094,0.973767876625061,0.24600577354431152
23.81120491027832,132.31712341308594,4.532492637634277,0.0,0.0,0.0,0.0,0.0,-0.0,0.0,4.074428503853934,3.0029999324253627,0.0,0.21376900374889374,0.0,0.0,0.0,0.0,0.0,0.0,0.19915460050106049,0.0,0.19915460050106049,0.0,962.0,-4.5323567390441895,0.19915460050106049,0.323383092880249,0.9849190711975098,0.2834694981575012
23.924579620361328,131.64588928222656,4.111018657684326,0.0,0.0,0.0,0.0,0.0,-0.0,0.0,4.0676428386143275,2.9962144034249443,0.0,0.1956239938735962,0.0,0.0,0.0,0.0,0.0,0.0,0.0,0.0,0.0,0.0,963.0,-4.11089563369751,0.0,0.1678783893585205,0.9832127094268799,0.19165295362472534
23.913679122924805,130.9746551513672,3.911285161972046,0.0,0.0,0.0,0.0,0.0,-0.0,0.0,4.051142774309431,2.979714202880859,0.0,0.1819709986448288,0.0,0.0,0.0,0.0,0.0,0.0,0.0,0.0,0.0,0.0,964.0,-3.911167860031128,0.0,0.10119587182998657,0.9816266298294067,0.14667657017707825
23.902772903442383,130.3034210205078,3.7254886627197266,0.0,0.0,0.0,0.0,0.0,-0.0,0.0,4.01992860521589,2.9484998975481305,0.0,0.17693200707435608,0.0,0.0,0.0,0.0,0.0,0.0,0.0,0.0,0.0,0.0,965.0,-3.725377082824707,0.0,0.19067174196243286,0.9555945992469788,0.1014682948589325
23.710073471069336,129.63218688964844,3.54483962059021,0.0,0.0,0.0,0.0,0.0,-0.0,0.0,4.010857118879046,2.939428547450474,0.0,0.18440499901771545,0.0,0.0,0.0,0.0,0.0,0.0,0.276271790266037,0.0,0.276271790266037,0.0,966.0,-3.5447332859039307,0.276271790266037,0.17882806062698364,0.9730765223503113,0.10162520408630371
23.865367889404297,128.96095275878906,3.074669122695923,0.0,0.0,0.0,0.0,0.0,-0.0,0.0,4.078500011989048,3.007071576799665,0.20914900302886963,0.0,0.0,0.32011796382238344,0.0,0.0,0.0,0.0,0.0,0.0,0.0,0.0,967.0,0.35485100746154785,0.0,0.41616570949554443,0.9543462991714478,0.10815846920013428
23.85344886779785,118.52459716796875,3.3946852684020996,0.0,0.0,0.0,0.0,0.0,-0.0,0.0,4.176357214791434,3.1049286433628627,0.3046970069408417,0.0,0.0,1.587602956199703,0.0,0.0,0.0,0.0,0.0,0.0,0.0,0.0,968.0,1.7213029861450195,0.0,0.7306919097900391,0.8631792068481445,0.35282331705093384
23.843015670776367,73.71540832519531,4.982138633728027,0.0,0.0,0.0,0.0,0.0,-0.0,0.0,4.332642909458706,3.261214338030134,0.5739210247993469,0.0,0.0,0.7973965370878204,0.0,2.457058906555176,0.0,0.0,0.0,0.0,0.0,2.457058906555176,969.0,3.473078966140747,-2.457058906555176,0.9644462466239929,0.695543646812439,0.973015308380127
23.78923988342285,175.68052673339844,5.779361724853516,0.0,0.0,0.0,0.0,0.06703265924615238,-0.0,0.0,4.457928603036063,3.3864998953683036,0.3511449992656708,0.0,0.0,4.068810939788818,0.7448072657652842,0.0,0.0,0.0,0.0,0.0,0.0,0.0,970.0,4.068810939788818,0.0,0.9848142266273499,0.7765752077102661,0.2729586660861969
23.70701789855957,165.81134033203125,9.847877502441406,0.0,0.0,0.0,0.0,0.5174922177463144,-0.0,0.0,4.560642869131906,3.4892144339425224,0.41851499676704407,0.0,0.0,0.05019708350300789,5.74991307355256,0.0,0.0,0.0,0.0,0.0,0.0,0.0,971.0,0.05019708350300789,0.0,0.9898045063018799,0.4718835949897766,0.7597244381904602
23.662860870361328,150.30601501464844,9.897777557373047,0.0,0.0,0.0,0.0,0.6079003197272844,-0.0,0.0,4.645142909458706,3.573714338030134,0.387798011302948,0.0,0.0,0.0,6.7544474601745605,0.3931546211242676,0.0,0.0,0.0,0.0,0.0,0.3931546211242676,972.0,-4.599999904632568,-0.3931546211242676,0.9791390299797058,0.20579034090042114,0.9786388874053955
23.655895233154297,176.58029174804688,9.897480964660645,0.0,0.0,0.0,0.0,0.7353135789434938,-0.0,0.0,4.713214274815151,3.6417857033865793,0.35224100947380066,0.0,0.0,0.0,8.170150227844715,0.052309565246105194,0.0,0.0,0.0,0.0,0.0,0.052309565246105194,973.0,-4.599999904632568,-0.052309565246105194,0.9686738848686218,0.10931169986724854,0.9972774982452393
23.649145126342773,179.56246948242188,9.897184371948242,0.0,0.0,0.0,0.0,0.7350537477196964,-0.0,0.0,4.767000007629394,3.695571436200823,0.36559998989105225,0.0,0.0,0.0,8.167263214476407,0.014286811463534832,0.0,0.0,0.0,0.0,0.0,0.014286811463534832,974.0,-4.599999904632568,-0.014286811463534832,0.9452320337295532,0.08444920182228088,0.9994106888771057
23.64239501953125,179.90379333496094,9.89688777923584,0.0,0.0,0.0,0.0,0.6818245305981082,-0.0,0.0,4.807499967302594,3.7360713958740233,0.3816930055618286,0.0,0.0,0.0,7.575827515684068,0.010129534639418125,0.0,0.0,0.0,0.0,0.0,0.010129534639418125,975.0,-4.599999904632568,-0.010129534639418125,0.8904275298118591,0.08188295364379883,0.9997516870498657
23.635644912719727,179.95834350585938,9.896591186523438,0.0,0.0,0.0,0.0,0.5864533747397533,-0.0,0.0,4.833142907278878,3.7617143358503067,0.36090201139450073,0.0,0.0,0.0,6.516148090362549,0.0,0.0,0.0,0.0,0.0,0.0,0.0,976.0,-4.599999904632568,-0.009448373690247536,0.7330300211906433,0.09981688857078552,0.9998165965080261
23.628894805908203,179.287109375,9.896294593811035,0.0,0.0,0.0,0.0,0.37941150402319285,-0.0,0.0,4.8482857567923405,3.7768571853637694,0.35043901205062866,0.0,0.0,0.0,4.215683043003082,0.745327889919281,0.0,0.0,0.0,0.0,0.0,0.745327889919281,977.0,-4.599999904632568,-0.745327889919281,0.6917002201080322,0.2080581784248352,0.9999955892562866
23.62214469909668,179.9973907470703,9.895998001098633,0.0,0.0,0.0,0.0,0.2657444712117875,-0.0,0.0,4.847000067574637,3.775571496146066,0.42738398909568787,0.0,0.0,0.0,2.952716112136841,0.0,0.0,0.0,0.0,0.0,0.0,0.0,978.0,-4.599999904632568,0.0,0.44882574677467346,0.47417742013931274,0.9995850324630737
23.615394592285156,157.66648864746094,9.89570140838623,0.0,0.0,0.0,0.0,0.03724399594418158,-0.0,0.0,4.80999995640346,3.7385713849748883,0.5543270111083984,0.0,0.0,0.0,0.41382214426994324,0.42265084385871887,0.0,0.0,0.0,0.0,0.0,0.42265084385871887,979.0,-4.599999904632568,-0.42265084385871887,0.7473354339599609,0.8672769665718079,0.9919472336769104
23.608644485473633,178.7096405029297,9.895404815673828,0.0,0.0,0.0,0.0,0.0,-0.0,0.0,4.6767142977033345,3.605285726274763,0.3106499910354614,0.1943420171737671,0.0,0.0,0.0,0.0,0.0,0.0,0.4049902558326721,0.0,0.4049902558326721,0.0,980.0,-4.599999904632568,0.4049902558326721,0.698618471622467,0.977202832698822,0.9848049283027649
23.885997772216797,165.61068725585938,9.283562660217285,0.0,0.0,0.0,0.0,0.0,-0.0,0.0,4.553142765590122,3.4817141941615515,0.0,0.4278999865055084,0.0,0.0,0.0,0.0,0.0,0.0,0.13357575237751007,0.0,0.0,0.13357575237751007,981.0,-4.599999904632568,-0.13357575237751007,0.6990013122558594,0.9919030070304871,0.9616283178329468
23.879247665405273,173.85861206054688,8.710367202758789,0.0,0.0,0.0,0.0,0.0,-0.0,0.0,4.524285670689174,3.4528570992606027,0.0,0.4082370102405548,0.0,0.0,0.0,0.0,0.0,0.0,0.14916367828845978,0.0,0.14916367828845978,0.0,982.0,-4.599999904632568,0.14916367828845978,0.7701306939125061,0.9947482943534851,0.922917366027832
23.973726272583008,173.1873779296875,8.14134693145752,0.0,0.0,0.0,0.0,0.0,-0.0,0.0,4.509571429661342,3.4381427219935827,0.0,0.4089680016040802,0.0,0.0,0.0,0.0,0.0,0.0,0.0,0.0,0.0,0.0,983.0,-4.599999904632568,0.0,0.7670128345489502,0.994720458984375,0.8459047079086304
23.966976165771484,172.51614379882812,7.723801136016846,0.0,0.0,0.0,0.0,0.0,-0.0,0.0,4.498357173374721,3.4269286019461496,0.0,0.43571901321411133,0.0,0.0,0.0,0.0,0.0,0.0,0.013851220719516277,0.0,0.013851220719516277,0.0,984.0,-4.599999904632568,0.013851220719516277,0.5961512923240662,0.9939175844192505,0.749167263507843
23.969572067260742,163.89739990234375,7.264838218688965,0.0,0.0,0.0,0.0,0.0,-0.0,0.0,4.466714259556362,3.39528568812779,0.0,0.2956709861755371,0.0,0.0,0.0,0.0,0.0,0.0,0.026082230731844902,0.0,0.026082230731844902,0.0,985.0,-4.599999904632568,0.026082230731844902,0.08880692720413208,0.996062695980072,0.6483215689659119
23.980297088623047,154.09608459472656,6.936310768127441,0.0,0.0,0.0,0.0,0.0,-0.0,0.0,4.406642859322684,3.3352142878941127,0.0,0.21376900374889374,0.0,0.0,0.0,0.0,0.0,0.0,0.0,0.0,0.0,0.0,986.0,-4.599999904632568,0.0,0.10948807001113892,0.9942531585693359,0.5029488801956177
23.88214111328125,153.4248504638672,6.717977523803711,0.0,0.0,0.0,0.0,0.0,-0.0,0.0,4.339142881120955,3.2677143096923826,0.0,0.1956239938735962,0.0,0.0,0.0,0.0,0.0,0.0,0.15549786388874054,0.0,0.15549786388874054,0.0,987.0,-4.599999904632568,0.15549786388874054,0.03597688674926758,0.9952152371406555,0.4093225598335266
23.97606086730957,152.7536163330078,6.359499454498291,0.0,0.0,0.0,0.0,0.0,-0.0,0.0,4.2625714165823805,3.1911427089146205,0.0,0.1819709986448288,0.0,0.0,0.0,0.0,0.0,0.0,0.0,0.0,0.0,0.0,988.0,-4.599999904632568,0.0,0.03733140230178833,0.993480384349823,0.24431383609771729
23.966190338134766,152.08238220214844,6.1736297607421875,0.0,0.0,0.0,0.0,0.0,-0.0,0.0,4.206214305332729,3.1347857339041574,0.0,0.17693200707435608,0.0,0.0,0.0,0.0,0.0,0.0,0.0,0.0,0.0,0.0,989.0,-4.599999904632568,0.0,0.05640912055969238,0.9916036128997803,0.16812819242477417
23.95630645751953,151.41114807128906,5.9929070472717285,0.0,0.0,0.0,0.0,0.0,-0.0,0.0,4.188999938964844,3.1175713675362724,0.0019000000320374966,0.18250499665737152,0.0,0.0,0.0,0.0,0.0,0.0,0.0,0.0,0.0,0.0,990.0,-4.599999904632568,0.0,0.17988234758377075,0.979013204574585,0.12046673893928528
23.76361846923828,150.7399139404297,5.8065032958984375,0.0,0.0,0.0,0.0,0.005508182188525348,-0.0,0.0,4.267500005449568,3.196071297781808,0.20914900302886963,0.0,0.0,0.0,0.061202019453048706,0.21699899435043335,0.0,0.0,0.0,0.0,0.21699899435043335,0.0,991.0,-4.599999904632568,0.21699899435043335,0.40409648418426514,0.9785274267196655,0.1414790153503418
23.892621994018555,150.0686798095703,5.806329250335693,0.0,0.0,0.0,0.0,0.0,-0.0,0.0,4.372642871311733,3.3012141636439734,0.3046970069408417,0.0,0.0,1.7803199876146891,0.0,0.0,0.0,0.0,0.0,0.0,0.0,0.0,992.0,1.9283030033111572,0.0,0.9482843279838562,0.9049081206321716,0.13579896092414856
23.72936248779297,149.39744567871094,7.586421966552734,0.0,0.0,0.0,0.0,0.13993032435469965,-0.0,0.0,4.494142886570522,3.4227144513811383,0.34531301259994507,0.0,0.0,2.268754482269287,1.5547812581559697,0.0,0.0,0.0,0.0,0.0,0.0,0.0,993.0,2.268754482269287,0.0,0.9855146408081055,0.8295958042144775,0.20820626616477966
23.638723373413086,148.72621154785156,9.854881286621094,0.0,0.0,0.0,0.0,0.5104851249897928,-0.0,0.0,4.605428641183035,3.5340000697544642,0.3511449992656708,0.0,0.0,0.03052564337849617,5.672056493556473,0.0,0.0,0.0,0.0,0.0,0.0,0.0,994.0,0.03052564337849617,0.0,0.9885376691818237,0.5693818926811218,0.4714544117450714
23.594358444213867,148.0549774169922,9.885110855102539,0.0,0.0,0.0,0.0,0.591567618176745,-0.0,0.0,4.685142871311733,3.6137142998831613,0.3517889976501465,0.0,0.0,0.0,6.572973012924194,0.5118381977081299,0.0,0.0,0.0,0.0,0.0,0.5118381977081299,995.0,-4.599999904632568,-0.5118381977081299,0.98567795753479,0.2836785316467285,0.9679846167564392
23.587398529052734,174.8756103515625,9.884814262390137,0.0,0.0,0.0,0.0,0.7130752923796773,-0.0,0.0,4.735142857687814,3.6637142181396483,0.34043800830841064,0.0,0.0,0.0,7.923058174550533,0.04995379596948624,0.0,0.0,0.0,0.0,0.0,0.04995379596948624,996.0,-4.599999904632568,-0.04995379596948624,0.976113498210907,0.16230368614196777,0.9857261180877686
23.58064842224121,177.71426391601562,9.884517669677734,0.0,0.0,0.0,0.0,0.7475211509954816,-0.0,0.0,4.772428594316755,3.7010000228881834,0.35224100947380066,0.0,0.0,0.0,8.305789906531572,0.03731922432780266,0.0,0.0,0.0,0.0,0.0,0.03731922432780266,997.0,-4.599999904632568,-0.03731922432780266,0.9628833532333374,0.10515022277832031,0.9980862140655518
23.573898315429688,179.69186401367188,9.884221076965332,0.0,0.0,0.0,0.0,0.721571243083175,-0.0,0.0,4.787142835344587,3.7157142639160154,0.4049319922924042,0.0,0.0,0.0,8.017457619309425,0.16751037538051605,0.0,0.0,0.0,0.0,0.0,0.16751037538051605,998.0,-4.599999904632568,-0.16751037538051605,0.9583168029785156,0.0822577178478241,0.9997706413269043
23.567148208618164,179.9613800048828,9.88392448425293,0.0,0.0,0.0,0.0,0.6877338484922594,-0.0,0.0,4.786999988555908,3.715571485246931,0.3500570058822632,0.0,0.0,0.0,7.641486598178744,0.022656487300992012,0.0,0.0,0.0,0.0,0.0,0.022656487300992012,999.0,-4.599999904632568,-0.022656487300992012,0.8797363042831421,0.08240622282028198,0.9997979402542114
23.56039810180664,179.9657440185547,9.883627891540527,0.0,0.0,0.0,0.0,0.5878498830675958,-0.0,0.0,4.775714274815151,3.7042857033865793,0.39478498697280884,0.0,0.0,0.0,6.531664848327637,0.0,0.0,0.0,0.0,0.0,0.0,0.0,1000.0,-4.599999904632568,0.0,0.8185101747512817,0.10429885983467102,0.999691903591156
23.553647994995117,179.2945098876953,9.883331298828125,0.0,0.0,0.0,0.0,0.44355635984813835,-0.0,0.0,4.744785731179373,3.673357227870396,0.35043901205062866,0.0,0.0,0.0,4.928403606638312,0.018357524648308754,0.0,0.0,0.0,0.0,0.0,0.018357524648308754,1001.0,-4.599999904632568,-0.018357524648308754,0.6081727743148804,0.1967739760875702,0.9994902610778809
23.546897888183594,179.91651916503906,9.883034706115723,0.0,0.0,0.0,0.0,0.24915747476875463,-0.0,0.0,4.69099999836513,3.6195713588169642,0.42738398909568787,0.0,0.0,0.0,2.768416166305542,0.0,0.0,0.0,0.0,0.0,0.0,0.0,1002.0,-4.599999904632568,0.0,0.6737424731254578,0.570963442325592,0.9980092644691467
23.54014778137207,171.40780639648438,9.88273811340332,0.0,0.0,0.0,0.0,0.05967212190108445,-0.0,0.0,4.583857073102679,3.512428501674107,0.5543270111083984,0.0,0.0,0.0,0.6630235239863396,0.1002994254231453,0.0,0.0,0.0,0.0,0.0,0.1002994254231453,1003.0,-4.599999904632568,-0.1002994254231453,0.9155565500259399,0.887963056564331,0.9843424558639526
23.533397674560547,177.4928741455078,9.882441520690918,0.0,0.0,0.0,0.0,0.0,-0.0,0.0,4.420071411132812,3.348642839704241,0.2888000011444092,0.21619200706481934,0.0,0.0,0.0,0.0,0.0,0.0,0.5570492744445801,0.0,0.5570492744445801,0.0,1004.0,-4.599999904632568,0.5570492744445801,0.8937020897865295,0.9791983366012573,0.9761018753051758
23.895977020263672,167.76153564453125,9.093147277832031,0.0,0.0,0.0,0.0,0.0,-0.0,0.0,4.312857164655413,3.2414285932268414,0.0,0.4278999865055084,0.0,0.0,0.0,0.0,0.0,0.0,0.32374337315559387,0.0,0.0,0.32374337315559387,1005.0,-4.599999904632568,-0.32374337315559387,0.8037978410720825,0.9921077489852905,0.9498975276947021
23.88922691345215,171.981689453125,8.32591438293457,0.0,0.0,0.0,0.0,0.0,-0.0,0.0,4.278071485246931,3.206642913818359,0.0,0.4082370102405548,0.0,0.0,0.0,0.0,0.0,0.0,0.1332419365644455,0.0,0.1332419365644455,0.0,1006.0,-4.599999904632568,0.1332419365644455,0.8723620772361755,0.9935987591743469,0.8988405466079712
23.967979431152344,161.9191436767578,7.773151874542236,0.0,0.0,0.0,0.0,0.0,-0.0,0.0,4.2845714569091795,3.2131428854806083,0.0,0.4089680016040802,0.0,0.0,0.0,0.0,0.0,0.0,0.0,0.0,0.0,0.0,1007.0,-4.599999904632568,0.0,0.8833270072937012,0.993003785610199,0.7882885336875916
23.96122932434082,161.24790954589844,7.355617046356201,0.0,0.0,0.0,0.0,0.0,-0.0,0.0,4.3091428756713865,3.237714168003627,0.0,0.33440399169921875,0.0,0.0,0.0,0.0,0.0,0.0,0.026307109743356705,0.0,0.026307109743356705,0.0,1008.0,-4.599999904632568,0.026307109743356705,0.5844512581825256,0.9942998290061951,0.6928457021713257
23.97148323059082,160.57667541503906,6.987335205078125,0.0,0.0,0.0,0.0,0.0,-0.0,0.0,4.334357070922851,3.26292849949428,0.0,0.24729099869728088,0.0,0.0,0.0,0.0,0.0,0.0,0.018215512856841087,0.0,0.018215512856841087,0.0,1009.0,-4.599999904632568,0.018215512856841087,0.1722417175769806,0.9953181147575378,0.5681949257850647
23.97657585144043,159.9054412841797,6.7162089347839355,0.0,0.0,0.0,0.0,0.0,-0.0,0.0,4.356000028337752,3.2845714569091795,0.0,0.21376900374889374,0.0,0.0,0.0,0.0,0.0,0.0,0.01270713284611702,0.0,0.01270713284611702,0.0,1010.0,-4.599999904632568,0.01270713284611702,0.11302843689918518,0.995628833770752,0.5677786469459534
23.97812843322754,159.2342071533203,6.4849162101745605,0.0,0.0,0.0,0.0,0.0,-0.0,0.0,4.367928586687361,3.296500015258789,0.0,0.1956239938735962,0.0,0.0,0.0,0.0,0.0,0.0,0.0,0.0,0.0,0.0,1011.0,-4.599999904632568,0.0,0.049218207597732544,0.9948307275772095,0.4024435877799988
23.970346450805664,158.56297302246094,6.285111427307129,0.0,0.0,0.0,0.0,0.0,-0.0,0.0,4.372428567068917,3.3009999956403457,0.0,0.1819709986448288,0.0,0.0,0.0,0.0,0.0,0.0,0.0,0.0,0.0,0.0,1012.0,-4.599999904632568,0.0,0.03201788663864136,0.993655800819397,0.26300495862960815
23.961517333984375,157.89173889160156,6.099243640899658,0.0,0.0,0.0,0.0,0.0,-0.0,0.0,4.336571502685547,3.2651429312569755,0.0,0.17693200707435608,0.0,0.0,0.0,0.0,0.0,0.0,0.0,0.0,0.0,0.0,1013.0,-4.599999904632568,0.0,0.09019732475280762,0.9837030172348022,0.1470281183719635
23.769868850708008,157.2205047607422,5.91852331161499,0.0,0.0,0.0,0.0,0.0,-0.0,0.0,4.318428530011858,3.2469999585832867,0.002850000048056245,0.18155500292778015,0.0,0.0,0.0,0.0,0.0,0.0,0.48916369676589966,0.0,0.48916369676589966,0.0,1014.0,-4.599999904632568,0.48916369676589966,0.14672774076461792,0.9790180921554565,0.13579833507537842
23.89507484436035,156.5492706298828,5.233959674835205,0.0,0.0,0.0,0.0,0.031194087957865883,-0.0,0.0,4.406428555079868,3.334999847412109,0.20914900302886963,0.0,0.0,0.0,0.3466009497642517,0.0,0.0,0.0,0.0,0.0,0.0,0.0,1015.0,-4.599999904632568,0.0,0.4071711003780365,0.9777812361717224,0.14557892084121704
23.88418197631836,155.87803649902344,5.233802795410156,0.0,0.0,0.0,0.0,0.0,-0.0,0.0,4.504571451459612,3.4331427437918527,0.3046970069408417,0.0,0.0,1.6797718899546226,0.0,0.0,0.0,0.0,0.0,0.0,0.0,0.0,1016.0,1.820302963256836,0.0,0.9090450406074524,0.9278217554092407,0.15985628962516785
23.873275756835938,155.20680236816406,6.91336727142334,0.0,0.0,0.0,0.0,0.06450044647540257,-0.0,0.0,4.613785689217703,3.542357117789132,0.34531301259994507,0.0,0.0,2.7726311683654785,0.7166715705485327,0.0,0.0,0.0,0.0,0.0,0.0,0.0,1017.0,2.7726311683654785,0.0,0.9685968160629272,0.8598408102989197,0.29765647649765015
23.86425018310547,140.0284423828125,9.685708045959473,0.0,0.0,0.0,0.0,0.44646489257008204,-0.0,0.0,4.790571430751255,3.7191428593226843,0.3511449992656708,0.0,0.0,0.06305357068777084,4.960720634313804,0.2962442636489868,0.0,0.0,0.0,0.0,0.0,0.2962442636489868,1018.0,0.06305357068777084,-0.2962442636489868,0.9748731255531311,0.5439496040344238,0.8088512420654297
23.85610008239746,149.41427612304688,9.748469352722168,0.0,0.0,0.0,0.0,0.5671782306574342,-0.0,0.0,4.971285765511649,3.8998571940830775,0.3517889976501465,0.0,0.0,0.0,6.301979839801788,0.3733808398246765,0.0,0.0,0.0,0.0,0.0,0.3733808398246765,1019.0,-4.599999904632568,-0.3733808398246765,0.9465124607086182,0.2843672037124634,0.9791915416717529
23.849084854125977,176.66873168945312,9.748177528381348,0.0,0.0,0.0,0.0,0.668291477549389,-0.0,0.0,5.093071474347796,4.021642902919224,0.34043800830841064,0.0,0.0,0.0,7.425460271537304,0.04595143347978592,0.0,0.0,0.0,0.0,0.0,0.04595143347978592,1020.0,-4.599999904632568,-0.04595143347978592,0.8899634480476379,0.14914238452911377,0.9971470236778259
23.842334747314453,179.54159545898438,9.747885704040527,0.0,0.0,0.0,0.0,0.6921657964073225,-0.0,0.0,5.189571462358747,4.118142890930176,0.35224100947380066,0.0,0.0,0.0,7.690730459988117,0.10517799109220505,0.0,0.0,0.0,0.0,0.0,0.10517799109220505,1021.0,-4.599999904632568,-0.10517799109220505,0.7990649938583374,0.09657067060470581,0.9998743534088135
23.83558464050293,179.97796630859375,9.747593879699707,0.0,0.0,0.0,0.0,0.687682842092836,-0.0,0.0,5.272785677228655,4.201357105800083,0.36559998989105225,0.0,0.0,0.0,7.640919860452414,0.02763015404343605,0.0,0.0,0.0,0.0,0.0,0.02763015404343605,1022.0,-4.599999904632568,-0.02763015404343605,0.5950923562049866,0.07395872473716736,0.9999639987945557
23.828834533691406,179.9923095703125,9.747302055358887,0.0,0.0,0.0,0.0,0.6348819283550493,-0.0,0.0,5.324428503853934,4.252999932425363,0.3500570058822632,0.0,0.0,0.0,7.054243087768555,0.0,0.0,0.0,0.0,0.0,0.0,0.0,1023.0,-4.599999904632568,-0.008272571489214897,0.32745105028152466,0.07154470682144165,0.9999858736991882
23.822084426879883,179.32107543945312,9.747010231018066,0.0,0.0,0.0,0.0,0.494920447462433,-0.0,0.0,5.349357141767229,4.277928570338657,0.36090201139450073,0.0,0.0,0.0,5.4991156458854675,0.36628228425979614,0.0,0.0,0.0,0.0,0.0,0.36628228425979614,1024.0,-4.599999904632568,-0.36628228425979614,0.22299009561538696,0.10187625885009766,0.9999989867210388
23.81533432006836,179.99790954589844,9.746718406677246,0.0,0.0,0.0,0.0,0.31270027201972433,-0.0,0.0,5.345214244297573,4.273785672869002,0.35043901205062866,0.0,0.0,0.0,3.474447190761566,0.6686134934425354,0.0,0.0,0.0,0.0,0.0,0.6686134934425354,1025.0,-4.599999904632568,-0.6686134934425354,0.1537630558013916,0.21455800533294678,0.9999992251396179
23.808584213256836,179.99795532226562,9.746426582336426,0.0,0.0,0.0,0.0,0.1770809445445485,-0.0,0.0,5.308357184273856,4.2369286128452845,0.42738398909568787,0.0,0.0,0.0,1.967565894126892,0.0,0.0,0.0,0.0,0.0,0.0,0.0,1026.0,-4.599999904632568,0.0,0.07267531752586365,0.5644827485084534,0.9996257424354553
23.801834106445312,169.96888732910156,9.746134757995605,0.0,0.0,0.0,0.0,0.033854982339738236,-0.0,0.0,5.2270714351109095,4.155642863682338,0.5543270111083984,0.0,0.0,0.0,0.3761664405465126,0.12400653213262558,0.0,0.0,0.0,0.0,0.0,0.12400653213262558,1027.0,-4.599999904632568,-0.12400653213262558,0.40237778425216675,0.8801840543746948,0.9948906898498535
23.79508399963379,179.1805877685547,9.745842933654785,0.0,0.0,0.0,0.0,0.0,-0.0,0.0,5.056785665239606,3.985357093811035,0.2849999964237213,0.2199920117855072,0.0,0.0,0.0,0.0,0.0,0.0,0.11075709015130997,0.0,0.11075709015130997,0.0,1028.0,-4.599999904632568,0.11075709015130997,0.3323932886123657,0.9744718074798584,0.9910446405410767
23.872344970703125,170.62881469726562,9.408061981201172,0.0,0.0,0.0,0.0,0.0,-0.0,0.0,4.9145714351109095,3.8431428636823384,0.0,0.4278999865055084,0.0,0.0,0.0,0.0,0.0,0.0,0.2251126915216446,0.0,0.0,0.2251126915216446,1029.0,-4.599999904632568,-0.2251126915216446,0.18659085035324097,0.992644190788269,0.9827573895454407
23.8655948638916,177.2392578125,8.741460800170898,0.0,0.0,0.0,0.0,0.0,-0.0,0.0,4.842714255196707,3.771285683768136,0.0,0.4082370102405548,0.0,0.0,0.0,0.0,0.0,0.0,0.16157710552215576,0.0,0.16157710552215576,0.0,1030.0,-4.599999904632568,0.16157710552215576,0.42784976959228516,0.9952462911605835,0.948826789855957
23.976215362548828,176.56802368164062,8.159772872924805,0.0,0.0,0.0,0.0,0.0,-0.0,0.0,4.79228572845459,3.7208571570260185,0.0,0.4089680016040802,0.0,0.0,0.0,0.0,0.0,0.0,0.013694200664758682,0.0,0.013694200664758682,0.0,1031.0,-4.599999904632568,0.013694200664758682,0.502476155757904,0.995864748954773,0.8765788674354553
23.97930908203125,175.89678955078125,7.728253364562988,0.0,0.0,0.0,0.0,0.0,-0.0,0.0,4.745857116154262,3.6744286128452845,0.0,0.33440399169921875,0.0,0.0,0.0,0.0,0.0,0.0,0.013584353029727936,0.0,0.013584353029727936,0.0,1032.0,-4.599999904632568,0.013584353029727936,0.20867544412612915,0.996448814868927,0.7989585399627686
23.982229232788086,175.22555541992188,7.372941970825195,0.0,0.0,0.0,0.0,0.0,-0.0,0.0,4.698642880575997,3.6272143772670202,0.0,0.24729099869728088,0.0,0.0,0.0,0.0,0.0,0.0,0.022955941036343575,0.0,0.022955941036343575,0.0,1033.0,-4.599999904632568,0.022955941036343575,0.003336012363433838,0.9981284141540527,0.8346774578094482
23.99062728881836,141.67994689941406,7.0969672203063965,0.0,0.0,0.0,0.0,0.0,-0.0,0.0,4.665499973297119,3.5940714699881418,0.0,0.21376900374889374,0.0,0.0,0.0,0.0,0.0,0.0,0.0,0.0,0.0,0.0,1034.0,-4.599999904632568,0.0,0.008143067359924316,0.9979386925697327,0.6876394748687744
23.981796264648438,141.0087127685547,6.878629207611084,0.0,0.0,0.0,0.0,0.0,-0.0,0.0,4.638857105800083,3.5674285343715124,0.0,0.1956239938735962,0.0,0.0,0.0,0.0,0.0,0.0,0.023476427420973778,0.0,0.023476427420973778,0.0,1035.0,-4.599999904632568,0.023476427420973778,0.0042066872119903564,0.9974528551101685,0.5109646320343018
23.98724937438965,140.3374786376953,6.654857635498047,0.0,0.0,0.0,0.0,0.0,-0.0,0.0,4.616428593226841,3.5450000217982702,0.0,0.1819709986448288,0.0,0.0,0.0,0.0,0.0,0.0,0.0,0.0,0.0,0.0,1036.0,-4.599999904632568,0.0,0.008463233709335327,0.9911503791809082,0.21683844923973083
23.796615600585938,139.66624450683594,6.4689788818359375,0.0,0.0,0.0,0.0,0.0,-0.0,0.0,4.602285739353725,3.5308571679251535,0.0,0.17693200707435608,0.0,0.0,0.0,0.0,0.0,0.0,0.48436835408210754,0.0,0.48436835408210754,0.0,1037.0,-4.599999904632568,0.48436835408210754,0.010815620422363281,0.9876675605773926,0.15519100427627563
23.938322067260742,138.99501037597656,5.794008731842041,0.0,0.0,0.0,0.0,0.0,-0.0,0.0,4.589357049124581,3.51792847769601,0.0,0.18440499901771545,0.0,0.0,0.0,0.0,0.0,0.0,0.042859937995672226,0.0,0.042859937995672226,0.0,1038.0,-4.599999904632568,0.042859937995672226,0.018711864948272705,0.9915933609008789,0.15698906779289246
23.957950592041016,138.3237762451172,5.561938762664795,0.0,0.0,0.0,0.0,0.012469590701229568,-0.0,0.0,4.621428571428571,3.55,0.20914900302886963,0.0,0.0,0.0,0.1385509967803955,0.0,0.0,0.0,0.0,0.0,0.0,0.0,1039.0,-4.599999904632568,0.0,0.09702828526496887,0.9833215475082397,0.12988296151161194
23.948074340820312,137.6525421142578,5.561771869659424,0.0,0.0,0.0,0.0,0.0,-0.0,0.0,4.668000030517578,3.5965714590890068,0.3046970069408417,0.0,0.0,1.0243478807497581,0.0,0.0,0.0,0.0,0.0,0.0,0.0,0.0,1040.0,1.1163029670715332,0.0,0.7344696521759033,0.9471683502197266,0.1420532464981079
23.938190460205078,136.98130798339844,6.5859222412109375,0.0,0.0,0.0,0.0,0.014995874467063065,-0.0,0.0,4.754499994005475,3.68307135445731,0.34531301259994507,0.0,0.0,2.7000136375427246,0.16662081416997898,0.0,0.0,0.0,0.0,0.0,0.0,0.0,1041.0,2.7000136375427246,0.0,0.9285905361175537,0.8657066822052002,0.2645896375179291
23.92984390258789,124.41887664794922,9.28565788269043,0.0,0.0,0.0,0.0,0.34023645959190046,-0.0,0.0,4.87292856488909,3.801499993460519,0.3511449992656708,0.0,0.0,0.0,3.780404806137085,0.0,0.0,0.0,0.0,0.0,0.0,0.0,1042.0,-4.599999904632568,0.0,0.8988054394721985,0.7009022235870361,0.6171016693115234
23.9215145111084,123.74765014648438,9.285379409790039,0.0,0.0,0.0,0.0,0.2361280587218638,-0.0,0.0,4.967499950953892,3.8960713795253206,0.375667005777359,0.0,0.0,0.0,2.6236448884010315,0.6496381163597107,0.0,0.0,0.0,0.0,0.0,0.6496381163597107,1043.0,-4.599999904632568,-0.6496381163597107,0.7023547291755676,0.6462433338165283,0.898708701133728
23.91268539428711,163.79148864746094,9.285100936889648,0.0,0.0,0.0,0.0,0.21269356987425145,-0.0,0.0,5.018928609575544,3.9475000381469725,0.34043800830841064,0.0,0.0,0.0,2.3632616996765137,0.0,0.0,0.0,0.0,0.0,0.0,0.0,1044.0,-4.599999904632568,0.0,0.30639851093292236,0.741443395614624,0.8882054090499878
23.905580520629883,163.12025451660156,9.284822463989258,0.0,0.0,0.0,0.0,0.1589903874389631,-0.0,0.0,5.039785739353725,3.9683571679251535,0.413224995136261,0.0,0.0,0.0,1.7665597200393677,0.2940152883529663,0.0,0.0,0.0,0.0,0.0,0.2940152883529663,1045.0,-4.599999904632568,-0.2940152883529663,0.2027851939201355,0.6533219814300537,0.9736144542694092
23.89883041381836,175.77639770507812,9.284543991088867,0.0,0.0,0.0,0.0,0.1601248315200068,-0.0,0.0,5.028571483067104,3.9571429116385324,0.42115598917007446,0.0,0.0,0.0,1.7791646532714367,0.026479382067918777,0.0,0.0,0.0,0.0,0.0,0.026479382067918777,1046.0,-4.599999904632568,-0.026479382067918777,0.14627134799957275,0.650336503982544,0.9819787740707397
23.892080307006836,177.11468505859375,9.284265518188477,0.0,0.0,0.0,0.0,0.13029169082476164,-0.0,0.0,5.001928547450474,3.9304999760219026,0.3654490113258362,0.0,0.0,0.0,1.4476853385567665,0.032715700566768646,0.0,0.0,0.0,0.0,0.0,0.032715700566768646,1047.0,-4.599999904632568,-0.032715700566768646,0.07010912895202637,0.6627057790756226,0.9931966066360474
23.885330200195312,178.90953063964844,9.283987045288086,0.0,0.0,0.0,0.0,0.11430792734425131,-0.0,0.0,4.976571437290737,3.905142865862165,0.36090201139450073,0.0,0.0,0.0,1.2700879806652665,0.015360093675553799,0.0,0.0,0.0,0.0,0.0,0.015360093675553799,1048.0,-4.599999904632568,-0.015360093675553799,0.06651300191879272,0.6906462907791138,0.9961910843849182
23.87858009338379,179.38865661621094,9.283708572387695,0.0,0.0,0.0,0.0,0.071853206801669,-0.0,0.0,4.968428557259696,3.8969999858311244,0.35043901205062866,0.0,0.0,0.0,0.798368901014328,0.14129206538200378,0.0,0.0,0.0,0.0,0.0,0.14129206538200378,1049.0,-4.599999904632568,-0.14129206538200378,0.0576171875,0.7653436660766602,0.9979696273803711
23.871829986572266,179.6732177734375,9.283430099487305,0.0,0.0,0.0,0.0,0.04066353912461096,-0.0,0.0,4.994571495056152,3.923142923627581,0.42738398909568787,0.0,0.0,0.0,0.4518170654773712,0.3462989032268524,0.0,0.0,0.0,0.0,0.0,0.3462989032268524,1050.0,-4.599999904632568,-0.3462989032268524,0.15306821465492249,0.799166738986969,0.998458743095398
23.865079879760742,179.75148010253906,9.283151626586914,0.0,0.0,0.0,0.0,0.006797066871092039,-0.0,0.0,4.990142904009137,3.9187143325805662,0.5543270111083984,0.0,0.0,0.0,0.07552295923233032,0.0,0.0,0.0,0.0,0.0,0.0,0.0,1051.0,-4.599999904632568,0.0,0.6893285512924194,0.9221334457397461,0.9883773326873779
23.85832977294922,177.95770263671875,9.282873153686523,0.0,0.0,0.0,0.0,0.0,-0.0,0.0,4.935642869131906,3.8642142977033345,0.17384999990463257,0.33114200830459595,0.0,0.0,0.0,0.0,0.0,0.0,0.04092460498213768,0.0,0.04092460498213768,0.0,1052.0,-4.599999904632568,0.04092460498213768,0.4862551689147949,0.9763787388801575,0.9864323139190674
23.881877899169922,166.0237579345703,8.902946472167969,0.0,0.0,0.0,0.0,0.0,-0.0,0.0,4.908428546360561,3.8369999749319894,0.0,0.4278999865055084,0.0,0.0,0.0,0.0,0.0,0.0,0.2761496603488922,0.0,0.0,0.2761496603488922,1053.0,-4.599999904632568,-0.2761496603488922,0.22310671210289001,0.9919174909591675,0.9778745174407959
23.8751277923584,176.4580078125,8.184283256530762,0.0,0.0,0.0,0.0,0.0,-0.0,0.0,4.918500028337751,3.8470714569091795,0.0,0.4082370102405548,0.0,0.0,0.0,0.0,0.0,0.0,0.1457112729549408,0.0,0.1457112729549408,0.0,1054.0,-4.599999904632568,0.1457112729549408,0.18477869033813477,0.9951789379119873,0.9520567655563354
23.975879669189453,159.92262268066406,7.618801593780518,0.0,0.0,0.0,0.0,0.0,-0.0,0.0,4.923571395874023,3.852142824445452,0.0,0.4089680016040802,0.0,0.0,0.0,0.0,0.0,0.0,0.30573827028274536,0.0,0.0,0.30573827028274536,1055.0,-4.599999904632568,-0.30573827028274536,0.06752222776412964,0.9964706897735596,0.9023191332817078
23.96912956237793,164.369140625,6.889302730560303,0.0,0.0,0.0,0.0,0.0,-0.0,0.0,4.935357175554548,3.8639286041259764,0.0,0.33440399169921875,0.0,0.0,0.0,0.0,0.0,0.0,0.027405811473727226,0.0,0.027405811473727226,0.0,1056.0,-4.599999904632568,0.027405811473727226,0.0933886170387268,0.9965365529060364,0.760168194770813
23.982667922973633,163.69790649414062,6.519913673400879,0.0,0.0,0.0,0.0,0.0,-0.0,0.0,4.945642825535366,3.874214254106794,0.0,0.24729099869728088,0.0,0.0,0.0,0.0,0.0,0.0,0.012662787921726704,0.0,0.012662787921726704,0.0,1057.0,-4.599999904632568,0.012662787921726704,0.015048444271087646,0.9970654845237732,0.6534939408302307
23.98531150817871,163.02667236328125,6.254467010498047,0.0,0.0,0.0,0.0,0.0,-0.0,0.0,4.940142849513462,3.868714278084891,0.0,0.23910300433635712,0.0,0.0,0.0,0.0,0.0,0.0,0.0,0.0,0.0,0.0,1058.0,-4.599999904632568,0.0,0.0158136785030365,0.996787428855896,0.6279853582382202
23.977529525756836,162.35543823242188,6.010303974151611,0.0,0.0,0.0,0.0,0.0,-0.0,0.0,4.910285758972168,3.8388571875435966,0.0,0.1956239938735962,0.0,0.0,0.0,0.0,0.0,0.0,0.015270904637873173,0.0,0.015270904637873173,0.0,1059.0,-4.599999904632568,0.015270904637873173,0.00590166449546814,0.9964025020599365,0.48460984230041504
23.981998443603516,161.6842041015625,5.794931411743164,0.0,0.0,0.0,0.0,0.0,-0.0,0.0,4.891142790658133,3.819714219229562,0.0,0.1819709986448288,0.0,0.0,0.0,0.0,0.0,0.0,0.0,0.0,0.0,0.0,1060.0,-4.599999904632568,0.0,0.0046773552894592285,0.9954883456230164,0.33469098806381226
23.971115112304688,161.01296997070312,5.609078407287598,0.0,0.0,0.0,0.0,0.0,-0.0,0.0,4.890428624834333,3.8190000534057615,0.0,0.17693200707435608,0.0,0.0,0.0,0.0,0.0,0.0,0.0,0.0,0.0,0.0,1061.0,-4.599999904632568,0.0,0.007665395736694336,0.9941349029541016,0.23486238718032837
23.959209442138672,160.34173583984375,5.428372859954834,0.0,0.0,0.0,0.0,0.0,-0.0,0.0,4.893428611755371,3.8220000403267997,0.0,0.18440499901771545,0.0,0.0,0.0,0.0,0.0,0.0,0.01671990007162094,0.0,0.01671990007162094,0.0,1062.0,-4.599999904632568,0.01671990007162094,0.016371458768844604,0.9920180439949036,0.18653643131256104
23.96007537841797,159.67050170898438,5.222986698150635,0.0,0.0,0.0,0.0,0.00759428785000542,-0.0,0.0,4.900499970572335,3.829071399143764,0.21771900355815887,0.0,0.0,0.0,0.08438096940517426,0.0,0.0,0.0,0.0,0.0,0.0,0.0,1063.0,-4.599999904632568,0.0,0.010321497917175293,0.9869943261146545,0.4126417636871338
23.95124626159668,117.07721710205078,5.222830295562744,0.0,0.0,0.0,0.0,0.0818462734894966,-0.0,0.0,4.930285671779087,3.858857100350516,0.3046970069408417,0.0,0.0,0.0,0.9094029664993286,0.0,0.0,0.0,0.0,0.0,0.0,0.0,1064.0,-4.599999904632568,0.0,0.14056396484375,0.9497302770614624,0.4662514328956604
23.941375732421875,85.30496215820312,5.2226738929748535,0.0,0.0,0.0,0.0,0.058583696260621036,-0.0,0.0,4.985357093811035,3.913928522382464,0.34531301259994507,0.0,0.0,0.34601542353630066,0.6509299067200827,1.5130300521850586,0.0,0.0,0.0,0.0,0.0,1.5130300521850586,1065.0,0.34601542353630066,-1.5130300521850586,0.556865930557251,0.8426927328109741,0.9531898498535156
23.93425750732422,172.50843811035156,5.5685224533081055,0.0,0.0,0.0,0.0,0.0996487693036099,-0.0,0.0,5.033999933515276,3.9625713620867047,0.3511449992656708,0.0,0.0,3.116886615753174,1.1072084598248635,0.0,0.0,0.0,0.0,0.0,0.0,0.0,1066.0,3.116886615753174,0.0,0.8685379028320312,0.6905351877212524,0.43737202882766724
23.9274959564209,171.8372039794922,8.685148239135742,0.0,0.0,0.0,0.0,0.48422749819064853,-0.0,0.0,5.053428595406668,3.982000023978097,0.3517889976501465,0.0,0.0,0.49525877833366394,5.380305107863409,0.22538989782333374,0.0,0.0,0.0,0.0,0.0,0.22538989782333374,1067.0,0.49525877833366394,-0.22538989782333374,0.9180377125740051,0.30481672286987305,0.9756587147712708
23.920745849609375,176.1034698486328,9.180131912231445,0.0,0.0,0.0,0.0,0.6104817529902233,-0.0,0.0,5.079000009809222,4.0075714383806496,0.34043800830841064,0.0,0.0,0.0,6.783130049705505,0.04703199863433838,0.0,0.0,0.0,0.0,0.0,0.04703199863433838,1068.0,-4.599999904632568,-0.04703199863433838,0.8565933108329773,0.17332765460014343,0.9940556287765503
23.91399574279785,179.04698181152344,9.179856300354004,0.0,0.0,0.0,0.0,0.5714164913826352,-0.0,0.0,5.114714295523507,4.043285724094936,0.35224100947380066,0.0,0.0,0.0,6.349071621894836,0.13868701457977295,0.0,0.0,0.0,0.0,0.0,0.13868701457977295,1069.0,-4.599999904632568,-0.13868701457977295,0.7127178907394409,0.1336071789264679,0.9994339942932129
23.907245635986328,179.9075164794922,9.179580688476562,0.0,0.0,0.0,0.0,0.6345945671871924,-0.0,0.0,5.161357143947056,4.089928572518485,0.36559998989105225,0.0,0.0,0.0,7.051050186157227,0.0,0.0,0.0,0.0,0.0,0.0,0.0,1070.0,-4.599999904632568,-0.009402540512382984,0.6089425683021545,0.08294987678527832,0.9998481869697571
23.900495529174805,179.2362823486328,9.179305076599121,0.0,0.0,0.0,0.0,0.6179840943726148,-0.0,0.0,5.202928624834333,4.1315000534057615,0.3554440140724182,0.0,0.0,0.0,6.866489391773939,0.018016356974840164,0.0,0.0,0.0,0.0,0.0,0.018016356974840164,1071.0,-4.599999904632568,-0.018016356974840164,0.44165998697280884,0.07344993948936462,0.9999654293060303
23.89374542236328,179.9925537109375,9.17902946472168,0.0,0.0,0.0,0.0,0.5343838830299259,-0.0,0.0,5.222142846243722,4.150714274815151,0.36090201139450073,0.0,0.0,0.0,5.93759822845459,0.0,0.0,0.0,0.0,0.0,0.0,0.0,1072.0,-4.599999904632568,-0.008432343602180481,0.289690762758255,0.09340232610702515,0.999965488910675
23.886995315551758,179.32131958007812,9.178753852844238,0.0,0.0,0.0,0.0,0.367139710159277,-0.0,0.0,5.222714233398437,4.151285661969866,0.4049749970436096,0.0,0.0,0.0,4.079329788684845,0.2875449061393738,0.0,0.0,0.0,0.0,0.0,0.2875449061393738,1073.0,-4.599999904632568,-0.2875449061393738,0.22594141960144043,0.17511054873466492,0.9999802112579346
23.880245208740234,179.99490356445312,9.178478240966797,0.0,0.0,0.0,0.0,0.14750731931577832,-0.0,0.0,5.207857077462332,4.136428506033761,0.8928499817848206,0.0,0.0,0.4914993941783905,1.6389700843661168,0.0,0.0,0.0,0.0,0.0,0.0,0.0,1074.0,0.4914993941783905,0.0,0.9669947624206543,0.46375516057014465,0.9999045729637146
23.87349510192871,94.42295837402344,9.669687271118164,0.0,0.0,0.0,0.0,0.0,-0.0,0.0,5.169642802647182,4.098214231218611,0.5543270111083984,0.0,0.0,0.0,0.0,0.8402730226516724,0.0,0.0,0.25381577014923096,0.0,0.0,1.0940887928009033,1075.0,-4.599999904632568,-1.0940887928009033,0.19747650623321533,0.8530014753341675,0.9984009265899658
23.866744995117188,179.74221801757812,9.410408973693848,0.0,0.0,0.0,0.0,0.0,-0.0,0.0,5.08471429007394,4.013285718645369,0.35339999198913574,0.15159201622009277,0.0,0.0,0.0,0.0,0.0,0.0,0.0,0.0,0.0,0.0,1076.0,-4.599999904632568,0.0,0.3422962427139282,0.9714179039001465,0.9909361004829407
23.859994888305664,167.57156372070312,9.25544548034668,0.0,0.0,0.0,0.0,0.0,-0.0,0.0,4.992428588867187,3.921000017438616,0.0,0.4278999865055084,0.0,0.0,0.0,0.0,0.0,0.0,0.3908592462539673,0.0,0.0,0.3908592462539673,1077.0,-4.599999904632568,-0.3908592462539673,0.08161324262619019,0.9926609992980957,0.9862076640129089
23.85324478149414,177.7913055419922,8.419724464416504,0.0,0.0,0.0,0.0,0.0,-0.0,0.0,4.9573570796421595,3.8859285082135884,0.0,0.4082370102405548,0.0,0.0,0.0,0.0,0.0,0.0,0.17438992857933044,0.0,0.17438992857933044,0.0,1078.0,-4.599999904632568,0.17438992857933044,0.23608478903770447,0.9952372312545776,0.9547420740127563
23.976171493530273,170.1000518798828,7.824972629547119,0.0,0.0,0.0,0.0,0.0,-0.0,0.0,4.934928567068917,3.863499995640346,0.0,0.46699899435043335,0.0,0.0,0.0,0.0,0.0,0.0,0.0,0.0,0.0,0.0,1079.0,-4.599999904632568,0.0,0.5457190871238708,0.9949819445610046,0.8509528636932373
23.96942138671875,169.42881774902344,7.348222732543945,0.0,0.0,0.0,0.0,0.0,-0.0,0.0,4.914357130868094,3.842928559439523,0.0,0.33440399169921875,0.0,0.0,0.0,0.0,0.0,0.0,0.029194414615631104,0.0,0.029194414615631104,0.0,1080.0,-4.599999904632568,0.029194414615631104,0.0961654782295227,0.9968414306640625,0.7969365119934082
23.98419189453125,168.75758361816406,6.97699499130249,0.0,0.0,0.0,0.0,0.0,-0.0,0.0,4.888500022888183,3.8170714514596122,0.0,0.24729099869728088,0.0,0.0,0.0,0.0,0.0,0.0,0.01673332042992115,0.0,0.01673332042992115,0.0,1081.0,-4.599999904632568,0.01673332042992115,0.003999114036560059,0.9979456067085266,0.7926191091537476
23.98971176147461,150.6340789794922,6.707381248474121,0.0,0.0,0.0,0.0,0.0,-0.0,0.0,4.865071378435407,3.7936428070068358,0.0,0.21376900374889374,0.0,0.0,0.0,0.0,0.0,0.0,0.0,0.0,0.0,0.0,1082.0,-4.599999904632568,0.0,0.0058920979499816895,0.997920036315918,0.6911212205886841
23.98089027404785,149.9628448486328,6.489055156707764,0.0,0.0,0.0,0.0,0.0,-0.0,0.0,4.846642848423549,3.7752142769949777,0.0,0.1956239938735962,0.0,0.0,0.0,0.0,0.0,0.0,0.0,0.0,0.0,0.0,1083.0,-4.599999904632568,0.0,0.008254855871200562,0.9925369024276733,0.33407145738601685
23.78923988342285,149.29161071777344,6.289250373840332,0.0,0.0,0.0,0.0,0.0,-0.0,0.0,4.837499972752163,3.766071401323591,0.0,0.1819709986448288,0.0,0.0,0.0,0.0,0.0,0.0,0.27960681915283203,0.0,0.27960681915283203,0.0,1084.0,-4.599999904632568,0.27960681915283203,0.0024169981479644775,0.9962491989135742,0.3597007989883423
23.981231689453125,148.62037658691406,5.81807804107666,0.0,0.0,0.0,0.0,0.0,-0.0,0.0,4.829214314052036,3.7577857426234655,0.0,0.17693200707435608,0.0,0.0,0.0,0.0,0.0,0.0,0.0,0.0,0.0,0.0,1085.0,-4.599999904632568,0.0,0.017529577016830444,0.9723334312438965,0.1222376823425293
23.60675811767578,147.9491424560547,5.63736629486084,0.0,0.0,0.0,0.0,0.0,-0.0,0.0,4.821785736083984,3.750357164655413,0.00570000009611249,0.17870499193668365,0.0,0.0,0.0,0.0,0.0,0.0,0.6838015913963318,0.0,0.6838015913963318,0.0,1086.0,-4.599999904632568,0.6838015913963318,0.019385844469070435,0.9817303419113159,0.1348050832748413
23.90863609313965,147.2779083251953,4.757114887237549,0.0,0.0,0.0,0.0,0.03495609024811492,-0.0,0.0,4.8519285202026365,3.7804999487740654,0.20914900302886963,0.0,0.0,0.0,0.38840097188949585,0.0,0.0,0.0,0.0,0.0,0.0,0.0,1087.0,-4.599999904632568,0.0,0.09493407607078552,0.9794377088546753,0.15116161108016968
23.89672088623047,139.08287048339844,4.756972312927246,0.0,0.0,0.0,0.0,0.0,-0.0,0.0,4.918714332580566,3.847285761151995,0.3046970069408417,0.0,0.0,1.513122862224634,0.0,0.0,0.0,0.0,0.0,0.0,0.0,0.0,1088.0,1.6413029432296753,0.0,0.7860126495361328,0.9115731716156006,0.11942896246910095
23.794889450073242,138.41163635253906,6.269906997680664,0.0,0.0,0.0,0.0,0.01796766661606247,-0.0,0.0,5.003571455819266,3.9321428843906947,0.34531301259994507,0.0,0.0,2.5820021629333496,0.19964072431245228,0.0,0.0,0.0,0.0,0.0,0.0,0.0,1089.0,2.5820021629333496,0.0,0.8851878643035889,0.8672564029693604,0.2038397192955017
23.72390365600586,137.7404022216797,8.851643562316895,0.0,0.0,0.0,0.0,0.28038645826867753,-0.0,0.0,5.0541428974696565,3.9827143260410853,0.3511449992656708,0.0,0.0,0.0,3.1154048442840576,0.0,0.0,0.0,0.0,0.0,0.0,0.0,1090.0,-4.599999904632568,0.0,0.7403745651245117,0.7734431624412537,0.5933519601821899
23.714374542236328,137.0691680908203,8.851378440856934,0.0,0.0,0.0,0.0,0.28137082100874616,-0.0,0.0,5.0808570861816404,4.009428514753069,0.3517889976501465,0.0,0.0,0.0,3.1263422071933746,0.0815187394618988,0.0,0.0,0.0,0.0,0.0,0.0815187394618988,1091.0,-4.599999904632568,-0.0815187394618988,0.6209080219268799,0.6688660979270935,0.7666753530502319
23.661380767822266,142.6661376953125,8.851113319396973,0.0,0.0,0.0,0.0,0.26826238976020605,-0.0,0.0,5.106428636823382,4.03500006539481,0.34043800830841064,0.0,0.0,0.0,2.980692982673645,0.4171189069747925,0.0,0.0,0.0,0.0,0.0,0.4171189069747925,1092.0,-4.599999904632568,-0.4171189069747925,0.3182082772254944,0.5031298995018005,0.9642176628112793
23.65428352355957,174.2729034423828,8.850848197937012,0.0,0.0,0.0,0.0,0.27452785986138134,-0.0,0.0,5.110071400233677,4.038642828805106,0.35224100947380066,0.0,0.0,0.0,3.0503093115985394,0.040249694138765335,0.0,0.0,0.0,0.0,0.0,0.040249694138765335,1093.0,-4.599999904632568,-0.040249694138765335,0.18028905987739563,0.49042779207229614,0.9795066118240356
23.647533416748047,176.71913146972656,8.85058307647705,0.0,0.0,0.0,0.0,0.27970445896323065,-0.0,0.0,5.122214262826102,4.050785691397531,0.36559998989105225,0.0,0.0,0.0,3.1078270748257637,0.039672963321208954,0.0,0.0,0.0,0.0,0.0,0.039672963321208954,1094.0,-4.599999904632568,-0.039672963321208954,0.1188662052154541,0.38445568084716797,0.9945740699768066
23.640783309936523,179.1299285888672,8.85031795501709,0.0,0.0,0.0,0.0,0.4465247953342711,-0.0,0.0,5.174857085091727,4.103428513663156,0.3500570058822632,0.0,0.0,0.0,4.9613862205296755,0.01900671236217022,0.0,0.0,0.0,0.0,0.0,0.01900671236217022,1095.0,-4.599999904632568,-0.01900671236217022,0.1890246868133545,0.13846176862716675,0.9997272491455078
23.634033203125,179.95443725585938,8.850052833557129,0.0,0.0,0.0,0.0,0.42579886959384633,-0.0,0.0,5.202928624834333,4.1315000534057615,0.36090201139450073,0.0,0.0,0.0,4.731098175048828,0.0,0.0,0.0,0.0,0.0,0.0,0.0,1096.0,-4.599999904632568,-0.008739244192838669,0.16062676906585693,0.13891226053237915,0.9998598098754883
23.627283096313477,179.283203125,8.849787712097168,0.0,0.0,0.0,0.0,0.26723008437420476,-0.0,0.0,5.186857169015067,4.1154285975864955,0.35043901205062866,0.0,0.0,0.0,2.9692229237407446,0.016738036647439003,0.0,0.0,0.0,0.0,0.0,0.016738036647439003,1097.0,-4.599999904632568,-0.016738036647439003,0.067130446434021,0.33154231309890747,0.9995934367179871
23.620532989501953,179.9330291748047,8.849522590637207,0.0,0.0,0.0,0.0,0.2338529605748611,-0.0,0.0,5.15035719190325,4.078928620474679,0.42738398909568787,0.0,0.0,0.0,2.5983660221099854,0.0,0.0,0.0,0.0,0.0,0.0,0.0,1098.0,-4.599999904632568,0.0,0.22971999645233154,0.46681955456733704,0.9990862607955933
23.61378288269043,179.2617950439453,8.849257469177246,0.0,0.0,0.0,0.0,0.07665057672266738,-0.0,0.0,5.074214335850307,4.002785764421736,0.5543270111083984,0.0,0.0,0.0,0.8516730070114136,0.0,0.0,0.0,0.0,0.0,0.0,0.0,1099.0,-4.599999904632568,0.0,0.6835731267929077,0.843208372592926,0.9908343553543091
23.607032775878906,178.59056091308594,8.848992347717285,0.0,0.0,0.0,0.0,0.0,-0.0,0.0,4.989928599766323,3.918500028337751,0.36195001006126404,0.14304199814796448,0.0,0.0,0.0,0.0,0.0,0.0,0.3089160919189453,0.0,0.3089160919189453,0.0,1100.0,-4.599999904632568,0.3089160919189453,0.621410071849823,0.9663035869598389,0.9822190999984741
23.83150291442871,177.91932678222656,8.387558937072754,0.0,0.0,0.0,0.0,0.0,-0.0,0.0,4.9095714569091795,3.8381428854806083,0.0,0.4278999865055084,0.0,0.0,0.0,0.0,0.0,0.0,0.17139942944049835,0.0,0.17139942944049835,0.0,1101.0,-4.599999904632568,0.17139942944049835,0.5100553631782532,0.9901983141899109,0.9679408669471741
23.950977325439453,177.2480926513672,7.775795936584473,0.0,0.0,0.0,0.0,0.0,-0.0,0.0,4.874428558349609,3.802999986921038,0.0,0.4082370102405548,0.0,0.0,0.0,0.0,0.0,0.0,0.03570995852351189,0.0,0.03570995852351189,0.0,1102.0,-4.599999904632568,0.03570995852351189,0.5809120535850525,0.994070291519165,0.9247013330459595
23.9703369140625,176.5768585205078,7.322569370269775,0.0,0.0,0.0,0.0,0.0,-0.0,0.0,4.861285700116839,3.789857128688267,0.0,0.4089680016040802,0.0,0.0,0.0,0.0,0.0,0.0,0.013473670929670334,0.0,0.013473670929670334,0.0,1103.0,-4.599999904632568,0.013473670929670334,0.5815122127532959,0.9946854114532471,0.8389607667922974
23.973411560058594,175.90562438964844,6.891299724578857,0.0,0.0,0.0,0.0,0.0,-0.0,0.0,4.859928621564593,3.788500050136021,0.0,0.33440399169921875,0.0,0.0,0.0,0.0,0.0,0.0,0.015743201598525047,0.0,0.015743201598525047,0.0,1104.0,-4.599999904632568,0.015743201598525047,0.21715939044952393,0.9956281185150146,0.7496334314346313
23.978126525878906,175.23439025878906,6.533810615539551,0.0,0.0,0.0,0.0,0.0,-0.0,0.0,4.86207139151437,3.790642820085798,0.0,0.24729099869728088,0.0,0.0,0.0,0.0,0.0,0.0,0.01853121444582939,0.0,0.01853121444582939,0.0,1105.0,-4.599999904632568,0.01853121444582939,0.020913243293762207,0.9965628385543823,0.6827354431152344
23.982799530029297,167.03794860839844,6.262375831604004,0.0,0.0,0.0,0.0,0.0,-0.0,0.0,4.841571480887277,3.770142909458705,0.0,0.21376900374889374,0.0,0.0,0.0,0.0,0.0,0.0,0.0,0.0,0.0,0.0,1106.0,-4.599999904632568,0.0,0.1795141100883484,0.9617515802383423,0.2140507698059082
23.608335494995117,166.36671447753906,6.044063091278076,0.0,0.0,0.0,0.0,0.0,-0.0,0.0,4.804785673958914,3.733357102530343,0.0,0.1956239938735962,0.0,0.0,0.0,0.0,0.0,0.0,0.5165029168128967,0.0,0.5165029168128967,0.0,1107.0,-4.599999904632568,0.5165029168128967,0.011281818151473999,0.9939401745796204,0.4399608075618744
23.969684600830078,165.6954803466797,5.317243576049805,0.0,0.0,0.0,0.0,0.0,-0.0,0.0,4.786642837524414,3.7152142660958427,0.0,0.1819709986448288,0.0,0.0,0.0,0.0,0.0,0.0,0.0,0.0,0.0,0.0,1108.0,-4.599999904632568,0.0,0.030114412307739258,0.9824411869049072,0.19352954626083374
23.775985717773438,165.0242462158203,5.131404876708984,0.0,0.0,0.0,0.0,0.0,-0.0,0.0,4.778785719190325,3.7073570796421595,0.0,0.17693200707435608,0.0,0.0,0.0,0.0,0.0,0.0,0.26097631454467773,0.0,0.26097631454467773,0.0,1109.0,-4.599999904632568,0.26097631454467773,0.018426120281219482,0.9904311895370483,0.2108776569366455
23.95214080810547,164.35301208496094,4.68441915512085,0.0,0.0,0.0,0.0,0.0,-0.0,0.0,4.775285734449114,3.7038570949009486,0.006650000344961882,0.17775499820709229,0.0,0.0,0.0,0.0,0.0,0.0,0.0,0.0,0.0,0.0,1110.0,-4.599999904632568,0.0,0.059981584548950195,0.9775396585464478,0.13969600200653076
23.75843620300293,163.68177795410156,4.502901554107666,0.0,0.0,0.0,0.0,0.032733091333157965,-0.0,0.0,4.800142914908273,3.728714343479701,0.20914900302886963,0.0,0.0,0.0,0.3637009859085083,0.0,0.0,0.0,0.0,0.0,0.0,0.0,1111.0,-4.5027666091918945,0.0,0.35833975672721863,0.9409605860710144,0.12365999817848206
23.38194465637207,163.0105438232422,4.5027666091918945,0.0,0.0,0.0,0.0,0.0,-0.0,0.0,4.85750002179827,3.7860714503696986,0.3046970069408417,0.0,0.0,1.0199787386092112,0.0,0.5317082405090332,0.0,0.0,0.0,0.0,0.5317082405090332,0.0,1112.0,1.6713029146194458,0.5317082405090332,0.808438777923584,0.8968821167945862,0.1440664529800415
23.48439598083496,162.3393096923828,5.522579669952393,0.0,0.0,0.0,0.0,0.0,-0.0,0.0,4.924357087271554,3.852928515842983,0.34531301259994507,0.0,0.0,3.27480422194742,0.0,0.0,0.0,0.0,0.0,0.0,0.0,0.0,1113.0,3.53568696975708,0.0,0.9221174716949463,0.865874707698822,0.20677432417869568
23.39329719543457,161.66807556152344,8.797120094299316,0.0,0.0,0.0,0.0,0.4019305360669065,-0.0,0.0,4.98478570665632,3.9133571352277485,0.3511449992656708,0.0,0.0,0.6325516104698181,4.465894490270436,0.0,0.0,0.0,0.0,0.0,0.0,0.0,1114.0,0.6325516104698181,0.0,0.9429641962051392,0.6034262180328369,0.539158821105957
23.337623596191406,160.99684143066406,9.429388999938965,0.0,0.0,0.0,0.0,0.5671116267084354,-0.0,0.0,5.0356428418840675,3.9642142704554963,0.3517889976501465,0.0,0.0,0.0,6.301239795982838,0.09387128800153732,0.0,0.0,0.0,0.0,0.0,0.09387128800153732,1115.0,-4.599999904632568,-0.09387128800153732,0.9320969581604004,0.3089939057826996,0.9216510057449341
23.283597946166992,167.4622344970703,9.429106712341309,0.0,0.0,0.0,0.0,0.5884925323520102,-0.0,0.0,5.0681428364345,3.996714265005929,0.34043800830841064,0.0,0.0,0.0,6.538805395364761,0.16025647521018982,0.0,0.0,0.0,0.0,0.0,0.16025647521018982,1116.0,-4.599999904632568,-0.16025647521018982,0.8195713758468628,0.19064253568649292,0.9942276477813721
23.276840209960938,179.07449340820312,9.428824424743652,0.0,0.0,0.0,0.0,0.5128142345977439,-0.0,0.0,5.075785718645368,4.004357147216797,0.35224100947380066,0.0,0.0,0.0,5.697935487143695,0.011773203499615192,0.0,0.0,0.0,0.0,0.0,0.011773203499615192,1117.0,-4.599999904632568,-0.011773203499615192,0.5565481781959534,0.192979633808136,0.9956831932067871
23.270090103149414,179.30738830566406,9.428542137145996,0.0,0.0,0.0,0.0,0.4902556655976434,-0.0,0.0,5.084357207162039,4.012928635733468,0.36559998989105225,0.0,0.0,0.0,5.447284740395844,0.01536508183926344,0.0,0.0,0.0,0.0,0.0,0.01536508183926344,1118.0,-4.599999904632568,-0.01536508183926344,0.3917810916900635,0.15233445167541504,0.9988785982131958
23.26333999633789,179.8186492919922,9.42825984954834,0.0,0.0,0.0,0.0,0.43331098628776954,-0.0,0.0,5.093857165745327,4.0224285943167555,0.3500570058822632,0.0,0.0,0.0,4.814566131681204,0.010026935487985611,0.0,0.0,0.0,0.0,0.0,0.010026935487985611,1119.0,-4.599999904632568,-0.010026935487985611,0.20421528816223145,0.16120082139968872,0.9995177388191223
23.256589889526367,179.92091369628906,9.427977561950684,0.0,0.0,0.0,0.0,0.38877734412966736,-0.0,0.0,5.1116429192679265,4.040214347839355,0.36090201139450073,0.0,0.0,0.0,4.3197479248046875,0.0,0.0,0.0,0.0,0.0,0.0,0.0,1120.0,-4.599999904632568,-0.00904343742877245,0.1522611379623413,0.17932453751564026,0.999701976776123
23.249839782714844,179.2496795654297,9.427695274353027,0.0,0.0,0.0,0.0,0.33682710243629077,-0.0,0.0,5.13178574698312,4.0603571755545484,0.35043901205062866,0.0,0.0,0.0,3.7425230629742146,0.017687927931547165,0.0,0.0,0.0,0.0,0.0,0.017687927931547165,1121.0,-4.599999904632568,-0.017687927931547165,0.11583817005157471,0.24064069986343384,0.9997357130050659
23.24308967590332,179.95579528808594,9.427412986755371,0.0,0.0,0.0,0.0,0.21940347030985016,-0.0,0.0,5.138428633553641,4.06700006212507,0.42738398909568787,0.0,0.0,0.0,2.4378161430358887,0.0,0.0,0.0,0.0,0.0,0.0,0.0,1122.0,-4.599999904632568,0.0,0.1783818006515503,0.5120214819908142,0.9991087913513184
23.236339569091797,179.28456115722656,9.427130699157715,0.0,0.0,0.0,0.0,0.07895906837455938,-0.0,0.0,5.124714251926967,4.053285680498396,0.5543270111083984,0.0,0.0,0.0,0.8773229122161865,0.0,0.0,0.0,0.0,0.0,0.0,0.0,1123.0,-4.599999904632568,0.0,0.5378793478012085,0.8376330137252808,0.9937654733657837
23.229589462280273,178.6133270263672,9.426848411560059,0.0,0.0,0.0,0.0,0.0,-0.0,0.0,5.05735718863351,3.9859286172049386,0.3543500006198883,0.1506420075893402,0.0,0.0,0.0,0.0,0.0,0.0,0.81951504945755,0.0,0.81951504945755,0.0,1124.0,-4.599999904632568,0.81951504945755,0.30014273524284363,0.9689081907272339,0.9901155233383179
23.844526290893555,170.42173767089844,8.436638832092285,0.0,0.0,0.0,0.0,0.0,-0.0,0.0,4.99792856488909,3.926499993460519,0.0,0.4278999865055084,0.0,0.0,0.0,0.0,0.0,0.0,0.0771164521574974,0.0,0.0,0.0771164521574974,1125.0,-4.599999904632568,-0.0771164521574974,0.3330762982368469,0.9905421733856201,0.9722467660903931
23.83777618408203,175.55755615234375,7.921078681945801,0.0,0.0,0.0,0.0,0.0,-0.0,0.0,4.979285730634417,3.9078571592058453,0.0,0.4082370102405548,0.0,0.0,0.0,0.0,0.0,0.0,0.1882265955209732,0.0,0.1882265955209732,0.0,1126.0,-4.599999904632568,0.1882265955209732,0.3923506736755371,0.9943253993988037,0.9366417527198792
23.97161102294922,174.88632202148438,7.312222957611084,0.0,0.0,0.0,0.0,0.0,-0.0,0.0,4.937428556169782,3.8659999847412108,0.0,0.4089680016040802,0.0,0.0,0.0,0.0,0.0,0.0,0.014102878980338573,0.0,0.014102878980338573,0.0,1127.0,-4.599999904632568,0.014102878980338573,0.4727500379085541,0.9950641989707947,0.844619631767273
23.975305557250977,174.215087890625,6.880311489105225,0.0,0.0,0.0,0.0,0.0,-0.0,0.0,4.884642818995884,3.8132142475673128,0.0,0.33440399169921875,0.0,0.0,0.0,0.0,0.0,0.0,0.014362011104822159,0.0,0.014362011104822159,0.0,1128.0,-4.599999904632568,0.014362011104822159,0.18437528610229492,0.9958186745643616,0.7513177394866943
23.97907829284668,173.54385375976562,6.524232387542725,0.0,0.0,0.0,0.0,0.0,-0.0,0.0,4.833785683768136,3.7623571123395645,0.0,0.24729099869728088,0.0,0.0,0.0,0.0,0.0,0.0,0.010440980084240437,0.0,0.010440980084240437,0.0,1129.0,-4.599999904632568,0.010440980084240437,0.043427348136901855,0.9959827065467834,0.6279146075248718
23.97989845275879,172.87261962890625,6.261053085327148,0.0,0.0,0.0,0.0,0.0,-0.0,0.0,4.792785726274762,3.7213571548461912,0.0,0.21376900374889374,0.0,0.0,0.0,0.0,0.0,0.0,0.0,0.0,0.0,0.0,1130.0,-4.599999904632568,0.0,0.03780674934387207,0.9958533048629761,0.6099694967269897
23.973148345947266,172.20138549804688,6.042740345001221,0.0,0.0,0.0,0.0,0.0,-0.0,0.0,4.748785713740757,3.67735721043178,0.0,0.1956239938735962,0.0,0.0,0.0,0.0,0.0,0.0,0.01094918604940176,0.0,0.01094918604940176,0.0,1131.0,-4.599999904632568,0.01094918604940176,0.021691441535949707,0.994842529296875,0.4468839764595032
23.974197387695312,171.5301513671875,5.8317766189575195,0.0,0.0,0.0,0.0,0.0,-0.0,0.0,4.7086428369794575,3.63721433367048,0.0,0.1819709986448288,0.0,0.0,0.0,0.0,0.0,0.0,0.0,0.0,0.0,0.0,1132.0,-4.599999904632568,0.0,0.018058478832244873,0.9937701225280762,0.30691707134246826
23.966405868530273,170.85891723632812,5.645922660827637,0.0,0.0,0.0,0.0,0.0,-0.0,0.0,4.674142851148333,3.6027142116001674,0.0,0.17693200707435608,0.0,0.0,0.0,0.0,0.0,0.0,0.0,0.0,0.0,0.0,1133.0,-4.599999904632568,0.0,0.027650028467178345,0.9922856092453003,0.2220853567123413
23.95859718322754,170.18768310546875,5.465216159820557,0.0,0.0,0.0,0.0,0.0,-0.0,0.0,4.644214303152902,3.57278573172433,0.012350000441074371,0.17205500602722168,0.0,0.0,0.0,0.0,0.0,0.0,0.0,0.0,0.0,0.0,1134.0,-4.599999904632568,0.0,0.05701953172683716,0.9898760318756104,0.18762117624282837
23.94771385192871,169.51644897460938,5.289491176605225,0.0,0.0,0.0,0.0,0.02905659250868088,-0.0,0.0,4.722642844063895,3.6512142726353236,0.20914900302886963,0.0,0.0,0.0,0.3228510022163391,0.0,0.0,0.0,0.0,0.0,0.0,0.0,1135.0,-4.599999904632568,0.0,0.2406844198703766,0.9829311966896057,0.17854130268096924
23.938865661621094,168.84521484375,5.289332389831543,0.0,0.0,0.0,0.0,0.0,-0.0,0.0,4.81928574698312,3.747857175554548,0.3046970069408417,0.0,0.0,1.711425886084612,0.0,0.0,0.0,0.0,0.0,0.0,0.0,0.0,1136.0,1.8543028831481934,0.0,0.8450302481651306,0.9422270059585571,0.18782147765159607
23.928998947143555,168.17398071289062,7.000548362731934,0.0,0.0,0.0,0.0,0.11375140710866295,-0.0,0.0,4.922357095990862,3.8509285245622906,0.34531301259994507,0.0,0.0,2.3201327323913574,1.2639044229834875,0.0,0.0,0.0,0.0,0.0,0.0,0.0,1137.0,2.3201327323913574,0.0,0.9320651292800903,0.8539090752601624,0.31169939041137695
23.921892166137695,167.50274658203125,9.320401191711426,0.0,0.0,0.0,0.0,0.4796014976184741,-0.0,0.0,5.061142866952078,3.989714295523507,0.3511449992656708,0.0,0.0,0.0,5.32890510559082,0.0,0.0,0.0,0.0,0.0,0.0,0.0,1138.0,-4.599999904632568,0.0,0.9310310482978821,0.5533203482627869,0.734610915184021
23.915142059326172,166.83151245117188,9.320121765136719,0.0,0.0,0.0,0.0,0.5766623521675521,-0.0,0.0,5.167214339120047,4.095785767691476,0.3517889976501465,0.0,0.0,0.0,6.407358959317207,0.13690201938152313,0.0,0.0,0.0,0.0,0.0,0.13690201938152313,1139.0,-4.599999904632568,-0.13690201938152313,0.8931105732917786,0.27705854177474976,0.9807231426239014
23.90839195251465,176.91378784179688,9.319842338562012,0.0,0.0,0.0,0.0,0.6602367730626848,-0.0,0.0,5.238357080732073,4.166928509303501,0.34043800830841064,0.0,0.0,0.0,7.335963562130928,0.04424826800823212,0.0,0.0,0.0,0.0,0.0,0.04424826800823212,1140.0,-4.599999904632568,-0.04424826800823212,0.8063043355941772,0.1407526135444641,0.9986281394958496
23.901641845703125,179.77857971191406,9.319562911987305,0.0,0.0,0.0,0.0,0.6941717859040842,-0.0,0.0,5.292428507123675,4.220999935695103,0.35224100947380066,0.0,0.0,0.0,7.713019230403006,0.010690352879464626,0.0,0.0,0.0,0.0,0.0,0.010690352879464626,1141.0,-4.599999904632568,-0.010690352879464626,0.6878751516342163,0.0892583429813385,0.999841570854187
23.8948917388916,179.9727325439453,9.319283485412598,0.0,0.0,0.0,0.0,0.6727269778829367,-0.0,0.0,5.3262857164655415,4.25485714503697,0.36559998989105225,0.0,0.0,0.0,7.474743604660034,0.10070633888244629,0.0,0.0,0.0,0.0,0.0,0.10070633888244629,1142.0,-4.599999904632568,-0.10070633888244629,0.5578249096870422,0.06966608762741089,0.99998539686203
23.888141632080078,179.99574279785156,9.31900405883789,0.0,0.0,0.0,0.0,0.6320604159085257,-0.0,0.0,5.348571450369699,4.277142878941127,0.3500570058822632,0.0,0.0,0.0,7.022892951965332,0.0,0.0,0.0,0.0,0.0,0.0,0.0,1143.0,-4.599999904632568,-0.00818643905222416,0.3096964955329895,0.06912702322006226,0.9999871253967285
23.881391525268555,179.3245086669922,9.318724632263184,0.0,0.0,0.0,0.0,0.5321460821757059,-0.0,0.0,5.3617856979370115,4.29035712650844,0.36090201139450073,0.0,0.0,0.0,5.912733776494861,0.01631428487598896,0.0,0.0,0.0,0.0,0.0,0.01631428487598896,1144.0,-4.599999904632568,-0.01631428487598896,0.1797063946723938,0.09246861934661865,0.999984622001648
23.87464141845703,179.99562072753906,9.318445205688477,0.0,0.0,0.0,0.0,0.399722517309387,-0.0,0.0,5.349428531101772,4.277999959673201,0.35043901205062866,0.0,0.0,0.0,4.441360950469971,0.0,0.0,0.0,0.0,0.0,0.0,0.0,1145.0,-4.599999904632568,0.0,0.0913388729095459,0.16423583030700684,0.999951183795929
23.867891311645508,179.3243865966797,9.31816577911377,0.0,0.0,0.0,0.0,0.24491539038666096,-0.0,0.0,5.297857093811035,4.226428522382464,0.42738398909568787,0.0,0.0,0.0,2.721281899139285,0.01578413136303425,0.0,0.0,0.0,0.0,0.0,0.01578413136303425,1146.0,-4.599999904632568,-0.01578413136303425,0.14264518022537231,0.4256373643875122,0.999590277671814
23.861141204833984,179.93252563476562,9.317886352539062,0.0,0.0,0.0,0.0,0.07459856864599897,-0.0,0.0,5.207642909458706,4.136214338030134,0.5543270111083984,0.0,0.0,0.0,0.8288729190826416,0.0,0.0,0.0,0.0,0.0,0.0,0.0,1147.0,-4.599999904632568,0.0,0.5393470525741577,0.8457733988761902,0.9944146275520325
23.85439109802246,179.26129150390625,9.317606925964355,0.0,0.0,0.0,0.0,0.0,-0.0,0.0,5.068642834254673,3.997214262826102,0.41990000009536743,0.08509200811386108,0.0,0.0,0.0,0.0,0.0,0.0,0.0,0.0,0.0,0.0,1148.0,-4.599999904632568,0.0,0.5025355815887451,0.9673857688903809,0.98752361536026
23.847640991210938,178.59005737304688,9.230501174926758,0.0,0.0,0.0,0.0,0.0,-0.0,0.0,4.944857134137835,3.8734285627092633,0.0,0.4278999865055084,0.0,0.0,0.0,0.0,0.0,0.0,0.15830378234386444,0.0,0.15830378234386444,0.0,1149.0,-4.599999904632568,0.15830378234386444,0.33133015036582947,0.9916646480560303,0.9791952967643738
23.958309173583984,177.9188232421875,8.632075309753418,0.0,0.0,0.0,0.0,0.0,-0.0,0.0,4.909357152666364,3.837928581237793,0.0,0.4082370102405548,0.0,0.0,0.0,0.0,0.0,0.0,0.03422560542821884,0.0,0.03422560542821884,0.0,1150.0,-4.599999904632568,0.03422560542821884,0.38196688890457153,0.9953556060791016,0.951144814491272
23.976762771606445,177.24758911132812,8.180337905883789,0.0,0.0,0.0,0.0,0.0,-0.0,0.0,4.887857110159738,3.8164285387311665,0.0,0.4089680016040802,0.0,0.0,0.0,0.0,0.0,0.0,0.015010741539299488,0.0,0.015010741539299488,0.0,1151.0,-4.599999904632568,0.015010741539299488,0.3926485776901245,0.9962067008018494,0.8875778913497925
23.98101806640625,176.57635498046875,7.747474193572998,0.0,0.0,0.0,0.0,0.0,-0.0,0.0,4.868285669599261,3.796857098170689,0.0,0.33440399169921875,0.0,0.0,0.0,0.0,0.0,0.0,0.014065491035580635,0.0,0.014065491035580635,0.0,1152.0,-4.599999904632568,0.014065491035580635,0.12824130058288574,0.9969107508659363,0.8185099363327026
23.984539031982422,175.90512084960938,7.391671657562256,0.0,0.0,0.0,0.0,0.0,-0.0,0.0,4.851428522382464,3.779999950953892,0.0,0.24729099869728088,0.0,0.0,0.0,0.0,0.0,0.0,0.01175021007657051,0.0,0.01175021007657051,0.0,1153.0,-4.599999904632568,0.01175021007657051,0.02572682499885559,0.9972711801528931,0.713233232498169
23.986339569091797,175.23388671875,7.127130031585693,0.0,0.0,0.0,0.0,0.0,-0.0,0.0,4.842571476527622,3.7711429050990515,0.0,0.21376900374889374,0.0,0.0,0.0,0.0,0.0,0.0,0.0,0.0,0.0,0.0,1154.0,-4.599999904632568,0.009973024018108845,0.018872827291488647,0.9973698854446411,0.7066041827201843
23.979589462280273,174.56265258789062,6.9087910652160645,0.0,0.0,0.0,0.0,0.0,-0.0,0.0,4.837285668509347,3.7658570970807754,0.0,0.1956239938735962,0.0,0.0,0.0,0.0,0.0,0.0,0.01565660536289215,0.0,0.01565660536289215,0.0,1155.0,-4.599999904632568,0.01565660536289215,0.009512990713119507,0.9968430995941162,0.5416180491447449
23.98419952392578,173.89141845703125,6.692997932434082,0.0,0.0,0.0,0.0,0.0,-0.0,0.0,4.836928585597446,3.7655000141688757,0.0,0.1819709986448288,0.0,0.0,0.0,0.0,0.0,0.0,0.0,0.0,0.0,0.0,1156.0,-4.599999904632568,0.0,0.007211565971374512,0.9961451292037964,0.3871587812900543
23.977445602416992,173.22018432617188,6.507118225097656,0.0,0.0,0.0,0.0,0.0,-0.0,0.0,4.839499964032854,3.768071392604283,0.0,0.17693200707435608,0.0,0.0,0.0,0.0,0.0,0.0,0.0,0.0,0.0,0.0,1157.0,-4.599999904632568,0.0,0.02053922414779663,0.988922119140625,0.20250087976455688
23.785816192626953,172.5489501953125,6.326385498046875,0.0,0.0,0.0,0.0,0.0,-0.0,0.0,4.847428539821079,3.7759999683925085,0.0,0.18440499901771545,0.0,0.0,0.0,0.0,0.0,0.0,0.2540610730648041,0.0,0.2540610730648041,0.0,1158.0,-4.599999904632568,0.2540610730648041,0.02269035577774048,0.9927582740783691,0.2282659113407135
23.963775634765625,171.87771606445312,5.8787946701049805,0.0,0.0,0.0,0.0,0.01152909012866731,-0.0,0.0,4.899285670689174,3.8278570992606027,0.20914900302886963,0.0,0.0,0.0,0.12810099124908447,0.0,0.0,0.0,0.0,0.0,0.0,0.0,1159.0,-4.599999904632568,0.0,0.09622812271118164,0.9882396459579468,0.20052087306976318
23.954952239990234,171.20648193359375,5.878618240356445,0.0,0.0,0.0,0.0,-0.015191710598934094,-0.0,0.0,4.961071368626186,3.8896427971976144,1.1133999824523926,0.0,0.05063903331756592,0.0,0.0,0.0,0.0,0.0,0.0,0.0,0.0,0.0,1160.0,0.007961034774780273,0.0,0.9291741847991943,0.9387941956520081,0.22282087802886963
23.948198318481445,137.45860290527344,5.87844181060791,0.0,0.0,0.0,0.0,0.04564158125624386,-0.0,0.0,5.058714267185756,3.9872856957571847,0.34531301259994507,0.0,0.0,1.6038269996643066,0.5071286403219677,0.0,0.0,0.0,0.0,0.0,0.0,0.0,1161.0,1.6038269996643066,0.0,0.7482239007949829,0.8960698843002319,0.2204720377922058
23.94144630432129,136.78736877441406,7.482044696807861,0.0,0.0,0.0,0.0,0.28577295667115366,-0.0,0.0,5.171000017438616,4.099571446010044,0.3511449992656708,0.0,0.0,0.0,3.1752548217773438,0.0,0.0,0.0,0.0,0.0,0.0,0.0,1162.0,-4.599999904632568,0.0,0.670201301574707,0.735490083694458,0.6981502771377563
23.934696197509766,128.3132781982422,7.481820583343506,0.0,0.0,0.0,0.0,0.3068438398316559,-0.0,0.0,5.236071395874023,4.164642824445452,0.3517889976501465,0.0,0.0,0.0,3.4093757271766663,0.5717849135398865,0.0,0.0,0.0,0.0,0.0,0.5717849135398865,1163.0,-4.599999904632568,-0.5717849135398865,0.5060226917266846,0.5055031776428223,0.9582008123397827
23.927946090698242,173.3102264404297,7.48159646987915,0.0,0.0,0.0,0.0,0.4954200075900537,-0.0,0.0,5.277785655430385,4.206357084001814,0.34043800830841064,0.0,0.0,0.0,5.504666313529015,0.07434560358524323,0.0,0.0,0.0,0.0,0.0,0.07434560358524323,1164.0,-4.599999904632568,-0.07434560358524323,0.5231377482414246,0.23110243678092957,0.9914896488189697
23.92119598388672,178.63641357421875,7.481372356414795,0.0,0.0,0.0,0.0,0.5440272312086581,-0.0,0.0,5.3017142977033345,4.230285726274763,0.35224100947380066,0.0,0.0,0.0,6.044746533036232,0.1466125100851059,0.0,0.0,0.0,0.0,0.0,0.1466125100851059,1165.0,-4.599999904632568,-0.1466125100851059,0.4674966335296631,0.12114518880844116,0.9996910095214844
23.914445877075195,179.94863891601562,7.4811482429504395,0.0,0.0,0.0,0.0,0.4618305606111314,-0.0,0.0,5.29457141331264,4.2231428418840675,0.36559998989105225,0.0,0.0,0.0,5.131450265645981,0.11649933457374573,0.0,0.0,0.0,0.0,0.0,0.11649933457374573,1166.0,-4.599999904632568,-0.11649933457374573,0.23141559958457947,0.1277063488960266,0.9997768402099609
23.907695770263672,179.96237182617188,7.480924129486084,0.0,0.0,0.0,0.0,0.2811683973605141,-0.0,0.0,5.2440713609967915,4.17264278956822,0.3500570058822632,0.0,0.0,0.0,3.1240930557250977,0.0,0.0,0.0,0.0,0.0,0.0,0.0,1167.0,-4.599999904632568,0.0,0.05730357766151428,0.26185929775238037,0.999514102935791
23.90094566345215,165.17056274414062,7.4807000160217285,0.0,0.0,0.0,0.0,0.11895079723602853,-0.0,0.0,5.180142893110003,4.108714321681431,0.36090201139450073,0.0,0.0,0.0,1.321675419807434,0.19177258014678955,0.0,0.0,0.0,0.0,0.0,0.19177258014678955,1168.0,-4.599999904632568,-0.19177258014678955,0.029120564460754395,0.5355672836303711,0.9975770711898804
23.894195556640625,179.61041259765625,7.480475902557373,0.0,0.0,0.0,0.0,0.07482468961276095,-0.0,0.0,5.160928535461426,4.089499964032854,0.35043901205062866,0.0,0.0,0.0,0.8313853740692139,0.17857575416564941,0.0,0.0,0.0,0.0,0.0,0.17857575416564941,1169.0,-4.599999904632568,-0.17857575416564941,0.0340140163898468,0.6717074513435364,0.9981136322021484
23.8874454498291,179.69625854492188,7.480251789093018,0.0,0.0,0.0,0.0,0.0425797254903891,-0.0,0.0,5.170714323861258,4.099285752432687,0.44839200377464294,0.0,0.0,0.0,0.4731080234050751,0.0,0.0,0.0,0.0,0.0,0.0,0.0,1170.0,-4.599999904632568,0.0,0.18073296546936035,0.8133531808853149,0.9940445423126221
23.880695343017578,171.70416259765625,7.480027675628662,0.0,0.0,0.0,0.0,0.0,-0.0,0.0,5.1542856488909035,4.082857077462332,0.41040000319480896,0.20447400212287903,0.0,0.0,0.0,0.0,0.0,0.0,0.19394069910049438,0.0,0.0,0.19394069910049438,1171.0,-4.599999904632568,-0.19394069910049438,0.7179102301597595,0.9057116508483887,0.9768452644348145
23.873945236206055,176.29331970214844,7.073269844055176,0.0,0.0,0.0,0.0,0.0,-0.0,0.0,5.114928599766323,4.043500028337752,0.11495000123977661,0.3900420069694519,0.0,0.0,0.0,0.0,0.0,0.0,0.0,0.0,0.0,0.0,1172.0,-4.599999904632568,0.0,0.7473166584968567,0.9643394947052002,0.959483802318573
23.86719512939453,175.62208557128906,6.675067901611328,0.0,0.0,0.0,0.0,0.0,-0.0,0.0,5.061857169015067,3.9904285975864955,0.0,0.4278999865055084,0.0,0.0,0.0,0.0,0.0,0.0,0.08624403923749924,0.0,0.08624403923749924,0.0,1173.0,-4.599999904632568,0.08624403923749924,0.6662101745605469,0.9851886034011841,0.9316339492797852
23.925928115844727,174.9508514404297,6.150246620178223,0.0,0.0,0.0,0.0,0.0,-0.0,0.0,5.040571430751255,3.969142859322684,0.0,0.4082370102405548,0.0,0.0,0.0,0.0,0.0,0.0,0.03937138617038727,0.0,0.03937138617038727,0.0,1174.0,-4.599999904632568,0.03937138617038727,0.7021918296813965,0.9897923469543457,0.8454416990280151
23.948945999145508,174.2796173095703,5.693332672119141,0.0,0.0,0.0,0.0,0.0,-0.0,0.0,5.0148571014404295,3.9434285300118583,0.0,0.4089680016040802,0.0,0.0,0.0,0.0,0.0,0.0,0.0,0.0,0.0,0.0,1175.0,-4.599999904632568,0.0,0.7028073072433472,0.9893217086791992,0.6935717463493347
23.942195892333984,173.60838317871094,5.27586030960083,0.0,0.0,0.0,0.0,0.0,-0.0,0.0,4.97978572845459,3.9083571570260185,0.0,0.33440399169921875,0.0,0.0,0.0,0.0,0.0,0.0,0.035521313548088074,0.0,0.035521313548088074,0.0,1176.0,-4.599999904632568,0.035521313548088074,0.00488048791885376,0.992398738861084,0.8087908625602722
23.961978912353516,120.21926879882812,4.898238658905029,0.0,0.0,0.0,0.0,0.0,-0.0,0.0,4.943928527832031,3.87249995640346,0.0,0.24729099869728088,0.0,0.0,0.0,0.0,0.0,0.0,0.04237862676382065,0.0,0.04237862676382065,0.0,1177.0,-4.599999904632568,0.04237862676382065,0.0041685402393341064,0.997334361076355,0.5618852972984314
23.986656188964844,119.54804229736328,4.602519512176514,0.0,0.0,0.0,0.0,0.0,-0.0,0.0,4.911500058855329,3.8400714874267576,0.0,0.21376900374889374,0.0,0.0,0.0,0.0,0.0,0.0,0.0,0.0,0.0,0.0,1178.0,-4.599999904632568,0.009462839923799038,0.0033294260501861572,0.9973787069320679,0.5498161315917969
23.97990608215332,118.87681579589844,4.384256362915039,0.0,0.0,0.0,0.0,0.0,-0.0,0.0,4.883428519112723,3.8119999476841517,0.0,0.1956239938735962,0.0,0.0,0.0,0.0,0.0,0.0,0.01580290123820305,0.0,0.01580290123820305,0.0,1179.0,-4.384124755859375,0.01580290123820305,0.001333087682723999,0.996949315071106,0.459291934967041
23.984731674194336,118.2055892944336,4.168389797210693,0.0,0.0,0.0,0.0,0.0,-0.0,0.0,4.865785680498395,3.794357109069824,0.0,0.1819709986448288,0.0,0.0,0.0,0.0,0.0,0.0,0.0,0.0,0.0,0.0,1180.0,-4.168264865875244,0.0,0.0008508265018463135,0.996140718460083,0.35127726197242737
23.977981567382812,117.53436279296875,3.9825856685638428,0.0,0.0,0.0,0.0,0.0,-0.0,0.0,4.852714347839355,3.781285776410784,0.0,0.17693200707435608,0.0,0.0,0.0,0.0,0.0,0.0,0.0,0.0,0.0,0.0,1181.0,-3.982466220855713,0.0,0.0015851259231567383,0.9941097497940063,0.23510780930519104
23.97123146057129,116.8631362915039,3.801928758621216,0.0,0.0,0.0,0.0,0.0,-0.0,0.0,4.843071474347796,3.771642902919224,0.0,0.19133099913597107,0.0,0.0,0.0,0.0,0.0,0.0,0.0,0.0,0.0,0.0,1182.0,-3.8018147945404053,0.0,0.007285892963409424,0.9744292497634888,0.11083590984344482
23.78166389465332,116.19190979003906,3.6065850257873535,0.0,0.0,0.0,0.0,0.0,-0.0,0.0,4.865928595406668,3.794500023978097,0.20914900302886963,0.0,0.0,0.0,0.0,0.06825098395347595,0.0,0.0,0.09861455857753754,0.0,0.1668655425310135,0.0,1183.0,-3.6064767837524414,0.1668655425310135,0.00955730676651001,0.9791375398635864,0.23192250728607178
23.895671844482422,100.77447509765625,3.505852699279785,0.0,0.0,0.0,0.0,0.0,-0.0,0.0,4.925714302062988,3.854285730634417,0.3046970069408417,0.0,0.0,0.0,0.0,0.6681029796600342,0.0,0.0,0.6165179014205933,0.0,0.0,1.2846208810806274,1184.0,-3.5057475566864014,-1.2846208810806274,0.033574819564819336,0.9464153051376343,0.837424635887146
23.8889217376709,153.98602294921875,2.87666654586792,0.0,0.0,0.0,0.0,0.0,-0.0,0.0,4.995999962942941,3.9245713915143696,0.34531301259994507,0.0,0.0,1.4854223445079242,0.0,0.0,0.0,0.0,0.0,0.0,0.0,0.0,1185.0,1.6136870384216309,0.0,0.6645733714103699,0.9153797030448914,0.13796961307525635
23.882171630859375,153.31478881835938,4.361958026885986,0.0,0.0,0.0,0.0,0.03624859027229886,-0.0,0.0,4.976214218139648,3.904785646711077,0.3511449992656708,0.0,0.0,0.8559741377830505,0.4027620821279989,0.0,0.0,0.0,0.0,0.0,0.0,0.0,1186.0,0.8559741377830505,0.0,0.5217902064323425,0.9261817336082458,0.28360652923583984
23.87542152404785,144.19781494140625,5.217775821685791,0.0,0.0,0.0,0.0,0.11770749669929263,-0.0,0.0,4.866428593226841,3.7950000217982702,0.3517889976501465,0.0,0.0,0.0,1.3078609704971313,0.0,0.0,0.0,0.0,0.0,0.0,0.0,1187.0,-4.599999904632568,0.0,0.44761592149734497,0.9013115167617798,0.3816761374473572
23.868671417236328,143.52658081054688,5.2176194190979,0.0,0.0,0.0,0.0,0.15600710558947692,-0.0,0.0,4.733928557804653,3.662500054495675,0.34043800830841064,0.0,0.0,0.0,1.7334121465682983,0.0,0.0,0.0,0.0,0.0,0.0,0.0,1188.0,-4.599999904632568,0.0,0.4106006622314453,0.8198564052581787,0.5600497722625732
23.861921310424805,142.8553466796875,5.21746301651001,0.0,0.0,0.0,0.0,0.16434981698590972,-0.0,0.0,4.570214353288923,3.4987857818603514,0.35224100947380066,0.0,0.0,0.0,1.8261089324951172,0.0,0.0,0.0,0.0,0.0,0.0,0.0,1189.0,-4.599999904632568,0.0,0.43540138006210327,0.7419161200523376,0.7194048762321472
23.85517120361328,142.18411254882812,5.217306613922119,0.0,0.0,0.0,0.0,0.09275780103665952,-0.0,0.0,4.46242858341762,3.3910001482282364,0.36559998989105225,0.0,0.0,0.0,1.0306421518325806,0.597807765007019,0.0,0.0,0.0,0.0,0.0,0.597807765007019,1190.0,-4.599999904632568,-0.597807765007019,0.4307970404624939,0.6808468103408813,0.9124253988265991
23.848421096801758,165.9861602783203,5.2171502113342285,0.0,0.0,0.0,0.0,0.12530187172109797,-0.0,0.0,4.399999972752163,3.328571537562779,0.3500570058822632,0.0,0.0,0.0,1.3922429084777832,0.0,0.0,0.0,0.0,0.0,0.0,0.0,1191.0,-4.599999904632568,0.0,0.4164937138557434,0.769605278968811,0.9007726907730103
23.841670989990234,165.31492614746094,5.216993808746338,0.0,0.0,0.0,0.0,0.06338264633541259,-0.0,0.0,4.356214196341378,3.2847856249128067,0.36090201139450073,0.0,0.0,0.4019164741039276,0.7042515699801415,0.05992763489484787,0.0,0.0,0.0,0.0,0.0,0.05992763489484787,1192.0,0.4019164741039276,-0.05992763489484787,0.5618880391120911,0.7772913575172424,0.9276299476623535
23.83492088317871,168.4188690185547,5.618741989135742,0.0,0.0,0.0,0.0,0.0,-0.0,0.0,4.3212857382638115,3.24985716683524,0.35043901205062866,0.0,0.0,0.0,0.0,0.7468109726905823,0.0,0.0,0.12594294548034668,0.0,0.0,0.872753918170929,1193.0,-4.599999904632568,-0.872753918170929,0.552731990814209,0.796567440032959,0.9849247336387634
23.828170776367188,177.58602905273438,5.4900641441345215,0.0,0.0,0.0,0.0,0.0,-0.0,0.0,4.292500032697405,3.2210714612688336,0.42738398909568787,0.0,0.0,0.21796769745189692,0.0,0.0,0.0,0.0,0.0,0.0,0.0,0.0,1194.0,0.2566160261631012,0.0,0.9424823522567749,0.9047805666923523,0.9211670756340027
23.821420669555664,176.914794921875,5.707860946655273,0.0,0.0,0.0,0.0,0.0,-0.0,0.0,4.2757856641496925,3.204357092721122,0.2916499972343445,0.26267701387405396,0.0,0.0,0.0,0.0,0.0,0.0,0.0,0.0,0.0,0.0,1195.0,-4.599999904632568,0.0,0.992763876914978,0.9394030570983887,0.8827161192893982
23.81467056274414,176.24356079101562,5.43966007232666,0.0,0.0,0.0,0.0,0.0,-0.0,0.0,4.260642950875418,3.189214379446847,0.05224999785423279,0.7090350389480591,0.0,0.0,0.0,0.0,0.0,0.0,0.0,0.0,0.0,0.0,1196.0,-4.599999904632568,0.0,0.9972632527351379,0.9383768439292908,0.7929725646972656
23.807920455932617,156.30274963378906,4.716013431549072,0.0,0.0,0.0,0.0,0.0,-0.0,0.0,4.254428536551339,3.1829999651227676,0.0,0.4278999865055084,0.0,0.0,0.0,0.0,0.0,0.0,0.07805886119604111,0.0,0.07805886119604111,0.0,1197.0,-4.599999904632568,0.07805886119604111,0.9824066162109375,0.9702000617980957,0.7337160706520081
23.850984573364258,142.6042938232422,4.199603080749512,0.0,0.0,0.0,0.0,0.0,-0.0,0.0,4.252999932425363,3.181571360996791,0.0,0.4082370102405548,0.0,0.0,0.0,0.0,0.0,0.0,0.0,0.0,0.0,0.0,1198.0,-4.199477195739746,0.0,0.989275336265564,0.9668444395065308,0.4722503423690796
23.844234466552734,141.9330596923828,3.782921314239502,0.0,0.0,0.0,0.0,0.0,-0.0,0.0,4.241857201712472,3.1704286302839004,0.0,0.4089680016040802,0.0,0.0,0.0,0.0,0.0,0.0,0.0,0.0,0.0,0.0,1199.0,-3.7828078269958496,0.0,0.9861348867416382,0.9516645073890686,0.2883886694908142
23.83748435974121,141.26182556152344,3.365506172180176,0.0,0.0,0.0,0.0,0.0,-0.0,0.0,4.225071443830218,3.153642872401646,0.0,0.33440399169921875,0.0,0.0,0.0,0.0,0.0,0.0,0.0,0.0,0.0,0.0,1200.0,-3.365405321121216,0.0,0.9484494924545288,0.9463838338851929,0.20341625809669495
23.830734252929688,140.59059143066406,3.024186849594116,0.0,0.0,0.0,0.0,0.0,-0.0,0.0,4.2099285943167555,3.1384998866489955,0.0,0.24729099869728088,0.0,0.0,0.0,0.0,0.0,0.0,0.0,0.0,0.0,0.0,1201.0,-3.0240962505340576,0.0,0.7607322931289673,0.949238121509552,0.1704135537147522
23.823984146118164,139.9193572998047,2.771765947341919,0.0,0.0,0.0,0.0,0.0,-0.0,0.0,4.198428508213588,3.1269999367850168,0.0,0.21376900374889374,0.0,0.0,0.0,0.0,0.0,0.0,0.0,0.0,0.0,0.0,1202.0,-2.7716827392578125,0.0,0.7072381973266602,0.9470264315605164,0.16101855039596558
23.81723403930664,139.2481231689453,2.553557872772217,0.0,0.0,0.0,0.0,0.0,-0.0,0.0,4.192142840794155,3.1207141331263952,0.0,0.1956239938735962,0.0,0.0,0.0,0.0,0.0,0.0,0.0,0.0,0.0,0.0,1203.0,-2.553481340408325,0.0,0.46831804513931274,0.9459807872772217,0.13453203439712524
23.810483932495117,138.57688903808594,2.3538708686828613,0.0,0.0,0.0,0.0,0.0,-0.0,0.0,4.1887142453874855,3.1172858101981027,0.0,0.1819709986448288,0.0,0.0,0.0,0.0,0.0,0.0,0.0,0.0,0.0,0.0,1204.0,-2.3538002967834473,0.0,0.2834949493408203,0.9460554122924805,0.11224886775016785
23.803733825683594,137.90565490722656,2.168121099472046,0.0,0.0,0.0,0.0,0.0,-0.0,0.0,4.184357179914202,3.1129286084856305,0.0,0.17693200707435608,0.0,0.0,0.0,0.0,0.0,0.0,0.0,0.0,0.0,0.0,1205.0,-2.168056011199951,0.0,0.20196375250816345,0.9498499631881714,0.09971857070922852
23.79698371887207,137.2344207763672,1.9875186681747437,0.0,0.0,0.0,0.0,0.0,-0.0,0.0,4.184428569248745,3.112999997820173,0.008549999445676804,0.17585499584674835,0.0,0.0,0.0,0.0,0.0,0.0,0.0,0.0,0.0,0.0,1206.0,-1.9874590635299683,0.0,0.22583311796188354,0.9541730880737305,0.09373205900192261
23.790233612060547,136.5631866455078,1.8080205917358398,0.0,0.0,0.0,0.0,0.0,-0.0,0.0,4.213357189723423,3.141928482055664,0.20914900302886963,0.0,0.0,0.3378069788398932,0.0,0.0,0.0,0.0,0.0,0.0,0.0,0.0,1207.0,0.3738510012626648,0.0,0.41234421730041504,0.9421427249908447,0.101236492395401
23.783483505249023,128.3671875,2.1457631587982178,0.0,0.0,0.0,0.0,0.0,-0.0,0.0,4.260928508213588,3.1894999367850168,0.3046970069408417,0.0,0.0,1.109068863519724,0.0,0.0,0.0,0.0,0.0,0.0,0.0,0.0,1208.0,1.2073029279708862,0.0,0.8344183564186096,0.8747169971466064,0.08473733067512512
23.776731491088867,127.69596099853516,3.254734516143799,0.0,0.0,0.0,0.0,0.0,-0.0,0.0,4.30814288003104,3.236714172363281,0.34531301259994507,0.0,0.0,2.3009781760775923,0.0,0.0,0.0,0.0,0.0,0.0,0.0,0.0,1209.0,2.489686965942383,0.0,0.9094346761703491,0.8369502425193787,0.1625986099243164
23.769981384277344,108.59153747558594,5.555546283721924,0.0,0.0,0.0,0.0,0.0,-0.0,0.0,4.361142785208566,3.289714213779994,0.3511449992656708,0.0,0.0,4.2000892026101155,0.0,0.0,0.0,0.0,0.0,0.0,0.0,0.0,1210.0,4.270153999328613,0.0,0.9825670719146729,0.6257302761077881,0.2832334637641907
23.76323127746582,100.0052261352539,9.755343437194824,0.0,0.0,0.0,0.0,0.40183090548972156,-0.0,0.0,4.406142861502511,3.3347142900739395,0.3517889976501465,0.0,0.0,0.08269067853689194,4.464787483945248,0.9187450408935547,0.0,0.0,0.0,0.0,0.0,0.9187450408935547,1211.0,0.08269067853689194,-0.9187450408935547,0.9838004112243652,0.4473830759525299,0.8630783557891846
23.756481170654297,158.0906219482422,9.837738990783691,0.0,0.0,0.0,0.0,0.5651772884917065,-0.0,0.0,4.443785749162946,3.372357177734375,0.34043800830841064,0.0,0.0,0.0,6.279747150838375,0.12006459385156631,0.0,0.0,0.0,0.0,0.0,0.12006459385156631,1212.0,-4.599999904632568,-0.12006459385156631,0.9790072441101074,0.29443609714508057,0.9074156284332275
23.749731063842773,165.1845703125,9.837444305419922,0.0,0.0,0.0,0.0,0.621909348321701,-0.0,0.0,4.490357208251953,3.4189286368233818,0.35224100947380066,0.0,0.0,0.0,6.9101033210754395,0.3984556198120117,0.0,0.0,0.0,0.0,0.0,0.3984556198120117,1213.0,-4.599999904632568,-0.3984556198120117,0.9787100553512573,0.15210455656051636,0.9958136081695557
23.74298095703125,179.3282470703125,9.837149620056152,0.0,0.0,0.0,0.0,0.7039660732278302,-0.0,0.0,4.526642881120954,3.4552143096923826,0.36559998989105225,0.0,0.0,0.0,7.821844636462629,0.01390546653419733,0.0,0.0,0.0,0.0,0.0,0.01390546653419733,1214.0,-4.599999904632568,-0.01390546653419733,0.9724401235580444,0.10246607661247253,0.9973772764205933
23.736230850219727,179.5784454345703,9.836854934692383,0.0,0.0,0.0,0.0,0.6532123871993153,-0.0,0.0,4.544357109069824,3.4729284014020645,0.40299201011657715,0.0,0.0,0.0,7.2579148365184665,0.013192837126553059,0.0,0.0,0.0,0.0,0.0,0.013192837126553059,1215.0,-4.599999904632568,-0.013192837126553059,0.9556896686553955,0.10225218534469604,0.9986739158630371
23.729480743408203,179.78590393066406,9.836560249328613,0.0,0.0,0.0,0.0,0.5642379263493235,-0.0,0.0,4.539857128688267,3.468428693498884,0.36090201139450073,0.0,0.0,0.0,6.2693097945302725,0.011238301172852516,0.0,0.0,0.0,0.0,0.0,0.011238301172852516,1216.0,-4.599999904632568,-0.011238301172852516,0.8868159055709839,0.13017809391021729,0.9991508722305298
23.72273063659668,179.86221313476562,9.836265563964844,0.0,0.0,0.0,0.0,0.41793398840697316,-0.0,0.0,4.51335710797991,3.4419285365513392,0.35043901205062866,0.0,0.0,0.0,4.643710613250732,0.0,0.0,0.0,0.0,0.0,0.0,0.0,1217.0,-4.599999904632568,0.0,0.7905015349388123,0.26719218492507935,0.9984492063522339
23.715980529785156,179.19097900390625,9.835970878601074,0.0,0.0,0.0,0.0,0.23305058170760218,-0.0,0.0,4.46778564453125,3.3963570731026786,0.42738398909568787,0.0,0.0,0.0,2.58945070207119,0.12671531736850739,0.0,0.0,0.0,0.0,0.0,0.12671531736850739,1218.0,-4.599999904632568,-0.12671531736850739,0.8588573336601257,0.6355329751968384,0.9953317046165466
23.709230422973633,179.2511444091797,9.835676193237305,0.0,0.0,0.0,0.0,0.08631207675235046,-0.0,0.0,4.409000069754464,3.3375714983258926,0.5543270111083984,0.0,0.0,0.0,0.9590229988098145,0.0,0.0,0.0,0.0,0.0,0.0,0.0,1219.0,-4.599999904632568,0.0,0.9654829502105713,0.8901416063308716,0.9800164699554443
23.70248031616211,178.5799102783203,9.835381507873535,0.0,0.0,0.0,0.0,0.0,-0.0,0.0,4.334999983651297,3.263571275983538,0.38759997487068176,0.11739203333854675,0.0,0.0,0.0,0.0,0.0,0.0,0.2985233962535858,0.0,0.2985233962535858,0.0,1220.0,-4.599999904632568,0.2985233962535858,0.9435559511184692,0.977972149848938,0.9729933738708496
23.88984489440918,169.38450622558594,9.410696029663086,0.0,0.0,0.0,0.0,0.0,-0.0,0.0,4.263571412222726,3.1921427045549664,0.0,0.4278999865055084,0.0,0.0,0.0,0.0,0.0,0.0,1.6200313568115234,0.0,0.0,1.6200313568115234,1221.0,-4.599999904632568,-1.6200313568115234,0.11618393659591675,0.9829464554786682,0.9941617250442505
23.883094787597656,179.06394958496094,7.320750713348389,0.0,0.0,0.0,0.0,0.0,-0.0,0.0,4.237642778669085,3.1662142072405133,0.0,1.1514149904251099,0.0,0.0,0.0,0.0,0.0,0.0,0.0,0.0,0.0,0.0,1222.0,-4.599999904632568,0.0,0.9994527101516724,0.8523114919662476,0.5612648129463196
23.876344680786133,158.5963897705078,6.145653247833252,0.0,0.0,0.0,0.0,0.0,-0.0,0.0,4.233928625924246,3.162500054495675,0.0,0.4089680016040802,0.0,0.0,0.0,0.0,0.0,0.0,0.09065714478492737,0.0,0.09065714478492737,0.0,1223.0,-4.599999904632568,0.09065714478492737,0.9634460210800171,0.9854367971420288,0.6489619612693787
23.927169799804688,157.92515563964844,5.63566255569458,0.0,0.0,0.0,0.0,0.0,-0.0,0.0,4.236071395874023,3.164642824445452,0.0,0.33440399169921875,0.0,0.0,0.0,0.0,0.0,0.0,0.0500425323843956,0.0,0.0500425323843956,0.0,1224.0,-4.599999904632568,0.0500425323843956,0.031292349100112915,0.9904463291168213,0.7372608184814453
23.95221710205078,95.4100570678711,5.243213176727295,0.0,0.0,0.0,0.0,0.0,-0.0,0.0,4.23978568485805,3.16835697719029,0.0,0.24729099869728088,0.0,0.0,0.0,0.0,0.0,0.0,0.4855736792087555,0.0,0.0,0.4855736792087555,1225.0,-4.599999904632568,-0.4855736792087555,0.00927358865737915,0.9963973164558411,0.6062871813774109
23.945466995239258,117.0040283203125,4.495257377624512,0.0,0.0,0.0,0.0,0.0,-0.0,0.0,5.041357122148786,3.9699285507202147,0.0,0.18981599807739258,0.0,0.0,0.0,0.0,0.0,0.0,0.04791321977972984,0.0,0.04791321977972984,0.0,1226.0,-4.49512243270874,0.04791321977972984,0.0010111033916473389,0.9949927926063538,0.42648035287857056
23.97494888305664,116.33280181884766,4.252549171447754,0.0,0.0,0.0,0.0,0.0,-0.0,0.0,5.0664285387311665,3.994999967302595,0.0,0.17299799621105194,0.0,0.0,0.0,0.0,0.0,0.0,0.0,0.0,0.0,0.0,1227.0,-4.252421855926514,0.009780840948224068,0.0002669394016265869,0.9951292872428894,0.4431335926055908
23.968198776245117,115.66157531738281,4.075898170471191,0.0,0.0,0.0,0.0,0.0,-0.0,0.0,5.033142852783203,3.9617142813546318,0.0,0.16041800379753113,0.0,0.0,0.0,0.0,0.0,0.0,0.017283201217651367,0.0,0.017283201217651367,0.0,1228.0,-4.075776100158691,0.017283201217651367,6.124377250671387e-5,0.9949023127555847,0.49547499418258667
23.974496841430664,107.46778106689453,3.894453763961792,0.0,0.0,0.0,0.0,0.0,-0.0,0.0,4.9878570829118996,3.9164285114833284,0.0,0.15603700280189514,0.0,0.0,0.0,0.0,0.0,0.0,0.0,0.0,0.0,0.0,1229.0,-3.8943369388580322,0.0,0.00013327598571777344,0.9913918972015381,0.335612416267395
23.96774673461914,106.79655456542969,3.7351202964782715,0.0,0.0,0.0,0.0,0.0,-0.0,0.0,4.951714324951172,3.8802857535226005,0.0,0.16227200627326965,0.0,0.0,0.0,0.0,0.0,0.0,0.0,0.0,0.0,0.0,1230.0,-3.7350082397460938,0.0,0.00032585859298706055,0.9855670928955078,0.2728976011276245
23.960996627807617,106.12532806396484,3.569429636001587,0.0,0.0,0.0,0.0,0.008893979153551945,-0.0,0.0,4.950428635733468,3.879000064304897,0.18522800505161285,0.0,0.0,0.0,0.0988219827413559,0.0,0.0,0.0,0.0,0.0,0.0,0.0,1231.0,-3.5693225860595703,0.0,0.0023103058338165283,0.9706716537475586,0.23375558853149414
23.954246520996094,105.4541015625,3.5693225860595703,0.0,0.0,0.0,0.0,0.10382103433776126,-0.0,0.0,4.983428628104074,3.9120000566755024,0.2752330005168915,0.0,0.0,0.0,1.1535669565200806,0.0,0.0,0.0,0.0,0.0,0.0,0.0,1232.0,-3.5692155361175537,0.0,0.1425025761127472,0.895827054977417,0.1914536952972412
23.94749641418457,104.78287506103516,3.5692155361175537,0.0,0.0,0.0,0.0,0.28291655404699145,-0.0,0.0,5.078000014168875,4.006571442740304,0.30973300337791443,0.0,0.0,0.0,3.143517017364502,0.0,0.0,0.0,0.0,0.0,0.0,0.0,1233.0,-3.569108486175537,0.0,0.3242950439453125,0.7247653007507324,0.48273977637290955
23.940746307373047,104.11164855957031,3.569108486175537,0.0,0.0,0.0,0.0,0.36774734320221913,-0.0,0.0,5.1970000403268,4.125571468898228,0.31333601474761963,0.0,0.0,0.0,4.086081266403198,0.9462325572967529,0.0,0.0,0.0,0.0,0.0,0.9462325572967529,1234.0,-3.5690014362335205,-0.9462325572967529,0.26718586683273315,0.5870236754417419,0.9894276857376099
23.933996200561523,178.3065185546875,3.5690014362335205,0.0,0.0,0.0,0.0,0.5125677010330297,-0.0,0.0,5.297857093811035,4.226428522382464,0.3127540051937103,0.0,0.0,0.6534144282341003,5.695196225531236,0.0,0.0,0.0,0.0,0.0,0.0,0.0,1235.0,0.6534144282341003,0.0,0.4222385883331299,0.32857733964920044,0.9587818384170532
23.92724609375,177.63528442382812,4.222289085388184,0.0,0.0,0.0,0.0,0.63385712326424,-0.0,0.0,5.391500009809222,4.3200714383806496,0.302280992269516,0.0,0.0,0.0,7.042856365442276,0.12851271033287048,0.0,0.0,0.0,0.0,0.0,0.12851271033287048,1236.0,-4.22216272354126,-0.12851271033287048,0.2784644365310669,0.1694360375404358,0.9994421005249023
23.933996200561523,179.9088134765625,4.22216272354126,0.0,0.0,0.0,0.0,0.6602447700694983,-0.0,0.0,5.462142889840262,4.390714318411691,0.3123970031738281,0.0,0.0,0.0,7.336052417755127,0.0,0.0,0.0,0.0,0.0,0.0,0.0,1237.0,-4.222036361694336,-0.008743016980588436,0.14992576837539673,0.10898494720458984,0.9998481869697571
23.940746307373047,179.23757934570312,4.222036361694336,0.0,0.0,0.0,0.0,0.6008157341085433,-0.0,0.0,5.497285652160644,4.425857080732073,0.32420599460601807,0.0,0.0,0.0,6.675729848444462,0.01676454395055771,0.0,0.0,0.0,0.0,0.0,0.01676454395055771,1238.0,-4.221909999847412,-0.01676454395055771,0.0642884373664856,0.0920780599117279,0.9999451637268066
23.94749641418457,179.9893035888672,4.221909999847412,0.0,0.0,0.0,0.0,0.5583556237503362,-0.0,0.0,5.514785712105887,4.443357140677316,0.31019899249076843,0.0,0.0,0.0,6.203950881958008,0.0,0.0,0.0,0.0,0.0,0.0,0.0,1239.0,-4.221783638000488,-0.007930522784590721,0.03405401110649109,0.0818156898021698,0.9999736547470093
23.954246520996094,179.3180694580078,4.221783638000488,0.0,0.0,0.0,0.0,0.38353776767715275,-0.0,0.0,5.501999936785016,4.430571365356445,0.36660000681877136,0.0,0.0,0.0,4.261530413292348,0.015469537116587162,0.0,0.0,0.0,0.0,0.0,0.015469537116587162,1240.0,-4.2216572761535645,-0.015469537116587162,0.019143223762512207,0.1420467495918274,0.999769926071167
23.960996627807617,179.96127319335938,4.2216572761535645,0.0,0.0,0.0,0.0,0.2688570999190874,-0.0,0.0,5.480142811366489,4.408714239937918,0.31014901399612427,0.0,0.0,0.0,2.9873008728027344,0.0,0.0,0.0,0.0,0.0,0.0,0.0,1241.0,-4.221530914306641,0.0,0.010578036308288574,0.2774600386619568,0.9995326399803162
23.96774673461914,170.00457763671875,4.221530914306641,0.0,0.0,0.0,0.0,0.18856638842355228,-0.0,0.0,5.458571379525321,4.387142808096749,0.37898901104927063,0.0,0.0,0.0,2.095181927084923,0.12027908861637115,0.0,0.0,0.0,0.0,0.0,0.12027908861637115,1242.0,-4.221404552459717,-0.12027908861637115,0.052483707666397095,0.48262423276901245,0.9965946674346924
23.974496841430664,179.45321655273438,4.221404552459717,0.0,0.0,0.0,0.0,0.09015444875990894,-0.0,0.0,5.4365714754377095,4.365142904009138,0.4945339858531952,0.0,0.0,0.0,1.0017160177230835,0.0,0.0,0.0,0.0,0.0,0.0,0.0,1243.0,-4.221278190612793,0.0,0.2226930856704712,0.6442151069641113,0.9919038414955139
23.981246948242188,134.35867309570312,4.221278190612793,0.0,0.0,0.0,0.0,-0.03872760837187794,-0.0,0.0,5.353928511483328,4.282499940054757,0.4469499886035919,0.0,0.0,0.0,0.0,0.07650002837181091,0.1290920227766037,0.0,0.0,0.0,0.0,0.2055920511484146,1244.0,0.10405001044273376,-0.2055920511484146,0.4977048337459564,0.9176239967346191,0.8160911798477173
23.974496841430664,150.57266235351562,4.221151828765869,0.0,0.0,0.0,0.0,0.0,-0.0,0.0,5.261500031607492,4.19007146017892,0.0,0.3757930099964142,0.0,0.0,0.0,0.0,0.0,0.0,0.0,0.0,0.0,0.0,1245.0,-4.221025466918945,0.0,0.31888389587402344,0.9578390121459961,0.6897833943367004
23.96774673461914,140.507080078125,3.8375744819641113,0.0,0.0,0.0,0.0,0.0,-0.0,0.0,5.3079285757882255,4.2365000043596535,0.0,0.3578689992427826,0.0,0.0,0.0,0.0,0.0,0.0,0.0,0.0,0.0,0.0,1246.0,-3.8374593257904053,0.0,0.3198087811470032,0.9699240922927856,0.37474915385246277
23.960996627807617,139.83584594726562,3.4722979068756104,0.0,0.0,0.0,0.0,0.0,-0.0,0.0,5.293857111249651,4.222428539821079,0.0,0.3620469868183136,0.0,0.0,0.0,0.0,0.0,0.0,1.2962250709533691,0.0,0.0,1.2962250709533691,1247.0,-3.472193717956543,-1.2962250709533691,0.00019246339797973633,0.845371663570404,0.9440257549285889
23.954246520996094,171.04220581054688,1.7801302671432495,0.0,0.0,0.0,0.0,0.0,-0.0,0.0,5.194857134137835,4.123428562709263,0.0,0.3013469874858856,0.0,0.0,0.0,0.0,0.0,0.0,0.0,0.0,0.0,0.0,1248.0,-1.7800768613815308,0.0,0.8320082426071167,0.672101616859436,0.0857568085193634
23.94749641418457,170.3709716796875,1.4725892543792725,0.0,0.0,0.0,0.0,0.0,-0.0,0.0,5.12064288003104,4.049214308602469,0.0,0.2221280038356781,0.0,0.0,0.0,0.0,0.0,0.0,0.0,0.0,0.0,0.0,1249.0,-1.4725451469421387,0.0,0.6469681262969971,0.6442607641220093,0.0839618444442749
23.940746307373047,169.69973754882812,1.2458906173706055,0.0,0.0,0.0,0.0,0.0,-0.0,0.0,5.070214353288923,3.9987857818603514,0.0,0.18981599807739258,0.0,0.0,0.0,0.0,0.0,0.0,0.0,0.0,0.0,0.0,1250.0,-1.245853304862976,0.0,0.6417018175125122,0.6080644726753235,0.07818931341171265
23.933996200561523,169.02850341796875,1.0521693229675293,0.0,0.0,0.0,0.0,0.0,-0.0,0.0,5.044500023978097,3.973071452549526,0.0,0.17299799621105194,0.0,0.0,0.0,0.0,0.0,0.0,0.0,0.0,0.0,0.0,1251.0,-1.0521377325057983,0.0,0.5047095417976379,0.5463616251945496,0.08594405651092529
23.92724609375,168.35726928710938,0.8756145238876343,0.0,0.0,0.0,0.0,0.0,-0.0,0.0,5.029642868041992,3.958214296613421,0.0,0.16041800379753113,0.0,0.0,0.0,0.0,0.0,0.0,0.0,0.0,0.0,0.0,1252.0,-0.8755882978439331,0.0,0.31375452876091003,0.5566525459289551,0.09030506014823914
23.920495986938477,167.68603515625,0.7119013667106628,0.0,0.0,0.0,0.0,0.0,-0.0,0.0,4.996999958583286,3.925571387154715,0.0,0.15603700280189514,0.0,0.0,0.0,0.0,0.0,0.0,0.0,0.0,0.0,0.0,1253.0,-0.7118800282478333,0.0,0.20523393154144287,0.6418857574462891,0.0946090817451477
23.913745880126953,167.01480102539062,0.5526633858680725,0.0,0.0,0.0,0.0,0.0,-0.0,0.0,4.970214244297573,3.898785672869001,0.05130000039935112,0.11097200214862823,0.0,0.0,0.0,0.0,0.0,0.0,0.0,0.0,0.0,0.0,1254.0,-0.552646815776825,0.0,0.14447855949401855,0.7718528509140015,0.09930276870727539
23.90699577331543,166.34356689453125,0.43941348791122437,0.0,0.0,0.0,0.0,0.0,-0.0,0.0,5.036214229038784,3.964785657610212,0.18522800505161285,0.0,0.0,0.5753795938419728,0.0,0.0,0.0,0.0,0.0,0.0,0.0,0.0,1255.0,0.6277720332145691,0.0,0.12754708528518677,0.9116495847702026,0.11219966411590576
23.900245666503906,165.67233276367188,1.0147626399993896,0.0,0.0,0.0,0.0,0.0,-0.0,0.0,5.109000015258789,4.037571443830218,0.2752330005168915,0.0,0.0,1.7933677164071469,0.0,0.0,0.0,0.0,0.0,0.0,0.0,0.0,1256.0,1.8085062503814697,0.0,0.2823238968849182,0.9076586365699768,0.12861531972885132
23.893495559692383,165.0010986328125,2.8080461025238037,0.0,0.0,0.0,0.0,0.20856790272780582,-0.0,0.0,5.20514292035784,4.133714348929269,0.30973300337791443,0.0,0.0,0.5004822611808777,2.3174209572479905,0.0,0.0,0.0,0.0,0.0,0.0,0.0,1257.0,0.5004822611808777,0.0,0.330849826335907,0.8920429944992065,0.21521222591400146
23.88674545288086,164.32986450195312,3.30842924118042,0.0,0.0,0.0,0.0,0.20854927766714615,-0.0,0.0,5.259571429661342,4.188142858232771,0.31333601474761963,0.0,0.0,0.0,2.317214012145996,0.0,0.0,0.0,0.0,0.0,0.0,0.0,1258.0,-3.3083300590515137,0.0,0.10008329153060913,0.834031879901886,0.6668784618377686
23.879995346069336,137.41433715820312,3.3083300590515137,0.0,0.0,0.0,0.0,0.15643106362669104,-0.0,0.0,5.287500054495675,4.216071483067104,0.37045198678970337,0.0,0.0,0.0,1.7381227910518646,0.29872527718544006,0.0,0.0,0.0,0.0,0.0,0.29872527718544006,1259.0,-3.3082308769226074,-0.29872527718544006,0.04223951697349548,0.7619553804397583,0.7838823795318604
23.873245239257812,145.41925048828125,3.3082308769226074,0.0,0.0,0.0,0.0,0.17674861077456477,-0.0,0.0,5.319071442740304,4.247642871311733,0.302280992269516,0.0,0.0,0.0,1.9638732969760895,0.18484577536582947,0.0,0.0,0.0,0.0,0.0,0.18484577536582947,1260.0,-3.308131694793701,-0.18484577536582947,0.009301453828811646,0.7285343408584595,0.873798131942749
23.86649513244629,159.8057861328125,3.308131694793701,0.0,0.0,0.0,0.0,0.1283697021698709,-0.0,0.0,5.334499985831124,4.263071414402553,0.3123970031738281,0.0,0.0,0.0,1.4263299107551575,0.11947304010391235,0.0,0.0,0.0,0.0,0.0,0.11947304010391235,1261.0,-3.308032512664795,-0.11947304010391235,0.0037210583686828613,0.7296009063720703,0.9306515455245972
23.859745025634766,168.90232849121094,3.308032512664795,0.0,0.0,0.0,0.0,0.12545981562314892,-0.0,0.0,5.3361428941999165,4.264714322771345,0.32420599460601807,0.0,0.0,0.0,1.3939978405833244,0.08489615470170975,0.0,0.0,0.0,0.0,0.0,0.08489615470170975,1262.0,-3.3079333305358887,-0.08489615470170975,0.0032225847244262695,0.6666392683982849,0.9698535203933716
23.852994918823242,175.1746368408203,3.3079333305358887,0.0,0.0,0.0,0.0,0.13511222564575812,-0.0,0.0,5.339571489606585,4.268142918178013,0.31019899249076843,0.0,0.0,0.0,1.5012468323111534,0.040104128420352936,0.0,0.0,0.0,0.0,0.0,0.040104128420352936,1263.0,-3.3078341484069824,-0.040104128420352936,0.003831207752227783,0.593149721622467,0.9861751198768616
23.84624481201172,177.78610229492188,3.3078341484069824,0.0,0.0,0.0,0.0,0.12230497908470307,-0.0,0.0,5.346642848423549,4.275214276994978,0.3201960027217865,0.0,0.0,0.0,1.35894410405308,0.012809826992452145,0.0,0.0,0.0,0.0,0.0,0.012809826992452145,1264.0,-3.307734966278076,-0.012809826992452145,0.007437586784362793,0.5822281241416931,0.9885441660881042
23.839494705200195,178.16514587402344,3.307734966278076,0.0,0.0,0.0,0.0,0.11623958796179938,-0.0,0.0,5.362642914908273,4.291214343479702,0.31014901399612427,0.0,0.0,0.0,1.291550874710083,0.0,0.0,0.0,0.0,0.0,0.0,0.0,1265.0,-3.30763578414917,0.0,0.015393942594528198,0.5957369208335876,0.9885162115097046
23.84624481201172,177.49391174316406,3.30763578414917,0.0,0.0,0.0,0.0,0.0689184970790937,-0.0,0.0,5.381071444920131,4.30964287349156,0.37898901104927063,0.0,0.0,0.0,0.7657610177993774,0.0,0.0,0.0,0.0,0.0,0.0,0.0,1266.0,-3.3075366020202637,0.0,0.11354145407676697,0.7233173847198486,0.9664245843887329
23.852994918823242,176.8226776123047,3.3075366020202637,0.0,0.0,0.0,0.0,0.0,-0.0,0.0,5.377142851693289,4.305714280264718,0.4945339858531952,0.0,0.0,0.05999164876872953,0.0,0.0,0.0,0.0,0.0,0.0,0.0,0.0,1267.0,0.09046599268913269,0.0,0.48320522904396057,0.8084306120872498,0.9116473197937012
23.859745025634766,158.2091064453125,3.367427349090576,0.0,0.0,0.0,0.0,0.0,-0.0,0.0,5.359428623744419,4.288000052315848,0.11495000123977661,0.3319999873638153,0.0,0.0,0.0,0.0,0.0,0.0,0.0,0.0,0.0,0.0,1268.0,-3.367326498031616,0.0,0.7794913649559021,0.9008873105049133,0.7008298635482788
23.852994918823242,157.53787231445312,3.0285611152648926,0.0,0.0,0.0,0.0,0.0,-0.0,0.0,5.352785737173898,4.281357165745327,0.0,0.3757930099964142,0.0,0.0,0.0,0.0,0.0,0.0,0.0,0.0,0.0,0.0,1269.0,-3.028470277786255,0.0,0.750433087348938,0.9203676581382751,0.4493020176887512
23.84624481201172,156.86663818359375,2.64501953125,0.0,0.0,0.0,0.0,0.0,-0.0,0.0,5.34549993787493,4.274071366446359,0.0,0.3578689992427826,0.0,0.0,0.0,0.0,0.0,0.0,0.0,0.0,0.0,0.0,1270.0,-2.644940137863159,0.0,0.6839509606361389,0.8873714804649353,0.21017572283744812
23.839494705200195,154.62896728515625,2.2797787189483643,0.0,0.0,0.0,0.0,0.0,-0.0,0.0,5.324214335850307,4.252785764421736,0.0,0.3620469868183136,0.0,0.0,0.0,0.0,0.0,0.0,0.0,0.0,0.0,0.0,1271.0,-2.279710292816162,0.0,0.5274671316146851,0.818649172782898,0.10193997621536255
23.832744598388672,147.9103240966797,1.9102857112884521,0.0,0.0,0.0,0.0,0.0,-0.0,0.0,5.287857137407575,4.216428565979004,0.0,0.3013469874858856,0.0,0.0,0.0,0.0,0.0,0.0,0.0,0.0,0.0,0.0,1272.0,-1.9102284908294678,0.0,0.375519335269928,0.8150526285171509,0.055601418018341064
23.82599449157715,147.2390899658203,1.60274076461792,0.0,0.0,0.0,0.0,0.0,-0.0,0.0,5.225500052315848,4.154071480887277,0.0,0.2221280038356781,0.0,0.0,0.0,0.0,0.0,0.0,0.0,0.0,0.0,0.0,1273.0,-1.602692723274231,0.0,0.14870917797088623,0.8094643950462341,0.05683010816574097
23.819244384765625,146.56785583496094,1.3760383129119873,0.0,0.0,0.0,0.0,0.0,-0.0,0.0,5.11792858668736,4.046500015258789,0.0,0.18981599807739258,0.0,0.0,0.0,0.0,0.0,0.0,0.0,0.0,0.0,0.0,1274.0,-1.3759970664978027,0.0,0.17877089977264404,0.7814204692840576,0.053483933210372925
23.8124942779541,145.89662170410156,1.182313084602356,0.0,0.0,0.0,0.0,0.0,-0.0,0.0,5.029142870221819,3.9577142987932477,0.0,0.30476298928260803,0.0,0.0,0.0,0.0,0.0,0.0,0.0,0.0,0.0,0.0,1275.0,-1.1822776794433594,0.0,0.5651606917381287,0.5886720418930054,0.056757211685180664
23.805744171142578,145.2253875732422,0.8713043332099915,0.0,0.0,0.0,0.0,0.0,-0.0,0.0,4.973428535461426,3.9019999640328544,0.0,0.16041800379753113,0.0,0.0,0.0,0.0,0.0,0.0,0.0,0.0,0.0,0.0,1276.0,-0.8712782263755798,0.0,0.08833539485931396,0.7029370665550232,0.08483701944351196
23.798994064331055,144.5541534423828,0.7075912952423096,0.0,0.0,0.0,0.0,0.0,-0.0,0.0,4.926785687037876,3.855357115609305,0.0,0.15603700280189514,0.0,0.0,0.0,0.0,0.0,0.0,0.0,0.0,0.0,0.0,1277.0,-0.7075700759887695,0.0,0.06079930067062378,0.7361574172973633,0.10534745454788208
23.791196823120117,143.88291931152344,0.5483534336090088,0.0,0.0,0.0,0.0,0.0,-0.0,0.0,4.893785694667271,3.8223571232386995,0.04179999977350235,0.1204720064997673,0.0,0.0,0.0,0.0,0.0,0.0,0.0,0.0,0.0,0.0,1278.0,-0.5483369827270508,0.0,0.024800270795822144,0.6985980272293091,0.14459967613220215
23.599559783935547,135.50827026367188,0.42541006207466125,0.0,0.0,0.0,0.0,0.020027062586912624,-0.0,0.0,4.9145714351109095,3.8431428636823384,0.18522800505161285,0.0,0.0,0.15993516147136688,0.22252289994783092,0.0,0.0,0.0,0.0,0.0,0.0,0.0,1279.0,0.15993516147136688,0.0,0.05853152275085449,0.8748213052749634,0.1297452747821808
23.59072494506836,134.8370361328125,0.585327684879303,0.0,0.0,0.0,0.0,0.0,-0.0,0.0,4.967499950953892,3.8960713795253206,0.2752330005168915,0.0,0.0,1.7579895695470213,0.0,0.0,0.0,0.0,0.0,0.0,0.0,0.0,1280.0,1.9027669429779053,0.0,0.29036763310432434,0.8268254995346069,0.14936771988868713
23.58084487915039,134.16580200195312,2.3432469367980957,0.0,0.0,0.0,0.0,0.0944157085727788,-0.0,0.0,5.0199999945504326,3.948571423121861,0.30973300337791443,0.0,0.0,2.613957405090332,1.0490633452143654,0.0,0.0,0.0,0.0,0.0,0.0,0.0,1281.0,2.613957405090332,0.0,0.4957174062728882,0.7178870439529419,0.3297955393791199
23.57200050354004,133.49456787109375,4.957055568695068,0.0,0.0,0.0,0.0,0.3086692672844244,-0.0,0.0,5.06499993460519,3.9935713631766183,0.31333601474761963,0.0,0.0,0.6352595686912537,3.4296582528177386,1.3553314208984375,0.0,0.0,0.0,0.0,0.0,1.3553314208984375,1282.0,0.6352595686912537,-1.3553314208984375,0.5592285394668579,0.4456620216369629,0.9998801946640015
23.564210891723633,179.97891235351562,5.592147350311279,0.0,0.0,0.0,0.0,0.37060643698625584,-0.0,0.0,5.114285687037876,4.042857115609305,0.3127540051937103,0.0,0.0,2.557649612426758,4.117848972590047,0.0,0.0,0.0,0.0,0.0,0.0,0.0,1283.0,2.557649612426758,0.0,0.814976692199707,0.3256065249443054,0.9998655319213867
23.557456970214844,123.0579605102539,8.149552345275879,0.0,0.0,0.0,0.0,0.6141429900441927,-0.0,0.0,5.16728572845459,4.0958571570260185,0.302280992269516,0.0,0.0,0.0,6.823810458183289,0.7332583665847778,0.0,0.0,0.0,0.0,0.0,0.7332583665847778,1284.0,-4.599999904632568,-0.7332583665847778,0.44853588938713074,0.3478403389453888,0.9999145269393921
23.550186157226562,179.98440551757812,8.149308204650879,0.0,0.0,0.0,0.0,0.7100913326018087,-0.0,0.0,5.218071474347796,4.146642902919224,0.3123970031738281,0.0,0.0,0.0,7.8899030685424805,0.0,0.0,0.0,0.0,0.0,0.0,0.0,1285.0,-4.599999904632568,0.0,0.45787134766578674,0.15053585171699524,0.9997243881225586
23.54343605041504,179.31317138671875,8.149064064025879,0.0,0.0,0.0,0.0,0.6847898383768238,-0.0,0.0,5.261642810276577,4.1902142388480055,0.32420599460601807,0.0,0.0,0.0,7.60877537727356,0.14866852760314941,0.0,0.0,0.0,0.0,0.0,0.14866852760314941,1286.0,-4.599999904632568,-0.14866852760314941,0.35042309761047363,0.12322020530700684,0.999982476234436
23.536685943603516,179.99526977539062,8.148819923400879,0.0,0.0,0.0,0.0,0.6465916384531339,-0.0,0.0,5.300142914908273,4.228714343479702,0.31019899249076843,0.0,0.0,0.0,7.184350967407227,0.0,0.0,0.0,0.0,0.0,0.0,0.0,1287.0,-4.599999904632568,-0.00827040895819664,0.14913445711135864,0.11199742555618286,0.9999792575836182
23.529935836791992,179.32403564453125,8.148575782775879,0.0,0.0,0.0,0.0,0.5445592091875614,-0.0,0.0,5.331214305332729,4.259785733904158,0.3201960027217865,0.0,0.0,0.0,6.050657398998737,0.11289631575345993,0.0,0.0,0.0,0.0,0.0,0.11289631575345993,1288.0,-4.599999904632568,-0.11289631575345993,0.08212867379188538,0.12382733821868896,0.9999901056289673
23.52318572998047,179.99649047851562,8.148331642150879,0.0,0.0,0.0,0.0,0.42874208996630225,-0.0,0.0,5.343428557259696,4.271999985831124,0.31014901399612427,0.0,0.0,0.0,4.763800621032715,0.0,0.0,0.0,0.0,0.0,0.0,0.0,1289.0,-4.599999904632568,0.0,0.03098362684249878,0.17596295475959778,0.9999728202819824
23.529935836791992,170.55276489257812,8.148087501525879,0.0,0.0,0.0,0.0,0.25450098607448507,-0.0,0.0,5.336999974931989,4.265571403503418,0.37898901104927063,0.0,0.0,0.0,2.827788509428501,0.12297257035970688,0.0,0.0,0.0,0.0,0.0,0.12297257035970688,1290.0,-4.599999904632568,-0.12297257035970688,0.032689452171325684,0.4232330024242401,0.9996452331542969
23.52318572998047,179.94131469726562,8.147843360900879,0.0,0.0,0.0,0.0,0.09246294041180093,-0.0,0.0,5.315714236668178,4.244285665239607,0.4945339858531952,0.0,0.0,0.0,1.0273659229278564,0.0,0.0,0.0,0.0,0.0,0.0,0.0,1291.0,-4.599999904632568,0.0,0.1779223084449768,0.8111475706100464,0.994987964630127
23.516435623168945,179.27008056640625,8.147599220275879,0.0,0.0,0.0,0.0,0.0,-0.0,0.0,5.239142908368792,4.16771433694022,0.48069998621940613,0.024468988180160522,0.0,0.0,0.0,0.0,0.0,0.0,1.2909681797027588,0.0,0.0,1.2909681797027588,1292.0,-4.599999904632568,-1.2909681797027588,0.006720364093780518,0.7987199425697327,0.9995235204696655
23.509685516357422,179.92184448242188,6.805112361907959,0.0,0.0,0.0,0.0,0.0,-0.0,0.0,5.123428562709263,4.051999991280692,0.0,0.3757930099964142,0.0,0.0,0.0,0.0,0.0,0.0,0.5081149339675903,0.0,0.5081149339675903,0.0,1293.0,-4.599999904632568,0.5081149339675903,0.08737391233444214,0.9786885976791382,0.950482964515686
23.893428802490234,163.12840270996094,5.902988433837891,0.0,0.0,0.0,0.0,0.0,-0.0,0.0,5.09557146344866,4.024142892020089,0.0,0.3578689992427826,0.0,0.0,0.0,0.0,0.0,0.0,0.05070989951491356,0.0,0.05070989951491356,0.0,1294.0,-4.599999904632568,0.05070989951491356,0.22157925367355347,0.9850904941558838,0.8112915754318237
23.925437927246094,158.95291137695312,5.485906600952148,0.0,0.0,0.0,0.0,0.0,-0.0,0.0,5.066857147216797,3.9954285757882255,0.0,0.5593230128288269,0.0,0.0,0.0,0.0,0.0,0.0,0.0,0.0,0.0,0.0,1295.0,-4.599999904632568,0.0,0.8690189123153687,0.9496724605560303,0.4514264762401581
23.91868782043457,157.11671447753906,4.9150214195251465,0.0,0.0,0.0,0.0,0.0,-0.0,0.0,5.022357204982212,3.950928633553641,0.0,0.7243310213088989,0.0,0.0,0.0,0.0,0.0,0.0,0.0,0.0,0.0,0.0,1296.0,-4.599999904632568,0.0,0.8754308819770813,0.8356020450592041,0.26404494047164917
23.911937713623047,137.30538940429688,4.175783157348633,0.0,0.0,0.0,0.0,0.0,-0.0,0.0,4.9770714351109095,3.9056428636823384,0.0,0.2221280038356781,0.0,0.0,0.0,0.0,0.0,0.0,0.019532009959220886,0.0,0.019532009959220886,0.0,1297.0,-4.175657749176025,0.019532009959220886,0.015173882246017456,0.9839567542076111,0.28928130865097046
23.919769287109375,136.6341552734375,3.9290735721588135,0.0,0.0,0.0,0.0,0.0,-0.0,0.0,4.95007141658238,3.8786428451538084,0.0,0.6098290085792542,0.0,0.0,0.0,0.0,0.0,0.0,0.0,0.0,0.0,0.0,1298.0,-3.9289557933807373,0.0,0.7415140867233276,0.8572896122932434,0.1331270933151245
23.91301918029785,126.52035522460938,3.3066999912261963,0.0,0.0,0.0,0.0,0.0,-0.0,0.0,4.9414285387311665,3.869999967302595,0.0,0.17299799621105194,0.0,0.0,0.0,0.0,0.0,0.0,0.0,0.0,0.0,0.0,1299.0,-3.30660080909729,0.0,0.008292615413665771,0.9085715413093567,0.1000528335571289
23.7244815826416,125.84912872314453,3.130077600479126,0.0,0.0,0.0,0.0,0.0,-0.0,0.0,4.915071432931082,3.843642861502511,0.0,0.16041800379753113,0.0,0.0,0.0,0.0,0.0,0.0,0.20636475086212158,0.0,0.20636475086212158,0.0,1300.0,-3.12998366355896,0.20636475086212158,0.00133553147315979,0.9735627174377441,0.22468936443328857
23.8677978515625,125.17790222167969,2.7557268142700195,0.0,0.0,0.0,0.0,0.0,-0.0,0.0,4.883285740443638,3.8118571690150667,0.0,0.15603700280189514,0.0,0.0,0.0,0.0,0.0,0.0,0.0,0.0,0.0,0.0,1301.0,-2.7556440830230713,0.0,0.001394897699356079,0.9727308750152588,0.20405665040016174
23.858966827392578,124.50667572021484,2.5964274406433105,0.0,0.0,0.0,0.0,0.0,-0.0,0.0,4.872285652160644,3.800857080732073,0.04085000231862068,0.12142200767993927,0.0,0.0,0.0,0.0,0.0,0.0,0.0,0.0,0.0,0.0,1302.0,-2.5963494777679443,0.0,0.002590477466583252,0.9707506895065308,0.1915636956691742
23.850126266479492,123.83544921875,2.4724533557891846,0.0,0.0,0.0,0.0,0.046342980372347645,-0.0,0.0,4.936642864772251,3.86521429334368,0.18522800505161285,0.0,0.0,0.0,0.5149219632148743,0.0,0.0,0.0,0.0,0.0,0.0,0.0,1303.0,-2.472379207611084,0.0,0.02234947681427002,0.9463720321655273,0.16396135091781616
23.84026527404785,123.16422271728516,2.472379207611084,0.0,0.0,0.0,0.0,0.1538781179542303,-0.0,0.0,4.999857166835239,3.9284285954066682,0.2752330005168915,0.0,0.0,0.08242794126272202,1.7097567302788548,0.0,0.0,0.0,0.0,0.0,0.0,0.0,1304.0,0.08242794126272202,0.0,0.2554777264595032,0.8576961159706116,0.21511059999465942
23.829362869262695,114.96775817871094,2.5547306537628174,0.0,0.0,0.0,0.0,0.08908803455734485,-0.0,0.0,5.021142905099051,3.94971433367048,0.30973300337791443,0.0,0.0,0.0,0.9898669719696045,0.0,0.0,0.0,0.0,0.0,0.0,0.0,1305.0,-2.554654121398926,0.0,0.11748498678207397,0.8860572576522827,0.19755780696868896
23.82209587097168,114.2965316772461,2.554654121398926,0.0,0.0,0.0,0.0,0.1828992893615785,-0.0,0.0,5.05735718863351,3.9859286172049386,0.31333601474761963,0.0,0.0,0.0,2.0322141647338867,0.0,0.0,0.0,0.0,0.0,0.0,0.0,1306.0,-2.554577589035034,0.0,0.11060810089111328,0.8090935349464417,0.357929527759552
23.815345764160156,113.62530517578125,2.554577589035034,0.0,0.0,0.0,0.0,0.3411000934124051,-0.0,0.0,5.126571464538574,4.055142893110003,0.3127540051937103,0.0,0.0,0.0,3.7900007367134094,0.8258454203605652,0.0,0.0,0.0,0.0,0.0,0.8258454203605652,1307.0,-2.5545010566711426,-0.8258454203605652,0.13645154237747192,0.5102874636650085,0.9823848605155945
23.808595657348633,177.17967224121094,2.5545010566711426,0.0,0.0,0.0,0.0,0.47818026647001505,-0.0,0.0,5.186999947684152,4.115571376255581,0.302280992269516,0.0,0.0,1.1206274032592773,5.313113649640712,0.14000815153121948,0.0,0.0,0.0,0.0,0.0,0.14000815153121948,1308.0,1.1206274032592773,-0.14000815153121948,0.3675098419189453,0.20083922147750854,0.9952596426010132
23.80184555053711,179.2396240234375,3.675018310546875,0.0,0.0,0.0,0.0,0.6658292076340153,-0.0,0.0,5.255500057765415,4.184071486336844,0.3123970031738281,0.0,0.0,0.0,7.398101719096303,0.01680096797645092,0.0,0.0,0.0,0.0,0.0,0.01680096797645092,1309.0,-3.67490816116333,-0.01680096797645092,0.3252924382686615,0.11287033557891846,0.9994903802871704
23.795095443725586,179.91653442382812,3.67490816116333,0.0,0.0,0.0,0.0,0.6627730419455371,-0.0,0.0,5.337999970572335,4.266571399143764,0.32420599460601807,0.0,0.0,0.0,7.364144325256348,0.0,0.0,0.0,0.0,0.0,0.0,0.0,1310.0,-3.674798011779785,-0.009053912945091724,0.19760292768478394,0.08341953158378601,0.9999253153800964
23.788345336914062,179.24530029296875,3.674798011779785,0.0,0.0,0.0,0.0,0.5313428683031867,-0.0,0.0,5.383571434020996,4.312142862592425,0.31019899249076843,0.0,0.0,0.0,5.903809178620577,0.017042052000761032,0.0,0.0,0.0,0.0,0.0,0.017042052000761032,1311.0,-3.6746878623962402,-0.017042052000761032,0.049536287784576416,0.08769112825393677,0.9999083876609802
23.795095443725586,179.98341369628906,3.6746878623962402,0.0,0.0,0.0,0.0,0.4115928595537213,-0.0,0.0,5.371285656520298,4.299857085091727,0.3201960027217865,0.0,0.0,0.0,4.573253631591797,0.0,0.0,0.0,0.0,0.0,0.0,0.0,1312.0,-3.6745777130126953,0.0,0.028636515140533447,0.1334857940673828,0.9997375011444092
23.80184555053711,177.7518768310547,3.6745777130126953,0.0,0.0,0.0,0.0,0.34090349216985477,-0.0,0.0,5.3444999422345845,4.273071370806013,0.31014901399612427,0.0,0.0,0.0,3.7878162786364555,0.10958481580018997,0.0,0.0,0.0,0.0,0.0,0.10958481580018997,1313.0,-3.6744675636291504,-0.10958481580018997,0.034421563148498535,0.19426727294921875,0.9996142387390137
23.795095443725586,179.9363555908203,3.6744675636291504,0.0,0.0,0.0,0.0,0.13424049490614628,-0.0,0.0,5.297214317321777,4.225785745893206,0.37898901104927063,0.0,0.0,0.0,1.491560935974121,0.0,0.0,0.0,0.0,0.0,0.0,0.0,1314.0,-3.6743574142456055,0.0,0.12034499645233154,0.6290343403816223,0.9828999638557434
23.788345336914062,179.26512145996094,3.6743574142456055,0.0,0.0,0.0,0.0,0.0,-0.0,0.0,5.236571393694196,4.165142822265625,0.4945339858531952,0.0,0.0,0.20988269916374236,0.0,0.0,0.0,0.0,0.0,0.0,0.0,0.0,1315.0,0.2514660060405731,0.0,0.7994751930236816,0.8542240858078003,0.8941314220428467
23.78159523010254,178.59388732910156,3.8841235637664795,0.0,0.0,0.0,0.0,0.0,-0.0,0.0,5.162000056675502,4.090571485246931,0.17100000381469727,0.27594998478889465,0.0,0.0,0.0,0.0,0.0,0.0,1.2507065534591675,0.0,0.0,1.2507065534591675,1316.0,-3.884007215499878,-1.2507065534591675,0.007345229387283325,0.488880455493927,0.9924778342247009
23.774845123291016,178.79452514648438,2.3262410163879395,0.0,0.0,0.0,0.0,0.0,-0.0,0.0,5.095642852783203,4.024214281354632,0.0,1.0196919441223145,0.0,0.0,0.0,0.0,0.0,0.0,0.0,0.0,0.0,0.0,1317.0,-2.3261711597442627,0.0,0.569774866104126,0.23237448930740356,0.518199622631073
23.768095016479492,103.18267822265625,1.2857005596160889,0.0,0.0,0.0,0.0,0.0,-0.0,0.0,5.0492856979370115,3.9778571265084404,0.0,0.3578689992427826,0.0,0.0,0.0,0.0,0.0,0.0,0.0,0.0,0.0,0.0,1318.0,-1.285662055015564,0.0,0.7199544310569763,0.8420881032943726,0.029110431671142578
23.76134490966797,102.5114517211914,0.9205005168914795,0.0,0.0,0.0,0.0,0.0,-0.0,0.0,5.004000064304897,3.9325714928763253,0.0,0.3620469868183136,0.0,0.0,0.0,0.0,0.0,0.0,0.0,0.0,0.0,0.0,1319.0,-0.9204729199409485,0.0,0.6439977884292603,0.7837033867835999,0.013639569282531738
23.754594802856445,101.84022521972656,0.5510482788085938,0.0,0.0,0.0,0.0,0.0,-0.0,0.0,5.002857153756278,3.9314285823277064,0.0,0.3013469874858856,0.0,0.0,0.0,0.0,0.0,0.0,0.0,0.0,0.0,0.0,1320.0,-0.551031768321991,0.0,0.2614508271217346,0.7766832113265991,0.013364017009735107
23.747844696044922,101.16899871826172,0.2435440570116043,0.0,0.0,0.0,0.0,0.0,-0.0,0.0,4.988928604125976,3.917500032697405,0.0,0.2221280038356781,0.0,0.0,0.0,0.0,0.0,0.0,0.0,0.0,0.0,0.0,1321.0,-0.24353675544261932,0.0,0.05098482966423035,0.8045401573181152,0.021822601556777954
23.7410945892334,100.49777221679688,0.01688232645392418,0.0,0.0,0.0,0.0,-0.05198154691435151,-0.0,0.0,4.97250006539481,3.9010714939662385,0.0,0.016544181914757594,0.17327181616263498,0.0,0.0,0.0,0.0,0.0,0.0,0.0,0.0,0.0,1322.0,-0.016881819814443588,0.0,0.009985774755477905,0.8059875965118408,0.03122812509536743
23.734344482421875,91.28792572021484,5.084868917037966e-7,0.0,0.0,0.0,0.0,-0.051899400925612404,-0.0,0.0,4.979000037057059,3.9075714656284877,0.0,0.0,0.17299799621105194,0.0,0.0,0.0,0.0,0.0,0.0,0.0,0.0,0.0,1323.0,0.0,0.0,0.005202800035476685,0.855998158454895,0.05434796214103699
23.72759437561035,90.61669921875,5.084716576675419e-7,0.0,0.0,0.0,0.0,-0.048125403051590965,-0.0,0.0,4.975428526742117,3.9039999553135463,0.0,0.0,0.16041800379753113,0.0,0.0,0.0,0.0,0.0,0.0,0.0,0.0,0.0,1324.0,0.0,0.0,0.001750260591506958,0.8692322373390198,0.12511613965034485
23.71773910522461,89.94547271728516,5.084564236312872e-7,0.0,0.0,0.0,0.0,-0.04681110270067457,-0.0,0.0,4.96278566632952,3.8913570949009486,0.0,0.0,0.15603700280189514,0.0,0.0,0.0,0.0,0.0,0.0,0.0,0.0,0.0,1325.0,0.0,0.0,0.000916212797164917,0.8871626257896423,0.20321977138519287
23.707874298095703,89.27424621582031,5.084411895950325e-7,0.0,0.0,0.0,0.0,-0.048681603816413954,-0.0,0.0,4.964999961853027,3.893571390424456,0.0,0.0,0.16227200627326965,0.0,0.0,0.0,0.0,0.0,0.0,0.0,0.0,0.0,1326.0,0.0,0.0,0.0007641017436981201,0.8770751953125,0.23736479878425598
23.696985244750977,88.60301971435547,5.084259555587778e-7,0.0,0.0,0.0,0.0,-0.02592840148720743,-0.0,0.0,4.985142789568219,3.9137142181396483,0.09880000352859497,0.0,0.08642800152301788,0.0,0.0,0.0,0.0,0.0,0.0,0.0,0.0,0.0,1327.0,0.0,0.0,0.0019969642162323,0.7037410736083984,0.2062973976135254
23.505329132080078,87.93179321289062,5.084107215225231e-7,0.0,0.0,0.0,0.0,0.021230214714008596,-0.0,0.0,5.01335710797991,3.9419285365513392,0.2752330005168915,0.0,0.0,0.3090682625770569,0.23589125585314247,0.0,0.0,0.0,0.0,0.0,0.0,0.0,1328.0,0.3090682625770569,0.0,0.030903875827789307,0.72046959400177,0.2093547284603119
23.494400024414062,87.26056671142578,0.3090595006942749,0.0,0.0,0.0,0.0,0.12843088811941078,-0.0,0.0,5.056999969482422,3.9855713980538505,0.30973300337791443,0.0,0.0,0.5789422988891602,1.4270097545849048,0.0,0.0,0.0,0.0,0.0,0.0,0.0,1329.0,0.5789422988891602,0.0,0.0887971818447113,0.5987000465393066,0.39394307136535645
23.48729705810547,86.58934020996094,0.8879751563072205,0.0,0.0,0.0,0.0,0.09355176715467466,-0.0,0.0,5.088999966212681,4.01757139478411,0.31333601474761963,0.0,0.0,0.0,1.039463996887207,0.0,0.0,0.0,0.0,0.0,0.0,0.0,1330.0,-0.8879485130310059,0.0,0.019573599100112915,0.7283720970153809,0.404123455286026
23.480546951293945,85.9181137084961,0.8879485130310059,0.0,0.0,0.0,0.0,0.014690846180188283,-0.0,0.0,5.12064288003104,4.049214308602469,0.3127540051937103,0.0,0.0,0.0,0.16323161125183105,0.8758642673492432,0.0,0.0,0.0,0.0,0.0,0.8758642673492432,1331.0,-0.8879218697547913,-0.8758642673492432,0.005973845720291138,0.6797152161598206,0.7756302356719971
23.473796844482422,144.09890747070312,0.8879218697547913,0.0,0.0,0.0,0.0,0.2834355776258755,-0.0,0.0,5.198428508213588,4.126999936785017,0.302280992269516,0.0,0.0,0.0,3.1492839455604553,0.23253506422042847,0.0,0.0,0.0,0.0,0.0,0.23253506422042847,1332.0,-0.8878952264785767,-0.23253506422042847,0.024729877710342407,0.5640459060668945,0.8864636421203613
23.4670467376709,161.83226013183594,0.8878952264785767,0.0,0.0,0.0,0.0,0.3483803428415713,-0.0,0.0,5.25064285823277,4.179214286804199,0.3123970031738281,0.0,0.0,0.0,3.8708923906087875,0.18576063215732574,0.0,0.0,0.0,0.0,0.0,0.18576063215732574,1333.0,-0.8878685832023621,-0.18576063215732574,0.022645175457000732,0.3420451283454895,0.9753216505050659
23.460296630859375,176.04954528808594,0.8878685832023621,0.0,0.0,0.0,0.0,0.27896312784855454,-0.0,0.0,5.244999967302594,4.173571395874023,0.3451099991798401,0.0,0.0,0.0,3.0995900630950928,0.0,0.0,0.0,0.0,0.0,0.0,0.0,1334.0,-0.8878419399261475,0.0,0.016006261110305786,0.4163871705532074,0.9688422679901123
23.45354652404785,175.37831115722656,0.8878419399261475,0.0,0.0,0.0,0.0,0.34075583286381267,-0.0,0.0,5.236571393694196,4.165142822265625,0.31019899249076843,0.0,0.0,0.0,3.7861756198108196,0.0541752465069294,0.0,0.0,0.0,0.0,0.0,0.0541752465069294,1335.0,-0.8878152966499329,-0.0541752465069294,0.02294856309890747,0.22570785880088806,0.993977963924408
23.446796417236328,179.0345458984375,0.8878152966499329,0.0,0.0,0.0,0.0,0.4010841394829047,-0.0,0.0,5.22321423121861,4.151785659790039,0.3201960027217865,0.0,0.0,0.0,4.456490084528923,0.1519140750169754,0.0,0.0,0.0,0.0,0.0,0.1519140750169754,1336.0,-0.8877886533737183,-0.1519140750169754,0.08518216013908386,0.12287914752960205,0.9991666078567505
23.440046310424805,179.86473083496094,0.8877886533737183,0.0,0.0,0.0,0.0,0.3022520226708481,-0.0,0.0,5.188428551810128,4.116999980381557,0.31014901399612427,0.0,0.0,0.5589873194694519,3.358355540555744,0.0,0.0,0.0,0.0,0.0,0.0,0.0,1337.0,0.5589873194694519,0.0,0.14467459917068481,0.25337377190589905,0.9930034875869751
23.43329620361328,179.19349670410156,1.4467326402664185,0.0,0.0,0.0,0.0,0.0,-0.0,0.0,5.145571381705148,4.074142810276577,0.37898901104927063,0.0,0.0,2.550999791203708,0.0,0.0,0.0,0.0,0.0,0.0,0.0,0.0,1338.0,2.7600109577178955,0.0,0.47787782549858093,0.5131445527076721,0.9475878477096558
23.426546096801758,178.5222625732422,3.997612476348877,0.0,0.0,0.0,0.0,0.0,-0.0,0.0,5.096785763331821,4.02535719190325,0.4945339858531952,0.0,0.0,1.0719886916897963,0.0,0.0,0.0,0.0,0.0,0.0,0.0,0.0,1339.0,1.1774660348892212,0.0,0.7306363582611084,0.7683953642845154,0.9421879053115845
23.419795989990234,167.19317626953125,5.069448947906494,0.0,0.0,0.0,0.0,-0.07288895240978199,-0.0,0.0,5.022785677228655,3.9513571058000836,0.4469499886035919,0.0,0.0,0.0,0.0,0.05654999613761902,0.24296316504478455,0.0,0.0,0.0,0.29951316118240356,0.0,1340.0,0.08304998278617859,0.29951316118240356,0.8353028297424316,0.9277440309524536,0.892879068851471
23.638704299926758,166.52194213867188,5.069296836853027,0.0,0.0,0.0,0.0,0.0,-0.0,0.0,4.9192857197352815,3.8478571483067103,0.0,0.3757930099964142,0.0,0.0,0.0,0.0,0.0,0.0,0.22391356527805328,0.0,0.22391356527805328,0.0,1341.0,-4.599999904632568,0.22391356527805328,0.6447699666023254,0.9594388008117676,0.8094061017036438
23.797178268432617,157.9011993408203,4.457217693328857,0.0,0.0,0.0,0.0,0.0,-0.0,0.0,4.853857122148786,3.7824285507202147,0.0,0.3578689992427826,0.0,0.0,0.0,0.0,0.0,0.0,0.0,0.0,0.0,0.0,1342.0,-4.4570841789245605,0.0,0.8291280269622803,0.9548691511154175,0.5084241628646851
23.790428161621094,157.22996520996094,4.091922760009766,0.0,0.0,0.0,0.0,0.0,-0.0,0.0,4.815142849513462,3.7437142780848913,0.0,0.3620469868183136,0.0,0.0,0.0,0.0,0.0,0.0,0.0,0.0,0.0,0.0,1343.0,-4.091800212860107,0.0,0.8400649428367615,0.9246176481246948,0.31250035762786865
23.78367805480957,156.55873107910156,3.7223753929138184,0.0,0.0,0.0,0.0,0.0,-0.0,0.0,4.787785748073032,3.7163571766444616,0.0,0.3013469874858856,0.0,0.0,0.0,0.0,0.0,0.0,0.0,0.0,0.0,0.0,1344.0,-3.722263813018799,0.0,0.6320903301239014,0.9156316518783569,0.22572356462478638
23.776927947998047,155.8874969482422,3.414776086807251,0.0,0.0,0.0,0.0,0.0,-0.0,0.0,4.777285725729806,3.7058570861816404,0.0,0.2221280038356781,0.0,0.0,0.0,0.0,0.0,0.0,0.0,0.0,0.0,0.0,1345.0,-3.4146738052368164,0.0,0.09940361976623535,0.9329795241355896,0.2435741424560547
23.770177841186523,147.40121459960938,3.188019275665283,0.0,0.0,0.0,0.0,0.0,-0.0,0.0,4.76892854145595,3.6974999019077845,0.0,0.18981599807739258,0.0,0.0,0.0,0.0,0.0,0.0,0.0,0.0,0.0,0.0,1346.0,-3.1879236698150635,0.0,0.12696772813796997,0.9316477179527283,0.17834287881851196
23.763427734375,146.72998046875,2.9942398071289062,0.0,0.0,0.0,0.0,0.0,-0.0,0.0,4.764071410042899,3.6926428386143275,0.0,0.17299799621105194,0.0,0.0,0.0,0.0,0.0,0.0,0.0,0.0,0.0,0.0,1347.0,-2.994149923324585,0.0,0.05137947201728821,0.9305906295776367,0.1765616536140442
23.756677627563477,146.05874633789062,2.817626714706421,0.0,0.0,0.0,0.0,0.0,-0.0,0.0,4.769071456364223,3.6976429530552455,0.0,0.16041800379753113,0.0,0.0,0.0,0.0,0.0,0.0,0.0,0.0,0.0,0.0,1348.0,-2.817542314529419,0.0,0.01982000470161438,0.9355408549308777,0.17292681336402893
23.749927520751953,145.38751220703125,2.653855323791504,0.0,0.0,0.0,0.0,0.0,-0.0,0.0,4.775357123783657,3.703928484235491,0.0,0.15603700280189514,0.0,0.0,0.0,0.0,0.0,0.0,0.0,0.0,0.0,0.0,1349.0,-2.653775691986084,0.0,0.012414515018463135,0.9437074661254883,0.16871291399002075
23.74317741394043,144.71627807617188,2.4945590496063232,0.0,0.0,0.0,0.0,0.0,-0.0,0.0,4.790285737173898,3.718857165745326,0.03514999896287918,0.12712201476097107,0.0,0.0,0.0,0.0,0.0,0.0,0.14954228699207306,0.0,0.14954228699207306,0.0,1350.0,-2.4944841861724854,0.14954228699207306,0.004275023937225342,0.9687792062759399,0.228143572807312
23.84387969970703,131.11801147460938,2.2121822834014893,0.0,0.0,0.0,0.0,0.03822048371795666,-0.0,0.0,4.843785776410784,3.7723572049822125,0.18522800505161285,0.0,0.0,0.0,0.42467200756073,0.0,0.0,0.0,0.0,0.0,0.0,0.0,1351.0,-2.212116003036499,0.0,0.039130955934524536,0.9423978328704834,0.14984220266342163
23.837129592895508,130.44677734375,2.212116003036499,0.0,0.0,0.0,0.0,0.0,-0.0,0.0,4.897714287894113,3.8262857164655415,0.2752330005168915,0.0,0.0,0.8977455647672059,0.0,0.0,0.0,0.0,0.0,0.0,0.0,0.0,1352.0,0.978766918182373,0.0,0.32458561658859253,0.8685649037361145,0.13121137022972107
23.64703369140625,129.77554321289062,3.1097683906555176,0.0,0.0,0.0,0.0,0.10858203081941799,-0.0,0.0,4.951071412222726,3.879642840794155,0.30973300337791443,0.0,0.0,0.0,1.2064669132232666,0.0,0.0,0.0,0.0,0.0,0.0,0.0,1353.0,-3.109675168991089,0.0,0.1982337236404419,0.9071894884109497,0.18329554796218872
23.640281677246094,129.10430908203125,3.109675168991089,0.0,0.0,0.0,0.0,0.16007075985834998,-0.0,0.0,5.008857127598354,3.9374285561697824,0.31333601474761963,0.0,0.0,0.0,1.7785638570785522,0.0,0.0,0.0,0.0,0.0,0.0,0.0,1354.0,-3.10958194732666,0.0,0.11703038215637207,0.8335176706314087,0.47083789110183716
23.63353157043457,111.81444549560547,3.10958194732666,0.0,0.0,0.0,0.0,0.09970124679416345,-0.0,0.0,5.053357206072126,3.9819286346435545,0.3127540051937103,0.0,0.0,0.0,1.107791543006897,1.2299543619155884,0.0,0.0,0.0,0.0,0.0,1.2299543619155884,1355.0,-3.1094887256622314,-1.2299543619155884,0.04794895648956299,0.5972176790237427,0.9670329093933105
23.626781463623047,174.7233428955078,3.1094887256622314,0.0,0.0,0.0,0.0,0.21988974411405968,-0.0,0.0,5.069857134137835,3.9984285627092633,0.302280992269516,0.0,0.0,0.0,2.4432191848754883,0.0,0.0,0.0,0.0,0.0,0.0,0.0,1356.0,-3.1093955039978027,0.0,0.037617236375808716,0.8320327401161194,0.7370378971099854
23.620031356811523,174.05210876464844,3.1093955039978027,0.0,0.0,0.0,0.0,0.23248829543497415,-0.0,0.0,5.071571431841169,4.0001428604125975,0.3123970031738281,0.0,0.0,0.0,2.583203077316284,0.0,0.0,0.0,0.0,0.0,0.0,0.0,1357.0,-3.109302282333374,0.0,0.02285805344581604,0.6885201930999756,0.904168963432312
23.61328125,173.38087463378906,3.109302282333374,0.0,0.0,0.0,0.0,0.17687647437067539,-0.0,0.0,5.053214291163853,3.9817857197352815,0.32420599460601807,0.0,0.0,0.0,1.9652940034866333,0.0,0.0,0.0,0.0,0.0,0.0,0.0,1358.0,-3.1092090606689453,0.0,0.014102041721343994,0.6744843125343323,0.9446024894714355
23.606531143188477,172.7096405029297,3.1092090606689453,0.0,0.0,0.0,0.0,0.0459019554378154,-0.0,0.0,5.027928570338657,3.956499998910086,0.31019899249076843,0.0,0.0,0.0,0.5100216865539551,1.3144292831420898,0.0,0.0,0.0,0.0,0.0,1.3144292831420898,1359.0,-3.1091158390045166,-1.3144292831420898,0.07826977968215942,0.23832708597183228,0.9997872114181519
23.599781036376953,179.9640350341797,3.1091158390045166,0.0,0.0,0.0,0.0,0.1597953720724871,-0.0,0.0,5.012000029427664,3.940571457999093,0.3201960027217865,0.0,0.0,0.0,1.7755039930343628,0.0,0.0,0.0,0.0,0.0,0.0,0.0,1360.0,-3.109022617340088,0.0,0.03172227740287781,0.5988790988922119,0.9775019884109497
23.59303092956543,179.2928009033203,3.109022617340088,0.0,0.0,0.0,0.0,0.12393458874500445,-0.0,0.0,4.989999989100864,3.9185714176722932,0.31014901399612427,0.0,0.0,0.0,1.3770508766174316,0.0,0.0,0.0,0.0,0.0,0.0,0.0,1361.0,-3.108929395675659,0.0,0.07244735956192017,0.6608942747116089,0.9710617065429688
23.586280822753906,178.62156677246094,3.108929395675659,0.0,0.0,0.0,0.0,0.0,-0.0,0.0,4.958285685947963,3.8868571145193918,0.37898901104927063,0.0,0.0,0.32125475972291895,0.0,0.0,0.0,0.0,0.0,0.0,0.0,0.0,1362.0,0.3650110065937042,0.0,0.4910747706890106,0.8286399245262146,0.9182195663452148
23.579530715942383,177.95033264160156,3.430081367492676,0.0,0.0,0.0,0.0,0.0,-0.0,0.0,4.9352142606462746,3.8637856892177034,0.3686000108718872,0.12593397498130798,0.0,0.0,0.0,0.0,0.0,0.0,0.0,0.0,0.0,0.0,1363.0,-3.429978609085083,0.0,0.9510563611984253,0.8744158744812012,0.8446613550186157
23.57278060913086,177.2790985107422,3.301478385925293,0.0,0.0,0.0,0.0,0.0,-0.0,0.0,4.914500045776367,3.843071474347796,0.06269999593496323,0.3842499852180481,0.0,0.0,0.0,0.0,0.0,0.0,0.0,0.0,0.0,0.0,1364.0,-3.301379442214966,0.0,0.9763303399085999,0.8801406621932983,0.7165182828903198
23.566030502319336,176.6078643798828,2.909299373626709,0.0,0.0,0.0,0.0,0.0,-0.0,0.0,4.896357209341867,3.8249286379132954,0.0,0.3757930099964142,0.0,0.0,0.0,0.0,0.0,0.0,0.0,0.0,0.0,0.0,1365.0,-2.909212112426758,0.0,0.9429060220718384,0.8033223152160645,0.5215077996253967
23.559280395507812,166.25621032714844,2.525761365890503,0.0,0.0,0.0,0.0,0.0,-0.0,0.0,4.886642810276577,3.815214238848005,0.0,0.3578689992427826,0.0,0.0,0.0,0.0,0.0,0.0,0.0,0.0,0.0,0.0,1366.0,-2.5256855487823486,0.0,0.919806957244873,0.709888219833374,0.24020731449127197
23.55253028869629,156.6195526123047,2.1605241298675537,0.0,0.0,0.0,0.0,0.0,-0.0,0.0,4.878642845153808,3.8072142737252372,0.0,0.3620469868183136,0.0,0.0,0.0,0.0,0.0,0.0,0.0,0.0,0.0,0.0,1367.0,-2.160459280014038,0.0,0.9547268748283386,0.5820701718330383,0.09562167525291443
23.545780181884766,155.9483184814453,1.7910346984863281,0.0,0.0,0.0,0.0,0.0,-0.0,0.0,4.8652856826782225,3.7938571112496513,0.0,0.3013469874858856,0.0,0.0,0.0,0.0,0.0,0.0,0.0,0.0,0.0,0.0,1368.0,-1.7909810543060303,0.0,0.8897712230682373,0.4849616587162018,0.06481978297233582
23.539030075073242,155.27708435058594,1.4834933280944824,0.0,0.0,0.0,0.0,0.0,-0.0,0.0,4.8481428418840675,3.776714270455497,0.0,0.2221280038356781,0.0,0.0,0.0,0.0,0.0,0.0,0.0,0.0,0.0,0.0,1369.0,-1.48344886302948,0.0,0.7013538479804993,0.453032523393631,0.0622919499874115
23.53227996826172,154.60585021972656,1.2567944526672363,0.0,0.0,0.0,0.0,0.0,-0.0,0.0,4.829857090541294,3.7584285191127234,0.0,0.18981599807739258,0.0,0.0,0.0,0.0,0.0,0.0,0.0,0.0,0.0,0.0,1370.0,-1.2567567825317383,0.0,0.6595886945724487,0.42459172010421753,0.056040793657302856
23.525529861450195,153.9346160888672,1.0630728006362915,0.0,0.0,0.0,0.0,0.0,-0.0,0.0,4.809214265005929,3.7377856935773575,0.0,0.17299799621105194,0.0,0.0,0.0,0.0,0.0,0.0,0.0,0.0,0.0,0.0,1371.0,-1.0630409717559814,0.0,0.5313076972961426,0.3731660842895508,0.0677003562450409
23.518779754638672,153.2633819580078,0.8865176439285278,0.0,0.0,0.0,0.0,0.0,-0.0,0.0,4.781428555079868,3.7099999836512976,0.0,0.16041800379753113,0.0,0.0,0.0,0.0,0.0,0.0,0.0,0.0,0.0,0.0,1372.0,-0.886491060256958,0.0,0.3738492727279663,0.36439985036849976,0.07438641786575317
23.51202964782715,152.59214782714844,0.7228041291236877,0.0,0.0,0.0,0.0,0.0,-0.0,0.0,4.751857158115932,3.6804285866873605,0.0,0.15603700280189514,0.0,0.0,0.0,0.0,0.0,0.0,0.0,0.0,0.0,0.0,1373.0,-0.7227824330329895,0.0,0.26775887608528137,0.45655399560928345,0.0861504077911377
23.505279541015625,151.92091369628906,0.5635657906532288,0.0,0.0,0.0,0.0,0.0,-0.0,0.0,4.726857130868094,3.655428559439523,0.010449999943375587,0.15182200074195862,0.0,0.0,0.0,0.0,0.0,0.0,0.0,0.0,0.0,0.0,1374.0,-0.5635489225387573,0.0,0.09629875421524048,0.6956080198287964,0.11999207735061646
23.4985294342041,143.7269287109375,0.40863314270973206,0.0,0.0,0.0,0.0,0.0,-0.0,0.0,4.725499984196254,3.6540714808872767,0.18522800505161285,0.0,0.0,0.1880835578689002,0.0,0.0,0.0,0.0,0.0,0.0,0.0,0.0,1375.0,0.21177200973033905,0.0,0.11434733867645264,0.8385487794876099,0.12430787086486816
23.491779327392578,143.05569458007812,0.5966988205909729,0.0,0.0,0.0,0.0,0.0,-0.0,0.0,4.749357169015067,3.6779285975864955,0.2752330005168915,0.0,0.0,0.7692677385323918,0.0,0.0,0.0,0.0,0.0,0.0,0.0,0.0,1376.0,0.8407670259475708,0.0,0.2636150121688843,0.859687089920044,0.13271012902259827
23.485029220581055,142.38446044921875,1.3659255504608154,0.0,0.0,0.0,0.0,0.1527855362721703,-0.0,0.0,4.795142868586948,3.7237142290387832,0.30973300337791443,0.0,0.0,0.0,1.6976169347763062,0.0,0.0,0.0,0.0,0.0,0.0,0.0,1377.0,-1.36588454246521,0.0,0.10237166285514832,0.713394045829773,0.7372783422470093
23.47827911376953,91.56919860839844,1.36588454246521,0.0,0.0,0.0,0.0,0.2012544535794978,-0.0,0.0,4.856714330400739,3.785285758972168,0.31333601474761963,0.0,0.0,0.3987862765789032,2.2361604176136867,0.31157904863357544,0.0,0.0,0.0,0.0,0.0,0.31157904863357544,1378.0,0.3987862765789032,-0.31157904863357544,0.17646408081054688,0.5991416573524475,0.5844919681549072
23.471529006958008,113.51679992675781,1.764617919921875,0.0,0.0,0.0,0.0,0.2825616867792896,-0.0,0.0,4.919857106889997,3.8484285354614256,0.3127540051937103,0.0,0.0,0.40690967440605164,3.13957404803673,0.9499078989028931,0.0,0.0,0.0,0.0,0.0,0.9499078989028931,1379.0,0.40690967440605164,-0.9499078989028931,0.2171497642993927,0.48724180459976196,0.9697812795639038
23.464778900146484,175.1630859375,2.1714625358581543,0.0,0.0,0.0,0.0,0.3805920439055849,-0.0,0.0,4.977785737173898,3.9063571657453267,0.302280992269516,0.0,0.0,1.5179405212402344,4.228800151764984,0.0,0.0,0.0,0.0,0.0,0.0,0.0,1380.0,1.5179405212402344,0.0,0.36893731355667114,0.3442869484424591,0.9325794577598572
23.45802879333496,174.49185180664062,3.6892924308776855,0.0,0.0,0.0,0.0,0.13513449348136058,-0.0,0.0,5.0234999792916435,3.952071407863072,0.6007800102233887,0.0,0.0,4.523581504821777,1.5014942526870731,0.19877655804157257,0.0,0.0,0.0,0.0,0.0,0.19877655804157257,1381.0,4.523581504821777,-0.19877655804157257,0.8212844133377075,0.17179185152053833,0.9912844300270081
23.451278686523438,178.6035919189453,8.212627410888672,0.0,0.0,0.0,0.0,0.587909009687819,-0.0,0.0,5.056714275905064,3.9852857044764924,0.5382310152053833,0.0,0.0,0.0,6.532321810722351,0.19314730167388916,0.0,0.0,0.0,0.0,0.0,0.19314730167388916,1382.0,-4.599999904632568,-0.19314730167388916,0.7944379448890686,0.14529827237129211,0.9994450211524963
23.444528579711914,179.90928649902344,8.212381362915039,0.0,0.0,0.0,0.0,0.6063211636798483,-0.0,0.0,5.073000035967145,4.001571464538574,0.31019899249076843,0.0,0.0,0.0,6.73690128326416,0.0,0.0,0.0,0.0,0.0,0.0,0.0,1383.0,-4.599999904632568,-0.009639580734074116,0.2574008107185364,0.1330919861793518,0.9998733401298523
23.43777847290039,179.23805236816406,8.212135314941406,0.0,0.0,0.0,0.0,0.5383540505725358,-0.0,0.0,5.074500029427664,4.003071457999093,0.3344860076904297,0.0,0.0,0.0,5.981711197644472,0.018402766436338425,0.0,0.0,0.0,0.0,0.0,0.018402766436338425,1384.0,-4.599999904632568,-0.018402766436338425,0.21909379959106445,0.15075087547302246,0.9998846054077148
23.431028366088867,179.9796142578125,8.211889266967773,0.0,0.0,0.0,0.0,0.42296023392361076,-0.0,0.0,5.070500046866281,3.9990714754377095,0.37344199419021606,0.0,0.0,0.0,4.699557781219482,0.0,0.0,0.0,0.0,0.0,0.0,0.0,1385.0,-4.599999904632568,0.0,0.1748393476009369,0.22545230388641357,0.9998341798782349
23.424278259277344,171.5362091064453,8.21164321899414,0.0,0.0,0.0,0.0,0.24948976025897227,-0.0,0.0,5.057214273725237,3.9857857022966656,0.37898901104927063,0.0,0.0,0.0,2.7721082270145416,0.26130279898643494,0.0,0.0,0.0,0.0,0.0,0.26130279898643494,1386.0,-4.599999904632568,-0.26130279898643494,0.11673393845558167,0.4590321183204651,0.9994536638259888
23.41752815246582,179.91065979003906,8.211397171020508,0.0,0.0,0.0,0.0,0.10383444538390153,-0.0,0.0,5.018785694667271,3.9473571232386995,0.4945339858531952,0.0,0.0,0.0,1.153715968132019,0.0,0.0,0.0,0.0,0.0,0.0,0.0,1387.0,-4.599999904632568,0.0,0.38933756947517395,0.8233422636985779,0.992888331413269
23.410778045654297,167.35438537597656,8.211151123046875,0.0,0.0,0.0,0.0,0.0,-0.0,0.0,4.932999965122768,3.8615713936941964,0.4469499886035919,0.0,0.0,0.0,0.0,0.035650014877319336,0.0,0.0,0.4863160252571106,0.0,0.5219660401344299,0.0,1388.0,-4.599999904632568,0.5219660401344299,0.20767760276794434,0.9580541849136353,0.9802076816558838
23.79025650024414,148.99281311035156,7.714678764343262,0.0,0.0,0.0,0.0,0.0,-0.0,0.0,4.821357127598354,3.7499285561697824,0.0,0.3757930099964142,0.0,0.0,0.0,0.0,0.0,0.0,0.4174480140209198,0.0,0.0,0.4174480140209198,1389.0,-4.599999904632568,-0.4174480140209198,0.13015252351760864,0.9872652888298035,0.9424678683280945
23.783506393432617,170.79293823242188,6.9050421714782715,0.0,0.0,0.0,0.0,0.0,-0.0,0.0,4.7980713980538505,3.726642826625279,0.0,0.3578689992427826,0.0,0.0,0.0,0.0,0.0,0.0,0.21836809813976288,0.0,0.21836809813976288,0.0,1390.0,-4.599999904632568,0.21836809813976288,0.507908821105957,0.9867868423461914,0.8659881353378296
23.933917999267578,170.1217041015625,6.3168559074401855,0.0,0.0,0.0,0.0,0.0,-0.0,0.0,4.781214318956647,3.709785679408482,0.0,0.3620469868183136,0.0,0.0,0.0,0.0,0.0,0.0,0.0,0.0,0.0,0.0,1391.0,-4.599999904632568,0.0,0.0120621919631958,0.9831013083457947,0.7854619026184082
23.927167892456055,120.7181167602539,5.94724178314209,0.0,0.0,0.0,0.0,0.0,-0.0,0.0,4.775285734449114,3.7038570949009486,0.0,0.3013469874858856,0.0,0.0,0.0,0.0,0.0,0.0,2.328278064727783,0.0,0.0,2.328278064727783,1392.0,-4.599999904632568,-2.328278064727783,6.22868537902832e-6,0.9385404586791992,0.9996707439422607
23.92041778564453,179.94540405273438,3.263853073120117,0.0,0.0,0.0,0.0,0.0,-0.0,0.0,4.764214256831577,3.6927857535226005,0.0,0.2221280038356781,0.0,0.0,0.0,0.0,0.0,0.0,0.0,0.0,0.0,0.0,1393.0,-3.2637553215026855,0.0,0.28755348920822144,0.8943676948547363,0.3178761601448059
23.913667678833008,167.76589965820312,3.0371007919311523,0.0,0.0,0.0,0.0,0.0,-0.0,0.0,4.736142853328159,3.664714213779994,0.0,0.18981599807739258,0.0,0.0,0.0,0.0,0.0,0.0,0.0,0.0,0.0,0.0,1394.0,-3.0370097160339355,0.0,0.19436544179916382,0.9063378572463989,0.25644534826278687
23.906917572021484,158.48956298828125,2.8433258533477783,0.0,0.0,0.0,0.0,0.0,-0.0,0.0,4.703357165200369,3.6319285256522043,0.0,0.17299799621105194,0.0,0.0,0.0,0.0,0.0,0.0,0.0,0.0,0.0,0.0,1395.0,-2.84324049949646,0.0,0.15757131576538086,0.9060376286506653,0.1893625259399414
23.90016746520996,157.81832885742188,2.666717290878296,0.0,0.0,0.0,0.0,0.0,-0.0,0.0,4.679785742078509,3.608357238769531,0.0,0.16041800379753113,0.0,0.0,0.0,0.0,0.0,0.0,0.0,0.0,0.0,0.0,1396.0,-2.666637420654297,0.0,0.08045104146003723,0.9172889590263367,0.18042469024658203
23.893417358398438,157.1470947265625,2.502950429916382,0.0,0.0,0.0,0.0,0.0,-0.0,0.0,4.680785737718854,3.609357234409877,0.0,0.15603700280189514,0.0,0.0,0.0,0.0,0.0,0.0,0.0,0.0,0.0,0.0,1397.0,-2.502875328063965,0.0,0.047836363315582275,0.9284893870353699,0.16473346948623657
23.886667251586914,156.47586059570312,2.343658685684204,0.0,0.0,0.0,0.0,0.0,-0.0,0.0,4.683357116154262,3.6119286128452845,0.046549998223781586,0.11572200804948807,0.0,0.0,0.0,0.0,0.0,0.0,0.0,0.0,0.0,0.0,1398.0,-2.343588352203369,0.0,0.0466156005859375,0.9438821077346802,0.16024935245513916
23.87991714477539,155.80462646484375,2.225508213043213,0.0,0.0,0.0,0.0,0.04309398278347494,-0.0,0.0,4.767500005449567,3.696071434020996,0.18522800505161285,0.0,0.0,0.0,0.4788219928741455,0.0,0.0,0.0,0.0,0.0,0.0,0.0,1399.0,-2.2254414558410645,0.0,0.11761277914047241,0.9467611312866211,0.14374637603759766
23.873167037963867,155.13339233398438,2.2254414558410645,0.0,0.0,0.0,0.0,0.0,-0.0,0.0,4.86749997820173,3.7960714067731582,0.2752330005168915,0.0,0.0,1.7924366203120599,0.0,0.0,0.0,0.0,0.0,0.0,0.0,0.0,1400.0,1.9397668838500977,0.0,0.4368356466293335,0.9126377105712891,0.1339120864868164
23.866416931152344,154.462158203125,4.017757415771484,0.0,0.0,0.0,0.0,0.07101954008310443,-0.0,0.0,4.98792860848563,3.916500037057059,0.3140389919281006,0.0,0.0,2.8077049255371094,0.7891059382108758,0.0,0.0,0.0,0.0,0.0,0.0,0.0,1401.0,2.8077049255371094,0.0,0.6825432181358337,0.8506027460098267,0.23522400856018066
23.85966682434082,153.79092407226562,6.825257778167725,0.0,0.0,0.0,0.0,0.3945610508967262,-0.0,0.0,5.1548571722848076,4.0834286008562355,0.31333601474761963,0.0,0.0,0.0,4.384011328220367,0.8943528532981873,0.0,0.0,0.0,0.0,0.0,0.8943528532981873,1402.0,-4.599999904632568,-0.8943528532981873,0.6731270551681519,0.5606292486190796,0.9972689151763916
23.852916717529297,179.5611114501953,6.8250532150268555,0.0,0.0,0.0,0.0,0.5307636269354142,-0.0,0.0,5.223571450369699,4.152142878941127,0.3127540051937103,0.0,0.0,0.025588471442461014,5.897373163934595,0.5401120185852051,0.0,0.0,0.0,0.0,0.0,0.5401120185852051,1403.0,0.025588471442461014,-0.5401120185852051,0.6850611567497253,0.36031657457351685,0.9995052814483643
23.846166610717773,179.91891479492188,6.850436210632324,0.0,0.0,0.0,0.0,0.621312267089862,-0.0,0.0,5.269285692487444,4.197857121058872,0.302280992269516,0.0,0.0,0.0,6.903469085693359,0.0,0.0,0.0,0.0,0.0,0.0,0.0,1404.0,-4.599999904632568,0.0,0.3760974109172821,0.22373169660568237,0.9970778226852417
23.83941650390625,179.2476806640625,6.850230693817139,0.0,0.0,0.0,0.0,0.5864543485493412,-0.0,0.0,5.299857085091727,4.228428513663156,0.3123970031738281,0.0,0.0,0.0,6.516158910468221,0.016194013878703117,0.0,0.0,0.0,0.0,0.0,0.016194013878703117,1405.0,-4.599999904632568,-0.016194013878703117,0.1826733648777008,0.16815483570098877,0.9993224143981934
23.832666397094727,179.88966369628906,6.850025177001953,0.0,0.0,0.0,0.0,0.520159033152183,-0.0,0.0,5.317928532191685,4.2464999607631135,0.32420599460601807,0.0,0.0,0.0,5.779544353485107,0.0,0.0,0.0,0.0,0.0,0.0,0.0,1406.0,-4.599999904632568,-0.008966675959527493,0.07613396644592285,0.1478661298751831,0.9996912479400635
23.825916290283203,179.2184295654297,6.849819660186768,0.0,0.0,0.0,0.0,0.4402504492998459,-0.0,0.0,5.326642799377441,4.25521422794887,0.44514700770378113,0.0,0.0,0.0,4.891671270132065,0.11618128418922424,0.0,0.0,0.0,0.0,0.0,0.11618128418922424,1407.0,-4.599999904632568,-0.11618128418922424,0.10922485589981079,0.1377057135105133,0.9998219013214111
23.81916618347168,179.96957397460938,6.849614143371582,0.0,0.0,0.0,0.0,0.30738360225229133,-0.0,0.0,5.311285781860351,4.23985721043178,0.38367700576782227,0.0,0.0,0.0,3.4153730869293213,0.0,0.0,0.0,0.0,0.0,0.0,0.0,1408.0,-4.599999904632568,0.0,0.023267090320587158,0.27837318181991577,0.9994240403175354
23.812416076660156,179.29833984375,6.8494086265563965,0.0,0.0,0.0,0.0,0.14285066631615423,-0.0,0.0,5.270714296613421,4.199285725184849,0.36256399750709534,0.0,0.0,0.0,1.5872294995933771,0.012906542047858238,0.0,0.0,0.0,0.0,0.0,0.012906542047858238,1409.0,-4.599999904632568,-0.012906542047858238,0.01552671194076538,0.5819008350372314,0.9979277849197388
23.805665969848633,179.66651916503906,6.849203109741211,0.0,0.0,0.0,0.0,0.03275199286158807,-0.0,0.0,5.216499955313546,4.145071383884975,0.37898901104927063,0.0,0.0,0.0,0.3639110028743744,0.0,0.0,0.0,0.0,0.0,0.0,0.0,1410.0,-4.599999904632568,0.0,0.04524168372154236,0.8383544683456421,0.9923903942108154
23.79891586303711,178.9952850341797,6.848997592926025,0.0,0.0,0.0,0.0,0.0,-0.0,0.0,5.152214268275669,4.080785696847098,0.2507999837398529,0.24373400211334229,0.0,0.0,0.0,0.0,0.0,0.0,0.0,0.0,0.0,0.0,1411.0,-4.599999904632568,0.0,0.3379620909690857,0.9158177375793457,0.9785820841789246
23.792165756225586,169.60337829589844,6.600091457366943,0.0,0.0,0.0,0.0,0.0,-0.0,0.0,5.050142914908273,3.9787143434797017,0.046549998223781586,0.40039998292922974,0.0,0.0,0.0,0.0,0.0,0.0,0.1530415117740631,0.0,0.0,0.1530415117740631,1412.0,-4.599999904632568,-0.1530415117740631,0.40122151374816895,0.9606302976608276,0.9548784494400024
23.785415649414062,172.77862548828125,6.035174369812012,0.0,0.0,0.0,0.0,0.0,-0.0,0.0,4.965928568158831,3.8944999967302594,0.0,0.3757930099964142,0.0,0.0,0.0,0.0,0.0,0.0,0.12533803284168243,0.0,0.12533803284168243,0.0,1413.0,-4.599999904632568,0.12533803284168243,0.6188085079193115,0.974408745765686,0.8993476629257202
23.872028350830078,172.10739135742188,5.523650646209717,0.0,0.0,0.0,0.0,0.0,-0.0,0.0,4.934714262826102,3.8632856913975306,0.0,0.3578689992427826,0.0,0.0,0.0,0.0,0.0,0.0,0.02263719029724598,0.0,0.02263719029724598,0.0,1414.0,-4.599999904632568,0.02263719029724598,0.6888168454170227,0.976409912109375,0.7526337504386902
23.882034301757812,171.4361572265625,5.135225296020508,0.0,0.0,0.0,0.0,0.0,-0.0,0.0,4.918500028337751,3.8470714569091795,0.0,0.3620469868183136,0.0,0.0,0.0,0.0,0.0,0.0,0.0,0.0,0.0,0.0,1415.0,-4.599999904632568,0.0,0.7003262042999268,0.9656705260276794,0.5533758997917175
23.87528419494629,170.76492309570312,4.765646934509277,0.0,0.0,0.0,0.0,0.0,-0.0,0.0,4.904642868041992,3.833214296613421,0.0,0.3013469874858856,0.0,0.0,0.0,0.0,0.0,0.0,0.0,0.0,0.0,0.0,1416.0,-4.599999904632568,0.0,0.4141201078891754,0.9635205268859863,0.4264949858188629
23.868534088134766,170.09368896484375,4.458016395568848,0.0,0.0,0.0,0.0,0.0,-0.0,0.0,4.891642924717495,3.820214353288923,0.0,0.2221280038356781,0.0,0.0,0.0,0.0,0.0,0.0,0.0,0.0,0.0,0.0,1417.0,-4.457882881164551,0.0,0.1216055154800415,0.9666770696640015,0.3718078136444092
23.861783981323242,169.42245483398438,4.231228351593018,0.0,0.0,0.0,0.0,0.0,-0.0,0.0,4.886500031607492,3.8150714601789204,0.0,0.18981599807739258,0.0,0.0,0.0,0.0,0.0,0.0,0.0,0.0,0.0,0.0,1418.0,-4.2311015129089355,0.0,0.09652766585350037,0.9646960496902466,0.35244202613830566
23.85503387451172,168.751220703125,4.037417411804199,0.0,0.0,0.0,0.0,0.0,-0.0,0.0,4.876285770961216,3.804857199532645,0.0,0.17299799621105194,0.0,0.0,0.0,0.0,0.0,0.0,0.0,0.0,0.0,0.0,1419.0,-4.037296295166016,0.0,0.03800281882286072,0.9624651670455933,0.30600473284721375
23.848283767700195,168.07998657226562,3.8607730865478516,0.0,0.0,0.0,0.0,0.0,-0.0,0.0,4.863928604125976,3.792500032697405,0.0,0.16041800379753113,0.0,0.0,0.0,0.0,0.0,0.0,0.0,0.0,0.0,0.0,1420.0,-3.8606574535369873,0.0,0.017235755920410156,0.9647315740585327,0.2749745845794678
23.841533660888672,167.40875244140625,3.6969704627990723,0.0,0.0,0.0,0.0,0.0,-0.0,0.0,4.866571371895926,3.795142800467355,0.0,0.15603700280189514,0.0,0.0,0.0,0.0,0.0,0.0,0.0,0.0,0.0,0.0,1421.0,-3.69685959815979,0.009654716588556767,0.012564271688461304,0.9683694243431091,0.23305609822273254
23.83478355407715,166.73751831054688,3.5376429557800293,0.0,0.0,0.0,0.0,0.0,-0.0,0.0,4.868999971662249,3.7975714002336773,0.0009500000160187483,0.16132201254367828,0.0,0.0,0.0,0.0,0.0,0.0,0.07320991158485413,0.0,0.07320991158485413,0.0,1422.0,-3.537536859512329,0.07320991158485413,0.008928239345550537,0.9763033986091614,0.23571625351905823
23.881502151489258,158.54299926757812,3.2982258796691895,0.0,0.0,0.0,0.0,0.012655978761591753,-0.0,0.0,4.8948570796421595,3.8234285082135884,0.18522800505161285,0.0,0.0,0.0,0.14062197506427765,0.0,0.0,0.0,0.0,0.0,0.0,0.0,1423.0,-3.2981269359588623,0.0,0.03808578848838806,0.9675664901733398,0.17927265167236328
23.874752044677734,157.87176513671875,3.2981269359588623,0.0,0.0,0.0,0.0,0.08321553057158197,-0.0,0.0,4.930999973842075,3.859571402413504,0.2752330005168915,0.0,0.0,0.0,0.9246169328689575,0.0,0.0,0.0,0.0,0.0,0.0,0.0,1424.0,-3.298027992248535,0.0,0.2510765492916107,0.947446346282959,0.165846586227417
23.86800193786621,157.20053100585938,3.298027992248535,0.0,0.0,0.0,0.0,0.15082180538190929,-0.0,0.0,4.970642852783203,3.8992142813546318,0.30973300337791443,0.0,0.0,0.20758290588855743,1.6757977043963312,0.0,0.0,0.0,0.0,0.0,0.0,0.0,1425.0,0.20758290588855743,0.0,0.3505581021308899,0.9297842383384705,0.18148121237754822
23.861251831054688,156.529296875,3.5055058002471924,0.0,0.0,0.0,0.0,0.2541207849280651,-0.0,0.0,5.0110714231218605,3.9396428516932893,0.31333601474761963,0.0,0.0,0.0,2.823564052581787,0.0,0.0,0.0,0.0,0.0,0.0,0.0,1426.0,-3.5054006576538086,0.0,0.3143518567085266,0.883920431137085,0.3071410357952118
23.854501724243164,155.85806274414062,3.5054006576538086,0.0,0.0,0.0,0.0,0.354898917269619,-0.0,0.0,5.050999995640346,3.9795714242117746,0.34877899289131165,0.0,0.0,0.0,3.9433209896087646,0.0,0.0,0.0,0.0,0.0,0.0,0.0,1427.0,-3.505295515060425,0.0,0.28814026713371277,0.6722010970115662,0.7581816911697388
23.84775161743164,147.66404724121094,3.505295515060425,0.0,0.0,0.0,0.0,0.4343581586566077,-0.0,0.0,5.095928546360561,4.02449997493199,0.37281298637390137,0.0,0.0,0.0,4.826201379299164,0.45348554849624634,0.0,0.0,0.0,0.0,0.0,0.45348554849624634,1428.0,-3.505190372467041,-0.45348554849624634,0.2980318069458008,0.31379175186157227,0.9840275049209595
23.841001510620117,177.44247436523438,3.505190372467041,0.0,0.0,0.0,0.0,0.531253294249635,-0.0,0.0,5.131428527832031,4.05999995640346,0.3123970031738281,0.0,0.0,0.0,5.902813911437988,0.07948875427246094,0.0,0.0,0.0,0.0,0.0,0.07948875427246094,1429.0,-3.5050852298736572,-0.07948875427246094,0.21492034196853638,0.17838189005851746,0.9963548183441162
23.834251403808594,179.41485595703125,3.5050852298736572,0.0,0.0,0.0,0.0,0.5051289532187718,-0.0,0.0,5.147357204982212,4.075928633553641,0.32420599460601807,0.0,0.0,0.0,5.612543478608131,0.13565073907375336,0.0,0.0,0.0,0.0,0.0,0.13565073907375336,1430.0,-3.5049800872802734,-0.13565073907375336,0.14627742767333984,0.12401491403579712,0.9993893504142761
23.82750129699707,179.90037536621094,3.5049800872802734,0.0,0.0,0.0,0.0,0.4638781296315274,-0.0,0.0,5.152785655430385,4.081357084001814,0.31019899249076843,0.0,0.0,0.0,5.154201030731201,0.0,0.0,0.0,0.0,0.0,0.0,0.0,1431.0,-3.5048749446868896,0.0,0.08169525861740112,0.13230127096176147,0.9991908073425293
23.820751190185547,179.22914123535156,3.5048749446868896,0.0,0.0,0.0,0.0,0.40820566499004884,-0.0,0.0,5.1569999422345845,4.085571370806013,0.3201960027217865,0.0,0.0,0.0,4.5356181394308805,0.01673571951687336,0.0,0.0,0.0,0.0,0.0,0.01673571951687336,1432.0,-3.504769802093506,-0.01673571951687336,0.07570281624794006,0.1606827676296234,0.9991945028305054
23.814001083374023,179.86920166015625,3.504769802093506,0.0,0.0,0.0,0.0,0.32879261007250077,-0.0,0.0,5.156571469988141,4.08514289855957,0.31014901399612427,0.0,0.0,0.0,3.6532509326934814,0.0,0.0,0.0,0.0,0.0,0.0,0.0,1433.0,-3.504664659500122,0.0,0.06490004062652588,0.2715594470500946,0.998239278793335
23.8072509765625,179.19796752929688,3.504664659500122,0.0,0.0,0.0,0.0,0.2032389969220944,-0.0,0.0,5.149285670689174,4.077857099260603,0.37898901104927063,0.0,0.0,0.0,2.2582108974456787,0.0,0.0,0.0,0.0,0.0,0.0,0.0,1434.0,-3.5045595169067383,0.0,0.2501341700553894,0.5483662486076355,0.9848259091377258
23.800500869750977,178.5267333984375,3.5045595169067383,0.0,0.0,0.0,0.0,0.0,-0.0,0.0,5.136000033787319,4.064571462358748,0.4945339858531952,0.0,0.0,0.8643756414797963,0.0,0.0,0.0,0.0,0.0,0.0,0.0,0.0,1435.0,0.9544659852981567,0.0,0.8579787015914917,0.8168245553970337,0.8960721492767334
23.793750762939453,177.85549926757812,4.368803977966309,0.0,0.0,0.0,0.0,0.0,-0.0,0.0,5.100214222499302,4.028785651070731,0.3752500116825104,0.11211398243904114,0.0,0.0,0.0,0.0,0.0,0.0,0.0,0.0,0.0,0.0,1436.0,-4.368672847747803,0.0,0.9344533681869507,0.9187930822372437,0.848246693611145
23.78700065612793,177.18426513671875,4.254274368286133,0.0,0.0,0.0,0.0,0.0,-0.0,0.0,5.039928518022809,3.968499946594238,0.0,0.4339909851551056,0.0,0.0,0.0,0.0,0.0,0.0,0.0,0.0,0.0,0.0,1437.0,-4.254147052764893,0.0,0.8878482580184937,0.9250330328941345,0.7290983200073242
23.780250549316406,168.10572814941406,3.811312198638916,0.0,0.0,0.0,0.0,0.0,-0.0,0.0,5.009642818995884,3.9382142475673128,0.0,0.3578689992427826,0.0,0.0,0.0,0.0,0.0,0.0,0.0,0.0,0.0,0.0,1438.0,-3.8111979961395264,0.0,0.8743124008178711,0.9229617714881897,0.43808838725090027
23.773500442504883,167.4344940185547,3.4460363388061523,0.0,0.0,0.0,0.0,0.0,-0.0,0.0,4.979928507123675,3.908499935695103,0.0,0.3620469868183136,0.0,0.0,0.0,0.0,0.0,0.0,0.0,0.0,0.0,0.0,1439.0,-3.4459331035614014,0.0,0.8815416097640991,0.8649019598960876,0.2577419877052307
23.76675033569336,166.7632598876953,3.0765085220336914,0.0,0.0,0.0,0.0,0.0,-0.0,0.0,4.953785705566406,3.882357134137835,0.0,0.3013469874858856,0.0,0.0,0.0,0.0,0.0,0.0,0.0,0.0,0.0,0.0,1440.0,-3.076416254043579,0.0,0.7420578598976135,0.8406728506088257,0.17228996753692627
23.760000228881836,166.09202575683594,2.7689285278320312,0.0,0.0,0.0,0.0,0.0,-0.0,0.0,4.924214308602469,3.852785737173898,0.0,0.2221280038356781,0.0,0.0,0.0,0.0,0.0,0.0,0.0,0.0,0.0,0.0,1441.0,-2.768845558166504,0.0,0.42206698656082153,0.8287829756736755,0.15972954034805298
23.753250122070312,165.42079162597656,2.5421910285949707,0.0,0.0,0.0,0.0,0.0,-0.0,0.0,4.8948570796421595,3.8234285082135884,0.0,0.18981599807739258,0.0,0.0,0.0,0.0,0.0,0.0,0.0,0.0,0.0,0.0,1442.0,-2.542114734649658,0.0,0.17758995294570923,0.8297608494758606,0.17156529426574707
23.74650001525879,157.1237030029297,2.348430871963501,0.0,0.0,0.0,0.0,0.0,-0.0,0.0,4.870357186453683,3.7989286150251114,0.0,0.17299799621105194,0.0,0.0,0.0,0.0,0.0,0.0,0.0,0.0,0.0,0.0,1443.0,-2.348360538482666,0.0,0.14059799909591675,0.8327473998069763,0.14346829056739807
23.739749908447266,156.4524688720703,2.171837091445923,0.0,0.0,0.0,0.0,0.0,-0.0,0.0,4.858357102530343,3.7869285311017715,0.0,0.16041800379753113,0.0,0.0,0.0,0.0,0.0,0.0,0.0,0.0,0.0,0.0,1444.0,-2.171772003173828,0.0,0.0692705512046814,0.8480961322784424,0.14381569623947144
23.732999801635742,155.78123474121094,2.008085012435913,0.0,0.0,0.0,0.0,0.0,-0.0,0.0,4.849857139587402,3.778428568158831,0.0,0.15603700280189514,0.0,0.0,0.0,0.0,0.0,0.0,0.0,0.0,0.0,0.0,1445.0,-2.0080246925354004,0.0,0.04242017865180969,0.878211259841919,0.1367395520210266
23.72624969482422,155.11000061035156,1.8488081693649292,0.0,0.0,0.0,0.0,0.0,-0.0,0.0,4.841714259556362,3.77028568812779,0.026600001379847527,0.13567200303077698,0.0,0.0,0.0,0.0,0.0,0.0,0.0,0.0,0.0,0.0,1446.0,-1.848752737045288,0.0,0.03836378455162048,0.9101547598838806,0.13734394311904907
23.719499588012695,154.4387664794922,1.7103160619735718,0.0,0.0,0.0,0.0,0.039417483958997857,-0.0,0.0,4.893285696847098,3.8218571254185267,0.18522800505161285,0.0,0.0,0.0,0.4379720091819763,0.0,0.0,0.0,0.0,0.0,0.0,0.0,1447.0,-1.710264801979065,0.0,0.08278948068618774,0.9344843626022339,0.1363898515701294
23.712749481201172,153.7675323486328,1.710264801979065,0.0,0.0,0.0,0.0,0.0,-0.0,0.0,4.9388571602957585,3.8674285888671873,0.2752330005168915,0.0,0.0,1.442380587517107,0.0,0.0,0.0,0.0,0.0,0.0,0.0,0.0,1448.0,1.4556254148483276,0.0,0.3165860176086426,0.9057815074920654,0.13412851095199585
23.705997467041016,153.09629821777344,3.1525509357452393,0.0,0.0,0.0,0.0,0.12528986570506087,-0.0,0.0,5.015928622654506,3.9445000512259347,0.30973300337791443,0.0,0.0,1.3421175479888916,1.3921095083101949,0.0,0.0,0.0,0.0,0.0,0.0,0.0,1449.0,1.3421175479888916,0.0,0.4494638442993164,0.8853124380111694,0.19891875982284546
23.699247360229492,152.42506408691406,4.494533538818359,0.0,0.0,0.0,0.0,0.35347183175657676,-0.0,0.0,5.0872142791748045,4.015785707746233,0.31333601474761963,0.0,0.0,0.0,3.927464485168457,0.0,0.0,0.0,0.0,0.0,0.0,0.0,1450.0,-4.494398593902588,0.0,0.4104210138320923,0.7678751945495605,0.4945331811904907
23.69249725341797,151.7538299560547,4.494398593902588,0.0,0.0,0.0,0.0,0.3952394325724768,-0.0,0.0,5.151571491786411,4.08014292035784,0.3354879915714264,0.0,0.0,0.0,4.391548901796341,0.36116334795951843,0.0,0.0,0.0,0.0,0.0,0.36116334795951843,1451.0,-4.494263648986816,-0.36116334795951843,0.2828395962715149,0.5127586126327515,0.9391056299209595
23.685747146606445,170.25497436523438,4.494263648986816,0.0,0.0,0.0,0.0,0.46548054311517995,-0.0,0.0,5.207642909458706,4.136214338030134,0.302280992269516,0.0,0.0,0.0,5.172005623579025,0.3159632980823517,0.0,0.0,0.0,0.0,0.0,0.3159632980823517,1452.0,-4.494128704071045,-0.3159632980823517,0.17154461145401,0.2919195294380188,0.9956678152084351
23.678997039794922,179.304931640625,4.494128704071045,0.0,0.0,0.0,0.0,0.5024973076579792,-0.0,0.0,5.245071492876325,4.173642921447754,0.3123970031738281,0.0,0.0,0.0,5.583302974700928,0.0,0.0,0.0,0.0,0.0,0.0,0.0,1453.0,-4.493993759155273,-0.00911786500364542,0.10211187601089478,0.20271006226539612,0.9960339665412903
23.6722469329834,178.63369750976562,4.493993759155273,0.0,0.0,0.0,0.0,0.5237094322683932,-0.0,0.0,5.268857084001813,4.197428512573242,0.32420599460601807,0.0,0.0,0.0,5.818993229418993,0.02420077845454216,0.0,0.0,0.0,0.0,0.0,0.02420077845454216,1454.0,-4.493858814239502,-0.02420077845454216,0.08474835753440857,0.12572535872459412,0.9994531869888306
23.665496826171875,179.91058349609375,4.493858814239502,0.0,0.0,0.0,0.0,0.45754211172795967,-0.0,0.0,5.264000020708356,4.192571449279785,0.31019899249076843,0.0,0.0,0.0,5.083800837397575,0.1882004290819168,0.0,0.0,0.0,0.0,0.0,0.1882004290819168,1455.0,-4.4937238693237305,-0.1882004290819168,0.0535377562046051,0.10529306530952454,0.999920129776001
23.65874671936035,179.98529052734375,4.4937238693237305,0.0,0.0,0.0,0.0,0.4108233873703768,-0.0,0.0,5.229214341299874,4.157785769871303,0.3201960027217865,0.0,0.0,0.0,4.564703941345215,0.0,0.0,0.0,0.0,0.0,0.0,0.0,1456.0,-4.493588924407959,0.0,0.043824583292007446,0.1548115313053131,0.9996022582054138
23.651996612548828,179.31405639648438,4.493588924407959,0.0,0.0,0.0,0.0,0.33212108814250474,-0.0,0.0,5.158785765511649,4.0873571940830775,0.31014901399612427,0.0,0.0,0.0,3.690234019421041,0.015267298556864262,0.0,0.0,0.0,0.0,0.0,0.015267298556864262,1457.0,-4.4934539794921875,-0.015267298556864262,0.048686981201171875,0.2570194602012634,0.9990094304084778
23.645246505737305,179.83958435058594,4.4934539794921875,0.0,0.0,0.0,0.0,0.2144844273316395,-0.0,0.0,5.063357162475586,3.9919285910470146,0.42219001054763794,0.0,0.0,0.0,2.38316011428833,0.0,0.0,0.0,0.0,0.0,0.0,0.0,1458.0,-4.493319034576416,0.0,0.2909373342990875,0.4776439070701599,0.9942509531974792
23.63849639892578,162.57176208496094,4.493319034576416,0.0,0.0,0.0,0.0,0.0,-0.0,0.0,4.9558570861816404,3.8844285147530693,0.4945339858531952,0.0,0.0,0.7949180194476284,0.0,0.06612510979175568,0.0,0.0,0.0,0.0,0.0,0.06612510979175568,1459.0,0.9494659900665283,-0.06612510979175568,0.8507214784622192,0.8215293288230896,0.9176779389381409
23.631746292114258,166.82655334472656,5.288078308105469,0.0,0.0,0.0,0.0,0.0,-0.0,0.0,4.858500017438616,3.7870714460100445,0.3952000141143799,0.051749974489212036,0.0,0.0,0.0,0.0,0.0,0.0,0.09016268700361252,0.0,0.09016268700361252,0.0,1460.0,-4.599999904632568,0.09016268700361252,0.9042506814002991,0.9381437301635742,0.8919545412063599
23.690704345703125,166.1553192138672,5.143115043640137,0.0,0.0,0.0,0.0,0.0,-0.0,0.0,4.7782142639160154,3.7067856924874443,0.0,0.3757930099964142,0.0,0.0,0.0,0.0,0.0,0.0,0.16125935316085815,0.0,0.16125935316085815,0.0,1461.0,-4.599999904632568,0.16125935316085815,0.7535448670387268,0.9599100351333618,0.8087226152420044
23.79953384399414,156.56082153320312,4.594964504241943,0.0,0.0,0.0,0.0,0.0,-0.0,0.0,4.744499969482422,3.6730713980538505,0.0,0.3578689992427826,0.0,0.0,0.0,0.0,0.0,0.0,0.0,0.0,0.0,0.0,1462.0,-4.594826698303223,0.0,0.7302098274230957,0.9565039873123169,0.5530173778533936
23.792783737182617,148.50717163085938,4.229665279388428,0.0,0.0,0.0,0.0,0.0,-0.0,0.0,4.726928588322231,3.6555000850132533,0.0,0.3620469868183136,0.0,0.0,0.0,0.0,0.0,0.0,0.0,0.0,0.0,0.0,1463.0,-4.229538440704346,0.0,0.608745276927948,0.9400715827941895,0.3305993974208832
23.786033630371094,139.39971923828125,3.8601138591766357,0.0,0.0,0.0,0.0,0.0,-0.0,0.0,4.7109999792916435,3.639571407863072,0.0,0.3013469874858856,0.0,0.0,0.0,0.0,0.0,0.0,0.0,0.0,0.0,0.0,1464.0,-3.8599982261657715,0.0,0.22320234775543213,0.9470087289810181,0.2271328568458557
23.77928352355957,130.9189453125,3.5525104999542236,0.0,0.0,0.0,0.0,0.0,-0.0,0.0,4.694357136317661,3.6229285648890905,0.0,0.2221280038356781,0.0,0.0,0.0,0.0,0.0,0.0,0.026648515835404396,0.0,0.026648515835404396,0.0,1465.0,-3.5524039268493652,0.026648515835404396,0.07344618439674377,0.9582626819610596,0.16793012619018555
23.791297912597656,130.24771118164062,3.298557996749878,0.0,0.0,0.0,0.0,0.0,-0.0,0.0,5.12564285823277,4.054214286804199,0.0,0.18902599811553955,0.0,0.0,0.0,0.0,0.0,0.0,0.1483267843723297,0.0,0.1483267843723297,0.0,1466.0,-3.298459053039551,0.1483267843723297,0.006576120853424072,0.9797207117080688,0.17921239137649536
23.898588180541992,129.57647705078125,2.9542319774627686,0.0,0.0,0.0,0.0,0.0,-0.0,0.0,5.068214225769043,3.9967856543404716,0.0,0.17225700616836548,0.0,0.0,0.0,0.0,0.0,0.0,0.0,0.0,0.0,0.0,1467.0,-2.954143524169922,0.0,0.0032350122928619385,0.9769265651702881,0.1906825304031372
23.89183807373047,128.90524291992188,2.778376340866089,0.0,0.0,0.0,0.0,0.0,-0.0,0.0,5.019642911638532,3.9482143402099608,0.0,0.15967600047588348,0.0,0.0,0.0,0.0,0.0,0.0,0.0,0.0,0.0,0.0,1468.0,-2.7782931327819824,0.0,0.0014400482177734375,0.9738225936889648,0.20884859561920166
23.885087966918945,128.2340087890625,2.615363121032715,0.0,0.0,0.0,0.0,0.0,-0.0,0.0,4.987214306422642,3.9157857349940706,0.0,0.15532000362873077,0.0,0.0,0.0,0.0,0.0,0.0,0.0,0.0,0.0,0.0,1469.0,-2.6152846813201904,0.0,0.0011609792709350586,0.9719251394271851,0.2009211778640747
23.878337860107422,127.56278228759766,2.4567997455596924,0.0,0.0,0.0,0.0,0.0,-0.0,0.0,4.970928546360561,3.8994999749319894,0.003800000064074993,0.1577029973268509,0.0,0.0,0.0,0.0,0.0,0.0,0.0,0.0,0.0,0.0,1470.0,-2.45672607421875,0.0,0.0018678009510040283,0.9715884327888489,0.19276821613311768
23.8715877532959,126.89155578613281,2.295809507369995,0.0,0.0,0.0,0.0,0.02744910160295963,-0.0,0.0,5.032142857142857,3.9607142857142854,0.18425999581813812,0.0,0.0,0.0,0.3049899935722351,0.0,0.0,0.0,0.0,0.0,0.0,0.0,1471.0,-2.2957406044006348,0.0,0.011101841926574707,0.9526125192642212,0.1662149429321289
23.864837646484375,126.22032928466797,2.2957406044006348,0.0,0.0,0.0,0.0,0.14420854999292226,-0.0,0.0,5.1140713827950615,4.042642811366489,0.2739329934120178,0.0,0.0,0.0,1.6023170948028564,0.0,0.0,0.0,0.0,0.0,0.0,0.0,1472.0,-2.2956717014312744,0.0,0.19030946493148804,0.8760567903518677,0.1654430627822876
23.85808753967285,125.54910278320312,2.2956717014312744,0.0,0.0,0.0,0.0,0.2803413381450432,-0.0,0.0,5.197285733904157,4.125857162475586,0.3082900047302246,0.0,0.0,0.0,3.114903509616852,0.40245646238327026,0.0,0.0,0.0,0.0,0.0,0.40245646238327026,1473.0,0.000888545298948884,-0.40245646238327026,0.2296530306339264,0.6117570996284485,0.7605623006820679
23.851337432861328,141.68804931640625,2.295602798461914,0.0,0.0,0.0,0.0,0.3473630225856862,-0.0,0.0,5.250785773141043,4.179357201712472,0.31154200434684753,0.0,0.0,0.5933975577354431,3.85958883310839,0.7856115698814392,0.0,0.0,0.0,0.0,0.0,0.7856115698814392,1474.0,0.5933975577354431,-0.7856115698814392,0.2888970375061035,0.4627907872200012,0.9944281578063965
23.844587326049805,179.10658264160156,2.888913631439209,0.0,0.0,0.0,0.0,0.4428524568525937,-0.0,0.0,5.291285732814243,4.219857161385672,0.3106450140476227,0.0,0.0,1.6194229125976562,4.920582462864941,0.0,0.0,0.0,0.0,0.0,0.0,0.0,1475.0,1.6194229125976562,0.0,0.4508306384086609,0.3005807399749756,0.9646320343017578
23.83783721923828,177.90670776367188,4.508201599121094,0.0,0.0,0.0,0.0,0.666324893142768,-0.0,0.0,5.328785705566406,4.257357134137835,0.3001460134983063,0.0,0.0,0.0,7.403609335422516,0.031144559383392334,0.0,0.0,0.0,0.0,0.0,0.031144559383392334,1476.0,-4.508066654205322,-0.031144559383392334,0.3687328100204468,0.16755351424217224,0.998626708984375
23.831087112426758,179.77835083007812,4.508066654205322,0.0,0.0,0.0,0.0,0.6875757860700882,-0.0,0.0,5.35978570665632,4.2883571352277485,0.3103350102901459,0.0,0.0,0.0,7.639730349183083,0.1686335653066635,0.0,0.0,0.0,0.0,0.0,0.1686335653066635,1477.0,-4.507931709289551,-0.1686335653066635,0.32947802543640137,0.10442745685577393,0.999967098236084
23.83783721923828,179.99281311035156,4.507931709289551,0.0,0.0,0.0,0.0,0.6099840996663339,-0.0,0.0,5.386785725184849,4.315357153756278,0.3222000002861023,0.0,0.0,0.27523085474967957,6.7776005687684,0.6601518988609314,0.0,0.0,0.0,0.0,0.0,0.6601518988609314,1478.0,0.27523085474967957,-0.6601518988609314,0.47831323742866516,0.0835881233215332,0.9999998807907104
23.844587326049805,179.99807739257812,4.783019065856934,0.0,0.0,0.0,0.0,0.6319583135909459,-0.0,0.0,5.406714248657226,4.335285677228655,0.30810999870300293,0.0,0.0,0.0,7.021758481860161,0.17228086292743683,0.0,0.0,0.0,0.0,0.0,0.17228086292743683,1479.0,-4.599999904632568,-0.17228086292743683,0.1362466812133789,0.07329893112182617,0.9999969005584717
23.851337432861328,179.99758911132812,4.7828755378723145,0.0,0.0,0.0,0.0,0.5566929973517231,-0.0,0.0,5.417000034877232,4.34557146344866,0.3182229995727539,0.0,0.0,0.0,6.185477256774902,0.0,0.0,0.0,0.0,0.0,0.0,0.0,1480.0,-4.599999904632568,0.0,0.07217106223106384,0.08574086427688599,0.9999765157699585
23.85808753967285,179.32635498046875,4.782732009887695,0.0,0.0,0.0,0.0,0.42707182346234107,-0.0,0.0,5.412928526742117,4.341499955313546,0.3080269992351532,0.0,0.0,0.0,4.745242105796933,0.01593114249408245,0.0,0.0,0.0,0.0,0.0,0.01593114249408245,1481.0,-4.599999904632568,-0.01593114249408245,0.036485493183135986,0.14336180686950684,0.9998968243598938
23.864837646484375,179.9815673828125,4.782588481903076,0.0,0.0,0.0,0.0,0.2546117365051684,-0.0,0.0,5.395857075282505,4.324428503853934,0.37723100185394287,0.0,0.0,0.0,2.829019069671631,0.0,0.0,0.0,0.0,0.0,0.0,0.0,1482.0,-4.599999904632568,0.0,0.06195169687271118,0.3761923611164093,0.9987829923629761
23.8715877532959,171.65560913085938,4.782444953918457,0.0,0.0,0.0,0.0,0.07878855731644652,-0.0,0.0,5.360071400233677,4.288642828805106,0.49322599172592163,0.0,0.0,0.0,0.875428345054388,0.04114559665322304,0.0,0.0,0.0,0.0,0.0,0.04114559665322304,1483.0,-4.599999904632568,-0.04114559665322304,0.4684702157974243,0.7770710587501526,0.9648151397705078
23.864837646484375,174.36849975585938,4.782301425933838,0.0,0.0,0.0,0.0,0.0,-0.0,0.0,5.262071418762207,4.190642847333636,0.34485000371932983,0.6985539793968201,0.0,0.0,0.0,0.0,0.0,0.0,0.0,0.0,0.0,0.0,1484.0,-4.599999904632568,0.0,0.9950577020645142,0.7756543755531311,0.6418733596801758
23.85808753967285,156.33938598632812,4.069369316101074,0.0,0.0,0.0,0.0,0.0,-0.0,0.0,5.158285767691476,4.086857196262905,0.0,0.37415799498558044,0.0,0.0,0.0,0.0,0.0,0.0,0.0,0.0,0.0,0.0,1485.0,-4.069247245788574,0.0,0.7187268137931824,0.9541045427322388,0.635460376739502
23.851337432861328,155.66815185546875,3.687464952468872,0.0,0.0,0.0,0.0,0.0,-0.0,0.0,5.122285652160644,4.050857080732073,0.0,0.3562360107898712,0.0,0.0,0.0,0.0,0.0,0.0,0.0,0.0,0.0,0.0,1486.0,-3.687354326248169,0.0,0.04203715920448303,0.9207041263580322,0.5580570697784424
23.844587326049805,118.07658386230469,3.323859214782715,0.0,0.0,0.0,0.0,0.0,-0.0,0.0,5.106214332580566,4.034785761151995,0.0,0.36024099588394165,0.0,0.0,0.0,0.0,0.0,0.0,1.560745120048523,0.0,0.0,1.560745120048523,1487.0,-3.3237595558166504,-1.560745120048523,0.00020462274551391602,0.8700017929077148,0.9398646354675293
23.83783721923828,170.3764190673828,1.3636285066604614,0.0,0.0,0.0,0.0,0.0,-0.0,0.0,5.100214222499302,4.028785651070731,0.0,0.29989999532699585,0.0,0.0,0.0,0.0,0.0,0.0,0.0,0.0,0.0,0.0,1488.0,-1.3635876178741455,0.0,0.9173070192337036,0.46401774883270264,0.06666705012321472
23.831087112426758,169.70518493652344,1.0575764179229736,0.0,0.0,0.0,0.0,0.0,-0.0,0.0,5.08278568812779,4.011357116699219,0.0,0.2730950117111206,0.0,0.0,0.0,0.0,0.0,0.0,0.0,0.0,0.0,0.0,1489.0,-1.0575447082519531,0.0,0.8840146064758301,0.3571774959564209,0.0587274432182312
23.824337005615234,169.03395080566406,0.7788847088813782,0.0,0.0,0.0,0.0,0.0,-0.0,0.0,5.055285671779087,3.983857100350516,0.0,0.18902599811553955,0.0,0.0,0.0,0.0,0.0,0.0,0.0,0.0,0.0,0.0,1490.0,-0.7788613438606262,0.0,0.7744500637054443,0.3704405426979065,0.05426681041717529
23.81758689880371,168.3627166748047,0.5859834551811218,0.0,0.0,0.0,0.0,0.0,-0.0,0.0,5.025071362086704,3.953642790658133,0.0,0.17225700616836548,0.0,0.0,0.0,0.0,0.0,0.0,0.0,0.0,0.0,0.0,1491.0,-0.5859658718109131,0.0,0.6739203929901123,0.3183232545852661,0.06233498454093933
23.810836791992188,167.6914825439453,0.41019871830940247,0.0,0.0,0.0,0.0,0.0,-0.0,0.0,4.993571363176618,3.9221427917480467,0.0,0.15967600047588348,0.0,0.0,0.0,0.0,0.0,0.0,0.0,0.0,0.0,0.0,1492.0,-0.41018640995025635,0.0,0.4954215884208679,0.3192868232727051,0.07093071937561035
23.804086685180664,167.02024841308594,0.24725660681724548,0.0,0.0,0.0,0.0,0.0,-0.0,0.0,4.977571432931082,3.906142861502511,0.0,0.15532000362873077,0.0,0.0,0.0,0.0,0.0,0.0,0.0,0.0,0.0,0.0,1493.0,-0.24724920094013214,0.0,0.3430338501930237,0.4188429117202759,0.0755658745765686
23.79733657836914,166.34901428222656,0.08876414597034454,0.0,0.0,0.0,0.0,-0.02121502699686584,-0.0,0.0,4.972214235578265,3.900785664149693,0.003800000064074993,0.08698624348066275,0.07071675384618814,0.0,0.0,0.0,0.0,0.0,0.0,0.0,0.0,0.0,1494.0,-0.08876148611307144,0.0,0.2257593274116516,0.5858250260353088,0.08136585354804993
23.790586471557617,165.6777801513672,2.674678171388223e-6,0.0,0.0,0.0,0.0,0.009601969548014538,-0.0,0.0,5.03264285496303,3.9612142835344586,0.18425999581813812,0.0,0.0,0.2464713752269745,0.10668854205465117,0.0,0.0,0.0,0.0,0.0,0.0,0.0,1495.0,0.2464713752269745,0.0,0.024644404649734497,0.9041872024536133,0.25665974617004395
23.783836364746094,135.6780548095703,0.24646666646003723,0.0,0.0,0.0,0.0,0.01185651343351185,-0.0,0.0,5.110785702296665,4.039357130868094,0.2883470058441162,0.0,0.0,1.4717286825180054,0.1317390276804542,0.0,0.0,0.0,0.0,0.0,0.0,0.0,1496.0,1.4717286825180054,0.0,0.17181652784347534,0.8103778958320618,0.19608032703399658
23.77708625793457,126.89977264404297,1.7181438207626343,0.0,0.0,0.0,0.0,0.24697862826831596,-0.0,0.0,5.214928572518485,4.1435000010899135,0.3082900047302246,0.0,0.0,0.5323882699012756,2.7442067626691027,0.0,0.0,0.0,0.0,0.0,0.0,0.0,1497.0,0.5323882699012756,0.0,0.2250502109527588,0.6885854005813599,0.41560113430023193
23.770336151123047,126.22854614257812,2.250464677810669,0.0,0.0,0.0,0.0,0.33832123345702597,-0.0,0.0,5.347928537641253,4.276499966212681,0.31154200434684753,0.0,0.0,0.0,3.759124517440796,0.7154333591461182,0.0,0.0,0.0,0.0,0.0,0.7154333591461182,1498.0,-2.250397205352783,-0.7154333591461182,0.12625622749328613,0.5434894561767578,0.9728716611862183
23.763586044311523,175.65756225585938,2.250397205352783,0.0,0.0,0.0,0.0,0.4698229781645894,-0.0,0.0,5.393714305332729,4.322285733904158,0.3106450140476227,0.0,0.0,0.0,5.220254898071289,0.0,0.0,0.0,0.0,0.0,0.0,0.0,1499.0,-2.2503297328948975,0.0,0.1381092667579651,0.4608680009841919,0.9094633460044861
23.770336151123047,174.986328125,2.2503297328948975,0.0,0.0,0.0,0.0,0.3872343657202993,-0.0,0.0,5.407499940054757,4.336071368626186,0.3001460134983063,0.0,0.0,0.0,4.302603721618652,0.0,0.0,0.0,0.0,0.0,0.0,0.0,1500.0,-2.2502622604370117,0.0,0.02799004316329956,0.4599636495113373,0.9553917646408081
23.77708625793457,174.31509399414062,2.2502622604370117,0.0,0.0,0.0,0.0,0.3990738860278418,-0.0,0.0,5.433571488516671,4.3621429170881,0.3103350102901459,0.0,0.0,0.0,4.434153936803341,0.061560727655887604,0.0,0.0,0.0,0.0,0.0,0.061560727655887604,1501.0,-2.250194787979126,-0.061560727655887604,0.01740822196006775,0.2752155065536499,0.9924736022949219
23.783836364746094,178.79385375976562,2.250194787979126,0.0,0.0,0.0,0.0,0.49935477198251027,-0.0,0.0,5.464071491786411,4.39264292035784,0.3222000002861023,0.0,0.0,0.0,5.548385914415121,0.02131432667374611,0.0,0.0,0.0,0.0,0.0,0.02131432667374611,1502.0,-2.2501273155212402,-0.02131432667374611,0.029578179121017456,0.11401024460792542,0.9995006322860718
23.790586471557617,179.91818237304688,2.2501273155212402,0.0,0.0,0.0,0.0,0.46559876819242957,-0.0,0.0,5.478142820085798,4.406714248657226,0.30810999870300293,0.0,0.0,0.0,5.173319235444069,0.131170853972435,0.0,0.0,0.0,0.0,0.0,0.131170853972435,1503.0,-2.2500598430633545,-0.131170853972435,0.024196535348892212,0.0881078839302063,0.999920129776001
23.79733657836914,179.98529052734375,2.2500598430633545,0.0,0.0,0.0,0.0,0.4259634499520798,-0.0,0.0,5.483500017438616,4.412071446010044,0.3182229995727539,0.0,0.0,0.0,4.732926845550537,0.0,0.0,0.0,0.0,0.0,0.0,0.0,1504.0,-2.2499923706054688,0.0,0.023347526788711548,0.11532381176948547,0.9997061491012573
23.804086685180664,179.31405639648438,2.2499923706054688,0.0,0.0,0.0,0.0,0.2663076942459884,-0.0,0.0,5.464499964032854,4.393071392604282,0.3080269992351532,0.0,0.0,0.0,2.9589741453528404,0.010498739778995514,0.0,0.0,0.0,0.0,0.0,0.010498739778995514,1505.0,-2.249924898147583,-0.010498739778995514,0.020718276500701904,0.31362253427505493,0.9970579147338867
23.810836791992188,179.52734375,2.249924898147583,0.0,0.0,0.0,0.0,0.08061921641184581,-0.0,0.0,5.422857093811035,4.351428522382464,0.37723100185394287,0.0,0.0,0.0,0.8957690000534058,0.0,0.0,0.0,0.0,0.0,0.0,0.0,1506.0,-2.2498574256896973,0.0,0.17636746168136597,0.6969162225723267,0.9427239298820496
23.81758689880371,178.85610961914062,2.2498574256896973,0.0,0.0,0.0,0.0,0.0,-0.0,0.0,5.371214267185756,4.299785695757185,0.4674000144004822,0.025825977325439453,0.0,0.0,0.0,0.0,0.0,0.0,0.0,0.0,0.0,0.0,1507.0,-2.2497899532318115,0.0,0.7915468811988831,0.7988874316215515,0.8036337494850159
23.824337005615234,169.9427947998047,2.223437786102295,0.0,0.0,0.0,0.0,0.0,-0.0,0.0,5.302499989100864,4.231071417672293,0.10544999688863754,0.3400479853153229,0.0,0.0,0.0,0.0,0.0,0.0,0.0,0.0,0.0,0.0,1508.0,-2.2233710289001465,0.0,0.874394416809082,0.8268182277679443,0.5691403150558472
23.81758689880371,160.88589477539062,1.8763937950134277,0.0,0.0,0.0,0.0,0.0,-0.0,0.0,5.24292858668736,4.171500015258789,0.0,0.37415799498558044,0.0,0.0,0.0,0.0,0.0,0.0,0.0,0.0,0.0,0.0,1509.0,-1.8763375282287598,0.0,0.8327997326850891,0.789989709854126,0.28750720620155334
23.810836791992188,150.9452362060547,1.494555115699768,0.0,0.0,0.0,0.0,0.0,-0.0,0.0,5.199214335850307,4.127785764421736,0.0,0.3562360107898712,0.0,0.0,0.0,0.0,0.0,0.0,0.0,0.0,0.0,0.0,1510.0,-1.494510293006897,0.0,0.9121502637863159,0.7379222512245178,0.08848756551742554
23.804086685180664,150.2740020751953,1.1310150623321533,0.0,0.0,0.0,0.0,0.0,-0.0,0.0,5.169714328220913,4.098285756792341,0.0,0.36024099588394165,0.0,0.0,0.0,0.0,0.0,0.0,0.0,0.0,0.0,0.0,1511.0,-1.130981206893921,0.0,0.785811185836792,0.564007580280304,0.047109782695770264
23.79733657836914,141.67393493652344,0.7633993029594421,0.0,0.0,0.0,0.0,0.0,-0.0,0.0,5.147071375165667,4.075642803737095,0.0,0.29989999532699585,0.0,0.0,0.0,0.0,0.0,0.0,0.0,0.0,0.0,0.0,1512.0,-0.7633764147758484,0.0,0.7106771469116211,0.5460968017578125,0.023883789777755737
23.790586471557617,141.00270080566406,0.4573651850223541,0.0,0.0,0.0,0.0,0.0,-0.0,0.0,5.118571363176618,4.047142791748047,0.0,0.2663150131702423,0.0,0.0,0.0,0.0,0.0,0.0,0.0,0.0,0.0,0.0,1513.0,-0.4573514759540558,0.0,0.5539196133613586,0.4591876268386841,0.024254649877548218
23.783836364746094,140.3314666748047,0.1856096088886261,0.0,0.0,0.0,0.0,-0.0021402162974372384,-0.0,0.0,5.089999961853027,4.018571390424456,0.0,0.1818919440742306,0.007134054041308957,0.0,0.0,0.0,0.0,0.0,0.0,0.0,0.0,0.0,1514.0,-0.1856040507555008,0.0,0.3515819311141968,0.4851666986942291,0.02344191074371338
23.77708625793457,139.6602325439453,5.587768100667745e-6,0.0,0.0,0.0,0.0,-0.051677103903973176,-0.0,0.0,5.064142853873117,3.9927142824445454,0.0,0.0,0.17225700616836548,0.0,0.0,0.0,0.0,0.0,0.0,0.0,0.0,0.0,1515.0,0.0,0.0,0.24590089917182922,0.45478948950767517,0.03420203924179077
23.770336151123047,138.98899841308594,5.587600753642619e-6,0.0,0.0,0.0,0.0,-0.0479028020462513,-0.0,0.0,5.043142809186663,3.9717142377580914,0.0,0.0,0.15967600047588348,0.0,0.0,0.0,0.0,0.0,0.0,0.0,0.0,0.0,1516.0,0.0,0.0,0.11703327298164368,0.5103304982185364,0.0633409321308136
23.763586044311523,138.31776428222656,5.5874334066174924e-6,0.0,0.0,0.0,0.0,-0.04659600294017796,-0.0,0.0,5.039000047956194,3.9675714765276227,0.0,0.0,0.15532000362873077,0.0,0.0,0.0,0.0,0.0,0.0,0.0,0.0,0.0,1517.0,0.0,0.0,0.05155891180038452,0.6104148030281067,0.08926278352737427
23.7568359375,137.6465301513672,5.587266059592366e-6,0.0,0.0,0.0,0.0,-0.04816590440932522,-0.0,0.0,5.039500045776367,3.968071474347796,0.0009500000160187483,0.0,0.1605530083179474,0.0,0.0,0.0,0.0,0.0,0.0,0.0,0.0,0.0,1518.0,0.0,0.0,0.010767251253128052,0.8032674789428711,0.1338270902633667
23.750085830688477,129.4541778564453,5.58709871256724e-6,0.0,0.0,0.0,0.0,0.004250641838224391,-0.0,0.0,5.082999992370605,4.011571420942034,0.18425999581813812,0.0,0.0,0.26470839977264404,0.047229350004597215,0.0,0.0,0.0,0.0,0.0,0.0,0.0,1519.0,0.26470839977264404,0.0,0.026468396186828613,0.8714168667793274,0.13259530067443848
23.743335723876953,128.78294372558594,0.2647060453891754,0.0,0.0,0.0,0.0,0.13425374057288644,-0.0,0.0,5.165142822265625,4.093714250837054,0.2739329934120178,0.0,0.0,0.06929474323987961,1.4917081100373155,0.0,0.0,0.0,0.0,0.0,0.0,0.0,1520.0,0.06929474323987961,0.0,0.03339707851409912,0.6648098230361938,0.6404979825019836
23.73658561706543,94.65278625488281,0.33399078249931335,0.0,0.0,0.0,0.0,0.13655661476108286,-0.0,0.0,5.316714232308524,4.2452856608799525,0.3082900047302246,0.0,0.0,0.0,1.5172955989837646,1.8575644493103027,0.0,0.0,0.0,0.0,0.0,1.8575644493103027,1521.0,-0.3339807689189911,-1.8575644493103027,0.010082513093948364,0.17240068316459656,0.9999613761901855
23.729835510253906,179.9918975830078,0.3339807689189911,0.0,0.0,0.0,0.0,0.2664654767526233,-0.0,0.0,5.42542860848563,4.354000037057059,0.31154200434684753,0.0,0.0,2.0226032733917236,2.960727284176123,0.0,0.0,0.0,0.0,0.0,0.0,0.0,1522.0,2.0226032733917236,0.0,0.23565539717674255,0.5857604146003723,0.6801949739456177
23.73658561706543,179.32066345214844,2.356513500213623,0.0,0.0,0.0,0.0,0.5667799494091603,-0.0,0.0,5.481214332580566,4.409785761151995,0.3106450140476227,0.0,0.0,0.0,6.2975544929504395,0.0,0.0,0.0,0.0,0.0,0.0,0.0,1523.0,-2.356442928314209,0.0,0.20120453834533691,0.2981186509132385,0.9791061878204346
23.743335723876953,178.64942932128906,2.356442928314209,0.0,0.0,0.0,0.0,0.6398772852149405,-0.0,0.0,5.5162143162318635,4.444785744803292,0.3001460134983063,0.0,0.0,0.0,7.109747048467398,0.021956805139780045,0.0,0.0,0.0,0.0,0.0,0.021956805139780045,1524.0,-2.356372356414795,-0.021956805139780045,0.14439260959625244,0.15151697397232056,0.9990735054016113
23.750085830688477,179.84983825683594,2.356372356414795,0.0,0.0,0.0,0.0,0.6710853920746129,-0.0,0.0,5.543571417672293,4.472142846243722,0.3103350102901459,0.0,0.0,0.0,7.456503763794899,0.039311036467552185,0.0,0.0,0.0,0.0,0.0,0.039311036467552185,1525.0,-2.356301784515381,-0.039311036467552185,0.11321905255317688,0.0922805666923523,0.9999282360076904
23.7568359375,179.98660278320312,2.356301784515381,0.0,0.0,0.0,0.0,0.661068799729646,-0.0,0.0,5.561642864772251,4.49021429334368,0.3222000002861023,0.0,0.0,0.0,7.345208302140236,0.07319150865077972,0.0,0.0,0.0,0.0,0.0,0.07319150865077972,1526.0,-2.356231212615967,-0.07319150865077972,0.09034669399261475,0.06802979111671448,0.9999879002571106
23.763586044311523,179.9961395263672,2.356231212615967,0.0,0.0,0.0,0.0,0.6224976748226195,-0.0,0.0,5.570928519112723,4.499499947684152,0.30810999870300293,0.0,0.0,0.0,6.916640281677246,0.0,0.0,0.0,0.0,0.0,0.0,0.0,1527.0,-2.3561606407165527,-0.0077756913378834724,0.05341911315917969,0.062295734882354736,0.9999862909317017
23.770336151123047,179.3249053955078,2.3561606407165527,0.0,0.0,0.0,0.0,0.5185759919246802,-0.0,0.0,5.568785749162946,4.497357177734375,0.3182229995727539,0.0,0.0,0.0,5.7619550079107285,0.18412186205387115,0.0,0.0,0.0,0.0,0.0,0.18412186205387115,1528.0,-2.3560900688171387,-0.18412186205387115,0.053677916526794434,0.066200852394104,0.9999910593032837
23.77708625793457,179.99664306640625,2.3560900688171387,0.0,0.0,0.0,0.0,0.4113201325194127,-0.0,0.0,5.5503570829118996,4.478928511483328,0.3080269992351532,0.0,0.0,0.0,4.570223331451416,0.0,0.0,0.0,0.0,0.0,0.0,0.0,1529.0,-2.3560194969177246,0.0,0.029271602630615234,0.1440863311290741,0.9997262954711914
23.783836364746094,179.32540893554688,2.3560194969177246,0.0,0.0,0.0,0.0,0.2504222115216411,-0.0,0.0,5.521642902919224,4.450214331490653,0.37723100185394287,0.0,0.0,0.0,2.782468795776367,0.0,0.0,0.0,0.0,0.0,0.0,0.0,1530.0,-2.3559489250183105,0.0,0.11374658346176147,0.403228759765625,0.9922704696655273
23.790586471557617,178.6541748046875,2.3559489250183105,0.0,0.0,0.0,0.0,0.0,-0.0,0.0,5.4989285605294365,4.427499989100864,0.49322599172592163,0.0,0.0,0.8880015915608226,0.0,0.0,0.0,0.0,0.0,0.0,0.0,0.0,1531.0,0.9797740578651428,0.0,0.7276352047920227,0.7621099352836609,0.8587979674339294
23.79733657836914,177.98294067382812,3.2438533306121826,0.0,0.0,0.0,0.0,0.0,-0.0,0.0,5.397428594316755,4.326000022888183,0.30685001611709595,0.13864797353744507,0.0,0.0,0.0,0.0,0.0,0.0,0.0,0.0,0.0,0.0,1532.0,-3.243756055831909,0.0,0.7266404628753662,0.8747186660766602,0.7889973521232605
23.804086685180664,169.4375762939453,3.102282762527466,0.0,0.0,0.0,0.0,0.0,-0.0,0.0,5.295785713195801,4.224357141767229,0.0,0.37415799498558044,0.0,0.0,0.0,0.0,0.0,0.0,0.0,0.0,0.0,0.0,1533.0,-3.102189779281616,0.0,0.8534494042396545,0.9086104035377502,0.506618320941925
23.79733657836914,168.76634216308594,2.720407247543335,0.0,0.0,0.0,0.0,0.0,-0.0,0.0,5.250857162475586,4.179428591047015,0.0,0.6204410195350647,0.0,0.0,0.0,0.0,0.0,0.0,0.0,0.0,0.0,0.0,1534.0,-2.7203257083892822,0.0,0.9836840033531189,0.5668752789497375,0.19119751453399658
23.790586471557617,161.62232971191406,2.0872416496276855,0.0,0.0,0.0,0.0,0.0,-0.0,0.0,5.220285769871303,4.148857198442732,0.0,0.8271250128746033,0.0,0.0,0.0,0.0,0.0,0.0,0.0,0.0,0.0,0.0,1535.0,-2.087179183959961,0.0,0.9823980927467346,0.24026250839233398,0.07155698537826538
23.783836364746094,147.04730224609375,1.2431992292404175,0.0,0.0,0.0,0.0,0.0,-0.0,0.0,5.193428530011858,4.121999958583286,0.0,0.29989999532699585,0.0,0.0,0.0,0.0,0.0,0.0,0.0,0.0,0.0,0.0,1536.0,-1.243161916732788,0.0,0.6406606435775757,0.6360978484153748,0.03484690189361572
23.77708625793457,146.37606811523438,0.9371507167816162,0.0,0.0,0.0,0.0,0.0,-0.0,0.0,5.166142817905971,4.0947142464774,0.0,0.22134600579738617,0.0,0.0,0.0,0.0,0.0,0.0,0.0,0.0,0.0,0.0,1537.0,-0.937122642993927,0.0,0.3153213560581207,0.6145813465118408,0.036222636699676514
23.770336151123047,145.704833984375,0.7112661004066467,0.0,0.0,0.0,0.0,0.0,-0.0,0.0,5.13721433367048,4.065785762241909,0.0,0.18902599811553955,0.0,0.0,0.0,0.0,0.0,0.0,0.0,0.0,0.0,0.0,1538.0,-0.7112447619438171,0.0,0.2752833962440491,0.5865292549133301,0.03290218114852905
23.763586044311523,145.03359985351562,0.5183668732643127,0.0,0.0,0.0,0.0,0.0,-0.0,0.0,5.1067857197352815,4.03535714830671,0.0,0.17225700616836548,0.0,0.0,0.0,0.0,0.0,0.0,0.0,0.0,0.0,0.0,1539.0,-0.5183513164520264,0.0,0.19615399837493896,0.5528433322906494,0.042565345764160156
23.7568359375,144.36236572265625,0.34258416295051575,0.0,0.0,0.0,0.0,0.0,-0.0,0.0,5.075785718645368,4.004357147216797,0.0,0.15967600047588348,0.0,0.0,0.0,0.0,0.0,0.0,0.0,0.0,0.0,0.0,1540.0,-0.342573881149292,0.0,0.10769885778427124,0.5491296052932739,0.06604567170143127
23.750085830688477,143.69113159179688,0.17964409291744232,0.0,0.0,0.0,0.0,0.0,-0.0,0.0,5.062214251926967,3.9907856804983957,0.0,0.15532000362873077,0.0,0.0,0.0,0.0,0.0,0.0,0.0,0.0,0.0,0.0,1541.0,-0.17963871359825134,0.0,0.06109064817428589,0.6051535606384277,0.08629325032234192
23.743335723876953,143.0198974609375,0.021153662353754044,0.0,0.0,0.0,0.0,-0.042231912724609195,-0.0,0.0,5.071071434020996,3.9996428625924247,0.0,0.020729965225992686,0.14077303682154607,0.0,0.0,0.0,0.0,0.0,0.0,0.0,0.0,0.0,1542.0,-0.021153029054403305,0.0,0.03591883182525635,0.7249518632888794,0.09462335705757141
23.73658561706543,142.34866333007812,6.370055416482501e-7,0.0,0.0,0.0,0.0,0.005843642654010168,-0.0,0.0,5.143142918178013,4.071714346749442,0.18425999581813812,0.0,0.0,0.2482934296131134,0.06492935766221336,0.0,0.0,0.0,0.0,0.0,0.0,0.0,1543.0,0.2482934296131134,0.0,0.024826407432556152,0.8840866088867188,0.14933055639266968
23.729835510253906,134.1568145751953,0.24828661978244781,0.0,0.0,0.0,0.0,0.04321221210786589,-0.0,0.0,5.238571384974888,4.167142813546317,0.2739329934120178,0.0,0.0,1.0746005773544312,0.4801356519296447,0.0,0.0,0.0,0.0,0.0,0.0,0.0,1544.0,1.0746005773544312,0.0,0.1322857141494751,0.8158330321311951,0.1566028594970703
23.723085403442383,133.48558044433594,1.3228474855422974,0.0,0.0,0.0,0.0,0.17862274278185622,-0.0,0.0,5.31771422794887,4.246285656520298,0.3082900047302246,0.0,0.0,0.0,1.9846969842910767,1.443363070487976,0.0,0.0,0.0,0.0,0.0,1.443363070487976,1545.0,-1.322807788848877,-1.443363070487976,0.04203060269355774,0.2078227996826172,0.9995951652526855
23.71633529663086,179.9333038330078,1.322807788848877,0.0,0.0,0.0,0.0,0.40933132877145606,-0.0,0.0,5.434642873491559,4.363214302062988,0.31154200434684753,0.0,0.0,0.5423635840415955,4.548125513785853,0.0,0.0,0.0,0.0,0.0,0.0,0.0,1546.0,0.5423635840415955,0.0,0.18651413917541504,0.44067052006721497,0.9819904565811157
23.723085403442383,149.2796173095703,1.8651154041290283,0.0,0.0,0.0,0.0,0.5380993060747206,-0.0,0.0,5.49478566305978,4.423357091631208,0.3106450140476227,0.0,0.0,0.0,5.978880703449249,0.3661739230155945,0.0,0.0,0.0,0.0,0.0,0.3661739230155945,1547.0,-1.865059494972229,-0.3661739230155945,0.1294657289981842,0.3057063817977905,0.9979578256607056
23.729835510253906,179.67132568359375,1.865059494972229,0.0,0.0,0.0,0.0,0.642537382645396,-0.0,0.0,5.5292856488909035,4.457857077462332,0.3001460134983063,0.0,0.0,0.0,7.139303684234619,0.0,0.0,0.0,0.0,0.0,0.0,0.0,1548.0,-1.8650035858154297,-0.009854626841843128,0.13683652877807617,0.1455705165863037,0.999028205871582
23.73658561706543,179.00009155273438,1.8650035858154297,0.0,0.0,0.0,0.0,0.11656904165237167,-0.0,0.0,5.549714306422642,4.478285734994071,0.9803609848022461,0.0,0.0,4.599999904632568,1.2952114709810791,0.3084999918937683,0.0,0.0,0.0,0.0,0.0,0.3084999918937683,1549.0,4.599999904632568,-0.3084999918937683,0.8562172055244446,0.1421240270137787,0.9984325766563416
23.743335723876953,179.74728393554688,6.464809894561768,0.0,0.0,0.0,0.0,0.5565919107532503,-0.0,0.0,5.558428573608398,4.487000002179827,0.37525901198387146,0.0,0.0,0.0,6.18435407243669,0.010586971417069435,0.0,0.0,0.0,0.0,0.0,0.010586971417069435,1550.0,-4.599999904632568,-0.010586971417069435,0.05033108592033386,0.11321479082107544,0.9999312162399292
23.750085830688477,179.98707580566406,6.464616298675537,0.0,0.0,0.0,0.0,0.48458611524789225,-0.0,0.0,5.543142809186663,4.471714237758091,0.30810999870300293,0.0,0.0,0.0,5.384289741516113,0.0,0.0,0.0,0.0,0.0,0.0,0.0,1551.0,-4.599999904632568,-0.007889306172728539,0.012996017932891846,0.12038373947143555,0.9999645948410034
23.7568359375,179.3158416748047,6.464422702789307,0.0,0.0,0.0,0.0,0.2798202628437377,-0.0,0.0,5.4672142573765345,4.395785685947963,0.3182229995727539,0.0,0.0,0.0,3.109113784506917,0.015463260933756828,0.0,0.0,0.0,0.0,0.0,0.015463260933756828,1552.0,-4.599999904632568,-0.015463260933756828,0.0046028196811676025,0.2781498432159424,0.9996882677078247
23.763586044311523,179.9481964111328,6.464229106903076,0.0,0.0,0.0,0.0,0.22954709208385773,-0.0,0.0,5.4387142453874855,4.367285673958914,0.3080269992351532,0.0,0.0,0.0,2.550523042678833,0.0,0.0,0.0,0.0,0.0,0.0,0.0,1553.0,-4.599999904632568,0.0,0.005174964666366577,0.3891932964324951,0.9995241165161133
23.770336151123047,179.27696228027344,6.464035511016846,0.0,0.0,0.0,0.0,0.22513576457424472,-0.0,0.0,5.449214335850307,4.377785764421735,0.37723100185394287,0.0,0.0,0.0,2.501508296467364,0.014960705302655697,0.0,0.0,0.0,0.0,0.0,0.014960705302655697,1554.0,-4.599999904632568,-0.014960705302655697,0.026678383350372314,0.45004725456237793,0.9991481304168701
23.77708625793457,179.86178588867188,6.463841915130615,0.0,0.0,0.0,0.0,0.07710516290705667,-0.0,0.0,5.431785665239606,4.360357093811035,0.49322599172592163,0.0,0.0,0.0,0.856723964214325,0.0,0.0,0.0,0.0,0.0,0.0,0.0,1555.0,-4.599999904632568,0.0,0.21276375651359558,0.791634202003479,0.9894278049468994
23.783836364746094,179.1905517578125,6.463648319244385,0.0,0.0,0.0,0.0,0.0,-0.0,0.0,5.3619286128452845,4.290500041416713,0.3002000153064728,0.14529797434806824,0.0,0.0,0.0,0.0,0.0,0.0,0.0,0.0,0.0,0.0,1556.0,-4.599999904632568,0.0,0.16303524374961853,0.9418997764587402,0.9738411903381348
23.790586471557617,167.67984008789062,6.315195560455322,0.0,0.0,0.0,0.0,0.0,-0.0,0.0,5.282857159205845,4.211428587777274,0.0,0.37415799498558044,0.0,0.0,0.0,0.0,0.0,0.0,0.14397044479846954,0.0,0.14397044479846954,0.0,1557.0,-4.599999904632568,0.14397044479846954,0.07477539777755737,0.9795875549316406,0.9388595819473267
23.89792251586914,157.67030334472656,5.786319732666016,0.0,0.0,0.0,0.0,0.0,-0.0,0.0,5.263071414402553,4.191642842973982,0.0,0.3562360107898712,0.0,0.0,0.0,0.0,0.0,0.0,0.05422281473875046,0.0,0.05422281473875046,0.0,1558.0,-4.599999904632568,0.05422281473875046,0.1360577940940857,0.9867986440658569,0.7984642386436462
23.933979034423828,156.9990692138672,5.367323398590088,0.0,0.0,0.0,0.0,0.0,-0.0,0.0,5.243499973842075,4.172071402413504,0.0,0.36024099588394165,0.0,0.0,0.0,0.0,0.0,0.0,0.0,0.0,0.0,0.0,1559.0,-4.599999904632568,0.0,0.13556653261184692,0.9852014780044556,0.6035487651824951
23.927228927612305,156.3278350830078,4.9995808601379395,0.0,0.0,0.0,0.0,0.0,-0.0,0.0,5.224714224679129,4.153285653250558,0.0,0.36514100432395935,0.0,0.0,0.0,0.0,0.0,0.0,0.0,0.0,0.0,0.0,1560.0,-4.599999904632568,0.0,0.025098145008087158,0.9834549427032471,0.5205697417259216
23.92047882080078,143.15533447265625,4.626849174499512,0.0,0.0,0.0,0.0,0.0,-0.0,0.0,5.202571405683245,4.131142834254673,0.0,0.5430920124053955,0.0,0.0,0.0,0.0,0.0,0.0,0.0,0.0,0.0,0.0,1561.0,-4.599999904632568,0.0,0.12747639417648315,0.9573479890823364,0.2556924521923065
23.913728713989258,129.1694793701172,4.072551727294922,0.0,0.0,0.0,0.0,0.0,-0.0,0.0,5.175999995640346,4.104571424211775,0.0,0.18902599811553955,0.0,0.0,0.0,0.0,0.0,0.0,0.07435093075037003,0.0,0.07435093075037003,0.0,1562.0,-4.072429656982422,0.07435093075037003,0.0010862648487091064,0.9929438233375549,0.3777856230735779
23.964704513549805,124.44477081298828,3.8036856651306152,0.0,0.0,0.0,0.0,0.0,-0.0,0.0,5.149785668509347,4.078357097080776,0.0,0.17225700616836548,0.0,0.0,0.0,0.0,0.0,0.0,0.0,0.0,0.0,0.0,1563.0,-3.8035717010498047,0.0,0.0005147457122802734,0.9922029972076416,0.33625978231430054
23.95795440673828,123.77354431152344,3.6278045177459717,0.0,0.0,0.0,0.0,0.0,-0.0,0.0,5.129642840794155,4.058214269365584,0.0,0.15967600047588348,0.0,0.0,0.0,0.0,0.0,0.0,0.0,0.0,0.0,0.0,1564.0,-3.6276957988739014,0.0,0.00022494792938232422,0.9910258054733276,0.3220566511154175
23.951204299926758,123.1023178100586,3.464766025543213,0.0,0.0,0.0,0.0,0.0,-0.0,0.0,5.1239285605294365,4.052499989100864,0.0,0.15532000362873077,0.0,0.0,0.0,0.0,0.0,0.0,0.0,0.0,0.0,0.0,1565.0,-3.4646620750427246,0.0,0.00023108720779418945,0.9889603853225708,0.27401280403137207
23.944454193115234,122.43109130859375,3.3061771392822266,0.0,0.0,0.0,0.0,0.0,-0.0,0.0,5.132642827715192,4.061214256286621,0.0,0.16150300204753876,0.0,0.0,0.0,0.0,0.0,0.0,0.0,0.0,0.0,0.0,1566.0,-3.3060779571533203,0.0,0.00044205784797668457,0.9839926958084106,0.2361319661140442
23.93770408630371,121.7598648071289,3.1412839889526367,0.0,0.0,0.0,0.0,0.025824600126314053,-0.0,0.0,5.17728568485805,4.105857113429478,0.18425999581813812,0.0,0.0,0.0,0.28693997859954834,0.0,0.0,0.0,0.0,0.0,0.0,0.0,1567.0,-3.1411898136138916,0.0,0.0016975104808807373,0.9682378768920898,0.28444284200668335
23.930953979492188,110.80230712890625,3.1411898136138916,0.0,0.0,0.0,0.0,0.00042967918949756334,-0.0,0.0,5.247999954223633,4.1765713827950615,0.2739329934120178,0.0,0.0,0.0,0.004774212837219238,1.1956928968429565,0.0,0.0,0.0,0.0,0.0,1.1956928968429565,1568.0,-3.1410956382751465,-1.1956928968429565,0.005701124668121338,0.8230806589126587,0.9102713465690613
23.924203872680664,165.64149475097656,3.1410956382751465,0.0,0.0,0.0,0.0,0.2042154283694757,-0.0,0.0,5.353285734994071,4.281857163565499,0.3082900047302246,0.0,0.0,0.0,2.2690601348876953,0.0,0.0,0.0,0.0,0.0,0.0,0.0,1569.0,-3.1410014629364014,0.0,0.16448044776916504,0.9128679633140564,0.22880011796951294
23.91745376586914,164.9702606201172,3.1410014629364014,0.0,0.0,0.0,0.0,0.2930992502450333,-0.0,0.0,5.46285719190325,4.391428620474679,0.31154200434684753,0.0,0.0,0.0,3.2566580772399902,0.0,0.0,0.0,0.0,0.0,0.0,0.0,1570.0,-3.1409072875976562,0.0,0.08524996042251587,0.8011974096298218,0.5434885025024414
23.924203872680664,164.2990264892578,3.1409072875976562,0.0,0.0,0.0,0.0,0.37120598226435664,-0.0,0.0,5.549214308602469,4.477785737173898,0.3106450140476227,0.0,0.0,0.0,4.124510586261749,0.23219412565231323,0.0,0.0,0.0,0.0,0.0,0.23219412565231323,1571.0,-3.140813112258911,-0.23219412565231323,0.03992730379104614,0.5109221339225769,0.9685639142990112
23.930953979492188,174.9683074951172,3.140813112258911,0.0,0.0,0.0,0.0,0.43673883492907356,-0.0,0.0,5.621857179914202,4.55042860848563,0.3001460134983063,0.0,0.0,0.0,4.852653335779905,0.051300693303346634,0.0,0.0,0.0,0.0,0.0,0.051300693303346634,1572.0,-3.140718936920166,-0.051300693303346634,0.01822313666343689,0.32471466064453125,0.99234938621521
23.93770408630371,178.77398681640625,3.140718936920166,0.0,0.0,0.0,0.0,0.4684804908717047,-0.0,0.0,5.676785687037876,4.605357115609305,0.3103350102901459,0.0,0.0,0.0,5.2053383737802505,0.019976720213890076,0.0,0.0,0.0,0.0,0.0,0.019976720213890076,1573.0,-3.140624761581421,-0.019976720213890076,0.011266708374023438,0.18835154175758362,0.9991815090179443
23.944454193115234,179.86712646484375,3.140624761581421,0.0,0.0,0.0,0.0,0.5204250653922585,-0.0,0.0,5.706928607395717,4.635500035967145,0.3222000002861023,0.0,0.0,0.0,5.782500267028809,0.0,0.0,0.0,0.0,0.0,0.0,0.0,1574.0,-3.140530586242676,-0.008887732401490211,0.011914163827896118,0.10277047753334045,0.9999245405197144
23.951204299926758,179.19589233398438,3.140530586242676,0.0,0.0,0.0,0.0,0.44171332889503656,-0.0,0.0,5.688499941144671,4.617071369716099,0.30810999870300293,0.0,0.0,0.0,4.907925486564636,0.1847144365310669,0.0,0.0,0.0,0.0,0.0,0.1847144365310669,1575.0,-3.1404364109039307,-0.1847144365310669,0.007609337568283081,0.09006169438362122,0.9999845027923584
23.95795440673828,179.99560546875,3.1404364109039307,0.0,0.0,0.0,0.0,0.48627970574038637,-0.0,0.0,5.665571430751255,4.594142859322684,0.3182229995727539,0.0,0.0,0.0,5.403107412159443,0.10881971567869186,0.0,0.0,0.0,0.0,0.0,0.10881971567869186,1576.0,-3.1403422355651855,-0.10881971567869186,0.020091980695724487,0.0779581069946289,0.9999878406524658
23.964704513549805,179.99612426757812,3.1403422355651855,0.0,0.0,0.0,0.0,0.38549912655346424,-0.0,0.0,5.608928625924246,4.537500054495675,0.3080269992351532,0.0,0.0,0.0,4.283323287963867,0.0,0.0,0.0,0.0,0.0,0.0,0.0,1577.0,-3.1402480602264404,0.0,0.01673474907875061,0.15846294164657593,0.9998115301132202
23.971454620361328,179.32489013671875,3.1402480602264404,0.0,0.0,0.0,0.0,0.23409172011150567,-0.0,0.0,5.536928531101772,4.4654999596732,0.37723100185394287,0.0,0.0,0.0,2.6010189056396484,0.0,0.0,0.0,0.0,0.0,0.0,0.0,1578.0,-3.1401538848876953,0.0,0.07353362441062927,0.42646583914756775,0.9953676462173462
23.97820472717285,178.65365600585938,3.1401538848876953,0.0,0.0,0.0,0.0,0.0,-0.0,0.0,5.46007137298584,4.3886428015572685,0.49322599172592163,0.0,0.0,0.862864567145806,0.0,0.0,0.0,0.0,0.0,0.0,0.0,0.0,1579.0,0.9527739882469177,0.0,0.6538176536560059,0.7759543657302856,0.91148841381073
23.984954833984375,177.982421875,4.002898216247559,0.0,0.0,0.0,0.0,0.0,-0.0,0.0,5.35707141331264,4.2856428418840675,0.2859500050544739,0.15954798460006714,0.0,0.0,0.0,0.0,0.0,0.0,0.0,0.0,0.0,0.0,1580.0,-4.002778053283691,0.0,0.6712486743927002,0.907167375087738,0.8606359362602234
23.97820472717285,169.65231323242188,3.8399789333343506,0.0,0.0,0.0,0.0,0.0,-0.0,0.0,5.262000029427664,4.190571457999093,0.0,0.37415799498558044,0.0,0.0,0.0,0.0,0.0,0.0,0.0,0.0,0.0,0.0,1581.0,-3.8398637771606445,0.0,0.7833166122436523,0.9470679759979248,0.6615567207336426
23.971454620361328,168.9810791015625,3.4580814838409424,0.0,0.0,0.0,0.0,0.0,-0.0,0.0,5.220214244297573,4.148785672869002,0.0,0.3562360107898712,0.0,0.0,0.0,0.0,0.0,0.0,0.0,0.0,0.0,0.0,1582.0,-3.457977771759033,0.0,0.8023145198822021,0.9303832054138184,0.3917824327945709
23.964704513549805,168.30984497070312,3.094482660293579,0.0,0.0,0.0,0.0,0.0,-0.0,0.0,5.193285751342773,4.121857179914202,0.0,0.36024099588394165,0.0,0.0,0.0,0.0,0.0,0.0,0.0,0.0,0.0,0.0,1583.0,-3.0943899154663086,0.0,0.8103371858596802,0.8859308362007141,0.21526044607162476
23.95795440673828,167.63861083984375,2.7268080711364746,0.0,0.0,0.0,0.0,0.0,-0.0,0.0,5.175071389334542,4.103642817905971,0.0,0.29989999532699585,0.0,0.0,0.0,0.0,0.0,0.0,0.0,0.0,0.0,0.0,1584.0,-2.7267262935638428,0.0,0.6067705750465393,0.8704384565353394,0.1462724208831787
23.951204299926758,166.96737670898438,2.420715093612671,0.0,0.0,0.0,0.0,0.0,-0.0,0.0,5.157428550720215,4.0859999792916435,0.0,0.22134600579738617,0.0,0.0,0.0,0.0,0.0,0.0,0.0,0.0,0.0,0.0,1585.0,-2.420642614364624,0.0,0.2726438641548157,0.8686463236808777,0.13582119345664978
23.944454193115234,166.296142578125,2.1947860717773438,0.0,0.0,0.0,0.0,0.0,-0.0,0.0,5.1400000163487025,4.068571444920131,0.0,0.18902599811553955,0.0,0.0,0.0,0.0,0.0,0.0,0.0,0.0,0.0,0.0,1586.0,-2.1947202682495117,0.0,0.23658066987991333,0.8564177751541138,0.12325090169906616
23.93770408630371,165.62490844726562,2.001842498779297,0.0,0.0,0.0,0.0,0.0,-0.0,0.0,5.1205714906964985,4.049142919267927,0.0,0.17225700616836548,0.0,0.0,0.0,0.0,0.0,0.0,0.0,0.0,0.0,0.0,1587.0,-2.0017824172973633,0.0,0.12105324864387512,0.8383575677871704,0.1345822811126709
23.930953979492188,164.95367431640625,1.8260153532028198,0.0,0.0,0.0,0.0,0.0,-0.0,0.0,5.098714229038784,4.0272856576102125,0.0,0.15967600047588348,0.0,0.0,0.0,0.0,0.0,0.0,0.0,0.0,0.0,0.0,1588.0,-1.825960636138916,0.0,0.06341910362243652,0.8432396650314331,0.1328863501548767
23.924203872680664,164.28244018554688,1.663030743598938,0.0,0.0,0.0,0.0,0.0,-0.0,0.0,5.079785701206752,4.008357129778181,0.0,0.15532000362873077,0.0,0.0,0.0,0.0,0.0,0.0,0.0,0.0,0.0,0.0,1589.0,-1.6629809141159058,0.0,0.03918525576591492,0.870585024356842,0.12799644470214844
23.91745376586914,163.6112060546875,1.5044958591461182,0.0,0.0,0.0,0.0,0.0,-0.0,0.0,5.068642834254673,3.997214262826102,0.0,0.16150300204753876,0.0,0.0,0.0,0.0,0.0,0.0,0.0,0.0,0.0,0.0,1590.0,-1.504450798034668,0.0,0.028826236724853516,0.9088670015335083,0.12690377235412598
23.910703659057617,162.93997192382812,1.3396567106246948,0.0,0.0,0.0,0.0,0.03001410365216747,-0.0,0.0,5.1459286008562355,4.074500029427664,0.18425999581813812,0.0,0.0,0.0,0.3334900140762329,0.0,0.0,0.0,0.0,0.0,0.0,0.0,1591.0,-1.3396165370941162,0.0,0.044843465089797974,0.9411540031433105,0.12867510318756104
23.903953552246094,162.26873779296875,1.3396165370941162,0.0,0.0,0.0,0.0,0.09759204794206108,-0.0,0.0,5.237999997820173,4.166571426391601,0.2739329934120178,0.0,0.0,0.46012088656425476,1.084356002068249,0.0,0.0,0.0,0.0,0.0,0.0,0.0,1592.0,0.46012088656425476,0.0,0.17997074127197266,0.914345383644104,0.1315959095954895
23.89720344543457,161.59750366210938,1.7996834516525269,0.0,0.0,0.0,0.0,0.23525655392627773,-0.0,0.0,5.32971431187221,4.258285740443638,0.3082900047302246,0.0,0.0,0.6404774785041809,2.613961502552975,0.0,0.0,0.0,0.0,0.0,0.0,0.0,1593.0,0.6404774785041809,0.0,0.24401310086250305,0.8173559904098511,0.29207050800323486
23.890453338623047,160.05369567871094,2.4400877952575684,0.0,0.0,0.0,0.0,0.3932550859057953,-0.0,0.0,5.415428515842983,4.343999944414412,0.31154200434684753,0.0,0.0,0.0,4.369500607252121,0.47080710530281067,0.0,0.0,0.0,0.0,0.0,0.47080710530281067,1594.0,-2.440014600753784,-0.47080710530281067,0.18875259160995483,0.5149403810501099,0.9764315485954285
23.89720344543457,176.2271270751953,2.440014600753784,0.0,0.0,0.0,0.0,0.5476279455525012,-0.0,0.0,5.482214328220913,4.4107857567923405,0.3106450140476227,0.0,0.0,0.0,6.084754467010498,0.0,0.0,0.0,0.0,0.0,0.0,0.0,1595.0,-2.43994140625,-0.008973087184131145,0.18198338150978088,0.32566291093826294,0.9769803285598755
23.903953552246094,175.55589294433594,2.43994140625,0.0,0.0,0.0,0.0,0.5595137058060307,-0.0,0.0,5.52028568812779,4.448857116699219,0.3001460134983063,0.0,0.0,0.0,6.216818459331989,0.05513560026884079,0.0,0.0,0.0,0.0,0.0,0.05513560026884079,1596.0,-2.439868211746216,-0.05513560026884079,0.07706555724143982,0.20434775948524475,0.9974422454833984
23.910703659057617,179.58883666992188,2.439868211746216,0.0,0.0,0.0,0.0,0.5827517416031525,-0.0,0.0,5.543857111249651,4.472428539821079,0.3103350102901459,0.0,0.0,0.0,6.475018836557865,0.110695980489254,0.0,0.0,0.0,0.0,0.0,0.110695980489254,1597.0,-2.4397950172424316,-0.110695980489254,0.0573936402797699,0.11337226629257202,0.9998705387115479
23.91745376586914,179.97735595703125,2.4397950172424316,0.0,0.0,0.0,0.0,0.5169195681349069,-0.0,0.0,5.550928606305804,4.479500034877232,0.3222000002861023,0.0,0.0,0.0,5.7435503005981445,0.0,0.0,0.0,0.0,0.0,0.0,0.0,1598.0,-2.4397218227386475,0.0,0.02416500449180603,0.10514211654663086,0.9997594952583313
23.924203872680664,179.30612182617188,2.4397218227386475,0.0,0.0,0.0,0.0,0.30328261967759146,-0.0,0.0,5.546714319501604,4.475285748073032,0.30810999870300293,0.0,0.0,0.0,3.369806617498398,0.012833267450332642,0.0,0.0,0.0,0.0,0.0,0.012833267450332642,1599.0,-2.4396486282348633,-0.012833267450332642,0.004119575023651123,0.23820793628692627,0.9983640313148499
23.930953979492188,179.736328125,2.4396486282348633,0.0,0.0,0.0,0.0,0.25231295445068197,-0.0,0.0,5.557571492876325,4.486142921447754,0.3182229995727539,0.0,0.0,0.0,2.8034770488739014,0.0,0.0,0.0,0.0,0.0,0.0,0.0,1600.0,-2.439575433731079,0.0,0.005592525005340576,0.29502153396606445,0.9978103637695312
23.93770408630371,179.06509399414062,2.439575433731079,0.0,0.0,0.0,0.0,0.18397558482293874,-0.0,0.0,5.549857085091727,4.478428513663156,0.3080269992351532,0.0,0.0,0.0,2.044173002243042,0.0,0.0,0.0,0.0,0.0,0.0,0.0,1601.0,-2.439502239227295,-0.007927223108708858,0.012687504291534424,0.4343145489692688,0.9942289590835571
23.944454193115234,178.39385986328125,2.439502239227295,0.0,0.0,0.0,0.0,0.12123172650589302,-0.0,0.0,5.518214307512555,4.446785736083984,0.37723100185394287,0.0,0.0,0.0,1.347019076347351,0.0,0.0,0.0,0.0,0.0,0.0,0.0,1602.0,-2.4394290447235107,0.0,0.10557103157043457,0.619249165058136,0.9709834456443787
23.951204299926758,177.72262573242188,2.4394290447235107,0.0,0.0,0.0,0.0,0.0,-0.0,0.0,5.459285681588309,4.387857110159738,0.49322599172592163,0.0,0.0,0.3312635462384037,0.0,0.0,0.0,0.0,0.0,0.0,0.0,0.0,1603.0,0.38177400827407837,0.0,0.31228381395339966,0.6889950037002563,0.9365445971488953
23.95795440673828,138.39527893066406,2.7706096172332764,0.0,0.0,0.0,0.0,0.0,-0.0,0.0,5.3704285757882255,4.2990000043596535,0.1472499966621399,0.2982479929924011,0.0,0.0,0.0,0.0,0.0,0.0,0.0,0.0,0.0,0.0,1604.0,-2.770526647567749,0.0,0.7676240801811218,0.8925005197525024,0.5337461829185486
23.964704513549805,137.7240447998047,2.466201066970825,0.0,0.0,0.0,0.0,0.0,-0.0,0.0,5.298428617204938,4.227000045776367,0.0,0.47749099135398865,0.0,0.0,0.0,0.0,0.0,0.0,0.0,0.0,0.0,0.0,1605.0,-2.4661271572113037,0.0,0.9159711599349976,0.8752612471580505,0.22101253271102905
23.95795440673828,137.0528106689453,1.9789060354232788,0.0,0.0,0.0,0.0,0.0,-0.0,0.0,5.267000007629394,4.195571436200823,0.0,0.3562360107898712,0.0,0.0,0.0,0.0,0.0,0.0,0.0,0.0,0.0,0.0,1606.0,-1.9788466691970825,0.0,0.47106263041496277,0.8686732649803162,0.12428206205368042
23.951204299926758,126.51893615722656,1.6153514385223389,0.0,0.0,0.0,0.0,0.0,-0.0,0.0,5.242571367536272,4.1711427961077,0.0,0.36024099588394165,0.0,0.0,0.0,0.0,0.0,0.0,0.0,0.0,0.0,0.0,1607.0,-1.6153030395507812,0.0,0.32799646258354187,0.8497121334075928,0.04450041055679321
23.944454193115234,117.27326202392578,1.2477211952209473,0.0,0.0,0.0,0.0,0.0,-0.0,0.0,5.226857130868094,4.155428559439523,0.0,0.29989999532699585,0.0,0.0,0.0,0.0,0.0,0.0,0.0,0.0,0.0,0.0,1608.0,-1.2476837635040283,0.0,0.18182411789894104,0.885749340057373,0.02218949794769287
23.93770408630371,116.60203552246094,0.9416725635528564,0.0,0.0,0.0,0.0,0.0,-0.0,0.0,5.21049998147147,4.139071410042899,0.0,0.22134600579738617,0.0,0.0,0.0,0.0,0.0,0.0,0.0,0.0,0.0,0.0,1609.0,-0.9416443109512329,0.0,0.03349998593330383,0.9038258194923401,0.033287227153778076
23.930953979492188,115.9308090209961,0.7157878279685974,0.0,0.0,0.0,0.0,0.0,-0.0,0.0,5.197785731724331,4.126357160295759,0.0,0.18902599811553955,0.0,0.0,0.0,0.0,0.0,0.0,0.0,0.0,0.0,0.0,1610.0,-0.7157663702964783,0.0,0.024272024631500244,0.8977992534637451,0.03136849403381348
23.924203872680664,115.25958251953125,0.5228884816169739,0.0,0.0,0.0,0.0,0.0,-0.0,0.0,5.1874999455043245,4.116071374075753,0.0,0.17225700616836548,0.0,0.0,0.0,0.0,0.0,0.0,0.0,0.0,0.0,0.0,1611.0,-0.522872805595398,0.0,0.00860181450843811,0.899852454662323,0.05879667401313782
23.91745376586914,114.5883560180664,0.34710562229156494,0.0,0.0,0.0,0.0,0.0,-0.0,0.0,5.175928606305804,4.104500034877232,0.0,0.15967600047588348,0.0,0.0,0.0,0.0,0.0,0.0,0.0,0.0,0.0,0.0,1612.0,-0.34709522128105164,0.0,0.0036561787128448486,0.8955429792404175,0.10704070329666138
23.910703659057617,113.91712951660156,0.18416540324687958,0.0,0.0,0.0,0.0,0.0,-0.0,0.0,5.166714341299874,4.095285769871303,0.0,0.15532000362873077,0.0,0.0,0.0,0.0,0.0,0.0,0.0,0.0,0.0,0.0,1613.0,-0.18415987491607666,0.0,0.002402573823928833,0.8932889699935913,0.14462465047836304
23.903953552246094,113.24590301513672,0.025674836710095406,0.0,0.0,0.0,0.0,-0.04090272736124836,-0.0,0.0,5.162857137407575,4.091428565979004,0.0,0.02516058292780521,0.13634241911973355,0.0,0.0,0.0,0.0,0.0,0.0,0.0,0.0,0.0,1614.0,-0.025674067437648773,0.0,0.0018407106399536133,0.8939149379730225,0.16636058688163757
23.89720344543457,112.57467651367188,7.72974544815952e-7,0.0,0.0,0.0,0.0,0.015863275023798345,-0.0,0.0,5.216214261736188,4.144785690307617,0.18425999581813812,0.0,0.0,0.05726280063390732,0.17625859736776212,0.0,0.0,0.0,0.0,0.0,0.0,0.0,1615.0,0.05726280063390732,0.0,0.005723357200622559,0.8819080591201782,0.17223474383354187
23.890453338623047,111.90345001220703,0.05726185813546181,0.0,0.0,0.0,0.0,0.06991522236371442,-0.0,0.0,5.272499983651297,4.201071412222726,0.2739329934120178,0.0,0.0,0.3192656636238098,0.7768357423039122,0.0,0.0,0.0,0.0,0.0,0.0,0.0,1616.0,0.3192656636238098,0.0,0.03764975070953369,0.7501330375671387,0.2678934931755066
23.883703231811523,103.60758972167969,0.3765162229537964,0.0,0.0,0.0,0.0,0.18334677205998728,-0.0,0.0,5.33007139478411,4.2586428233555385,0.3082900047302246,0.0,0.0,0.14717037975788116,2.037186194321065,0.0,0.0,0.0,0.0,0.0,0.0,0.0,1617.0,0.14717037975788116,0.0,0.052365660667419434,0.6430635452270508,0.4656297266483307
23.876953125,102.93636322021484,0.5236709117889404,0.0,0.0,0.0,0.0,0.21161624444454763,-0.0,0.0,5.419000026157924,4.347571454729353,0.31154200434684753,0.0,0.0,0.0,2.3512914180755615,1.2511663436889648,0.0,0.0,0.0,0.0,0.0,1.2511663436889648,1618.0,-0.5236552357673645,-1.2511663436889648,0.019608616828918457,0.4554566740989685,0.998456597328186
23.883703231811523,179.75112915039062,0.5236552357673645,0.0,0.0,0.0,0.0,0.3476262160322381,-0.0,0.0,5.485500008719308,4.414071437290737,0.3106450140476227,0.0,0.0,0.33113279938697815,3.862513204504336,0.8355506658554077,0.0,0.0,0.0,0.0,0.0,0.8355506658554077,1619.0,0.33113279938697815,-0.8355506658554077,0.08547580242156982,0.1461257040500641,0.9999457597732544
23.890453338623047,179.98941040039062,0.8547624349594116,0.0,0.0,0.0,0.0,0.5296773997686202,-0.0,0.0,5.535071454729352,4.463642883300781,0.3001460134983063,0.0,0.0,0.0,5.885303974151611,0.0,0.0,0.0,0.0,0.0,0.0,0.0,1620.0,-0.8547368049621582,0.0,0.05535551905632019,0.21560901403427124,0.9929982423782349
23.89720344543457,179.31817626953125,0.8547368049621582,0.0,0.0,0.0,0.0,0.596565123821504,-0.0,0.0,5.580571392604282,4.509142821175711,0.3103350102901459,0.0,0.0,0.0,6.62850084900856,0.20326384902000427,0.0,0.0,0.0,0.0,0.0,0.20326384902000427,1621.0,-0.8547111749649048,-0.20326384902000427,0.0663565993309021,0.09240564703941345,0.9999662637710571
23.903953552246094,179.99267578125,0.8547111749649048,0.0,0.0,0.0,0.0,0.45695801566762806,-0.0,0.0,5.610928617204938,4.539500045776367,0.3222000002861023,0.0,0.0,0.9616135954856873,5.077310881687444,0.7594506144523621,0.0,0.0,0.0,0.0,0.0,0.7594506144523621,1622.0,0.9616135954856873,-0.7594506144523621,0.181629478931427,0.06654253602027893,0.9999998807907104
23.910703659057617,179.99806213378906,1.816270351409912,0.0,0.0,0.0,0.0,0.5601681105429392,-0.0,0.0,5.6249999455043245,4.553571374075753,0.30810999870300293,0.0,0.0,0.0,6.224089622497559,0.0,0.0,0.0,0.0,0.0,0.0,0.0,1623.0,-1.8162158727645874,0.0,0.026593565940856934,0.06898888945579529,0.9999672174453735
23.91745376586914,179.3268280029297,1.8162158727645874,0.0,0.0,0.0,0.0,0.4534699910656583,-0.0,0.0,5.6262142453874855,4.554785673958914,0.3182229995727539,0.0,0.0,0.0,5.038555055856705,0.1817217767238617,0.0,0.0,0.0,0.0,0.0,0.1817217767238617,1624.0,-1.8161613941192627,-0.1817217767238617,0.027341753244400024,0.07752063870429993,0.9999727010726929
23.924203872680664,179.99371337890625,1.8161613941192627,0.0,0.0,0.0,0.0,0.33625108291713895,-0.0,0.0,5.6128570829118996,4.541428511483328,0.3080269992351532,0.0,0.0,0.0,3.7361228466033936,0.0,0.0,0.0,0.0,0.0,0.0,0.0,1625.0,-1.816106915473938,0.0,0.022691458463668823,0.18321439623832703,0.9995369911193848
23.930953979492188,169.37863159179688,1.816106915473938,0.0,0.0,0.0,0.0,0.1933791522138628,-0.0,0.0,5.593499946594238,4.522071375165667,0.37723100185394287,0.0,0.0,0.0,2.148657076060772,0.10276199132204056,0.0,0.0,0.0,0.0,0.0,0.10276199132204056,1626.0,-1.8160524368286133,-0.10276199132204056,0.10764768719673157,0.4573253095149994,0.9851329326629639
23.93770408630371,177.61935424804688,1.8160524368286133,0.0,0.0,0.0,0.0,0.0,-0.0,0.0,5.542142813546317,4.4707142421177455,0.49322599172592163,0.0,0.0,0.7390415204357907,0.0,0.0,0.0,0.0,0.0,0.0,0.0,0.0,1627.0,0.8197739720344543,0.0,0.688216507434845,0.7336848378181458,0.8450822234153748
23.944454193115234,167.89382934570312,2.5550174713134766,0.0,0.0,0.0,0.0,0.0,-0.0,0.0,5.423285702296665,4.351857130868094,0.2678999900817871,0.1775979995727539,0.0,0.0,0.0,0.0,0.0,0.0,0.0,0.0,0.0,0.0,1628.0,-2.554940938949585,0.0,0.360927939414978,0.812114417552948,0.7694144248962402
23.951204299926758,136.8790740966797,2.3737237453460693,0.0,0.0,0.0,0.0,0.0,-0.0,0.0,5.327642795017788,4.256214223589216,0.0,0.37415799498558044,0.0,0.0,0.0,0.0,0.0,0.0,0.0,0.0,0.0,0.0,1629.0,-2.373652696609497,0.0,0.016188085079193115,0.7915016412734985,0.691249430179596
23.944454193115234,86.7353744506836,1.9918701648712158,0.0,0.0,0.0,0.0,0.0,-0.0,0.0,5.305571365356445,4.234142793927874,0.0,0.3562360107898712,0.0,0.0,0.0,0.0,0.0,0.0,0.0,0.0,0.0,0.0,1630.0,-1.9918104410171509,0.0,0.1826886534690857,0.94851154088974,0.06722599267959595
23.93770408630371,86.06414794921875,1.6283152103424072,0.0,0.0,0.0,0.0,0.0,-0.0,0.0,5.281857163565499,4.210428592136928,0.0,0.36024099588394165,0.0,0.0,0.0,0.0,0.0,0.0,0.0,0.0,0.0,0.0,1631.0,-1.6282663345336914,0.0,0.11741811037063599,0.9443545341491699,0.031972527503967285
23.930953979492188,85.3929214477539,1.260684609413147,0.0,0.0,0.0,0.0,0.0,-0.0,0.0,5.265214320591518,4.193785749162947,0.0,0.29989999532699585,0.0,0.0,0.0,0.0,0.0,0.0,0.0,0.0,0.0,0.0,1632.0,-1.2606468200683594,0.0,0.006015300750732422,0.9558613300323486,0.0519196093082428
23.924203872680664,76.16673278808594,0.9546355605125427,0.0,0.0,0.0,0.0,0.0,-0.0,0.0,5.247357177734375,4.175928606305804,0.0,0.22134600579738617,0.0,0.0,0.0,0.0,0.0,0.0,0.0,0.0,0.0,0.0,1633.0,-0.9546069502830505,0.0,0.0003040432929992676,0.9796175956726074,0.10879188776016235
23.91745376586914,67.04823303222656,0.728750467300415,0.0,0.0,0.0,0.0,0.0,-0.0,0.0,5.228142820085798,4.156714248657226,0.0,0.18902599811553955,0.0,0.0,0.0,0.0,0.0,0.0,0.0,0.0,0.0,0.0,1634.0,-0.7287285923957825,0.0,0.00040453672409057617,0.9828974008560181,0.07406386733055115
23.910703659057617,66.37700653076172,0.5358507633209229,0.0,0.0,0.0,0.0,0.0,-0.0,0.0,5.200785718645368,4.129357147216797,0.0,0.17225700616836548,0.0,0.0,0.0,0.0,0.0,0.0,0.01524934358894825,0.0,0.01524934358894825,0.0,1635.0,-0.5358346700668335,0.01524934358894825,0.00010561943054199219,0.9831729531288147,0.15793383121490479
23.915849685668945,65.70578002929688,0.3445074260234833,0.0,0.0,0.0,0.0,0.0,-0.0,0.0,5.173428617204938,4.102000045776367,0.0,0.15967600047588348,0.0,0.0,0.0,0.0,0.0,0.0,0.1632993072271347,0.0,0.0,0.1632993072271347,1636.0,-0.34449708461761475,-0.1632993072271347,4.404783248901367e-5,0.9824842214584351,0.36176827549934387
23.909099578857422,77.8810043334961,0.014940343797206879,0.0,0.0,0.0,0.0,-0.04220367385344515,-0.0,0.0,5.161071450369699,4.089642878941127,0.0,0.014641096373991136,0.14067890725473964,0.0,0.0,0.0,0.0,0.0,0.0,0.0,0.0,0.0,1637.0,-0.014939895831048489,0.0,0.00011351704597473145,0.9544678330421448,0.31772580742836
23.9023494720459,77.20977783203125,4.498153032272967e-7,0.0,0.0,0.0,0.0,-0.04845090253952744,-0.0,0.0,5.158499935695103,4.0870713642665315,0.0,0.0,0.16150300204753876,0.0,0.0,0.0,0.0,0.0,0.0,0.0,0.0,0.0,1638.0,0.0,0.0,0.00012642145156860352,0.9286421537399292,0.34623396396636963
23.895599365234375,76.5385513305664,4.4980183133702667e-7,0.0,0.0,0.0,0.0,0.015830329797095366,-0.0,0.0,5.218142863682338,4.146714292253767,0.18425999581813812,0.0,0.0,0.0,0.17589253932237625,0.016047455370426178,0.0,0.0,0.0,0.0,0.0,0.016047455370426178,1639.0,0.005814777221530676,-0.016047455370426178,0.0005785226821899414,0.8788223266601562,0.357158899307251
23.88884925842285,77.14350891113281,4.4978835944675666e-7,0.0,0.0,0.0,0.0,-0.14284741254041222,-0.0,0.0,5.293571417672293,4.222142846243722,0.2739329934120178,0.0,0.0,0.0,0.0,1.0560669898986816,0.4761580228805542,0.0,0.0,0.0,0.0,1.5322250127792358,1640.0,0.013478741981089115,-1.5322250127792358,0.001344919204711914,0.6581078767776489,0.9491991996765137
23.882099151611328,171.8699493408203,4.4977488755648665e-7,0.0,0.0,0.0,0.0,0.10030428242323212,-0.0,0.0,5.369142886570522,4.297714315141951,0.3082900047302246,0.0,0.0,1.1649928092956543,1.1144919383529381,0.0,0.0,0.0,0.0,0.0,0.0,0.0,1641.0,1.1649928092956543,0.0,0.11649632453918457,0.8559811115264893,0.2305009365081787
23.88884925842285,167.39833068847656,1.1649583578109741,0.0,0.0,0.0,0.0,0.304641740691004,-0.0,0.0,5.472928537641253,4.401499966212681,0.31154200434684753,0.0,0.0,0.0,3.3849079608917236,0.0,0.0,0.0,0.0,0.0,0.0,0.0,1642.0,-1.1649234294891357,0.0,0.07567083835601807,0.7523134350776672,0.5765079855918884
23.895599365234375,162.33880615234375,1.1649234294891357,0.0,0.0,0.0,0.0,0.379718660230429,-0.0,0.0,5.570000049046108,4.498571477617536,0.3363740146160126,0.0,0.0,0.0,4.219095889478922,0.04728012904524803,0.0,0.0,0.0,0.0,0.0,0.04728012904524803,1643.0,-1.1648885011672974,-0.04728012904524803,0.037959516048431396,0.5126780867576599,0.9109282493591309
23.9023494720459,165.74659729003906,1.1648885011672974,0.0,0.0,0.0,0.0,0.43608495422879284,-0.0,0.0,5.6312142235892155,4.559785652160644,0.3001460134983063,0.0,0.0,0.0,4.8453879952430725,0.6722659468650818,0.0,0.0,0.0,0.0,0.0,0.6722659468650818,1644.0,-1.164853572845459,-0.6722659468650818,0.034808069467544556,0.19620928168296814,0.9999859929084778
23.909099578857422,179.99583435058594,1.164853572845459,0.0,0.0,0.0,0.0,0.6014353800960656,-0.0,0.0,5.685357175554548,4.613928604125976,0.3103350102901459,0.0,0.0,0.0,6.682614803314209,0.0,0.0,0.0,0.0,0.0,0.0,0.0,1645.0,-1.1648186445236206,0.0,0.03258603811264038,0.10158911347389221,0.9998160600662231
23.915849685668945,179.32460021972656,1.1648186445236206,0.0,0.0,0.0,0.0,0.5588197297658282,-0.0,0.0,5.726857130868094,4.655428559439523,0.37964800000190735,0.0,0.0,0.0,6.209107615053654,0.10969426482915878,0.0,0.0,0.0,0.0,0.0,0.10969426482915878,1646.0,-1.1647837162017822,-0.10969426482915878,0.0341983437538147,0.07029777765274048,0.9999657869338989
23.92259979248047,179.9925994873047,1.1647837162017822,0.0,0.0,0.0,0.0,0.4729410356633669,-0.0,0.0,5.752642849513462,4.681214278084891,0.37575000524520874,0.0,0.0,0.0,5.254899978637695,0.0,0.0,0.0,0.0,0.0,0.0,0.0,1647.0,-1.1647487878799438,0.0,0.014296412467956543,0.08259785175323486,0.9998492002487183
23.929349899291992,179.3213653564453,1.1647487878799438,0.0,0.0,0.0,0.0,0.3711599609184216,-0.0,0.0,5.761642810276577,4.690214238848005,0.3182229995727539,0.0,0.0,0.0,4.123999238014221,0.014227747917175293,0.0,0.0,0.0,0.0,0.0,0.014227747917175293,1648.0,-1.1647138595581055,-0.014227747917175293,0.007166057825088501,0.13203221559524536,0.9995738863945007
23.936100006103516,179.92990112304688,1.1647138595581055,0.0,0.0,0.0,0.0,0.2613530938905937,-0.0,0.0,5.747142873491559,4.675714302062988,0.3080269992351532,0.0,0.0,0.0,2.9039230346679688,0.0,0.0,0.0,0.0,0.0,0.0,0.0,1649.0,-1.164678931236267,0.0,0.012662440538406372,0.2900155782699585,0.996795654296875
23.94285011291504,179.2586669921875,1.164678931236267,0.0,0.0,0.0,0.0,0.12841371722330328,-0.0,0.0,5.716285651070731,4.6448570796421595,0.37723100185394287,0.0,0.0,0.0,1.4268189668655396,0.0,0.0,0.0,0.0,0.0,0.0,0.0,1650.0,-1.1646440029144287,0.0,0.10983693599700928,0.572376549243927,0.95133376121521
23.949600219726562,178.58743286132812,1.1646440029144287,0.0,0.0,0.0,0.0,0.0,-0.0,0.0,5.6692857197352815,4.59785714830671,0.49322599172592163,0.0,0.0,0.2502665389609149,0.0,0.0,0.0,0.0,0.0,0.0,0.0,0.0,1651.0,0.29477399587631226,0.0,0.6719144582748413,0.7302800416946411,0.736129879951477
23.956350326538086,168.5846710205078,1.4148681163787842,0.0,0.0,0.0,0.0,0.0,-0.0,0.0,5.598857143947056,4.527428572518485,0.11969999969005585,0.325797975063324,0.0,0.0,0.0,0.0,0.0,0.0,0.0,0.0,0.0,0.0,1652.0,-1.414825677871704,0.0,0.8636682629585266,0.8029032945632935,0.41399359703063965
23.96310043334961,167.91343688964844,1.0823887586593628,0.0,0.0,0.0,0.0,0.0,-0.0,0.0,5.547071402413504,4.475642830984933,0.0,0.37415799498558044,0.0,0.0,0.0,0.0,0.0,0.0,0.0,0.0,0.0,0.0,1653.0,-1.082356333732605,0.0,0.8866243362426758,0.7483221888542175,0.18046438694000244
23.969850540161133,167.24220275878906,0.7005738615989685,0.0,0.0,0.0,0.0,-0.211716242598753,-0.0,0.0,5.527285657610212,4.4558570861816404,0.0,0.3562360107898712,0.0,0.0,0.0,0.0,0.7057207806196857,0.0,0.330305697194035,0.0,0.0,1.0360264778137207,1654.0,-0.7005528807640076,-1.0360264778137207,0.00018346309661865234,0.08336776494979858,0.923556923866272
23.976600646972656,167.76718139648438,2.1111351088620722e-5,0.0,0.0,0.0,0.0,-0.10807230305958981,-0.0,0.0,5.505071449279785,4.433642877851214,0.0,0.0,0.36024099588394165,0.0,0.0,0.0,0.0,0.0,0.0,0.0,0.0,0.0,1655.0,0.0,0.0,0.449128657579422,0.2859041392803192,0.04776245355606079
23.98335075378418,147.61111450195312,2.111071808030829e-5,0.0,0.0,0.0,0.0,-0.08997000217318529,-0.0,0.0,5.47514283316476,4.403714261736188,0.0,0.0,0.29989999532699585,0.0,0.0,0.0,0.0,0.0,0.0,0.0,0.0,0.0,1656.0,0.0,0.0,0.6115357875823975,0.4351612329483032,0.015238046646118164
23.990100860595703,146.93988037109375,2.1110085071995854e-5,0.0,0.0,0.0,0.0,-0.06640380437786586,-0.0,0.0,5.445785740443638,4.374357169015067,0.0,0.0,0.22134600579738617,0.0,0.0,0.0,0.0,0.0,0.0,0.0,0.0,0.0,1657.0,0.0,0.0,0.2631492614746094,0.5063396096229553,0.018863528966903687
23.996850967407227,146.26864624023438,2.110945206368342e-5,0.003600968047976494,0.0,0.0,0.0,-0.06030876973600385,-0.003600968047976494,0.0,5.417142813546317,4.3457142421177455,0.0,0.0,0.18902599811553955,0.0,0.0,0.0,0.0,0.0,0.0,0.0,0.0,0.0,1658.0,0.0,0.0,0.18691086769104004,0.5676072239875793,0.02038520574569702
24.00360107421875,145.597412109375,2.1108819055370986e-5,0.010351074859499931,0.0,0.0,0.0,-0.06202817876347311,-0.010351074859499931,0.0,5.3936429159981865,4.322214344569614,0.0,0.0,0.17225700616836548,0.0,0.0,0.0,0.0,0.0,0.0,0.0,0.0,0.0,1659.0,0.0,0.0,0.0927894115447998,0.6295037865638733,0.03203004598617554
24.010351181030273,144.92617797851562,2.1108186047058553e-5,0.01710118167102337,0.0,0.0,0.0,-0.06500398371727467,-0.01710118167102337,0.0,5.377714238848005,4.306285667419433,0.0,0.0,0.15967600047588348,0.0,0.0,0.0,0.0,0.0,0.0,0.0,0.0,0.0,1660.0,0.0,0.0,0.035935431718826294,0.7081148624420166,0.059428900480270386
24.017101287841797,144.25494384765625,2.110755303874612e-5,0.010351287201046944,0.0,0.0,0.0,-0.056947290141224904,-0.010351287201046944,0.0,5.3678571973528175,4.296428625924246,0.0,0.0,0.15532000362873077,0.0,0.0,0.0,0.0,0.0,0.0,0.0,0.0,0.0,1661.0,0.0,0.0,0.015414834022521973,0.7741655707359314,0.08671307563781738
24.010351181030273,143.58370971679688,2.1106920030433685e-5,0.003601180389523506,0.0,0.0,0.0,-0.05205208292905095,-0.003601180389523506,0.0,5.366857201712472,4.295428630283901,0.0,0.0,0.16150300204753876,0.0,0.0,0.0,0.0,0.0,0.0,0.0,0.0,0.0,1662.0,0.0,0.0,0.007987409830093384,0.8532582521438599,0.09978902339935303
24.00360107421875,142.9124755859375,2.110628702212125e-5,0.010351074859499931,0.0,0.0,0.0,-0.03142907665979866,-0.010351074859499931,0.0,5.382714353288923,4.311285781860351,0.11399999260902405,0.0,0.07026000320911407,0.0,0.0,0.0,0.0,0.0,0.0,0.0,0.0,0.0,1663.0,0.0,0.0,0.008329391479492188,0.903347373008728,0.11576765775680542
24.010351181030273,142.24124145507812,2.1105654013808817e-5,0.01710118167102337,0.0,0.0,0.0,-0.01710118167102337,-0.01710118167102337,0.0,5.408428546360561,4.33699997493199,0.2739329934120178,0.0,0.0,0.09742866288503649,0.0,0.0,0.0,0.0,0.0,0.0,0.0,0.0,1664.0,0.11906701326370239,0.0,0.014967113733291626,0.8919510841369629,0.15466362237930298
24.017101287841797,134.04855346679688,0.09744684398174286,0.023851288482546806,0.0,0.0,0.0,0.018512613042306822,-0.023851288482546806,0.0,5.4315713609967915,4.36014278956822,0.3082900047302246,0.0,0.0,0.0,0.47070997953414917,0.0,0.0,0.0,0.0,0.0,0.0,0.0,1665.0,-0.09744392335414886,0.0,0.0037184059619903564,0.7724763751029968,0.5671201944351196
24.02385139465332,102.92408752441406,0.09744392335414886,0.030601395294070244,0.0,0.0,0.0,0.09228937149669802,-0.030601395294070244,0.0,5.437571471078055,4.366142899649484,0.31154200434684753,0.0,0.0,0.0,1.3654528558254242,0.07670500874519348,0.0,0.0,0.0,0.0,0.0,0.07670500874519348,1666.0,-0.09744100272655487,-0.07670500874519348,0.009265154600143433,0.6982603669166565,0.5542348623275757
24.030601501464844,108.67566680908203,0.09744100272655487,0.03735150210559368,0.0,0.0,0.0,0.07125423407898185,-0.03735150210559368,0.0,5.407357161385672,4.335928589957101,0.3106450140476227,0.0,0.0,0.0,1.206730306148529,0.9735246300697327,0.0,0.0,0.0,0.0,0.0,0.9735246300697327,1667.0,-0.09743808209896088,-0.9735246300697327,0.006504327058792114,0.5638344883918762,0.9613344669342041
24.037351608276367,173.81158447265625,0.09743808209896088,0.04410160891711712,0.0,0.0,0.0,0.18439853198063927,-0.04410160891711712,0.0,5.402428572518485,4.3310000010899135,0.3001460134983063,0.0,0.0,0.024709317833185196,2.5388902526466426,0.0,0.0,0.0,0.0,0.0,0.0,0.0,1668.0,0.024709317833185196,0.0,0.012211740016937256,0.7395157814025879,0.7394466996192932
24.04410171508789,173.14035034179688,0.12214373797178268,0.050851715728640556,0.0,0.0,0.0,0.2679117371897645,-0.050851715728640556,0.0,5.477714347839355,4.406285776410784,0.3103350102901459,0.0,0.0,0.0,3.541815862059593,0.24424900114536285,0.0,0.0,0.0,0.0,0.0,0.24424900114536285,1669.0,-0.122140072286129,-0.24424900114536285,0.011227935552597046,0.2983365058898926,0.9926198720932007
24.050851821899414,178.8172607421875,0.122140072286129,0.057601822540163994,0.0,0.0,0.0,0.44719116511841583,-0.057601822540163994,0.0,5.580428613935198,4.509000042506626,0.3222000002861023,0.0,0.0,0.3999124765396118,5.608810528235999,0.2311156690120697,0.0,0.0,0.0,0.0,0.0,0.2311156690120697,1670.0,0.3999124765396118,-0.2311156690120697,0.0522022545337677,0.06975838541984558,0.9999706149101257
24.057601928710938,179.99337768554688,0.5220369100570679,0.06435192935168743,0.0,0.0,0.0,0.5463869796691033,-0.06435192935168743,0.0,5.627071462358747,4.555642890930176,0.30810999870300293,0.0,0.0,0.06938620656728745,6.785987338706955,0.0,0.0,0.0,0.0,0.0,0.0,0.0,1671.0,0.06938620656728745,-0.007692090235650539,0.05913931131362915,0.05354619026184082,0.9999756813049316
24.06435203552246,179.3221435546875,0.5914053916931152,0.07110203616321087,0.0,0.0,0.0,0.47309934552620647,-0.07110203616321087,0.0,5.632714353288923,4.561285781860351,0.3182229995727539,0.0,0.0,0.0,6.04668153822422,0.015295371413230896,0.0,0.0,0.0,0.0,0.0,0.015295371413230896,1672.0,-0.5913876891136169,-0.015295371413230896,0.05392619967460632,0.06398424506187439,0.9999425411224365
24.071102142333984,179.9888916015625,0.5913876891136169,0.0778521429747343,0.0,0.0,0.0,0.3437279762838359,-0.0778521429747343,0.0,5.612642914908273,4.541214343479702,0.3080269992351532,0.0,0.0,0.0,4.684223175048828,0.0,0.0,0.0,0.0,0.0,0.0,0.0,1673.0,-0.5913699865341187,0.0,0.05726537108421326,0.1360694169998169,0.9992872476577759
24.077852249145508,179.31765747070312,0.5913699865341187,0.08460224978625774,0.0,0.0,0.0,-0.0021846642938396638,-0.08460224978625774,0.0,5.572142818995884,4.500714247567313,0.37723100185394287,0.0,0.0,1.9066568613052368,0.915750877138414,0.0,0.0,0.0,0.0,0.0,0.0,0.0,1674.0,1.9066568613052368,0.0,0.2497996687889099,0.3680528402328491,0.9851217269897461
24.08460235595703,169.81495666503906,2.4979519844055176,0.09135235659778118,0.0,0.0,0.0,-0.09135235659778118,-0.09135235659778118,0.0,5.507500049046108,4.436071477617536,0.49322599172592163,0.0,0.0,0.9112765406107712,0.0,0.0,0.0,0.0,0.0,0.0,0.0,0.0,1675.0,1.0047740936279297,0.0,0.6655335426330566,0.754097580909729,0.8794858455657959
24.091352462768555,167.2096405029297,3.4091262817382812,0.09810246340930462,0.0,0.0,0.0,-0.09810246340930462,-0.09810246340930462,0.0,5.404142870221819,4.332714298793247,0.23274999856948853,0.2127479910850525,0.0,0.0,0.0,0.0,0.0,0.0,0.0,0.0,0.0,0.0,1676.0,-3.4090240001678467,0.0,0.7848061323165894,0.9065794348716736,0.7514966130256653
24.098102569580078,166.5384063720703,3.1919407844543457,0.0913525689393282,0.0,0.0,0.0,-0.0913525689393282,-0.0913525689393282,0.0,5.3126428604125975,4.241214288984026,0.0,0.37415799498558044,0.0,0.0,0.0,0.0,0.0,0.0,0.0,0.0,0.0,0.0,1677.0,-3.191845178604126,0.0,0.676288902759552,0.9254917502403259,0.5755010843276978
24.091352462768555,157.25111389160156,2.8100626468658447,0.08460246212780476,0.0,0.0,0.0,-0.08460246212780476,-0.08460246212780476,0.0,5.258714348929269,4.187285777500698,0.0,0.3562360107898712,0.0,0.0,0.0,0.0,0.0,0.0,0.0,0.0,0.0,0.0,1678.0,-2.809978485107422,0.0,0.5725337266921997,0.9178809523582458,0.28017598390579224
24.08460235595703,147.92234802246094,2.4464831352233887,0.07785235531628132,0.0,0.0,0.0,-0.07785235531628132,-0.07785235531628132,0.0,5.208642905099051,4.13721433367048,0.0,0.36024099588394165,0.0,0.0,0.0,0.0,0.0,0.0,0.0,0.0,0.0,0.0,1679.0,-2.4464097023010254,0.0,0.7239258289337158,0.8986409306526184,0.10572868585586548
24.077852249145508,147.25111389160156,2.0788278579711914,0.07110224850475788,0.0,0.0,0.0,-0.07110224850475788,-0.07110224850475788,0.0,5.166714341299874,4.095285769871303,0.0,0.29989999532699585,0.0,0.0,0.0,0.0,0.0,0.0,0.0,0.0,0.0,0.0,1680.0,-2.078765630722046,0.0,0.4782792925834656,0.889159619808197,0.07618427276611328
24.071102142333984,146.5798797607422,1.7727543115615845,0.06435214169323444,0.0,0.0,0.0,-0.06435214169323444,-0.06435214169323444,0.0,5.128142847333636,4.056714275905064,0.0,0.22134600579738617,0.0,0.0,0.0,0.0,0.0,0.0,0.0,0.0,0.0,0.0,1681.0,-1.7727011442184448,0.0,0.1770152449607849,0.8955364227294922,0.07731127738952637
24.06435203552246,145.9086456298828,1.546844720840454,0.057602034881711006,0.0,0.0,0.0,-0.057602034881711006,-0.057602034881711006,0.0,5.09242856161935,4.020999990190779,0.0,0.18902599811553955,0.0,0.0,0.0,0.0,0.0,0.0,0.0,0.0,0.0,0.0,1682.0,-1.5467983484268188,0.0,0.15604710578918457,0.8858237862586975,0.07027879357337952
24.057601928710938,145.23741149902344,1.3539204597473145,0.05085192807018757,0.0,0.0,0.0,-0.05085192807018757,-0.05085192807018757,0.0,5.0580714906964985,3.986642919267927,0.0,0.17225700616836548,0.0,0.0,0.0,0.0,0.0,0.0,0.0,0.0,0.0,0.0,1683.0,-1.3538798093795776,0.0,0.01686328649520874,0.9057683944702148,0.11971858143806458
24.050851821899414,133.5485076904297,1.1781126260757446,0.04410182125866413,0.0,0.0,0.0,-0.04410182125866413,-0.04410182125866413,0.0,5.027428572518485,3.9560000010899135,0.0,0.15967600047588348,0.0,0.0,0.0,0.0,0.0,0.0,0.0,0.0,0.0,0.0,1684.0,-1.1780773401260376,0.0,0.013500303030014038,0.9152959585189819,0.12278598546981812
24.04410171508789,132.8772735595703,1.0151474475860596,0.037351714447140694,0.0,0.0,0.0,-0.037351714447140694,-0.037351714447140694,0.0,4.996571486336844,3.925142914908273,0.0,0.15532000362873077,0.0,0.0,0.0,0.0,0.0,0.0,0.0,0.0,0.0,0.0,1685.0,-1.0151170492172241,0.0,0.009138345718383789,0.9149956703186035,0.14032050967216492
24.037351608276367,132.20603942871094,0.8566319942474365,0.030601607635617256,0.0,0.0,0.0,-0.030601607635617256,-0.030601607635617256,0.0,4.97049993787493,3.8990713664463588,0.0,0.16150300204753876,0.0,0.0,0.0,0.0,0.0,0.0,0.0,0.0,0.0,0.0,1686.0,-0.8566063046455383,0.0,0.0029720962047576904,0.9397475719451904,0.20104241371154785
24.030601501464844,122.3418197631836,0.69181227684021,0.02385150082409382,0.0,0.0,0.0,-0.003755400893402202,-0.02385150082409382,0.0,5.014571407863071,3.9431428364345003,0.18425999581813812,0.0,0.0,0.0,0.22328998148441315,0.0,0.0,0.0,0.0,0.0,0.0,0.0,1687.0,-0.6917915344238281,0.0,0.013603538274765015,0.9144344329833984,0.15464186668395996
24.02385139465332,121.67059326171875,0.6917915344238281,0.01710139401257038,0.0,0.0,0.0,0.0305467775338151,-0.01710139401257038,0.0,5.104428509303501,4.03299993787493,0.2739329934120178,0.0,0.0,0.9955750107765198,0.529424086218325,0.0,0.0,0.0,0.0,0.0,0.0,0.0,1688.0,0.9955750107765198,0.0,0.1687336564064026,0.8321542143821716,0.157566636800766
24.017101287841797,120.9993667602539,1.6873159408569336,0.010351287201046944,0.0,0.0,0.0,0.25885209240454016,-0.010351287201046944,0.0,5.255071449279785,4.183642877851214,0.3082900047302246,0.0,0.0,0.4989292323589325,2.9911484245691775,0.0,0.0,0.0,0.0,0.0,0.0,0.0,1689.0,0.4989292323589325,0.0,0.21862152218818665,0.6490035057067871,0.5378234386444092
24.010351181030273,120.32814025878906,2.1861796379089355,0.01710118167102337,0.0,0.0,0.0,0.37505767191221956,-0.01710118167102337,0.0,5.426642908368792,4.35521433694022,0.31154200434684753,0.0,0.0,0.0,4.357320249080658,0.8468380570411682,0.0,0.0,0.0,0.0,0.0,0.8468380570411682,1690.0,-2.1861140727996826,-0.8468380570411682,0.12227869033813477,0.5346524715423584,0.9977514147758484
24.017101287841797,179.63832092285156,2.1861140727996826,0.023851288482546806,0.0,0.0,0.0,0.5600287103507887,-0.023851288482546806,0.0,5.516642924717495,4.445214353288923,0.3106450140476227,0.0,0.0,0.0,6.487555027008057,0.0,0.0,0.0,0.0,0.0,0.0,0.0,1691.0,-2.1860485076904297,0.0,0.21408867835998535,0.2714541554450989,0.9945292472839355
24.02385139465332,171.24862670898438,2.1860485076904297,0.030601395294070244,0.0,0.0,0.0,0.5844934625253932,-0.030601395294070244,0.0,5.568785749162946,4.497357177734375,0.3001460134983063,0.0,0.0,0.0,6.834386765956879,0.48636728525161743,0.0,0.0,0.0,0.0,0.0,0.48636728525161743,1692.0,-2.1859829425811768,-0.48636728525161743,0.1562785506248474,0.15469849109649658,0.9999960660934448
24.030601501464844,179.99746704101562,2.1859829425811768,0.03735150210559368,0.0,0.0,0.0,0.6352488687962556,-0.03735150210559368,0.0,5.605642809186663,4.534214237758091,0.3103350102901459,0.0,0.0,0.0,7.473336860537529,0.184927299618721,0.0,0.0,0.0,0.0,0.0,0.184927299618721,1693.0,-2.185917377471924,-0.184927299618721,0.12049192190170288,0.08589383959770203,0.9999926090240479
24.037351608276367,179.99688720703125,2.185917377471924,0.04410160891711712,0.0,0.0,0.0,0.6344129112920746,-0.04410160891711712,0.0,5.628714234488351,4.55728566305978,0.3222000002861023,0.0,0.0,0.0,7.5390496253967285,0.0,0.0,0.0,0.0,0.0,0.0,0.0,1694.0,-2.185851812362671,-0.007667669095098972,0.07893416285514832,0.06680375337600708,0.9999858140945435
24.04410171508789,179.32565307617188,2.185851812362671,0.050851715728640556,0.0,0.0,0.0,0.5777061914065277,-0.050851715728640556,0.0,5.642071396963937,4.570642825535366,0.30810999870300293,0.0,0.0,0.0,6.983976190909743,0.015313321724534035,0.0,0.0,0.0,0.0,0.0,0.015313321724534035,1695.0,-2.185786247253418,-0.015313321724534035,0.047404587268829346,0.06092768907546997,0.9999915361404419
24.050851821899414,179.99671936035156,2.185786247253418,0.057601822540163994,0.0,0.0,0.0,0.4705341437716035,-0.057601822540163994,0.0,5.646928596496582,4.575500025068011,0.3182229995727539,0.0,0.0,0.0,5.8681769371032715,0.0,0.0,0.0,0.0,0.0,0.0,0.0,1696.0,-2.185720682144165,0.0,0.030285179615020752,0.07349780201911926,0.999971866607666
24.057601928710938,179.3254852294922,2.185720682144165,0.06435192935168743,0.0,0.0,0.0,0.3457937221686295,-0.06435192935168743,0.0,5.641857092721121,4.57042852129255,0.3080269992351532,0.0,0.0,0.0,4.557173543609679,0.01494950708001852,0.0,0.0,0.0,0.0,0.0,0.01494950708001852,1697.0,-2.185655117034912,-0.01494950708001852,0.024873733520507812,0.13934922218322754,0.9997907876968384
24.06435203552246,179.964599609375,2.185655117034912,0.07110203616321087,0.0,0.0,0.0,0.17769570070387697,-0.07110203616321087,0.0,5.6178571973528175,4.546428625924246,0.37723100185394287,0.0,0.0,0.0,2.7644190788269043,0.0,0.0,0.0,0.0,0.0,0.0,0.0,1698.0,-2.185589551925659,0.0,0.09855568408966064,0.3962293267250061,0.9932347536087036
24.071102142333984,179.29336547851562,2.185589551925659,0.0778521429747343,0.0,0.0,0.0,-0.0778521429747343,-0.0778521429747343,0.0,5.565785762241909,4.494357190813337,0.49322599172592163,0.0,0.0,0.8051424505057128,0.0,0.0,0.0,0.0,0.0,0.0,0.0,0.0,1699.0,0.8907739520072937,0.0,0.7209049463272095,0.7668946981430054,0.8511163592338562
24.077852249145508,178.62213134765625,2.9906423091888428,0.08460224978625774,0.0,0.0,0.0,-0.08460224978625774,-0.08460224978625774,0.0,5.453285707746233,4.381857136317661,0.22894999384880066,0.21654799580574036,0.0,0.0,0.0,0.0,0.0,0.0,0.0,0.0,0.0,0.0,1700.0,-2.9905526638031006,0.0,0.8394708633422852,0.8909884095191956,0.7297843098640442
24.08460235595703,177.95089721679688,2.769592046737671,0.07785235531628132,0.0,0.0,0.0,-0.07785235531628132,-0.07785235531628132,0.0,5.351857130868094,4.280428559439523,0.0,0.37415799498558044,0.0,0.0,0.0,0.0,0.0,0.0,0.0,0.0,0.0,0.0,1701.0,-2.7695090770721436,0.0,0.7762647271156311,0.8921076059341431,0.5421686172485352
24.077852249145508,168.13966369628906,2.3877265453338623,0.07110224850475788,0.0,0.0,0.0,-0.07110224850475788,-0.07110224850475788,0.0,5.310785647800991,4.2393570763724195,0.0,0.3562360107898712,0.0,0.0,0.0,0.0,0.0,0.0,0.0,0.0,0.0,0.0,1702.0,-2.387655019760132,0.0,0.2932577133178711,0.8457842469215393,0.328715056180954
24.071102142333984,142.7516326904297,2.0241596698760986,0.06435214169323444,0.0,0.0,0.0,-0.06435214169323444,-0.06435214169323444,0.0,5.269357081821987,4.197928510393416,0.0,0.38027098774909973,0.0,0.0,0.0,0.0,0.0,0.0,0.0,0.0,0.0,0.0,1703.0,-2.0240988731384277,0.0,0.04918256402015686,0.828366219997406,0.1487249732017517
24.06435203552246,108.66798400878906,1.636078953742981,0.057602034881711006,0.0,0.0,0.0,-0.057602034881711006,-0.057602034881711006,0.0,5.224571446010044,4.153142874581473,0.0,0.29989999532699585,0.0,0.0,0.0,0.0,0.0,0.0,1.0230644941329956,0.0,0.0,1.0230644941329956,1704.0,-1.6360299587249756,-1.0230644941329956,6.866455078125e-5,0.9065148830413818,0.7201037406921387
24.057601928710938,135.2146759033203,0.2861066460609436,0.05085192807018757,0.0,0.0,0.0,-0.05085192807018757,-0.05085192807018757,0.0,5.175571387154715,4.104142815726144,0.0,0.22134600579738617,0.0,0.0,0.0,0.0,0.0,0.0,0.0,0.0,0.0,0.0,1705.0,-0.28609806299209595,0.0,0.25600630044937134,0.7250723242759705,0.024968743324279785
24.050851821899414,134.54344177246094,0.06024157255887985,0.04410182125866413,0.0,0.0,0.0,-0.08309913294554888,-0.04410182125866413,0.0,5.1306428364345,4.059214265005929,0.0,0.05903496432463662,0.12999103379090293,0.0,0.0,0.0,0.0,0.0,0.0,0.0,0.0,0.0,1706.0,-0.0602397657930851,0.0,0.23644420504570007,0.705621600151062,0.023462682962417603
24.04410171508789,133.87220764160156,1.8141620330425212e-6,0.037351714447140694,0.0,0.0,0.0,-0.08902881835111387,-0.037351714447140694,0.0,5.090214266095843,4.018785694667271,0.0,0.0,0.17225700616836548,0.0,0.0,0.0,0.0,0.0,0.0,0.0,0.0,0.0,1707.0,0.0,0.0,0.11980265378952026,0.7245200872421265,0.044389575719833374
24.037351608276367,133.2009735107422,1.8141076907340903e-6,0.030601607635617256,0.0,0.0,0.0,-0.07850440968186856,-0.030601607635617256,0.0,5.056714275905064,3.9852857044764924,0.0,0.0,0.15967600047588348,0.0,0.0,0.0,0.0,0.0,0.0,0.0,0.0,0.0,1708.0,0.0,0.0,0.052511513233184814,0.7463598251342773,0.08069455623626709
24.030601501464844,132.5297393798828,1.8140533484256594e-6,0.02385150082409382,0.0,0.0,0.0,-0.07044750376427178,-0.02385150082409382,0.0,5.024785668509347,3.953357097080776,0.0,0.0,0.15532000362873077,0.0,0.0,0.0,0.0,0.0,0.0,0.0,0.0,0.0,1709.0,0.0,0.0,0.024302780628204346,0.797760009765625,0.11148238182067871
24.02385139465332,131.85850524902344,1.8139990061172284e-6,0.01710139401257038,0.0,0.0,0.0,-0.06555229655209782,-0.01710139401257038,0.0,5.00064285823277,3.929214286804199,0.0,0.0,0.16150300204753876,0.0,0.0,0.0,0.0,0.0,0.0,0.0,0.0,0.0,1710.0,0.0,0.0,0.015603393316268921,0.8575073480606079,0.12405973672866821
24.017101287841797,131.18727111816406,1.8139446638087975e-6,0.010351287201046944,0.0,0.0,0.0,-0.0034491016900887322,-0.010351287201046944,0.0,5.056428582327706,3.9850000108991352,0.18425999581813812,0.0,0.0,0.14552907645702362,0.07669094402690915,0.0,0.0,0.0,0.0,0.0,0.0,0.0,1711.0,0.14552907645702362,0.0,0.014550089836120605,0.8959938883781433,0.17149221897125244
24.010351181030273,123.69303131103516,0.14552652835845947,0.003601180389523506,0.0,0.0,0.0,0.026276971041080083,-0.003601180389523506,0.0,5.150428581237793,4.079000009809222,0.2739329934120178,0.0,0.0,1.156485915184021,0.3319794339566844,0.0,0.0,0.0,0.0,0.0,0.0,0.0,1712.0,1.156485915184021,0.0,0.13019824028015137,0.8040846586227417,0.17769962549209595
24.00360107421875,120.41704559326172,1.3019734621047974,0.0,0.0,0.0,0.0,0.2693151419617243,-0.0,0.0,5.297071402413504,4.225642830984933,0.3082900047302246,0.0,0.0,0.4111292064189911,2.9923902284275674,0.0,0.0,0.0,0.0,0.0,0.0,0.0,1713.0,0.4111292064189911,0.0,0.1713072657585144,0.6330288052558899,0.5541326403617859
23.996850967407227,119.74581909179688,1.7130513191223145,0.003600968047976494,0.0,0.0,0.0,0.3899397168142129,-0.003600968047976494,0.0,5.476571437290737,4.405142865862165,0.31154200434684753,0.0,0.0,0.0,4.37267392873764,0.7060838341712952,0.0,0.0,0.0,0.0,0.0,0.7060838341712952,1714.0,-1.712999939918518,-0.7060838341712952,0.10625076293945312,0.528653621673584,0.9920483827590942
24.00360107421875,178.725830078125,1.712999939918518,0.010351074859499931,0.0,0.0,0.0,0.5518096006391956,-0.010351074859499931,0.0,5.57507141658238,4.503642845153808,0.3106450140476227,0.0,0.0,0.0,6.2462292313575745,0.10072559118270874,0.0,0.0,0.0,0.0,0.0,0.10072559118270874,1715.0,-1.7129485607147217,-0.10072559118270874,0.15310680866241455,0.2735074758529663,0.9952330589294434
24.010351181030273,179.23536682128906,1.7129485607147217,0.01710118167102337,0.0,0.0,0.0,0.6286561793225117,-0.01710118167102337,0.0,5.6205714906964985,4.5491429192679265,0.3001460134983063,0.0,0.0,0.0,7.1750812185928226,0.015522991307079792,0.0,0.0,0.0,0.0,0.0,0.015522991307079792,1716.0,-1.7128971815109253,-0.015522991307079792,0.10528117418289185,0.14323437213897705,0.9995021224021912
24.017101287841797,179.9184112548828,1.7128971815109253,0.023851288482546806,0.0,0.0,0.0,0.6577830916700236,-0.023851288482546806,0.0,5.6386428015572685,4.567214230128696,0.3103350102901459,0.0,0.0,0.0,7.573714733123779,0.0,0.0,0.0,0.0,0.0,0.0,0.0,1717.0,-1.712845802307129,-0.008477960713207722,0.08578401803970337,0.08602505922317505,0.9999480247497559
24.02385139465332,179.24717712402344,1.712845802307129,0.030601395294070244,0.0,0.0,0.0,0.6461974222897512,-0.030601395294070244,0.0,5.637285723005022,4.56585715157645,0.3222000002861023,0.0,0.0,0.0,7.519986264407635,0.01621425896883011,0.0,0.0,0.0,0.0,0.0,0.01621425896883011,1718.0,-1.7127944231033325,-0.01621425896883011,0.0799437165260315,0.06436130404472351,0.9999853372573853
24.030601501464844,179.9957275390625,1.7127944231033325,0.03735150210559368,0.0,0.0,0.0,0.5881923275624746,-0.03735150210559368,0.0,5.62757146017892,4.556142888750348,0.30810999870300293,0.0,0.0,0.0,6.950486443936825,0.10770390182733536,0.0,0.0,0.0,0.0,0.0,0.10770390182733536,1719.0,-1.7127430438995361,-0.10770390182733536,0.06659871339797974,0.05505165457725525,0.9999959468841553
24.037351608276367,179.9974365234375,1.7127430438995361,0.04410160891711712,0.0,0.0,0.0,0.5032718486238261,-0.04410160891711712,0.0,5.615928595406668,4.544500023978097,0.3182229995727539,0.0,0.0,0.0,6.0819268226623535,0.0,0.0,0.0,0.0,0.0,0.0,0.0,1720.0,-1.7126916646957397,0.0,0.04365873336791992,0.06860977411270142,0.9999692440032959
24.04410171508789,179.32620239257812,1.7126916646957397,0.050851715728640556,0.0,0.0,0.0,0.36767729271619887,-0.050851715728640556,0.0,5.59821423121861,4.526785659790039,0.3080269992351532,0.0,0.0,0.0,4.65032194647938,0.014901175163686275,0.0,0.0,0.0,0.0,0.0,0.014901175163686275,1721.0,-1.7126402854919434,-0.014901175163686275,0.03674805164337158,0.13583698868751526,0.9996907711029053
24.050851821899414,179.9486083984375,1.7126402854919434,0.057601822540163994,0.0,0.0,0.0,0.19564190142800086,-0.057601822540163994,0.0,5.563928549630301,4.49249997820173,0.37723100185394287,0.0,0.0,0.0,2.81381893157959,0.0,0.0,0.0,0.0,0.0,0.0,0.0,1722.0,-1.712588906288147,0.0,0.15559929609298706,0.40263256430625916,0.9886276721954346
24.057601928710938,179.27737426757812,1.712588906288147,0.06435192935168743,0.0,0.0,0.0,-0.06435192935168743,-0.06435192935168743,0.0,5.502357155936105,4.430928584507534,0.49322599172592163,0.0,0.0,0.8284175163807674,0.0,0.0,0.0,0.0,0.0,0.0,0.0,0.0,1723.0,0.9157740473747253,0.0,0.8297348022460938,0.7682088613510132,0.7915512323379517
24.06435203552246,178.60614013671875,2.5409302711486816,0.07110203616321087,0.0,0.0,0.0,-0.07110203616321087,-0.07110203616321087,0.0,5.384285736083984,4.312857164655413,0.22704999148845673,0.2184479981660843,0.0,0.0,0.0,0.0,0.0,0.0,0.0,0.0,0.0,0.0,1724.0,-2.540853977203369,0.0,0.9083471894264221,0.8795690536499023,0.6495414972305298
24.071102142333984,177.93490600585938,2.3179545402526855,0.06435214169323444,0.0,0.0,0.0,-0.06435214169323444,-0.06435214169323444,0.0,5.267714309692383,4.1962857382638115,0.0,0.37415799498558044,0.0,0.0,0.0,0.0,0.0,0.0,0.0,0.0,0.0,0.0,1725.0,-2.317885160446167,0.0,0.9439775943756104,0.8706063032150269,0.39972537755966187
24.06435203552246,177.263671875,1.9361026287078857,0.057602034881711006,0.0,0.0,0.0,-0.057602034881711006,-0.057602034881711006,0.0,5.208214296613421,4.136785725184849,0.0,0.3562360107898712,0.0,0.0,0.0,0.0,0.0,0.0,0.0,0.0,0.0,0.0,1726.0,-1.9360445737838745,0.0,0.961104154586792,0.7879388332366943,0.1952764391899109
24.057601928710938,176.59243774414062,1.5725493431091309,0.05085192807018757,0.0,0.0,0.0,-0.05085192807018757,-0.05085192807018757,0.0,5.1459286008562355,4.074500029427664,0.0,0.36024099588394165,0.0,0.0,0.0,0.0,0.0,0.0,0.0,0.0,0.0,0.0,1727.0,-1.5725022554397583,0.0,0.9704151153564453,0.6158415675163269,0.10747182369232178
24.050851821899414,175.92120361328125,1.2049204111099243,0.04410182125866413,0.0,0.0,0.0,-0.04410182125866413,-0.04410182125866413,0.0,5.089214270455496,4.017785699026925,0.0,0.9728389978408813,0.0,0.0,0.0,0.0,0.0,0.0,0.0,0.0,0.0,0.0,1728.0,-1.2048842906951904,0.0,0.9574887752532959,0.1411581039428711,0.08430173993110657
24.04410171508789,153.94032287597656,0.2122212052345276,0.037351714447140694,0.0,0.0,0.0,-0.06792665712598993,-0.037351714447140694,0.0,5.044071415492466,3.972642844063895,0.0,0.20797052043132425,0.1019164715463674,0.0,0.0,0.0,0.0,0.0,0.0,0.0,0.0,0.0,1729.0,-0.21221484243869781,0.0,0.9077773690223694,0.3687986433506012,0.03204438090324402
24.037351608276367,153.2690887451172,6.392406703525921e-6,0.030601607635617256,0.0,0.0,0.0,-0.08730940932364462,-0.030601607635617256,0.0,4.806642886570522,3.7352143151419503,0.0,0.0,0.18902599811553955,0.0,0.0,0.0,0.0,0.0,0.0,0.0,0.0,0.0,1730.0,0.0,0.0,0.8453982472419739,0.44396066665649414,0.03987884521484375
24.030601501464844,152.5978546142578,6.392215254891198e-6,0.02385150082409382,0.0,0.0,0.0,-0.075528604728067,-0.02385150082409382,0.0,4.7810000147138325,3.709571511404855,0.0,0.0,0.17225700616836548,0.0,0.0,0.0,0.0,0.0,0.0,0.0,0.0,0.0,1731.0,0.0,0.0,0.7207503318786621,0.4461531639099121,0.055969804525375366
24.02385139465332,151.92662048339844,6.392023806256475e-6,0.01710139401257038,0.0,0.0,0.0,-0.06500419605882168,-0.01710139401257038,0.0,4.757999978746686,3.686571339198521,0.0,0.0,0.15967600047588348,0.0,0.0,0.0,0.0,0.0,0.0,0.0,0.0,0.0,1732.0,0.0,0.0,0.504044234752655,0.46963953971862793,0.07189756631851196
24.017101287841797,151.25538635253906,6.391832357621752e-6,0.010351287201046944,0.0,0.0,0.0,-0.056947290141224904,-0.010351287201046944,0.0,4.739071450914655,3.66764281136649,0.0,0.0,0.15532000362873077,0.0,0.0,0.0,0.0,0.0,0.0,0.0,0.0,0.0,1733.0,0.0,0.0,0.29586008191108704,0.5842976570129395,0.09249290823936462
24.010351181030273,150.5841522216797,6.3916409089870285e-6,0.003601180389523506,0.0,0.0,0.0,-0.052067684445440854,-0.003601180389523506,0.0,4.724857139587402,3.653428568158831,0.0,0.0,0.16155500710010529,0.0,0.0,0.0,0.0,0.0,0.0,0.0,0.0,0.0,1734.0,0.0,0.0,0.17825162410736084,0.7424131631851196,0.10620063543319702
24.00360107421875,149.9129180908203,6.391449460352305e-6,0.0,0.0,0.0,0.0,-0.016026002805471506,-0.0,0.0,4.759571429661342,3.6881428582327707,0.13109999895095825,0.0,0.05342000722885132,0.0,0.0,0.0,0.0,0.0,0.0,0.0,0.0,0.0,1735.0,0.0,0.0,0.09575250744819641,0.8558223843574524,0.11775919795036316
23.996850967407227,149.24168395996094,6.391258011717582e-6,0.0,0.0,0.0,0.0,0.0,-0.0,0.0,4.910571452549526,3.8391428811209543,0.2745420038700104,0.0,0.0,1.2764087949267946,0.0,0.0,0.0,0.0,0.0,0.0,0.0,0.0,1736.0,1.385457992553711,0.0,0.2987631559371948,0.8688901662826538,0.12150293588638306
23.990100860595703,148.57044982910156,1.2763769626617432,0.0,0.0,0.0,0.0,0.00874879013571296,-0.0,0.0,5.036571448189871,3.9651428767613,0.3090609908103943,0.0,0.0,3.1433794498443604,0.09720877156024033,0.0,0.0,0.0,0.0,0.0,0.0,0.0,1737.0,3.1433794498443604,0.0,0.44197261333465576,0.8020576238632202,0.24543532729148865
23.98335075378418,147.8992156982422,4.419623851776123,0.0,0.0,0.0,0.0,0.3700412114493997,-0.0,0.0,5.236428615025112,4.165000043596541,0.3126719892024994,0.0,0.0,0.0,4.1115686893463135,0.9755589962005615,0.0,0.0,0.0,0.0,0.0,0.9755589962005615,1738.0,-4.419491291046143,-0.9755589962005615,0.41016533970832825,0.4645244777202606,0.9988923668861389
23.976600646972656,179.82086181640625,4.419491291046143,0.0,0.0,0.0,0.0,0.5678453658298915,-0.0,0.0,5.3640713827950615,4.292642811366489,0.31210699677467346,0.0,0.0,0.0,6.30939245223999,0.0,0.0,0.0,0.0,0.0,0.0,0.0,1739.0,-4.419358730316162,0.0,0.35735785961151123,0.32385700941085815,0.975914716720581
23.969850540161133,177.007080078125,4.419358730316162,0.0,0.0,0.0,0.0,0.6472347396898032,-0.0,0.0,5.424500002179827,4.353071430751255,0.331618994474411,0.0,0.0,0.0,7.1914965361356735,0.04173453152179718,0.0,0.0,0.0,0.0,0.0,0.04173453152179718,1740.0,-4.419226169586182,-0.04173453152179718,0.2990989089012146,0.16671505570411682,0.9988868236541748
23.976600646972656,179.81997680664062,4.419226169586182,0.0,0.0,0.0,0.0,0.6734792423529785,-0.0,0.0,5.471142850603376,4.3997142791748045,0.31174200773239136,0.0,0.0,0.0,7.483102098107338,0.12150596082210541,0.0,0.0,0.0,0.0,0.0,0.12150596082210541,1741.0,-4.419093608856201,-0.12150596082210541,0.19092261791229248,0.10285770893096924,0.999967098236084
23.98335075378418,179.99281311035156,4.419093608856201,0.0,0.0,0.0,0.0,0.20778394037389025,-0.0,0.0,5.5001428604125975,4.428714288984026,0.8342769742012024,0.0,0.0,4.481453895568848,2.30871026511897,0.0,0.0,0.0,0.0,0.0,0.0,0.0,1742.0,4.481453895568848,0.0,0.8900517225265503,0.08213335275650024,0.9998506903648376
23.990100860595703,159.55152893066406,8.900280952453613,0.0,0.0,0.0,0.0,0.5686269736688884,-0.0,0.0,5.511642810276577,4.440214238848005,0.34328699111938477,0.0,0.0,0.0,6.318076983094215,0.24798594415187836,0.0,0.0,0.0,0.0,0.0,0.24798594415187836,1743.0,-4.599999904632568,-0.24798594415187836,0.04477781057357788,0.1290246546268463,0.9999957084655762
23.996850967407227,179.9973907470703,8.90001392364502,0.003600968047976494,0.0,0.0,0.0,0.48388347811873095,-0.003600968047976494,0.0,5.508000046866281,4.4365714754377095,0.3196069896221161,0.0,0.0,0.0,5.4164934158325195,0.0,0.0,0.0,0.0,0.0,0.0,0.0,1744.0,-4.599999904632568,-0.00786894466727972,0.019154906272888184,0.13930672407150269,0.9999850392341614
24.00360107421875,179.32615661621094,8.899746894836426,0.010351074859499931,0.0,0.0,0.0,0.33177285670728773,-0.010351074859499931,0.0,5.4928571973528175,4.421428625924246,0.3094800114631653,0.0,0.0,0.0,3.8013767153024673,0.12709318101406097,0.0,0.0,0.0,0.0,0.0,0.12709318101406097,1745.0,-4.599999904632568,-0.12709318101406097,0.008932560682296753,0.22085660696029663,0.999976634979248
24.010351181030273,179.9943389892578,8.899479866027832,0.01710118167102337,0.0,0.0,0.0,0.1537291961326494,-0.01710118167102337,0.0,5.458142907278878,4.386714335850307,0.37903499603271484,0.0,0.0,0.0,1.8981151580810547,0.0,0.0,0.0,0.0,0.0,0.0,0.0,1746.0,-4.599999904632568,0.0,0.01610514521598816,0.5127061009407043,0.9999530911445618
24.017101287841797,128.66482543945312,8.899212837219238,0.023851288482546806,0.0,0.0,0.0,-0.023851288482546806,-0.023851288482546806,0.0,5.3947143009730745,4.323285729544503,0.4963169991970062,0.0,0.0,0.0,0.0,0.2636829912662506,0.0,0.0,0.4086359441280365,0.0,0.0,0.6723189353942871,1747.0,-4.599999904632568,-0.6723189353942871,0.02607700228691101,0.8848455548286438,0.9969056844711304
24.02385139465332,179.5030059814453,8.481983184814453,0.01710139401257038,0.0,0.0,0.0,-0.01710139401257038,-0.01710139401257038,0.0,5.29728570665632,4.2258571352277485,0.020899999886751175,0.4309319853782654,0.0,0.0,0.0,0.0,0.0,0.0,0.0,0.0,0.0,0.0,1748.0,-4.599999904632568,0.0,0.09602969884872437,0.9739723205566406,0.9877606630325317
24.017101287841797,178.83177185058594,8.04201602935791,0.010351287201046944,0.0,0.0,0.0,-0.010351287201046944,-0.010351287201046944,0.0,5.248999949863979,4.177571378435408,0.0,0.38568899035453796,0.0,0.0,0.0,0.0,0.0,0.0,0.0,0.0,0.0,0.0,1749.0,-4.599999904632568,0.0,0.041418254375457764,0.9878440499305725,0.9791958332061768
24.010351181030273,169.349365234375,7.648226737976074,0.003601180389523506,0.0,0.0,0.0,-0.003601180389523506,-0.003601180389523506,0.0,5.203500011989048,4.132071440560477,0.0,0.3717319965362549,0.0,0.0,0.0,0.0,0.0,0.0,0.02138988859951496,0.0,0.0,0.02138988859951496,1750.0,-4.599999904632568,-0.02138988859951496,0.06730848550796509,0.9923926591873169,0.9398443698883057
24.00360107421875,170.3731689453125,7.2468647956848145,0.0,0.0,0.0,0.0,0.0,-0.0,0.0,5.150142887660435,4.0787143162318635,0.0,0.3732230067253113,0.0,0.0,0.0,0.0,0.0,0.0,0.0,0.0,0.0,0.0,1751.0,-4.599999904632568,0.0,0.07967862486839294,0.9933731555938721,0.8641557097434998
23.996850967407227,169.70193481445312,6.865818977355957,0.0,0.0,0.0,0.0,0.0,-0.0,0.0,5.101285743713379,4.0298571722848076,0.0,0.30289798974990845,0.0,0.0,0.0,0.0,0.0,0.0,0.0,0.0,0.0,0.0,1752.0,-4.599999904632568,0.0,0.023079872131347656,0.9946684837341309,0.797682523727417
23.990100860595703,169.03070068359375,6.556542873382568,0.0,0.0,0.0,0.0,0.0,-0.0,0.0,5.052142906188965,3.9807143347603935,0.0,0.22134600579738617,0.0,0.0,0.0,0.0,0.0,0.0,0.0,0.0,0.0,0.0,1753.0,-4.599999904632568,0.0,0.0022631287574768066,0.9961413145065308,0.7588649988174438
23.98335075378418,160.76412963867188,6.330489635467529,0.0,0.0,0.0,0.0,0.0,-0.0,0.0,5.004142842973981,3.93271427154541,0.0,0.18902599811553955,0.0,0.0,0.0,0.0,0.0,0.0,0.0,0.0,0.0,0.0,1754.0,-4.599999904632568,0.0,0.0032036006450653076,0.995922327041626,0.6948695182800293
23.976600646972656,160.0928955078125,6.13742208480835,0.0,0.0,0.0,0.0,0.0,-0.0,0.0,4.956357084001813,3.884928512573242,0.0,0.17225700616836548,0.0,0.0,0.0,0.0,0.0,0.0,0.0,0.0,0.0,0.0,1755.0,-4.599999904632568,0.0,0.0016021728515625,0.9952189922332764,0.5469884872436523
23.969850540161133,159.42166137695312,5.961471080780029,0.0,0.0,0.0,0.0,0.0,-0.0,0.0,4.910571452549526,3.8391428811209543,0.0,0.15967600047588348,0.0,0.0,0.0,0.0,0.0,0.0,0.010342451743781567,0.0,0.010342451743781567,0.0,1756.0,-4.599999904632568,0.010342451743781567,0.001065284013748169,0.9941467046737671,0.40160176157951355
23.970718383789062,158.75042724609375,5.787809371948242,0.0,0.0,0.0,0.0,0.0,-0.0,0.0,4.872357177734375,3.8009286063058036,0.0,0.15532000362873077,0.0,0.0,0.0,0.0,0.0,0.0,0.0,0.0,0.0,0.0,1757.0,-4.599999904632568,0.0,0.0017791688442230225,0.9923691749572754,0.29456639289855957
23.96396827697754,158.07919311523438,5.629150867462158,0.0,0.0,0.0,0.0,0.0,-0.0,0.0,4.846642848423549,3.7752142769949777,0.0,0.16155500710010529,0.0,0.0,0.0,0.0,0.0,0.0,0.0,0.0,0.0,0.0,1758.0,-4.599999904632568,0.0,0.00426146388053894,0.9894942045211792,0.2348622977733612
23.957218170166016,157.407958984375,5.46413516998291,0.0,0.0,0.0,0.0,0.0,-0.0,0.0,4.8654285975864955,3.794000026157924,0.1292000114917755,0.05531999468803406,0.0,0.0,0.0,0.0,0.0,0.0,0.0,0.0,0.0,0.0,1759.0,-4.599999904632568,0.0,0.013459593057632446,0.9854867458343506,0.21182572841644287
23.950468063354492,156.73672485351562,5.407524108886719,0.0,0.0,0.0,0.0,0.11388673256927537,-0.0,0.0,4.970999935695103,3.8995713642665315,0.2745420038700104,0.0,0.0,0.0,1.2654080390930176,0.0,0.0,0.0,0.0,0.0,0.0,0.0,1760.0,-4.599999904632568,0.0,0.33335721492767334,0.9556017518043518,0.2160342037677765
23.94371795654297,156.06549072265625,5.40736198425293,0.0,0.0,0.0,0.0,0.2700804633784697,-0.0,0.0,5.0922142573765345,4.020785685947963,0.3090609908103943,0.0,0.0,0.2465633898973465,3.0008937990489355,0.0,0.0,0.0,0.0,0.0,0.0,0.0,1761.0,0.2465633898973465,0.0,0.5653895139694214,0.8809410929679871,0.287331759929657
23.936967849731445,155.39425659179688,5.6537556648254395,0.0,0.0,0.0,0.0,0.4535665157291483,-0.0,0.0,5.292500032697405,4.221071461268833,0.3126719892024994,0.0,0.0,0.0,5.039627552032471,0.0,0.0,0.0,0.0,0.0,0.0,0.0,1762.0,-4.599999904632568,0.0,0.40534141659736633,0.6013457775115967,0.8341286182403564
23.930217742919922,154.7230224609375,5.653586387634277,0.0,0.0,0.0,0.0,0.548515105030145,-0.0,0.0,5.398785672869001,4.3273571014404295,0.31210699677467346,0.0,0.0,0.0,6.094611793756485,0.3050311505794525,0.0,0.0,0.0,0.0,0.0,0.3050311505794525,1763.0,-4.599999904632568,-0.3050311505794525,0.2888265550136566,0.3466525971889496,0.996051549911499
23.936967849731445,179.3663330078125,5.653417110443115,0.0,0.0,0.0,0.0,0.6546471550625009,-0.0,0.0,5.448071425301688,4.376642853873117,0.30158498883247375,0.0,0.0,0.0,7.273856700398028,0.014107643626630306,0.0,0.0,0.0,0.0,0.0,0.014107643626630306,1764.0,-4.599999904632568,-0.014107643626630306,0.25037091970443726,0.17817029356956482,0.9992572069168091
23.94371795654297,179.8792266845703,5.653247833251953,0.0,0.0,0.0,0.0,0.6774054253522861,-0.0,0.0,5.480071422031948,4.408642850603376,0.31174200773239136,0.0,0.0,0.0,7.526726350188255,0.1310814768075943,0.0,0.0,0.0,0.0,0.0,0.1310814768075943,1765.0,-4.599999904632568,-0.1310814768075943,0.2058950960636139,0.10840603709220886,0.9999762177467346
23.950468063354492,179.99427795410156,5.653078556060791,0.0,0.0,0.0,0.0,0.6702674349361575,-0.0,0.0,5.493428584507534,4.422000013078962,0.32358500361442566,0.0,0.0,0.0,7.447415351867676,0.0,0.0,0.0,0.0,0.0,0.0,0.0,1766.0,-4.599999904632568,-0.007920964621007442,0.11776340007781982,0.08637279272079468,0.9999794363975525
23.957218170166016,179.3230438232422,5.652909278869629,0.0,0.0,0.0,0.0,0.576913729989872,-0.0,0.0,5.489142908368792,4.41771433694022,0.3094879984855652,0.0,0.0,0.0,6.410152046009898,0.015859993174672127,0.0,0.0,0.0,0.0,0.0,0.015859993174672127,1767.0,-4.599999904632568,-0.015859993174672127,0.04243379831314087,0.0895991325378418,0.9999840259552002
23.96396827697754,179.99551391601562,5.652740001678467,0.0,0.0,0.0,0.0,0.46226193763907036,-0.0,0.0,5.476714352199009,4.405285780770438,0.3196069896221161,0.0,0.0,0.0,5.1362433433532715,0.0,0.0,0.0,0.0,0.0,0.0,0.0,1768.0,-4.599999904632568,0.0,0.021853715181350708,0.11797142028808594,0.9999568462371826
23.970718383789062,179.32427978515625,5.652570724487305,0.0,0.0,0.0,0.0,0.3143723008189674,-0.0,0.0,5.450642803737095,4.379214232308524,0.3094800114631653,0.0,0.0,0.0,3.493025287054479,0.015544668771326542,0.0,0.0,0.0,0.0,0.0,0.015544668771326542,1769.0,-4.599999904632568,-0.015544668771326542,0.010966658592224121,0.24757227301597595,0.9997529983520508
23.977468490600586,179.95855712890625,5.652401447296143,0.0,0.0,0.0,0.0,0.15073786264561445,-0.0,0.0,5.40728577205113,4.335857200622558,0.37903499603271484,0.0,0.0,0.0,1.6748650074005127,0.0,0.0,0.0,0.0,0.0,0.0,0.0,1770.0,-4.599999904632568,0.0,0.037977367639541626,0.5967961549758911,0.9967392683029175
23.98421859741211,179.28732299804688,5.6522321701049805,0.0,0.0,0.0,0.0,0.016463966187951182,-0.0,0.0,5.335642896379743,4.264214324951172,0.4963169991970062,0.0,0.0,0.0,0.18293294310569763,0.0,0.0,0.0,0.0,0.0,0.0,0.0,1771.0,-4.599999904632568,0.0,0.43031439185142517,0.8713144659996033,0.9690864086151123
23.977468490600586,178.6160888671875,5.652062892913818,0.0,0.0,0.0,0.0,0.0,-0.0,0.0,5.230928639003208,4.159500067574637,0.01615000143647194,0.4356819987297058,0.0,0.0,0.0,0.0,0.0,0.0,0.0,0.0,0.0,0.0,1772.0,-4.599999904632568,0.0,0.34152430295944214,0.943034291267395,0.9413830041885376
23.970718383789062,161.1026153564453,5.207333087921143,0.0,0.0,0.0,0.0,0.0,-0.0,0.0,5.172500010899135,4.101071439470564,0.0,0.38568899035453796,0.0,0.0,0.0,0.0,0.0,0.0,0.0,0.0,0.0,0.0,1773.0,-4.599999904632568,0.0,0.06226247549057007,0.9622929692268372,0.866918683052063
23.96396827697754,129.96348571777344,4.813628673553467,0.0,0.0,0.0,0.0,0.0,-0.0,0.0,5.128500066484723,4.057071495056152,0.0,0.8561069965362549,0.0,0.0,0.0,0.0,0.0,0.0,0.0,0.0,0.0,0.0,1774.0,-4.599999904632568,0.0,0.9860444068908691,0.8035603165626526,0.2040325403213501
23.957218170166016,119.5513916015625,3.939932107925415,0.0,0.0,0.0,0.0,0.0,-0.0,0.0,5.094142859322684,4.022714287894113,0.0,0.4614270031452179,0.0,0.0,0.0,0.0,0.0,0.0,0.0,0.0,0.0,0.0,1775.0,-3.9398140907287598,0.0,0.2829414904117584,0.9569428563117981,0.18430501222610474
23.950468063354492,110.73178100585938,3.4689841270446777,0.0,0.0,0.0,0.0,0.0,-0.0,0.0,5.0761428015572685,4.004714230128696,0.0,0.30289798974990845,0.0,0.0,0.0,0.0,0.0,0.0,0.0,0.0,0.0,0.0,1776.0,-3.4688801765441895,0.0,0.03477075695991516,0.9824459552764893,0.14012664556503296
23.94371795654297,110.06055450439453,3.1598098278045654,0.0,0.0,0.0,0.0,0.0,-0.0,0.0,5.045071411132812,3.973642839704241,0.0,0.22134600579738617,0.0,0.0,0.0,0.0,0.0,0.0,0.0,0.0,0.0,0.0,1777.0,-3.159715175628662,0.0,0.004292100667953491,0.9871249198913574,0.1798032522201538
23.936967849731445,109.38932800292969,2.933858633041382,0.0,0.0,0.0,0.0,0.0,-0.0,0.0,5.007000051225934,3.935571479797363,0.0,0.18902599811553955,0.0,0.0,0.0,0.0,0.0,0.0,0.0,0.0,0.0,0.0,1778.0,-2.9337706565856934,0.0,0.003441542387008667,0.9867575168609619,0.16820719838142395
23.930217742919922,108.71810150146484,2.7408928871154785,0.0,0.0,0.0,0.0,0.0,-0.0,0.0,5.00178576878139,3.930357197352818,0.0,0.17225700616836548,0.0,0.0,0.0,0.0,0.0,0.0,0.0,0.0,0.0,0.0,1779.0,-2.7408106327056885,0.0,0.0010433495044708252,0.985878586769104,0.2225213646888733
23.9234676361084,108.046875,2.5650434494018555,0.0,0.0,0.0,0.0,0.0,-0.0,0.0,5.0065000534057615,3.9350714819771904,0.0,0.15967600047588348,0.0,0.0,0.0,0.0,0.0,0.0,0.0,0.0,0.0,0.0,1780.0,-2.5649664402008057,0.0,0.00039079785346984863,0.9843274354934692,0.2569950520992279
23.916717529296875,107.37564849853516,2.402036666870117,0.0,0.0,0.0,0.0,0.0,-0.0,0.0,5.0136428015572685,3.942214230128697,0.0,0.15532000362873077,0.0,0.0,0.0,0.0,0.0,0.0,0.0,0.0,0.0,0.0,1781.0,-2.4019646644592285,0.0,0.0002811253070831299,0.9808048009872437,0.26014894247055054
23.90996742248535,106.70442199707031,2.2434794902801514,0.0,0.0,0.0,0.0,0.0,-0.0,0.0,5.018999998910086,3.947571427481515,0.0,0.16155500710010529,0.0,0.0,0.0,0.0,0.0,0.0,0.0,0.0,0.0,0.0,1782.0,-2.2434122562408447,0.0,0.00044995546340942383,0.9717467427253723,0.23950883746147156
23.903217315673828,106.03319549560547,2.0785651206970215,0.0,0.0,0.0,0.0,0.0,-0.0,0.0,5.040785734994071,3.9693571635654994,0.1006999984383583,0.08382000774145126,0.0,0.0,0.0,0.0,0.0,0.0,0.0,0.0,0.0,0.0,1783.0,-2.078502893447876,0.0,0.0014164149761199951,0.9530986547470093,0.22832506895065308
23.896467208862305,105.36196899414062,1.9929747581481934,0.0,0.0,0.0,0.0,0.061389718166169685,-0.0,0.0,5.1086427961077,4.037214224679129,0.2745420038700104,0.0,0.0,0.0,0.6821079254150391,0.0,0.0,0.0,0.0,0.0,0.0,0.0,1784.0,-1.9929150342941284,0.0,0.039502739906311035,0.8860774636268616,0.1858208179473877
23.88971710205078,104.69074249267578,1.9929150342941284,0.0,0.0,0.0,0.0,0.16943301116887738,-0.0,0.0,5.207142911638532,4.135714340209961,0.3090609908103943,0.0,0.0,0.0,1.8825888633728027,0.0,0.0,0.0,0.0,0.0,0.0,0.0,1785.0,-1.9928553104400635,0.0,0.07950630784034729,0.7668921947479248,0.3326706886291504
23.882966995239258,104.01951599121094,1.9928553104400635,0.0,0.0,0.0,0.0,0.1751980604885459,-0.0,0.0,5.2894285202026365,4.217999948774065,0.3126719892024994,0.0,0.0,0.0,1.9466449618339539,0.8243830800056458,0.0,0.0,0.0,0.0,0.0,0.8243830800056458,1786.0,-1.9927955865859985,-0.8243830800056458,0.041716307401657104,0.6437522172927856,0.8885025978088379
23.876216888427734,162.15850830078125,1.9927955865859985,0.0,0.0,0.0,0.0,0.23165938549513593,-0.0,0.0,5.301357078552246,4.229928507123675,0.31210699677467346,0.0,0.0,0.0,2.573992967605591,0.0,0.0,0.0,0.0,0.0,0.0,0.0,1787.0,-1.9927358627319336,0.0,0.03797045350074768,0.8275521993637085,0.5680124163627625
23.86946678161621,161.48727416992188,1.9927358627319336,0.0,0.0,0.0,0.0,0.24064337020264912,-0.0,0.0,5.273214285714285,4.201785714285714,0.30158498883247375,0.0,0.0,0.0,2.6738150119781494,0.0,0.0,0.0,0.0,0.0,0.0,0.0,1788.0,-1.9926761388778687,0.0,0.016672074794769287,0.7229658365249634,0.8218315839767456
23.862716674804688,160.8160400390625,1.9926761388778687,0.0,0.0,0.0,0.0,0.5020244060078761,-0.0,0.0,5.3079285757882255,4.2365000043596535,0.31174200773239136,0.0,0.0,0.0,5.578048512339592,0.24150963127613068,0.0,0.0,0.0,0.0,0.0,0.24150963127613068,1789.0,-1.9926164150238037,-0.24150963127613068,0.07633155584335327,0.17217010259628296,0.9985549449920654
23.855966567993164,179.76687622070312,1.9926164150238037,0.0,0.0,0.0,0.0,0.6520294819677676,-0.0,0.0,5.368428584507534,4.2970000130789625,0.32358500361442566,0.0,0.0,0.0,7.2447714461013675,0.01074365247040987,0.0,0.0,0.0,0.0,0.0,0.01074365247040987,1790.0,-1.9925566911697388,-0.01074365247040987,0.18188345432281494,0.07277137041091919,0.999893307685852
23.862716674804688,179.9810028076172,1.9925566911697388,0.0,0.0,0.0,0.0,0.6222026318075334,-0.0,0.0,5.397142900739397,4.325714329310825,0.3094879984855652,0.0,0.0,0.0,6.9133620262146,0.0,0.0,0.0,0.0,0.0,0.0,0.0,1791.0,-1.9924969673156738,-0.008214441128075123,0.12574392557144165,0.06306537985801697,0.9999571442604065
23.86946678161621,179.3097686767578,1.9924969673156738,0.0,0.0,0.0,0.0,0.5173990693608156,-0.0,0.0,5.3949999945504326,4.3235714231218605,0.335206001996994,0.0,0.0,0.0,5.748878091573715,0.1403159201145172,0.0,0.0,0.0,0.0,0.0,0.1403159201145172,1792.0,-1.9924372434616089,-0.1403159201145172,0.12537959218025208,0.06978064775466919,0.9999542236328125
23.876216888427734,179.99075317382812,1.9924372434616089,0.0,0.0,0.0,0.0,0.3934052923047756,-0.0,0.0,5.376857158115932,4.305428586687361,0.3094800114631653,0.0,0.0,0.0,4.371169567108154,0.0,0.0,0.0,0.0,0.0,0.0,0.0,1793.0,-1.992377519607544,0.0,0.0781359076499939,0.1423167586326599,0.999693751335144
23.882966995239258,165.22348022460938,1.992377519607544,0.0,0.0,0.0,0.0,0.09016312949536172,-0.0,0.0,5.345999935695103,4.2745713642665315,0.37903499603271484,0.0,0.0,0.5577463507652283,1.00181247033156,0.8553736805915833,0.0,0.0,0.0,0.0,0.0,0.8553736805915833,1794.0,0.5577463507652283,-0.8553736805915833,0.25500938296318054,0.3119538128376007,0.9993399381637573
23.876216888427734,179.89247131347656,2.5500473976135254,0.0,0.0,0.0,0.0,0.0,-0.0,0.0,5.283785765511649,4.2123571940830775,0.4963169991970062,0.0,0.0,0.45578132264772364,0.0,0.0,0.0,0.0,0.0,0.0,0.0,0.0,1795.0,0.5156829357147217,0.0,0.601851761341095,0.7537956237792969,0.9042140245437622
23.86946678161621,150.16160583496094,3.0057384967803955,0.0,0.0,0.0,0.0,0.0,-0.0,0.0,5.156714248657226,4.085285677228655,0.020899999886751175,0.4309319853782654,0.0,0.0,0.0,0.0,0.0,0.0,0.0,0.0,0.0,0.0,1796.0,-3.005648374557495,0.0,0.45940306782722473,0.8494661450386047,0.690550684928894
23.862716674804688,121.41944885253906,2.5659351348876953,0.0,0.0,0.0,0.0,0.0,-0.0,0.0,5.0873571940830775,4.015928622654506,0.0,0.38568899035453796,0.0,0.0,0.0,0.0,0.0,0.0,0.0,0.0,0.0,0.0,1797.0,-2.5658581256866455,0.0,0.8051708936691284,0.9158326983451843,0.20863944292068481
23.855966567993164,120.74822235107422,2.1723098754882812,0.0,0.0,0.0,0.0,0.0,-0.0,0.0,5.0199999945504326,3.948571423121861,0.0,0.3717319965362549,0.0,0.0,0.0,0.0,0.0,0.0,0.0,0.0,0.0,0.0,1798.0,-2.1722447872161865,0.0,0.8058657050132751,0.8892226219177246,0.07752817869186401
23.84921646118164,120.07699584960938,1.7929377555847168,0.0,0.0,0.0,0.0,0.0,-0.0,0.0,4.953785705566406,3.882357134137835,0.0,0.3732230067253113,0.0,0.0,0.0,0.0,0.0,0.0,0.0,0.0,0.0,0.0,1799.0,-1.7928839921951294,0.0,0.7895042896270752,0.8311893939971924,0.03649136424064636
23.842466354370117,119.40576934814453,1.4120556116104126,0.0,0.0,0.0,0.0,0.0,-0.0,0.0,4.892357090541294,3.820928519112723,0.0,0.30289798974990845,0.0,0.0,0.0,0.0,0.0,0.0,0.0,0.0,0.0,0.0,1800.0,-1.412013292312622,0.0,0.5135512351989746,0.8260178565979004,0.027531325817108154
23.835716247558594,118.73454284667969,1.102942943572998,0.0,0.0,0.0,0.0,0.0,-0.0,0.0,4.8370713642665315,3.7656427928379603,0.0,0.22134600579738617,0.0,0.0,0.0,0.0,0.0,0.0,0.0,0.0,0.0,0.0,1801.0,-1.1029099225997925,0.0,0.05121427774429321,0.8551065921783447,0.049052417278289795
23.82896614074707,109.54087829589844,0.8770533800125122,0.0,0.0,0.0,0.0,0.0,-0.0,0.0,4.792428575243268,3.721000071934291,0.0,0.18902599811553955,0.0,0.0,0.0,0.0,0.0,0.0,0.0,0.0,0.0,0.0,1802.0,-0.8770270943641663,0.0,0.08098816871643066,0.8593770265579224,0.03491291403770447
23.822216033935547,108.8696517944336,0.6841492056846619,0.0,0.0,0.0,0.0,0.0,-0.0,0.0,4.755214296068464,3.6837857927594864,0.0,0.17225700616836548,0.0,0.0,0.0,0.0,0.0,0.0,0.0,0.0,0.0,0.0,1803.0,-0.6841287016868591,0.0,0.03517785668373108,0.8460804224014282,0.06654971837997437
23.815465927124023,108.19842529296875,0.5083615183830261,0.0,0.0,0.0,0.0,0.0,-0.0,0.0,4.719428552900042,3.6479999814714703,0.0,0.15967600047588348,0.0,0.0,0.0,0.0,0.0,0.0,0.0,0.0,0.0,0.0,1804.0,-0.5083462595939636,0.0,0.016146332025527954,0.8368101716041565,0.12110432982444763
23.8087158203125,107.5271987915039,0.34541645646095276,0.0,0.0,0.0,0.0,0.0,-0.0,0.0,4.682357120513916,3.6109286172049386,0.0,0.15532000362873077,0.0,0.0,0.0,0.0,0.0,0.0,0.0,0.0,0.0,0.0,1805.0,-0.34540611505508423,0.0,0.010231375694274902,0.8415228128433228,0.1633167564868927
23.801965713500977,106.85597229003906,0.18692106008529663,0.0,0.0,0.0,0.0,0.0,-0.0,0.0,4.648999977111816,3.577571405683245,0.0,0.16155500710010529,0.0,0.0,0.0,0.0,0.0,0.0,0.0,0.0,0.0,0.0,1806.0,-0.18691545724868774,0.0,0.009102970361709595,0.8520724773406982,0.18557140231132507
23.795215606689453,106.18474578857422,0.02206835336983204,0.0,0.0,0.0,0.0,-0.018943102911724848,-0.0,0.0,4.6349999019077845,3.563571330479213,0.09974999725818634,0.02162633505831124,0.06314367386331199,0.0,0.0,0.0,0.0,0.0,0.0,0.0,0.0,0.0,1807.0,-0.022067692130804062,0.0,0.01589253544807434,0.835343599319458,0.1866704225540161
23.78846549987793,105.51351928710938,6.649443662354315e-7,0.0,0.0,0.0,0.0,0.0,-0.0,0.0,4.7110714367457796,3.6396429334368023,0.2745420038700104,0.0,0.0,1.2968909229919063,0.0,0.0,0.0,0.0,0.0,0.0,0.0,0.0,1808.0,1.4074580669403076,0.0,0.2111271619796753,0.7413511276245117,0.2238367795944214
23.781715393066406,95.45191955566406,1.296852707862854,0.0,0.0,0.0,0.0,0.06344403147263618,-0.0,0.0,4.886857114519391,3.81542854309082,0.3090609908103943,0.0,0.0,2.630465507507324,0.7049336270061985,0.033456943929195404,0.0,0.0,0.0,0.0,0.0,0.033456943929195404,1809.0,2.630465507507324,-0.033456943929195404,0.3927288353443146,0.5762966275215149,0.48269206285476685
23.774965286254883,97.22881317138672,3.9272005558013916,0.0,0.0,0.0,0.0,0.2877784766974814,-0.0,0.0,5.036500058855329,3.9650714874267576,0.3126719892024994,0.0,0.0,0.0,3.197538375854492,2.102389335632324,0.0,0.0,0.0,0.0,0.0,2.102389335632324,1810.0,-3.9270827770233154,-2.102389335632324,0.27204763889312744,0.5220129489898682,0.9999990463256836
23.76821517944336,179.99790954589844,3.9270827770233154,0.0,0.0,0.0,0.0,0.2853864497384123,-0.0,0.0,5.118999971662249,4.047571400233677,0.31210699677467346,0.0,0.0,3.471338987350464,3.1709603006437375,0.0,0.0,0.0,0.0,0.0,0.0,0.0,1811.0,3.471338987350464,0.0,0.7398391962051392,0.308922678232193,0.9993818998336792
23.761465072631836,137.00025939941406,7.398200035095215,0.0,0.0,0.0,0.0,0.6272971341846066,-0.0,0.0,5.176928601946149,4.105500030517578,0.30158498883247375,0.0,0.0,0.0,6.969967603683472,0.6552469730377197,0.0,0.0,0.0,0.0,0.0,0.6552469730377197,1812.0,-4.599999904632568,-0.6552469730377197,0.5405586361885071,0.28957948088645935,0.999932050704956
23.754714965820312,179.9872283935547,7.39797830581665,0.0,0.0,0.0,0.0,0.7194697951849105,-0.0,0.0,5.228214345659528,4.156785774230957,0.31174200773239136,0.0,0.0,0.0,7.994108200073242,0.0,0.0,0.0,0.0,0.0,0.0,0.0,1813.0,-4.599999904632568,0.0,0.4942931830883026,0.13609835505485535,0.9997678399085999
23.74796485900879,179.3159942626953,7.397756576538086,0.0,0.0,0.0,0.0,0.7069817505489158,-0.0,0.0,5.271357209341867,4.199928637913295,0.32358500361442566,0.0,0.0,0.0,7.855352159589529,0.016712907701730728,0.0,0.0,0.0,0.0,0.0,0.016712907701730728,1814.0,-4.599999904632568,-0.016712907701730728,0.34082573652267456,0.10716813802719116,0.9999552965164185
23.741214752197266,179.9909210205078,7.3975348472595215,0.0,0.0,0.0,0.0,0.6551201196607018,-0.0,0.0,5.30235721043178,4.230928639003208,0.3094879984855652,0.0,0.0,0.0,7.279111862182617,0.0,0.0,0.0,0.0,0.0,0.0,0.0,1815.0,-4.599999904632568,-0.00832456536591053,0.1676485538482666,0.09956103563308716,0.9999816417694092
23.734464645385742,179.31968688964844,7.397313117980957,0.0,0.0,0.0,0.0,0.5547379497975442,-0.0,0.0,5.314714241027832,4.243285669599261,0.3196069896221161,0.0,0.0,0.0,6.163754507899284,0.016538575291633606,0.0,0.0,0.0,0.0,0.0,0.016538575291633606,1816.0,-4.599999904632568,-0.016538575291633606,0.08934110403060913,0.11662545800209045,0.9999765157699585
23.72771453857422,179.99432373046875,7.397091388702393,0.0,0.0,0.0,0.0,0.3822903030944093,-0.0,0.0,5.297785704476492,4.226357133047921,0.3094800114631653,0.0,0.0,0.0,4.247669696807861,0.0,0.0,0.0,0.0,0.0,0.0,0.0,1817.0,-4.599999904632568,0.0,0.02696073055267334,0.2117636799812317,0.9998807907104492
23.720964431762695,179.32308959960938,7.396869659423828,0.0,0.0,0.0,0.0,0.17867690589008392,-0.0,0.0,5.249285779680524,4.177857208251953,0.37903499603271484,0.0,0.0,0.0,1.98529879655689,0.013516263104975224,0.0,0.0,0.0,0.0,0.0,0.013516263104975224,1818.0,-4.599999904632568,-0.013516263104975224,0.0516510009765625,0.603426456451416,0.9983546137809753
23.714214324951172,179.7348175048828,7.396647930145264,0.0,0.0,0.0,0.0,0.013898969503161801,-0.0,0.0,5.164214352199009,4.092785780770438,0.4963169991970062,0.0,0.0,0.0,0.1544329822063446,0.0,0.0,0.0,0.0,0.0,0.0,0.0,1819.0,-4.599999904632568,0.0,0.3625434935092926,0.9009162783622742,0.9841935634613037
23.70746421813965,179.06358337402344,7.396426200866699,0.0,0.0,0.0,0.0,0.0,-0.0,0.0,5.056428582327706,3.9850000108991352,0.006650000344961882,0.4451819956302643,0.0,0.0,0.0,0.0,0.0,0.0,0.17527833580970764,0.0,0.17527833580970764,0.0,1820.0,-4.599999904632568,0.17527833580970764,0.31403040885925293,0.9667345285415649,0.9722172617912292
23.833656311035156,170.47991943359375,6.763100624084473,0.0,0.0,0.0,0.0,0.0,-0.0,0.0,4.96557148524693,3.894142913818359,0.0,0.38568899035453796,0.0,0.0,0.0,0.0,0.0,0.0,0.0985102504491806,0.0,0.0985102504491806,0.0,1821.0,-4.599999904632568,0.0985102504491806,0.4565451443195343,0.980059027671814,0.9288935661315918
23.900279998779297,169.80868530273438,6.268831729888916,0.0,0.0,0.0,0.0,0.0,-0.0,0.0,4.887857110159738,3.8164285387311665,0.0,0.3717319965362549,0.0,0.0,0.0,0.0,0.0,0.0,0.029313672333955765,0.0,0.029313672333955765,0.0,1822.0,-4.599999904632568,0.029313672333955765,0.5880612134933472,0.9830073118209839,0.8225268721580505
23.915021896362305,169.137451171875,5.859426021575928,0.0,0.0,0.0,0.0,0.0,-0.0,0.0,4.824357114519391,3.75292854309082,0.0,0.5420659780502319,0.0,0.0,0.0,0.0,0.0,0.0,0.0,0.0,0.0,0.0,1823.0,-4.599999904632568,0.0,0.8562985062599182,0.9522923231124878,0.5915398597717285
23.90827178955078,158.17953491210938,5.306138515472412,0.0,0.0,0.0,0.0,0.0,-0.0,0.0,4.773357132502964,3.701928492954799,0.0,0.7003790140151978,0.0,0.0,0.0,0.0,0.0,0.0,0.0,0.0,0.0,0.0,1824.0,-4.599999904632568,0.0,0.9718635082244873,0.844066858291626,0.3036143183708191
23.901521682739258,148.21902465820312,4.5913286209106445,0.0,0.0,0.0,0.0,0.0,-0.0,0.0,4.747571413857596,3.676142774309431,0.0,0.24137599766254425,0.0,0.0,0.0,0.0,0.0,0.0,0.0,0.0,0.0,0.0,1825.0,-4.591190814971924,0.0,0.07820862531661987,0.9749506711959839,0.3206711709499359
23.894771575927734,147.54779052734375,4.34489631652832,0.0,0.0,0.0,0.0,0.0,-0.0,0.0,4.7380714552743095,3.666642815726144,0.0,0.18902599811553955,0.0,0.0,0.0,0.0,0.0,0.0,0.0,0.0,0.0,0.0,1826.0,-4.344766139984131,0.0,0.04606437683105469,0.9768336415290833,0.31370002031326294
23.88802146911621,146.87655639648438,4.151888370513916,0.0,0.0,0.0,0.0,0.0,-0.0,0.0,4.730500030517578,3.6590714590890068,0.0,0.17225700616836548,0.0,0.0,0.0,0.0,0.0,0.0,0.0,0.0,0.0,0.0,1827.0,-4.151763916015625,0.0,0.015909463167190552,0.9760832786560059,0.2675800919532776
23.881271362304688,146.205322265625,3.975996732711792,0.0,0.0,0.0,0.0,0.0,-0.0,0.0,4.722142846243722,3.6507142748151504,0.0,0.15967600047588348,0.0,0.0,0.0,0.0,0.0,0.0,0.012755879200994968,0.0,0.012755879200994968,0.0,1828.0,-3.975877523422241,0.012755879200994968,0.006619870662689209,0.9767144918441772,0.23641124367713928
23.883556365966797,145.53408813476562,3.7999320030212402,0.0,0.0,0.0,0.0,0.0,-0.0,0.0,4.709928594316755,3.6385000228881834,0.0,0.20203599333763123,0.0,0.0,0.0,0.0,0.0,0.0,0.0,0.0,0.0,0.0,1829.0,-3.7998180389404297,0.0,0.011802226305007935,0.9740784168243408,0.19454598426818848
23.876806259155273,144.86285400390625,3.59366512298584,0.0,0.0,0.0,0.0,0.0,-0.0,0.0,4.6949999809265135,3.6235713413783484,0.0,0.20082500576972961,0.0,0.0,0.0,0.0,0.0,0.0,0.0,0.0,0.0,0.0,1830.0,-3.593557357788086,0.0,0.018086671829223633,0.972628116607666,0.17586520314216614
23.87005615234375,144.19161987304688,3.3886401653289795,0.0,0.0,0.0,0.0,0.0,-0.0,0.0,4.698071425301688,3.6266428538731166,0.10925000160932541,0.07527000457048416,0.0,0.0,0.0,0.0,0.0,0.0,0.0,0.0,0.0,0.0,1831.0,-3.3885385990142822,0.0,0.0153103768825531,0.9702508449554443,0.1935170292854309
23.863306045532227,135.99966430664062,3.311734676361084,0.0,0.0,0.0,0.0,0.07392087191174752,-0.0,0.0,4.77857141494751,3.7071429116385324,0.2745420038700104,0.0,0.0,0.3634967505931854,0.8213429559671643,0.0,0.0,0.0,0.0,0.0,0.0,0.0,1832.0,0.3634967505931854,0.0,0.36752015352249146,0.9180788397789001,0.14763584733009338
23.856555938720703,135.32843017578125,3.675121307373047,0.0,0.0,0.0,0.0,0.0322858087576535,-0.0,0.0,4.865642901829311,3.7942143304007394,0.3090609908103943,0.0,0.0,2.8219175338745117,0.35873117990897896,0.0,0.0,0.0,0.0,0.0,0.0,0.0,1833.0,2.8219175338745117,0.0,0.6497008800506592,0.8334373235702515,0.22181105613708496
23.84980583190918,134.65719604492188,6.4968438148498535,0.0,0.0,0.0,0.0,0.3075109108182009,-0.0,0.0,4.930714280264718,3.859285708836147,0.3126719892024994,0.0,0.0,1.2684326171875,3.416787626438121,0.4453713297843933,0.0,0.0,0.0,0.0,0.0,0.4453713297843933,1834.0,1.2684326171875,-0.4453713297843933,0.7765246629714966,0.6152670383453369,0.8668361306190491
23.843055725097656,158.69186401367188,7.76504373550415,0.0,0.0,0.0,0.0,0.5251279628826143,-0.0,0.0,4.988428606305804,3.917000034877232,0.31210699677467346,0.0,0.0,0.344905823469162,5.83475467943551,0.3573436737060547,0.0,0.0,0.0,0.0,0.0,0.3573436737060547,1835.0,0.344905823469162,-0.3573436737060547,0.8109919428825378,0.39352351427078247,0.9823675155639648
23.836305618286133,177.1768798828125,8.10970687866211,0.0,0.0,0.0,0.0,0.6663353316305313,-0.0,0.0,5.0494286128452845,3.9780000414167134,0.30158498883247375,0.0,0.0,0.0,7.403725318610668,0.03623945266008377,0.0,0.0,0.0,0.0,0.0,0.03623945266008377,1836.0,-4.599999904632568,-0.03623945266008377,0.7187058925628662,0.23624515533447266,0.9954517483711243
23.82955551147461,179.27035522460938,8.109463691711426,0.0,0.0,0.0,0.0,0.6680416887683986,-0.0,0.0,5.1128570829118996,4.041428511483328,0.31174200773239136,0.0,0.0,0.0,7.422684840857983,0.016623802483081818,0.0,0.0,0.0,0.0,0.0,0.016623802483081818,1837.0,-4.599999904632568,-0.016623802483081818,0.5203807353973389,0.16332203149795532,0.9993093609809875
23.822805404663086,179.8875732421875,8.109220504760742,0.0,0.0,0.0,0.0,0.6267760399401985,-0.0,0.0,5.1711427961077,4.099714224679129,0.32358500361442566,0.0,0.0,0.0,6.964177668094635,0.41673702001571655,0.0,0.0,0.0,0.0,0.0,0.41673702001571655,1838.0,-4.599999904632568,-0.41673702001571655,0.517672061920166,0.12711918354034424,0.9999951124191284
23.816055297851562,179.99729919433594,8.108977317810059,0.0,0.0,0.0,0.0,0.6123701248463065,-0.0,0.0,5.217285646711077,4.145857075282505,0.3094879984855652,0.0,0.0,0.0,6.804111957550049,0.0,0.0,0.0,0.0,0.0,0.0,0.0,1839.0,-4.599999904632568,0.0,0.17106792330741882,0.11659029126167297,0.9999542236328125
23.80930519104004,179.32606506347656,8.108734130859375,0.0,0.0,0.0,0.0,0.4734174892290402,-0.0,0.0,5.238071387154715,4.166642815726144,0.3196069896221161,0.0,0.0,0.0,5.260193906724453,0.016649164259433746,0.0,0.0,0.0,0.0,0.0,0.016649164259433746,1840.0,-4.599999904632568,-0.016649164259433746,0.06211310625076294,0.15314465761184692,0.9999197125434875
23.802555084228516,179.9852294921875,8.108490943908691,0.0,0.0,0.0,0.0,0.30807632033636584,-0.0,0.0,5.23207141331264,4.1606428418840675,0.3094800114631653,0.0,0.0,0.0,3.423069953918457,0.0,0.0,0.0,0.0,0.0,0.0,0.0,1841.0,-4.599999904632568,0.0,0.021581262350082397,0.30223584175109863,0.9998664259910583
23.795804977416992,167.9755096435547,8.108247756958008,0.0,0.0,0.0,0.0,0.12715808120632757,-0.0,0.0,5.205928611755371,4.1345000403268,0.37903499603271484,0.0,0.0,0.0,1.4128674566745758,0.2762475907802582,0.0,0.0,0.0,0.0,0.0,0.2762475907802582,1842.0,-4.599999904632568,-0.2762475907802582,0.035361140966415405,0.630930483341217,0.9989413022994995
23.78905487060547,179.8286895751953,8.108004570007324,0.0,0.0,0.0,0.0,0.02022596847820022,-0.0,0.0,5.1582142421177455,4.086785670689174,0.4963169991970062,0.0,0.0,0.0,0.22473296523094177,0.0,0.0,0.0,0.0,0.0,0.0,0.0,1843.0,-4.599999904632568,0.0,0.3096924424171448,0.9040182828903198,0.9885249733924866
23.782304763793945,179.15745544433594,8.10776138305664,0.0,0.0,0.0,0.0,0.0,-0.0,0.0,5.07507141658238,4.003642845153808,0.008549999445676804,0.44328200817108154,0.0,0.0,0.0,0.0,0.0,0.0,0.11455225199460983,0.0,0.11455225199460983,0.0,1844.0,-4.599999904632568,0.11455225199460983,0.2924174666404724,0.9725545644760132,0.9794220924377441
23.86275863647461,178.48622131347656,7.53831672668457,0.0,0.0,0.0,0.0,0.0,-0.0,0.0,5.0259285790579655,3.9545000076293944,0.0,0.38568899035453796,0.0,0.0,0.0,0.0,0.0,0.0,0.07688725739717484,0.0,0.07688725739717484,0.0,1845.0,-4.599999904632568,0.07688725739717484,0.03426066040992737,0.9827975034713745,0.9598225355148315
23.913972854614258,142.67129516601562,7.0660881996154785,0.0,0.0,0.0,0.0,0.0,-0.0,0.0,4.98285710471017,3.911428533281599,0.0,0.3717319965362549,0.0,0.0,0.0,0.0,0.0,0.0,0.7033373117446899,0.0,0.0,0.7033373117446899,1846.0,-4.599999904632568,-0.7033373117446899,0.008930444717407227,0.9898987412452698,0.9092803001403809
23.907222747802734,165.48294067382812,5.968899726867676,0.0,0.0,0.0,0.0,0.0,-0.0,0.0,4.942857142857143,3.8714285714285714,0.0,0.45596399903297424,0.0,0.0,0.0,0.0,0.0,0.0,0.0,0.0,0.0,0.0,1847.0,-4.599999904632568,0.0,0.7138157486915588,0.9735122323036194,0.6171172857284546
23.90047264099121,164.81170654296875,5.503465175628662,0.0,0.0,0.0,0.0,0.0,-0.0,0.0,4.908428546360561,3.8369999749319894,0.0,0.30501899123191833,0.0,0.0,0.0,0.0,0.0,0.0,0.03888993337750435,0.0,0.03888993337750435,0.0,1848.0,-4.599999904632568,0.03888993337750435,0.07598775625228882,0.9844739437103271,0.6014134287834167
23.92235565185547,156.62060546875,5.152383327484131,0.0,0.0,0.0,0.0,0.0,-0.0,0.0,4.8604286193847654,3.7890000479561943,0.0,0.22134600579738617,0.0,0.0,0.0,0.0,0.0,0.0,0.01936502195894718,0.0,0.01936502195894718,0.0,1849.0,-4.599999904632568,0.01936502195894718,0.030010968446731567,0.9859479069709778,0.45510444045066833
23.929723739624023,155.94937133789062,4.906612873077393,0.0,0.0,0.0,0.0,0.0,-0.0,0.0,4.814428547450474,3.742999976021903,0.0,0.23946499824523926,0.0,0.0,0.0,0.0,0.0,0.0,0.0,0.0,0.0,0.0,1850.0,-4.599999904632568,0.0,0.06285226345062256,0.9801036715507507,0.3933667540550232
23.9229736328125,155.27813720703125,4.662121295928955,0.0,0.0,0.0,0.0,0.0,-0.0,0.0,4.783071395329067,3.7116428920200892,0.0,0.17225700616836548,0.0,0.0,0.0,0.0,0.0,0.0,0.0,0.0,0.0,0.0,1851.0,-4.599999904632568,0.0,0.01166623830795288,0.9829623699188232,0.3387638032436371
23.916223526000977,154.60690307617188,4.4862141609191895,0.0,0.0,0.0,0.0,0.0,-0.0,0.0,4.756999983106341,3.685571343558175,0.0,0.15967600047588348,0.0,0.0,0.0,0.0,0.0,0.0,0.0,0.0,0.0,0.0,1852.0,-4.486079692840576,0.0,0.005995631217956543,0.9825091361999512,0.27582764625549316
23.909473419189453,153.9356689453125,4.323149681091309,0.0,0.0,0.0,0.0,0.0,-0.0,0.0,4.743714278084891,3.6722857066563197,0.0,0.15532000362873077,0.0,0.0,0.0,0.0,0.0,0.0,0.016370197758078575,0.0,0.016370197758078575,0.0,1853.0,-4.323019981384277,0.016370197758078575,0.00567251443862915,0.9828774929046631,0.2302723526954651
23.914371490478516,153.26443481445312,4.147831439971924,0.0,0.0,0.0,0.0,0.0,-0.0,0.0,4.733714253561837,3.6622856140136717,0.0,0.16155500710010529,0.0,0.0,0.0,0.0,0.0,0.0,0.0,0.0,0.0,0.0,1854.0,-4.147706985473633,0.0,0.010304838418960571,0.9807628989219666,0.1995220184326172
23.907621383666992,152.59320068359375,3.9828600883483887,0.0,0.0,0.0,0.0,0.0,-0.0,0.0,4.745571422576904,3.674142783028739,0.08455000072717667,0.0999700054526329,0.0,0.0,0.0,0.0,0.0,0.0,0.0,0.0,0.0,0.0,1855.0,-3.982740640640259,0.0,0.024798989295959473,0.9748365879058838,0.18131360411643982
23.90087127685547,151.92196655273438,3.8807334899902344,0.0,0.0,0.0,0.0,0.0629287161770433,-0.0,0.0,4.82971431187221,3.7582857404436383,0.2745420038700104,0.0,0.0,0.0,0.6992079019546509,0.0,0.0,0.0,0.0,0.0,0.0,0.0,1856.0,-3.880617141723633,0.0,0.2102646827697754,0.9525636434555054,0.19071248173713684
23.894121170043945,143.37034606933594,3.880617141723633,0.0,0.0,0.0,0.0,0.1449194033552201,-0.0,0.0,4.875857162475586,3.8044285910470146,0.3090609908103943,0.0,0.0,0.06862302869558334,1.6102154648673486,0.0,0.0,0.0,0.0,0.0,0.0,0.0,1857.0,0.06862302869558334,0.0,0.3949210047721863,0.9230378866195679,0.17937475442886353
23.887371063232422,142.69911193847656,3.9491217136383057,0.0,0.0,0.0,0.0,0.23152817181969945,-0.0,0.0,4.91771433694022,3.8462857655116487,0.3221150040626526,0.0,0.0,0.0,2.5725350379943848,0.0,0.0,0.0,0.0,0.0,0.0,0.0,1858.0,-3.949003219604492,0.0,0.3719945549964905,0.8808715343475342,0.27605700492858887
23.8806209564209,142.0278778076172,3.949003219604492,0.0,0.0,0.0,0.0,0.32904387943298496,-0.0,0.0,4.96049998147147,3.8890714100428987,0.31210699677467346,0.0,0.0,0.0,3.6560428142547607,0.0,0.0,0.0,0.0,0.0,0.0,0.0,1859.0,-3.9488847255706787,0.0,0.2629261016845703,0.684958815574646,0.7621316909790039
23.873870849609375,133.7177276611328,3.9488847255706787,0.0,0.0,0.0,0.0,0.4170859543153389,-0.0,0.0,5.006428527832031,3.93499995640346,0.30158498883247375,0.0,0.0,0.0,4.634288012981415,0.5959766507148743,0.0,0.0,0.0,0.0,0.0,0.5959766507148743,1860.0,-3.9487662315368652,-0.5959766507148743,0.23603719472885132,0.3555450141429901,0.9876502156257629
23.86712074279785,178.02210998535156,3.9487662315368652,0.0,0.0,0.0,0.0,0.5159549170342742,-0.0,0.0,5.042428507123675,3.970999935695103,0.31174200773239136,0.0,0.0,0.0,5.732831955887377,0.01547622587531805,0.0,0.0,0.0,0.0,0.0,0.01547622587531805,1861.0,-3.9486477375030518,-0.01547622587531805,0.25428664684295654,0.21949827671051025,0.9908212423324585
23.860370635986328,178.52947998046875,3.9486477375030518,0.0,0.0,0.0,0.0,0.5154909483981862,-0.0,0.0,5.065571457999093,3.994142886570522,0.32358500361442566,0.0,0.0,0.0,5.727676749229431,0.023987889289855957,0.0,0.0,0.0,0.0,0.0,0.023987889289855957,1862.0,-3.9485292434692383,-0.023987889289855957,0.1954253911972046,0.14734220504760742,0.9981101751327515
23.853620529174805,179.69570922851562,3.9485292434692383,0.0,0.0,0.0,0.0,0.5503998491982474,-0.0,0.0,5.084428596496582,4.013000025068011,0.3094879984855652,0.0,0.0,0.0,6.115553393959999,0.11190889775753021,0.0,0.0,0.0,0.0,0.0,0.11190889775753021,1863.0,-3.948410749435425,-0.11190889775753021,0.25450414419174194,0.0904126763343811,0.9998480081558228
23.84687042236328,179.9737548828125,3.948410749435425,0.0,0.0,0.0,0.0,0.4782503937284442,-0.0,0.0,5.087285668509347,4.015857097080776,0.3196069896221161,0.0,0.0,0.0,5.313892841339111,0.0,0.0,0.0,0.0,0.0,0.0,0.0,1864.0,-3.9482922554016113,0.0,0.17010042071342468,0.12470406293869019,0.9995450377464294
23.840120315551758,179.30252075195312,3.9482922554016113,0.0,0.0,0.0,0.0,0.36569548809529573,-0.0,0.0,5.0735714231218605,4.002142851693289,0.3094800114631653,0.0,0.0,0.0,4.063282878138125,0.015287010930478573,0.0,0.0,0.0,0.0,0.0,0.015287010930478573,1865.0,-3.948173999786377,-0.015287010930478573,0.11065739393234253,0.23200854659080505,0.9987908601760864
23.833370208740234,179.8046112060547,3.948173999786377,0.0,0.0,0.0,0.0,0.16997537533246398,-0.0,0.0,5.035285758972168,3.9638571875435966,0.37903499603271484,0.0,0.0,0.0,1.8886151313781738,0.0,0.0,0.0,0.0,0.0,0.0,0.0,1866.0,-3.9480557441711426,0.0,0.3041181266307831,0.6340591907501221,0.9790797829627991
23.82662010192871,179.1333770751953,3.9480557441711426,0.0,0.0,0.0,0.0,0.0,-0.0,0.0,4.982142802647182,3.9107142312186105,0.4963169991970062,0.0,0.0,0.292856328822765,0.0,0.0,0.0,0.0,0.0,0.0,0.0,0.0,1867.0,0.3406830132007599,0.0,0.9186222553253174,0.8826782703399658,0.8883349895477295
23.819869995117188,178.46214294433594,4.240785121917725,0.0,0.0,0.0,0.0,0.0,-0.0,0.0,4.8860714231218605,3.8146428516932893,0.008549999445676804,0.44328200817108154,0.0,0.0,0.0,0.0,0.0,0.0,0.0,0.0,0.0,0.0,1868.0,-4.240657806396484,0.0,0.9373898506164551,0.9189321398735046,0.8374951481819153
23.813119888305664,169.9770050048828,3.7883429527282715,0.0,0.0,0.0,0.0,0.0,-0.0,0.0,4.837571362086704,3.7661427906581335,0.0,0.38568899035453796,0.0,0.0,0.0,0.0,0.0,0.0,0.0,0.0,0.0,0.0,1869.0,-3.788229465484619,0.0,0.9678903818130493,0.9260977506637573,0.6213868260383606
23.80636978149414,169.30577087402344,3.394680976867676,0.0,0.0,0.0,0.0,0.0,-0.0,0.0,4.820285742623465,3.748857171194894,0.0,0.3717319965362549,0.0,0.0,0.0,0.0,0.0,0.0,0.0,0.0,0.0,0.0,1870.0,-3.3945791721343994,0.0,0.970309853553772,0.8673179149627686,0.3750050663948059
23.799619674682617,168.63453674316406,3.0152721405029297,0.0,0.0,0.0,0.0,0.0,-0.0,0.0,4.816071455819266,3.7446428843906947,0.0,0.3732230067253113,0.0,0.0,0.0,0.0,0.0,0.0,0.0,0.0,0.0,0.0,1871.0,-3.01518177986145,0.0,0.9679222106933594,0.775685727596283,0.21878951787948608
23.792869567871094,167.9633026123047,2.6343533992767334,0.0,0.0,0.0,0.0,0.0,-0.0,0.0,4.811999947684152,3.74057137625558,0.0,0.30289798974990845,0.0,0.0,0.0,0.0,0.0,0.0,0.0,0.0,0.0,0.0,1872.0,-2.634274482727051,0.0,0.9066815972328186,0.7399508357048035,0.14683079719543457
23.78611946105957,167.2920684814453,2.3252041339874268,0.0,0.0,0.0,0.0,0.0,-0.0,0.0,4.809071486336844,3.737642914908273,0.0,0.22134600579738617,0.0,0.0,0.0,0.0,0.0,0.0,0.0,0.0,0.0,0.0,1873.0,-2.325134515762329,0.0,0.43779078125953674,0.7459319829940796,0.15698403120040894
23.779369354248047,158.96026611328125,2.099277973175049,0.0,0.0,0.0,0.0,0.0,-0.0,0.0,4.7990000043596535,3.7275714329310827,0.0,0.18902599811553955,0.0,0.0,0.0,0.0,0.0,0.0,0.0,0.0,0.0,0.0,1874.0,-2.099215030670166,0.0,0.5050153136253357,0.7708702087402344,0.11271831393241882
23.772619247436523,158.28903198242188,1.9063371419906616,0.0,0.0,0.0,0.0,0.0,-0.0,0.0,4.787999984196254,3.7165714808872767,0.0,0.17225700616836548,0.0,0.0,0.0,0.0,0.0,0.0,0.0,0.0,0.0,0.0,1875.0,-1.9062800407409668,0.0,0.3146580457687378,0.7362262010574341,0.12383508682250977
23.765869140625,157.6177978515625,1.7305128574371338,0.0,0.0,0.0,0.0,0.0,-0.0,0.0,4.776928574698312,3.7055000032697403,0.0,0.15967600047588348,0.0,0.0,0.0,0.0,0.0,0.0,0.0,0.0,0.0,0.0,1876.0,-1.7304610013961792,0.0,0.17839443683624268,0.7525875568389893,0.12412241101264954
23.759119033813477,156.94656372070312,1.5675312280654907,0.0,0.0,0.0,0.0,0.0,-0.0,0.0,4.757785742623465,3.686357171194894,0.0,0.15532000362873077,0.0,0.0,0.0,0.0,0.0,0.0,0.0,0.0,0.0,0.0,1877.0,-1.5674842596054077,0.0,0.10855355858802795,0.8106618523597717,0.12428593635559082
23.752368927001953,156.27532958984375,1.4089992046356201,0.0,0.0,0.0,0.0,0.0,-0.0,0.0,4.744857120513916,3.6734286172049386,0.0,0.16155500710010529,0.0,0.0,0.0,0.0,0.0,0.0,0.0,0.0,0.0,0.0,1878.0,-1.4089570045471191,0.0,0.08325517177581787,0.8649668097496033,0.12781387567520142
23.74561882019043,155.60409545898438,1.244109869003296,0.0,0.0,0.0,0.0,0.0,-0.0,0.0,4.750285707201276,3.678857203892299,0.09880000352859497,0.0857200026512146,0.0,0.0,0.0,0.0,0.0,0.0,0.0,0.0,0.0,0.0,1879.0,-1.2440725564956665,0.0,0.07481831312179565,0.9097305536270142,0.13457518815994263
23.738868713378906,154.932861328125,1.156605839729309,0.0,0.0,0.0,0.0,0.0,-0.0,0.0,4.85707141331264,3.785642841884068,0.2745420038700104,0.0,0.0,0.9840748787719349,0.0,0.0,0.0,0.0,0.0,0.0,0.0,0.0,1880.0,1.0714579820632935,0.0,0.29035449028015137,0.9007792472839355,0.12916314601898193
23.732118606567383,154.26162719726562,2.1406166553497314,0.0,0.0,0.0,0.0,0.04522525831783152,-0.0,0.0,4.9440000534057615,3.8725714819771904,0.3090609908103943,0.0,0.0,1.9399454593658447,0.5025028302627903,0.0,0.0,0.0,0.0,0.0,0.0,0.0,1881.0,1.9399454593658447,0.0,0.4080532193183899,0.8957862854003906,0.17221719026565552
23.72536849975586,153.59039306640625,4.080439567565918,0.0,0.0,0.0,0.0,0.2798953267517779,-0.0,0.0,5.010571425301688,3.9391428538731166,0.3126719892024994,0.0,0.0,0.8809513449668884,3.1099478278633024,0.0,0.0,0.0,0.0,0.0,0.0,0.0,1882.0,0.8809513449668884,0.0,0.4961360692977905,0.7755498886108398,0.4404202103614807
23.718618392944336,152.91915893554688,4.961242198944092,0.0,0.0,0.0,0.0,0.4688368974695102,-0.0,0.0,5.073785727364676,4.002357155936105,0.31210699677467346,0.0,0.0,0.0,5.209298446774483,0.18524424731731415,0.0,0.0,0.0,0.0,0.0,0.18524424731731415,1883.0,-4.599999904632568,-0.18524424731731415,0.43542808294296265,0.4579448699951172,0.9154292345046997
23.711868286132812,166.4667510986328,4.961093425750732,0.0,0.0,0.0,0.0,0.6038477594652388,-0.0,0.0,5.135285731724331,4.063857160295759,0.30158498883247375,0.0,0.0,0.3097676932811737,6.709419016397038,0.1760062277317047,0.0,0.0,0.0,0.0,0.0,0.1760062277317047,1884.0,0.3097676932811737,-0.1760062277317047,0.5270830988883972,0.20835262537002563,0.9969673156738281
23.70511817932129,179.51284790039062,5.270703315734863,0.0,0.0,0.0,0.0,0.6716128525426239,-0.0,0.0,5.185857173374721,4.11442860194615,0.31174200773239136,0.0,0.0,0.0,7.462364435195923,0.1346433162689209,0.0,0.0,0.0,0.0,0.0,0.1346433162689209,1885.0,-4.599999904632568,-0.1346433162689209,0.4887979328632355,0.12059187889099121,0.9998153448104858
23.698368072509766,179.96853637695312,5.270545482635498,0.0,0.0,0.0,0.0,0.6453868758985867,-0.0,0.0,5.216142872401646,4.1447143009730745,0.32358500361442566,0.0,0.0,0.0,7.17096471786499,0.0,0.0,0.0,0.0,0.0,0.0,0.0,1886.0,-4.599999904632568,-0.00849330984055996,0.2780137062072754,0.09646591544151306,0.9998396039009094
23.691617965698242,179.29730224609375,5.270387649536133,0.0,0.0,0.0,0.0,0.567064265431353,-0.0,0.0,5.238857078552246,4.167428507123675,0.3094879984855652,0.0,0.0,0.0,6.300713559612632,0.01699827052652836,0.0,0.0,0.0,0.0,0.0,0.01699827052652836,1887.0,-4.599999904632568,-0.01699827052652836,0.11416038870811462,0.09762394428253174,0.9999158382415771
23.68486785888672,179.984619140625,5.270229816436768,0.0,0.0,0.0,0.0,0.43977541127009273,-0.0,0.0,5.250857162475586,4.179428591047015,0.3196069896221161,0.0,0.0,0.0,4.886393070220947,0.0,0.0,0.0,0.0,0.0,0.0,0.0,1888.0,-4.599999904632568,0.0,0.047935277223587036,0.14055821299552917,0.9997972846031189
23.678117752075195,179.31338500976562,5.270071983337402,0.0,0.0,0.0,0.0,0.27142087209154514,-0.0,0.0,5.242999976021903,4.171571404593331,0.3094800114631653,0.0,0.0,0.0,3.015787228010595,0.014932767488062382,0.0,0.0,0.0,0.0,0.0,0.014932767488062382,1889.0,-4.599999904632568,-0.014932767488062382,0.019144535064697266,0.34005647897720337,0.9989920854568481
23.671367645263672,179.83680725097656,5.269914150238037,0.0,0.0,0.0,0.0,0.1245962790327288,-0.0,0.0,5.215642874581473,4.144214303152902,0.39779698848724365,0.0,0.0,0.0,1.3844029903411865,0.0,0.0,0.0,0.0,0.0,0.0,0.0,1890.0,-4.599999904632568,0.0,0.08059176802635193,0.6298129558563232,0.9933444261550903
23.66461753845215,170.86155700683594,5.269756317138672,0.0,0.0,0.0,0.0,0.0,-0.0,0.0,5.1510714939662385,4.079642922537667,0.4963169991970062,0.0,0.0,0.11200787572258708,0.0,0.01923922263085842,0.0,0.0,0.0,0.0,0.0,0.01923922263085842,1891.0,0.16668298840522766,-0.01923922263085842,0.6314725875854492,0.8756987452507019,0.9481093883514404
23.657867431640625,171.69558715820312,5.381602764129639,0.0,0.0,0.0,0.0,0.0,-0.0,0.0,5.015571403503418,3.9441428320748466,0.00570000009611249,0.44613200426101685,0.0,0.0,0.0,0.0,0.0,0.0,0.07924914360046387,0.0,0.07924914360046387,0.0,1892.0,-4.599999904632568,0.07924914360046387,0.8257693648338318,0.9421507120132446,0.9049468636512756
23.710739135742188,171.02435302734375,4.845354080200195,0.0,0.0,0.0,0.0,0.0,-0.0,0.0,4.949857112339565,3.8784285409109933,0.0,0.38568899035453796,0.0,0.0,0.0,0.0,0.0,0.0,0.10577697306871414,0.0,0.10577697306871414,0.0,1893.0,-4.599999904632568,0.10577697306871414,0.8686025142669678,0.9565082788467407,0.7810090780258179
23.78252601623535,170.35311889648438,4.343728065490723,0.0,0.0,0.0,0.0,0.0,-0.0,0.0,4.92999997820173,3.8585714067731587,0.0,0.3717319965362549,0.0,0.0,0.0,0.0,0.0,0.0,0.0,0.0,0.0,0.0,1894.0,-4.343597888946533,0.0,0.8922207355499268,0.9406343698501587,0.5397116541862488
23.775775909423828,169.681884765625,3.9642908573150635,0.0,0.0,0.0,0.0,0.0,-0.0,0.0,4.919857106889997,3.8484285354614256,0.0,0.3732230067253113,0.0,0.0,0.0,0.0,0.0,0.0,0.0,0.0,0.0,0.0,1895.0,-3.964171886444092,0.0,0.8894263505935669,0.8982471227645874,0.3407069742679596
23.769025802612305,169.01065063476562,3.583343744277954,0.0,0.0,0.0,0.0,0.0,-0.0,0.0,4.912214224679129,3.840785653250558,0.0,0.30289798974990845,0.0,0.0,0.0,0.0,0.0,0.0,0.0,0.0,0.0,0.0,1896.0,-3.5832362174987793,0.0,0.7017680406570435,0.8903681635856628,0.24089336395263672
23.76227569580078,168.33941650390625,3.2741661071777344,0.0,0.0,0.0,0.0,0.0,-0.0,0.0,4.9010714939662385,3.8296429225376674,0.0,0.22134600579738617,0.0,0.0,0.0,0.0,0.0,0.0,0.0,0.0,0.0,0.0,1897.0,-3.2740678787231445,0.0,0.10907867550849915,0.9056987762451172,0.2632496953010559
23.755525588989258,157.66531372070312,3.0482113361358643,0.0,0.0,0.0,0.0,0.0,-0.0,0.0,4.886785725184849,3.8153571537562776,0.0,0.18902599811553955,0.0,0.0,0.0,0.0,0.0,0.0,0.0,0.0,0.0,0.0,1898.0,-3.0481200218200684,0.0,0.1667853593826294,0.9065364599227905,0.18032169342041016
23.748775482177734,156.99407958984375,2.8552420139312744,0.0,0.0,0.0,0.0,0.0,-0.0,0.0,4.8749999455043245,3.8035713740757533,0.0,0.17225700616836548,0.0,0.0,0.0,0.0,0.0,0.0,0.0,0.0,0.0,0.0,1899.0,-2.855156421661377,0.0,0.07396650314331055,0.8996838331222534,0.17852580547332764
23.74202537536621,156.32284545898438,2.679389238357544,0.0,0.0,0.0,0.0,0.0,-0.0,0.0,4.853357124328613,3.781928552900042,0.0,0.15967600047588348,0.0,0.0,0.0,0.0,0.0,0.0,0.0,0.0,0.0,0.0,1900.0,-2.6793088912963867,0.0,0.034406453371047974,0.9084011912345886,0.1735461950302124
23.735275268554688,155.651611328125,2.5163791179656982,0.0,0.0,0.0,0.0,0.0,-0.0,0.0,4.817857142857143,3.7464285714285714,0.0,0.15532000362873077,0.0,0.0,0.0,0.0,0.0,0.0,0.0,0.0,0.0,0.0,1901.0,-2.516303777694702,0.0,0.02583247423171997,0.9216005802154541,0.158802330493927
23.728525161743164,154.98037719726562,2.357818603515625,0.0,0.0,0.0,0.0,0.0,-0.0,0.0,4.790642888205392,3.7192142486572264,0.0,0.16155500710010529,0.0,0.0,0.0,0.0,0.0,0.0,0.0,0.0,0.0,0.0,1902.0,-2.357748031616211,0.0,0.0279558002948761,0.9364678859710693,0.15498429536819458
23.72177505493164,154.30914306640625,2.1929008960723877,0.0,0.0,0.0,0.0,0.0,-0.0,0.0,4.784714303697858,3.713285664149693,0.0921500027179718,0.09237000346183777,0.0,0.0,0.0,0.0,0.0,0.0,0.019674116745591164,0.0,0.019674116745591164,0.0,1903.0,-2.1928350925445557,0.019674116745591164,0.0450650155544281,0.9458320140838623,0.15452980995178223
23.729145050048828,153.63790893554688,2.078507900238037,0.0,0.0,0.0,0.0,0.027890079332042954,-0.0,0.0,4.863499995640346,3.7920714242117746,0.2745420038700104,0.0,0.0,0.5398020148277283,0.30988974572820804,0.0,0.0,0.0,0.0,0.0,0.0,0.0,1904.0,0.5398020148277283,0.0,0.2618280053138733,0.9229376316070557,0.13742971420288086
23.722394943237305,152.9666748046875,2.6182312965393066,0.0,0.0,0.0,0.0,0.10826621556468545,-0.0,0.0,4.941142845153808,3.8697142737252372,0.3090609908103943,0.0,0.0,0.6697625517845154,1.2029578551162246,0.0,0.0,0.0,0.0,0.0,0.0,0.0,1905.0,0.6697625517845154,0.0,0.32879638671875,0.9175557494163513,0.1668272614479065
23.71564483642578,152.29544067382812,3.2878952026367188,0.0,0.0,0.0,0.0,0.2068135449738131,-0.0,0.0,5.043428639003208,3.972000067574637,0.3126719892024994,0.0,0.0,0.0,2.2979280948638916,0.0,0.0,0.0,0.0,0.0,0.0,0.0,1906.0,-3.28779673576355,0.0,0.19923007488250732,0.8973227143287659,0.28337278962135315
23.708894729614258,151.62420654296875,3.28779673576355,0.0,0.0,0.0,0.0,0.257394882630894,-0.0,0.0,5.177499989100864,4.106071417672293,0.31210699677467346,0.0,0.0,0.0,2.85994291305542,0.0,0.0,0.0,0.0,0.0,0.0,0.0,1907.0,-3.287698268890381,0.0,0.07264834642410278,0.7872322797775269,0.6259982585906982
23.702144622802734,150.95297241210938,3.287698268890381,0.0,0.0,0.0,0.0,0.23297708246923038,-0.0,0.0,5.252642849513462,4.181214278084891,0.30158498883247375,0.0,0.0,0.0,2.588634043931961,0.1459810435771942,0.0,0.0,0.0,0.0,0.0,0.1459810435771942,1908.0,-3.287599802017212,-0.1459810435771942,0.017960458993911743,0.6736576557159424,0.8874343037605286
23.69539451599121,161.98756408691406,3.287599802017212,0.0,0.0,0.0,0.0,0.19302724703369423,-0.0,0.0,5.280071476527622,4.208642905099051,0.6967030167579651,0.0,0.0,0.0,2.144747018814087,0.0,0.0,0.0,0.0,0.0,0.0,0.0,1909.0,-3.287501335144043,0.0,0.15089517831802368,0.5867428183555603,0.8817011117935181
23.688644409179688,150.58303833007812,3.287501335144043,0.0,0.0,0.0,0.0,0.1184166164927967,-0.0,0.0,5.284714235578265,4.2132856641496925,0.4058449864387512,0.0,0.0,0.0,1.3157400786876678,0.41971495747566223,0.0,0.0,0.0,0.0,0.0,0.41971495747566223,1910.0,-3.287402868270874,-0.41971495747566223,0.007377177476882935,0.5142863988876343,0.9798986911773682
23.681894302368164,176.7818603515625,3.287402868270874,0.0,0.0,0.0,0.0,0.1154440876201058,-0.0,0.0,5.277785655430385,4.206357084001814,0.3094879984855652,0.0,0.0,0.0,1.2827119827270508,0.0,0.0,0.0,0.0,0.0,0.0,0.0,1911.0,-3.287304401397705,0.0,0.004344075918197632,0.6569561958312988,0.9786211848258972
23.67514419555664,176.11062622070312,3.287304401397705,0.0,0.0,0.0,0.0,0.0846371081679744,-0.0,0.0,5.267857088361468,4.196428516932896,0.3196069896221161,0.0,0.0,0.0,0.940412238240242,0.01583079993724823,0.0,0.0,0.0,0.0,0.0,0.01583079993724823,1912.0,-3.287205934524536,-0.01583079993724823,0.008795857429504395,0.6623861789703369,0.97947096824646
23.668394088745117,176.71343994140625,3.287205934524536,0.0,0.0,0.0,0.0,0.0,-0.0,0.0,5.252357155936105,4.180928584507534,0.882532000541687,0.0,0.0,0.003741674496041014,0.0,0.0,0.0,0.0,0.0,0.0,0.0,0.0,1913.0,0.05046802759170532,0.0,0.9074687361717224,0.7575163841247559,0.8711711764335632
23.661643981933594,157.62229919433594,3.290848970413208,0.0,0.0,0.0,0.0,0.0,-0.0,0.0,5.223571450369699,4.152142878941127,0.37903499603271484,0.0,0.0,0.0,0.0,0.07886499166488647,0.0,0.0,0.06420721113681793,0.0,0.0,0.1430722028017044,1914.0,-3.29075026512146,-0.1430722028017044,0.168297678232193,0.8005446195602417,0.9271612167358398
23.65489387512207,168.3438720703125,3.2252347469329834,0.0,0.0,0.0,0.0,0.0,-0.0,0.0,5.177857208251953,4.106428636823382,0.1292000114917755,0.3671169877052307,0.0,0.0,0.0,0.0,0.0,0.0,0.0,0.0,0.0,0.0,1915.0,-3.225137948989868,0.0,0.867135763168335,0.8599101305007935,0.8130457401275635
23.648143768310547,167.67263793945312,2.8505401611328125,0.0,0.0,0.0,0.0,0.0,-0.0,0.0,5.13335712977818,4.061928558349609,0.0,0.45183199644088745,0.0,0.0,0.0,0.0,0.0,0.0,0.0,0.0,0.0,0.0,1916.0,-2.850454807281494,0.0,0.9488979578018188,0.8622918725013733,0.6116151809692383
23.641393661499023,167.00140380859375,2.3894155025482178,0.0,0.0,0.0,0.0,0.0,-0.0,0.0,5.11485721043178,4.043428639003208,0.0,0.38568899035453796,0.0,0.0,0.0,0.0,0.0,0.0,0.0,0.0,0.0,0.0,1917.0,-2.3893439769744873,0.0,0.8960161805152893,0.783235490322113,0.378609299659729
23.6346435546875,157.6439208984375,1.995795488357544,0.0,0.0,0.0,0.0,0.0,-0.0,0.0,5.098357146126883,4.026928574698312,0.0,0.3717319965362549,0.0,0.0,0.0,0.0,0.0,0.0,0.0,0.0,0.0,0.0,1918.0,-1.9957356452941895,0.0,0.94557785987854,0.7008581161499023,0.12833046913146973
23.627893447875977,156.97268676757812,1.6164286136627197,0.0,0.0,0.0,0.0,0.0,-0.0,0.0,5.068071447099958,3.9966428756713865,0.0,0.3732230067253113,0.0,0.0,0.0,0.0,0.0,0.0,0.0,0.0,0.0,0.0,1919.0,-1.6163800954818726,0.0,0.9462137222290039,0.4966278076171875,0.06403329968452454
23.621143341064453,156.30145263671875,1.2355517148971558,0.0,0.0,0.0,0.0,0.0,-0.0,0.0,5.028714261736188,3.957285690307617,0.0,0.30289798974990845,0.0,0.0,0.0,0.0,0.0,0.0,0.0,0.0,0.0,0.0,1920.0,-1.2355146408081055,0.0,0.8782491087913513,0.3968583643436432,0.043225646018981934
23.61439323425293,155.63021850585938,0.9264443516731262,0.0,0.0,0.0,0.0,0.0,-0.0,0.0,4.991714286804199,3.920285715375628,0.0,0.22134600579738617,0.0,0.0,0.0,0.0,0.0,0.0,0.0,0.0,0.0,0.0,1921.0,-0.9264165759086609,0.0,0.7037914395332336,0.3556135296821594,0.04151752591133118
23.607643127441406,154.958984375,0.7005600929260254,0.0,0.0,0.0,0.0,0.0,-0.0,0.0,4.963642883300781,3.89221431187221,0.0,0.18902599811553955,0.0,0.0,0.0,0.0,0.0,0.0,0.0,0.0,0.0,0.0,1922.0,-0.7005391120910645,0.0,0.6677693128585815,0.32503509521484375,0.03759479522705078
23.600893020629883,154.28775024414062,0.5076612234115601,0.0,0.0,0.0,0.0,0.0,-0.0,0.0,4.9431428364345,3.871714265005929,0.0,0.17225700616836548,0.0,0.0,0.0,0.0,0.0,0.0,0.0,0.0,0.0,0.0,1923.0,-0.5076460242271423,0.0,0.5563374757766724,0.2819691300392151,0.04669615626335144
23.59414291381836,153.61651611328125,0.33187881112098694,0.0,0.0,0.0,0.0,0.0,-0.0,0.0,4.930857195172991,3.8594286237444195,0.0,0.15967600047588348,0.0,0.0,0.0,0.0,0.0,0.0,0.0,0.0,0.0,0.0,1924.0,-0.33186885714530945,0.0,0.37998852133750916,0.27996569871902466,0.05887883901596069
23.587392807006836,152.94528198242188,0.16893905401229858,0.0,0.0,0.0,0.0,0.0,-0.0,0.0,4.924500002179827,3.8530714307512555,0.0,0.15532000362873077,0.0,0.0,0.0,0.0,0.0,0.0,0.0,0.0,0.0,0.0,1925.0,-0.16893398761749268,0.0,0.24419084191322327,0.36535269021987915,0.07148119807243347
23.580642700195312,152.2740478515625,0.010448943823575974,0.0,0.0,0.0,0.0,-0.04539460693731914,-0.0,0.0,4.912857137407575,3.8414285659790037,0.0,0.010239656655106621,0.15131535044499866,0.0,0.0,0.0,0.0,0.0,0.0,0.0,0.0,0.0,1926.0,-0.010448630899190903,0.0,0.16009467840194702,0.5300705432891846,0.08265125751495361
23.57389259338379,151.60281372070312,3.1477759421250084e-7,0.0,0.0,0.0,0.0,-0.05393100446188459,-0.0,0.0,4.911142839704241,3.8397142682756695,0.004749999847263098,0.0,0.17977000772953033,0.0,0.0,0.0,0.0,0.0,0.0,0.0,0.0,0.0,1927.0,0.0,0.0,0.08022597432136536,0.727588415145874,0.09851944446563721
23.567142486572266,150.93157958984375,3.1476815820496995e-7,0.0,0.0,0.0,0.0,-0.028497604668045184,-0.0,0.0,4.925214304242815,3.8537857328142437,0.17954999208450317,0.0,0.0949920117855072,0.0,0.0,0.0,0.0,0.0,0.0,0.0,0.0,0.0,1928.0,0.0,0.0,0.011754453182220459,0.8587949872016907,0.3817683160305023
23.560392379760742,111.49124908447266,3.1475872219743906e-7,0.0,0.0,0.0,0.0,0.0,-0.0,0.0,4.953071403503418,3.8816428320748466,0.3090609908103943,0.0,0.0,0.20079122338083266,0.0,0.0,0.0,0.0,0.0,0.0,0.0,0.0,1929.0,0.23193901777267456,0.0,0.042113304138183594,0.818641185760498,0.17455267906188965
23.55364227294922,110.82002258300781,0.20078551769256592,0.0,0.0,0.0,0.0,0.0973022360872878,-0.0,0.0,5.011500031607492,3.9400714601789204,0.3126719892024994,0.0,0.0,0.2325952798128128,1.081135870604459,0.0,0.0,0.0,0.0,0.0,0.0,0.0,1930.0,0.2325952798128128,0.0,0.04333508014678955,0.7919480800628662,0.3013402819633484
23.546892166137695,110.14879608154297,0.4333678185939789,0.0,0.0,0.0,0.0,0.14534189068014478,-0.0,0.0,5.0870713642665315,4.01564279283796,0.31210699677467346,0.0,0.0,0.0,1.6149097681045532,0.5705331563949585,0.0,0.0,0.0,0.0,0.0,0.5705331563949585,1931.0,-0.43335482478141785,-0.5705331563949585,0.02530723810195923,0.6384615898132324,0.7786985635757446
23.540142059326172,144.58985900878906,0.43335482478141785,0.0,0.0,0.0,0.0,0.24494932452434778,-0.0,0.0,5.15764285496303,4.086214283534458,0.3287909924983978,0.0,0.0,0.0,2.721658945083618,0.0,0.0,0.0,0.0,0.0,0.0,0.0,1932.0,-0.4333418309688568,0.0,0.026743948459625244,0.6792733669281006,0.7423704862594604
23.53339195251465,143.9186248779297,0.4333418309688568,0.0,0.0,0.0,0.0,0.2467458789941362,-0.0,0.0,5.227928515842983,4.156499944414412,0.31174200773239136,0.0,0.0,0.0,2.741620659828186,0.3647373914718628,0.0,0.0,0.0,0.0,0.0,0.3647373914718628,1933.0,-0.4333288371562958,-0.3647373914718628,0.012100636959075928,0.43806949257850647,0.9520233869552612
23.526641845703125,172.3218231201172,0.4333288371562958,0.0,0.0,0.0,0.0,0.34122115358480876,-0.0,0.0,5.305642890930176,4.234214319501604,0.32358500361442566,0.0,0.0,0.0,3.791345849633217,0.0783688873052597,0.0,0.0,0.0,0.0,0.0,0.0783688873052597,1934.0,-0.43331584334373474,-0.0783688873052597,0.018193691968917847,0.26472795009613037,0.9876022338867188
23.5198917388916,178.01443481445312,0.43331584334373474,0.0,0.0,0.0,0.0,0.29961341243890083,-0.0,0.0,5.361714308602469,4.290285737173898,0.3094879984855652,0.0,0.0,0.0,3.3290376514196396,0.15862418711185455,0.0,0.0,0.0,0.0,0.0,0.15862418711185455,1935.0,-0.4333028495311737,-0.15862418711185455,0.014981716871261597,0.21953439712524414,0.9963830709457397
23.526641845703125,179.41937255859375,0.4333028495311737,0.0,0.0,0.0,0.0,0.24611786652547932,-0.0,0.0,5.395142909458706,4.323714338030134,0.3196069896221161,0.0,0.0,0.0,2.734642744064331,0.0,0.0,0.0,0.0,0.0,0.0,0.0,1936.0,-0.43328985571861267,0.0,0.02345752716064453,0.34426403045654297,0.9838604927062988
23.53339195251465,178.74813842773438,0.43328985571861267,0.0,0.0,0.0,0.0,0.16009903200783943,-0.0,0.0,5.392500005449567,4.321071434020996,0.3094800114631653,0.0,0.0,0.16546522080898285,1.7788779920479143,0.0,0.0,0.0,0.0,0.0,0.0,0.0,1937.0,0.16546522080898285,0.0,0.05987250804901123,0.4871247410774231,0.9544204473495483
23.540142059326172,178.076904296875,0.5987371206283569,0.0,0.0,0.0,0.0,0.0,-0.0,0.0,5.344571467808315,4.273142896379744,0.37903499603271484,0.0,0.0,0.8630516625531186,0.0,0.0,0.0,0.0,0.0,0.0,0.0,0.0,1938.0,0.9469649791717529,0.0,0.38915035128593445,0.6493907570838928,0.8617138862609863
23.546892166137695,167.89462280273438,1.4617449045181274,0.0,0.0,0.0,0.0,0.0,-0.0,0.0,5.2662143162318635,4.194785744803292,0.37049996852874756,0.12581703066825867,0.0,0.0,0.0,0.0,0.0,0.0,0.0,0.0,0.0,0.0,1939.0,-1.4617010354995728,0.0,0.9368476867675781,0.7738581895828247,0.6027652621269226
23.540142059326172,167.223388671875,1.3333202600479126,0.0,0.0,0.0,0.0,0.0,-0.0,0.0,5.177499989100864,4.106071417672293,0.0,0.45183199644088745,0.0,0.0,0.0,0.0,0.0,0.0,0.0,0.0,0.0,0.0,1940.0,-1.333280324935913,0.0,0.972640872001648,0.6878308653831482,0.32275819778442383
23.53339195251465,166.55215454101562,0.8722410798072815,0.0,0.0,0.0,0.0,0.0,-0.0,0.0,5.135428510393415,4.063999938964844,0.0,0.38568899035453796,0.0,0.0,0.0,0.0,0.0,0.0,0.0,0.0,0.0,0.0,1941.0,-0.8722149133682251,0.0,0.9715017676353455,0.5124848484992981,0.14968907833099365
23.526641845703125,165.88092041015625,0.4786665439605713,0.0,0.0,0.0,0.0,0.0,-0.0,0.0,5.107785715375628,4.036357143947056,0.0,0.3717319965362549,0.0,0.0,0.0,0.0,0.0,0.0,0.0,0.0,0.0,0.0,1942.0,-0.4786521792411804,0.0,0.9711693525314331,0.25805673003196716,0.06382817029953003
23.5198917388916,165.20968627929688,0.09934520721435547,0.0,0.0,0.0,0.0,-0.08450749215790468,-0.0,0.0,5.091571480887277,4.020142909458706,0.0,0.09735537703570785,0.28169162933292924,0.0,0.0,0.0,0.0,0.0,0.0,0.0,0.0,0.0,1943.0,-0.0993422269821167,0.0,0.9693741798400879,0.11130368709564209,0.030814826488494873
23.513141632080078,164.5384521484375,2.9875932341383304e-6,0.0,0.0,0.0,0.0,-0.09086940053579795,-0.0,0.0,5.074642808096749,4.003214236668178,0.0,0.0,0.30289798974990845,0.0,0.0,0.0,0.0,0.0,0.0,0.0,0.0,0.0,1944.0,0.0,0.0,0.9474358558654785,0.08373862504959106,0.02283373475074768
23.506391525268555,163.86721801757812,2.987503648910206e-6,0.0,0.0,0.0,0.0,-0.06640380437786586,-0.0,0.0,5.052999986921038,3.9815714154924664,0.0,0.0,0.22134600579738617,0.0,0.0,0.0,0.0,0.0,0.0,0.0,0.0,0.0,1945.0,0.0,0.0,0.8953006267547607,0.07778829336166382,0.02365708351135254
23.49964141845703,163.19598388671875,2.987414063682081e-6,0.0,0.0,0.0,0.0,-0.05670780168802736,-0.0,0.0,5.0295714787074495,3.9581429072788783,0.0,0.0,0.18902599811553955,0.0,0.0,0.0,0.0,0.0,0.0,0.0,0.0,0.0,1946.0,0.0,0.0,0.8594990968704224,0.09083312749862671,0.024380087852478027
23.492891311645508,162.52474975585938,2.9873244784539565e-6,0.0,0.0,0.0,0.0,-0.051677103903973176,-0.0,0.0,5.010571425301688,3.9391428538731166,0.0,0.0,0.17225700616836548,0.0,0.0,0.0,0.0,0.0,0.0,0.0,0.0,0.0,1947.0,0.0,0.0,0.7827531099319458,0.09132656455039978,0.0332186222076416
23.486141204833984,161.853515625,2.987234893225832e-6,0.0,0.0,0.0,0.0,-0.0479028020462513,-0.0,0.0,4.995928573608398,3.924500002179827,0.0,0.0,0.15967600047588348,0.0,0.0,0.0,0.0,0.0,0.0,0.0,0.0,0.0,1948.0,0.0,0.0,0.5987997651100159,0.11589068174362183,0.04893779754638672
23.47939109802246,161.18228149414062,2.9871453079977073e-6,0.0,0.0,0.0,0.0,-0.04659600294017796,-0.0,0.0,4.9867856979370115,3.9153571265084404,0.0,0.0,0.15532000362873077,0.0,0.0,0.0,0.0,0.0,0.0,0.0,0.0,0.0,1949.0,0.0,0.0,0.3937397301197052,0.19875186681747437,0.05904054641723633
23.472640991210938,160.51104736328125,2.9870557227695826e-6,0.0,0.0,0.0,0.0,-0.04846650405591735,-0.0,0.0,4.981857109069824,3.910428537641253,0.0,0.0,0.16155500710010529,0.0,0.0,0.0,0.0,0.0,0.0,0.0,0.0,0.0,1950.0,0.0,0.0,0.23155087232589722,0.40595531463623047,0.07130980491638184
23.465890884399414,159.83981323242188,2.986966137541458e-6,0.0,0.0,0.0,0.0,-0.039966002204656625,-0.0,0.0,4.991785676138742,3.9203571047101704,0.05130000039935112,0.0,0.13322000205516815,0.0,0.0,0.0,0.0,0.0,0.0,0.0,0.0,0.0,1951.0,0.0,0.0,0.06659549474716187,0.7355749011039734,0.10682415962219238
23.45914077758789,151.6466522216797,2.9868765523133334e-6,0.0,0.0,0.0,0.0,0.0,-0.0,0.0,5.059642873491559,3.988214302062988,0.2745420038700104,0.0,0.0,0.6172608686420062,0.0,0.0,0.0,0.0,0.0,0.0,0.0,0.0,1952.0,0.6774580478668213,0.0,0.15120762586593628,0.8541076183319092,0.11756527423858643
23.452390670776367,150.9754180908203,0.6172453761100769,0.0,0.0,0.0,0.0,0.09670582379683214,-0.0,0.0,5.102142824445452,4.03071425301688,0.3090609908103943,0.0,0.0,0.8319511413574219,1.0745090679038247,0.0,0.0,0.0,0.0,0.0,0.0,0.0,1953.0,0.8319511413574219,0.0,0.14491665363311768,0.8431774377822876,0.24270737171173096
23.445640563964844,142.7209014892578,1.4491530656814575,0.0,0.0,0.0,0.0,0.27991512340867003,-0.0,0.0,5.159142848423549,4.087714276994978,0.3126719892024994,0.0,0.0,0.4422350823879242,3.1101677907001783,0.0,0.0,0.0,0.0,0.0,0.0,0.0,1954.0,0.4422350823879242,0.0,0.1891358196735382,0.6969451904296875,0.49339672923088074
23.43889045715332,142.04966735839844,1.891331434249878,0.0,0.0,0.0,0.0,0.4539110750087935,-0.0,0.0,5.234142793927874,4.162714222499302,0.31210699677467346,0.0,0.0,0.0,5.043455988168716,0.43848666548728943,0.0,0.0,0.0,0.0,0.0,0.43848666548728943,1955.0,-1.8912746906280518,-0.43848666548728943,0.17901727557182312,0.38920336961746216,0.9774115681648254
23.432140350341797,176.38392639160156,1.8912746906280518,0.0,0.0,0.0,0.0,0.578577902692465,-0.0,0.0,5.3041428974696565,4.232714326041085,0.30158498883247375,0.0,0.0,0.09575697034597397,6.428642852346969,0.03961065411567688,0.0,0.0,0.0,0.0,0.0,0.03961065411567688,1956.0,0.09575697034597397,-0.03961065411567688,0.1987001597881317,0.18653666973114014,0.9933125376701355
23.425390243530273,178.92808532714844,1.9869720935821533,0.0,0.0,0.0,0.0,0.6367800641232749,-0.0,0.0,5.3615000043596535,4.290071432931082,0.31174200773239136,0.0,0.0,0.0,7.07533348351717,0.020074479281902313,0.0,0.0,0.0,0.0,0.0,0.020074479281902313,1957.0,-1.986912488937378,-0.020074479281902313,0.15517830848693848,0.10266125202178955,0.9994400143623352
23.432140350341797,179.90847778320312,1.986912488937378,0.0,0.0,0.0,0.0,0.6402220312434032,-0.0,0.0,5.41000006539481,4.3385714939662385,0.32358500361442566,0.0,0.0,0.0,7.11357755959034,0.11913709342479706,0.0,0.0,0.0,0.0,0.0,0.11913709342479706,1958.0,-1.9868528842926025,-0.11913709342479706,0.14438050985336304,0.06911876797676086,0.9999707937240601
23.43889045715332,179.993408203125,1.9868528842926025,0.0,0.0,0.0,0.0,0.5194088052836273,-0.0,0.0,5.44542852129255,4.373999949863979,0.3094879984855652,0.0,0.0,0.18988581001758575,5.771208488941407,0.6396423578262329,0.0,0.0,0.0,0.0,0.0,0.6396423578262329,1959.0,0.18988581001758575,-0.6396423578262329,0.21767085790634155,0.0632559061050415,0.9999996423721313
23.445640563964844,179.99803161621094,2.176673412322998,0.0,0.0,0.0,0.0,0.49423893564851334,-0.0,0.0,5.4651428767613,4.393714305332729,0.3196069896221161,0.0,0.0,0.0,5.491543292999268,0.0,0.0,0.0,0.0,0.0,0.0,0.0,1960.0,-2.176608085632324,0.0,0.05172073841094971,0.07407444715499878,0.9999649524688721
23.452390670776367,165.30279541015625,2.176608085632324,0.0,0.0,0.0,0.0,0.0,-0.0,0.0,5.453857094900949,4.382428523472377,1.1603120565414429,0.0,0.0,2.615175735588963,0.0,0.3207412362098694,0.0,0.0,0.0,0.0,0.0,0.3207412362098694,1961.0,3.2076878547668457,-0.3207412362098694,0.9853273630142212,0.4076380431652069,0.9329454302787781
23.45914077758789,169.26934814453125,4.791640281677246,0.0,0.0,0.0,0.0,0.15036561089679415,-0.0,0.0,5.41000006539481,4.3385714939662385,0.4519079923629761,0.0,0.0,0.0,1.6707288771867752,0.12601320445537567,0.0,0.0,0.0,0.0,0.0,0.12601320445537567,1962.0,-4.599999904632568,-0.12601320445537567,0.08000856637954712,0.5180230140686035,0.9942811131477356
23.465890884399414,179.0830535888672,4.791496753692627,0.0,0.0,0.0,0.0,0.012274473390934678,-0.0,0.0,5.329428618294852,4.258000046866281,0.4963169991970062,0.0,0.0,0.0,0.1363830268383026,0.0,0.0,0.0,0.0,0.0,0.0,0.0,1963.0,-4.599999904632568,0.0,0.4061204195022583,0.8393312692642212,0.9567059278488159
23.45914077758789,170.56857299804688,4.791353225708008,0.0,0.0,0.0,0.0,0.0,-0.0,0.0,5.2151428767613,4.143714305332729,0.0,0.45183199644088745,0.0,0.0,0.0,0.0,0.0,0.0,0.22153915464878082,0.0,0.22153915464878082,0.0,1964.0,-4.599999904632568,0.22153915464878082,0.7411773204803467,0.9251418113708496,0.8737272024154663
23.625694274902344,169.8973388671875,4.104116916656494,0.0,0.0,0.0,0.0,0.0,-0.0,0.0,5.135357121058872,4.063928549630301,0.0,0.926796019077301,0.0,0.0,0.0,0.0,0.0,0.0,0.0,0.0,0.0,0.0,1965.0,-4.103993892669678,0.0,0.9775586724281311,0.559762716293335,0.42419806122779846
23.61894416809082,140.06968688964844,3.1583120822906494,0.0,0.0,0.0,0.0,0.0,-0.0,0.0,5.0773571014404295,4.005928530011858,0.0,0.3717319965362549,0.0,0.0,0.0,0.0,0.0,0.0,0.0,0.0,0.0,0.0,1966.0,-3.158217430114746,0.0,0.7342110276222229,0.9051076173782349,0.19359970092773438
23.612194061279297,139.39845275878906,2.7789103984832764,0.0,0.0,0.0,0.0,0.0,-0.0,0.0,5.05271429334368,3.9812857219151088,0.0,0.3732230067253113,0.0,0.0,0.0,0.0,0.0,0.0,0.0,0.0,0.0,0.0,1967.0,-2.77882719039917,0.0,0.4032452404499054,0.8438159227371216,0.10996070504188538
23.605443954467773,128.7232666015625,2.397998809814453,0.0,0.0,0.0,0.0,0.0,-0.0,0.0,5.039857128688267,3.9684285572596956,0.0,0.30289798974990845,0.0,0.0,0.0,0.0,0.0,0.0,0.0,0.0,0.0,0.0,1968.0,-2.3979268074035645,0.0,0.2568166255950928,0.8698844313621521,0.053914278745651245
23.59869384765625,128.05203247070312,2.0888566970825195,0.0,0.0,0.0,0.0,0.0,-0.0,0.0,5.027714266095843,3.956285694667271,0.0,0.22134600579738617,0.0,0.0,0.0,0.0,0.0,0.0,0.0,0.0,0.0,0.0,1969.0,-2.088793992996216,0.0,0.05874475836753845,0.883240818977356,0.057304561138153076
23.591943740844727,127.38080596923828,1.862937569618225,0.0,0.0,0.0,0.0,0.0,-0.0,0.0,5.019357081821987,3.947928510393415,0.0,0.18902599811553955,0.0,0.0,0.0,0.0,0.0,0.0,0.0,0.0,0.0,0.0,1970.0,-1.8628816604614258,0.0,0.04485037922859192,0.8761141300201416,0.051982611417770386
23.585193634033203,126.70957946777344,1.670003890991211,0.0,0.0,0.0,0.0,0.0,-0.0,0.0,5.01335710797991,3.9419285365513392,0.0,0.17225700616836548,0.0,0.0,0.0,0.0,0.0,0.0,0.0,0.0,0.0,0.0,1971.0,-1.6699538230895996,0.0,0.017166942358016968,0.871266782283783,0.08304733037948608
23.57844352722168,126.0383529663086,1.4941866397857666,0.0,0.0,0.0,0.0,0.0,-0.0,0.0,5.0098571232386995,3.9384285518101283,0.0,0.15967600047588348,0.0,0.0,0.0,0.0,0.0,0.0,0.0,0.0,0.0,0.0,1972.0,-1.4941418170928955,0.0,0.007038712501525879,0.8775764107704163,0.12191015481948853
23.571693420410156,125.36712646484375,1.331212043762207,0.0,0.0,0.0,0.0,0.0,-0.0,0.0,5.009571429661342,3.9381428582327707,0.0,0.15532000362873077,0.0,0.0,0.0,0.0,0.0,0.0,0.0,0.0,0.0,0.0,1973.0,-1.3311721086502075,0.0,0.004310727119445801,0.8848966360092163,0.1450817584991455
23.564943313598633,124.6958999633789,1.17268705368042,0.0,0.0,0.0,0.0,0.0,-0.0,0.0,5.018571390424456,3.9471428189958844,0.0,0.16155500710010529,0.0,0.0,0.0,0.0,0.0,0.0,0.0,0.0,0.0,0.0,1974.0,-1.1726518869400024,0.0,0.004204273223876953,0.902212381362915,0.1530783772468567
23.55819320678711,124.02467346191406,1.0078047513961792,0.0,0.0,0.0,0.0,0.0,-0.0,0.0,5.03307146344866,3.9616428920200892,0.04844999685883522,0.13607001304626465,0.0,0.0,0.0,0.0,0.0,0.0,0.04030672088265419,0.0,0.04030672088265419,0.0,1975.0,-1.0077745914459229,0.04030672088265419,0.0032584071159362793,0.9163776636123657,0.21239787340164185
23.581872940063477,115.83145141601562,0.8278036713600159,0.0,0.0,0.0,0.0,0.0609622169305653,-0.0,0.0,5.0820713860648015,4.01064281463623,0.2745420038700104,0.0,0.0,0.0,0.6773579120635986,0.0,0.0,0.0,0.0,0.0,0.0,0.0,1976.0,-0.8277788758277893,0.0,0.06120684742927551,0.8395102024078369,0.16293856501579285
23.575122833251953,115.16022491455078,0.8277788758277893,0.0,0.0,0.0,0.0,0.08487780291857702,-0.0,0.0,5.168642807006836,4.097214235578265,0.3090609908103943,0.0,0.0,0.0,0.9430866241455078,1.228302240371704,0.0,0.0,0.0,0.0,0.0,1.228302240371704,1977.0,-0.8277540802955627,-1.228302240371704,0.029633671045303345,0.4701114296913147,0.9417496919631958
23.56837272644043,170.67800903320312,0.8277540802955627,0.0,0.0,0.0,0.0,0.22370006944711154,-0.0,0.0,5.314714241027832,4.243285669599261,0.35325199365615845,0.0,0.0,1.1821658611297607,2.485556129655871,0.0,0.0,0.0,0.0,0.0,0.0,0.0,1978.0,1.1821658611297607,0.0,0.2009889781475067,0.7577697038650513,0.4229874908924103
23.561622619628906,170.00677490234375,2.009859800338745,0.0,0.0,0.0,0.0,0.4484273599328465,-0.0,0.0,5.418857111249651,4.347428539821079,0.34792399406433105,0.0,0.0,0.0,4.982525825500488,0.0,0.0,0.0,0.0,0.0,0.0,0.0,1979.0,-2.0097994804382324,0.0,0.12214046716690063,0.4665250778198242,0.8993116021156311
23.56837272644043,169.33554077148438,2.0097994804382324,0.0,0.0,0.0,0.0,0.5185209261692282,-0.0,0.0,5.49478566305978,4.423357091631208,0.30158498883247375,0.0,0.0,0.0,5.761343166232109,0.12632162868976593,0.0,0.0,0.0,0.0,0.0,0.12632162868976593,1980.0,-2.0097391605377197,-0.12632162868976593,0.053087323904037476,0.2280244529247284,0.9961389899253845
23.575122833251953,179.38031005859375,2.0097391605377197,0.0,0.0,0.0,0.0,0.562522627480261,-0.0,0.0,5.563285773141043,4.491857201712472,0.31174200773239136,0.0,0.0,0.0,6.250250919722021,0.013907329179346561,0.0,0.0,0.0,0.0,0.0,0.013907329179346561,1981.0,-2.009678840637207,-0.013907329179346561,0.0357225239276886,0.12469840049743652,0.9994315505027771
23.581872940063477,179.90711975097656,2.009678840637207,0.0,0.0,0.0,0.0,0.5243652387948996,-0.0,0.0,5.617214284624372,4.545785713195801,0.32358500361442566,0.0,0.0,0.0,5.8262799680233,0.11538472771644592,0.0,0.0,0.0,0.0,0.0,0.11538472771644592,1982.0,-2.0096185207366943,-0.11538472771644592,0.018927156925201416,0.08654341101646423,0.9999467134475708
23.588623046875,179.9895477294922,2.0096185207366943,0.0,0.0,0.0,0.0,0.4867706351892635,-0.0,0.0,5.651857185363769,4.580428613935198,0.3094879984855652,0.0,0.0,0.0,5.408562183380127,0.0,0.0,0.0,0.0,0.0,0.0,0.0,1983.0,-2.0095582008361816,0.0,0.009836137294769287,0.08871239423751831,0.9999136924743652
23.595373153686523,179.3183135986328,2.0095582008361816,0.0,0.0,0.0,0.0,0.39645470888428375,-0.0,0.0,5.670642798287528,4.599214226858956,0.3196069896221161,0.0,0.0,0.0,4.405051970854402,0.014890884980559349,0.0,0.0,0.0,0.0,0.0,0.014890884980559349,1984.0,-2.009497880935669,-0.014890884980559349,0.007879287004470825,0.12112948298454285,0.9997652173042297
23.602123260498047,179.96051025390625,2.009497880935669,0.0,0.0,0.0,0.0,0.2766978197652343,-0.0,0.0,5.672142791748047,4.6007142203194755,0.3094800114631653,0.0,0.0,0.0,3.0744199752807617,0.0,0.0,0.0,0.0,0.0,0.0,0.0,1985.0,-2.0094375610351562,0.0,0.009465515613555908,0.27116847038269043,0.998334527015686
23.60887336730957,179.28927612304688,2.0094375610351562,0.0,0.0,0.0,0.0,0.1317568657204992,-0.0,0.0,5.64757137298584,4.5761428015572685,0.37903499603271484,0.0,0.0,0.0,1.4639650583267212,0.0,0.0,0.0,0.0,0.0,0.0,0.0,1986.0,-2.0093772411346436,0.0,0.07401245832443237,0.5613126158714294,0.9718922972679138
23.615623474121094,178.6180419921875,2.0093772411346436,0.0,0.0,0.0,0.0,0.0,-0.0,0.0,5.558357184273856,4.4869286128452845,0.4963169991970062,0.0,0.0,0.022866324035319963,0.0,0.0,0.0,0.0,0.0,0.0,0.0,0.0,1987.0,0.05068299174308777,0.0,0.7722189426422119,0.7819627523422241,0.7575169205665588
23.622373580932617,177.94680786132812,2.0321826934814453,0.0,0.0,0.0,0.0,0.0,-0.0,0.0,5.447857121058872,4.376428549630301,0.0,0.9785529971122742,0.0,0.0,0.0,0.0,0.0,0.0,0.0,0.0,0.0,0.0,1988.0,-2.0321216583251953,0.0,0.9806270599365234,0.3370992839336395,0.3405221700668335
23.62912368774414,159.42222595214844,1.033628225326538,0.0,0.0,0.0,0.0,0.0,-0.0,0.0,5.396142905099051,4.32471433367048,0.0,0.38568899035453796,0.0,0.0,0.0,0.0,0.0,0.0,0.0,0.0,0.0,0.0,1989.0,-1.0335972309112549,0.0,0.9198175072669983,0.6457685828208923,0.14032411575317383
23.635873794555664,158.75099182128906,0.6400488615036011,0.0,0.0,0.0,0.0,0.0,-0.0,0.0,5.351285743713379,4.2798571722848076,0.0,0.3717319965362549,0.0,0.0,0.0,0.0,0.0,0.0,0.0,0.0,0.0,0.0,1990.0,-0.6400296688079834,0.0,0.9249061942100525,0.4165002703666687,0.05633479356765747
23.642623901367188,158.0797576904297,0.26072269678115845,0.0,0.0,0.0,0.0,-0.03531673345064292,-0.0,0.0,5.303928593226841,4.23250002179827,0.0,0.25550056656770437,0.11772244015760691,0.0,0.0,0.0,0.0,0.0,0.0,0.0,0.0,0.0,1991.0,-0.26071488857269287,0.0,0.07876992225646973,0.20648843050003052,0.07513034343719482
23.635873794555664,121.38105773925781,7.83777613833081e-6,0.0,0.0,0.0,0.0,-0.09086940053579795,-0.0,0.0,5.265571403503418,4.194142832074847,0.0,0.0,0.30289798974990845,0.0,0.0,0.0,0.0,0.0,0.0,0.0,0.0,0.0,1992.0,0.0,0.0,0.14440524578094482,0.45515939593315125,0.012286722660064697
23.62912368774414,112.84410858154297,7.837541488697752e-6,0.0,0.0,0.0,0.0,-0.06640380437786586,-0.0,0.0,5.237214306422642,4.165785734994071,0.0,0.0,0.22134600579738617,0.0,0.0,0.0,0.0,0.0,0.0,0.0,0.0,0.0,1993.0,0.0,0.0,0.052451133728027344,0.6185901165008545,0.015613675117492676
23.622373580932617,112.17288208007812,7.837306839064695e-6,0.0,0.0,0.0,0.0,-0.0569448016860008,-0.0,0.0,4.687071405138288,3.6156427655901227,0.0,0.0,0.18981599807739258,0.0,0.0,0.0,0.0,0.0,0.0,0.0,0.0,0.0,1994.0,0.0,0.0,0.12504321336746216,0.3185402750968933,0.026735961437225342
23.615623474121094,102.29322052001953,7.837072189431638e-6,0.0,0.0,0.0,0.0,-0.051899400925612404,-0.0,0.0,4.651214272635324,3.579785701206752,0.0,0.0,0.17299799621105194,0.0,0.0,0.0,0.0,0.0,0.0,0.0,0.0,0.0,1995.0,0.0,0.0,0.10811257362365723,0.3233981728553772,0.04479369521141052
23.60887336730957,101.62199401855469,7.83683753979858e-6,0.0,0.0,0.0,0.0,-0.048125403051590965,-0.0,0.0,4.614928599766323,3.543500028337751,0.0,0.0,0.16041800379753113,0.0,0.0,0.0,0.0,0.0,0.0,0.0,0.0,0.0,1996.0,0.0,0.0,0.03626829385757446,0.2956710159778595,0.10479092597961426
23.602123260498047,100.95076751708984,7.836602890165523e-6,0.0,0.0,0.0,0.0,-0.04681110270067457,-0.0,0.0,4.579142924717495,3.507714353288923,0.0,0.0,0.15603700280189514,0.0,0.0,0.0,0.0,0.0,0.0,0.0,0.0,0.0,1997.0,0.0,0.0,0.011167913675308228,0.31310415267944336,0.20988276600837708
23.595373153686523,100.279541015625,7.836368240532465e-6,0.0,0.0,0.0,0.0,-0.0487242017676115,-0.0,0.0,4.544857243129185,3.473428671700614,0.0,0.0,0.16241399943828583,0.0,0.0,0.0,0.0,0.0,0.0,0.0,0.0,0.0,1998.0,0.0,0.0,0.004604905843734741,0.3902621865272522,0.3192405700683594
23.587589263916016,99.60831451416016,7.836133590899408e-6,0.0,0.0,0.0,0.0,-0.5581680981583625,-0.0,0.0,4.514071410042899,3.4426429748535154,0.0,0.0,0.18593700230121613,0.0,0.0,0.0,1.6746232509613037,0.0,0.0,0.0,0.0,1.6746232509613037,1999.0,0.0,-1.6746232509613037,1.7315149307250977e-5,0.5461881756782532,0.864386796951294
23.580835342407227,158.29995727539062,7.83589894126635e-6,0.0,0.0,0.0,0.0,0.0,-0.0,0.0,4.589142881120954,3.5177143096923826,0.27689701318740845,0.0,0.0,0.6950188998547162,0.0,0.0,0.0,0.0,0.0,0.0,0.0,0.0,2000.0,0.7611029744148254,0.0,0.08607679605484009,0.7725168466567993,0.23601019382476807
23.57268714904785,157.62872314453125,0.6950058937072754,0.0,0.0,0.0,0.0,0.15298946379693612,-0.0,0.0,4.692999989645822,3.621571350097656,0.3118390142917633,0.0,0.0,1.304701566696167,1.6998827959825185,0.0,0.0,0.0,0.0,0.0,0.0,0.0,2001.0,1.304701566696167,0.0,0.19996774196624756,0.8809391856193542,0.34800469875335693
23.56490707397461,156.95748901367188,1.9996474981307983,0.0,0.0,0.0,0.0,0.3970535104018185,-0.0,0.0,4.845357159205845,3.773928587777274,0.3164609968662262,0.0,0.0,0.701026976108551,4.411705320520472,0.0,0.0,0.0,0.0,0.0,0.0,0.0,2002.0,0.701026976108551,0.0,0.27006444334983826,0.7519282102584839,0.6882882118225098
23.558156967163086,156.2862548828125,2.7005934715270996,0.0,0.0,0.0,0.0,0.5720787798030175,-0.0,0.0,5.004285757882254,3.932857186453683,0.33442598581314087,0.0,0.0,0.0,6.356430381536484,0.27644363045692444,0.0,0.0,0.0,0.0,0.0,0.27644363045692444,2003.0,0.007132966537028551,-0.27644363045692444,0.2707696557044983,0.5448890328407288,0.9779219627380371
23.551406860351562,176.46559143066406,2.700512409210205,0.0,0.0,0.0,0.0,0.22089107109969064,-0.0,0.0,5.083357075282505,4.011928503853934,0.5981339812278748,0.0,0.0,4.599999904632568,2.454345039387184,0.16999344527721405,0.0,0.0,0.0,0.0,0.0,0.16999344527721405,2004.0,4.599999904632568,-0.16999344527721405,0.751373827457428,0.4500834345817566,0.9929927587509155
23.54465675354004,178.87692260742188,7.300293445587158,0.0,0.0,0.0,0.0,0.7208507772093602,-0.0,0.0,5.12749993460519,4.056071363176619,0.31632301211357117,0.0,0.0,0.0,8.009452443569899,0.021873850375413895,0.0,0.0,0.0,0.0,0.0,0.021873850375413895,2005.0,-4.599999904632568,-0.021873850375413895,0.2965138554573059,0.3570830225944519,0.9994320273399353
23.537906646728516,179.90719604492188,7.300074577331543,0.0,0.0,0.0,0.0,0.7157773157578526,-0.0,0.0,5.15535717010498,4.083928598676409,0.3280690014362335,0.0,0.0,0.0,7.953080654144287,0.0,0.0,0.0,0.0,0.0,0.0,0.0,2006.0,-4.599999904632568,-0.009407976642251015,0.2344517707824707,0.2842903137207031,0.9998420476913452
23.531156539916992,179.2359619140625,7.299855709075928,0.0,0.0,0.0,0.0,0.6596678456400081,-0.0,0.0,5.167500032697405,4.096071461268833,0.3140439987182617,0.0,0.0,0.0,7.32964214682579,0.018063217401504517,0.0,0.0,0.0,0.0,0.0,0.018063217401504517,2007.0,-4.599999904632568,-0.018063217401504517,0.15171444416046143,0.25627779960632324,0.9999099373817444
23.52440643310547,179.98367309570312,7.2996368408203125,0.0,0.0,0.0,0.0,0.5547107803591687,-0.0,0.0,5.166214343479702,4.0947857720511305,0.32409700751304626,0.0,0.0,0.0,6.163452625274658,0.0,0.0,0.0,0.0,0.0,0.0,0.0,2008.0,-4.599999904632568,0.0,0.11867794394493103,0.29155927896499634,0.9997973442077637
23.517656326293945,179.31243896484375,7.299417972564697,0.0,0.0,0.0,0.0,0.3872613031475767,-0.0,0.0,5.1486428941999165,4.077214322771345,0.3145039975643158,0.0,0.0,0.0,4.302903026342392,0.1287924349308014,0.0,0.0,0.0,0.0,0.0,0.1287924349308014,2009.0,-4.599999904632568,-0.1287924349308014,0.07107537984848022,0.4344920217990875,0.999492883682251
23.510906219482422,179.91693115234375,7.299199104309082,0.0,0.0,0.0,0.0,0.19121832221494603,-0.0,0.0,5.10785710471017,4.036428533281599,0.3852519989013672,0.0,0.0,0.0,2.124647855758667,0.0,0.0,0.0,0.0,0.0,0.0,0.0,2010.0,-4.599999904632568,0.0,0.10291403532028198,0.7524121403694153,0.993399977684021
23.5041561126709,179.24569702148438,7.298980236053467,0.0,0.0,0.0,0.0,0.0,-0.0,0.0,4.976857130868094,3.905428559439523,0.34200000762939453,0.16464996337890625,0.0,0.0,0.0,0.0,0.0,0.0,0.16601110994815826,0.0,0.16601110994815826,0.0,2011.0,-4.599999904632568,0.16601110994815826,0.6097652316093445,0.9242705702781677,0.9593170881271362
23.621337890625,178.574462890625,6.961362361907959,0.0,0.0,0.0,0.0,0.0,-0.0,0.0,4.879000064304897,3.8075714928763253,0.0,0.4709460139274597,0.0,0.0,0.0,0.0,0.0,0.0,0.015543594025075436,0.0,0.015543594025075436,0.0,2012.0,-4.599999904632568,0.015543594025075436,0.8476091623306274,0.9251956939697266,0.9144095778465271
23.62596321105957,177.90322875976562,6.46475076675415,0.0,0.0,0.0,0.0,0.0,-0.0,0.0,4.84821423121861,3.776785659790039,0.0,0.41366100311279297,0.0,0.0,0.0,0.0,0.0,0.0,0.0,0.0,0.0,0.0,2013.0,-4.599999904632568,0.0,0.8748459219932556,0.9098095297813416,0.8022675514221191
23.619213104248047,177.23199462890625,6.042466640472412,0.0,0.0,0.0,0.0,0.0,-0.0,0.0,4.821571431841169,3.7501428604125975,0.0,0.39861899614334106,0.0,0.0,0.0,0.0,0.0,0.0,0.0,0.0,0.0,0.0,2014.0,-4.599999904632568,0.0,0.8870255351066589,0.8798667192459106,0.6168967485427856
23.612462997436523,176.56076049804688,5.6355438232421875,0.0,0.0,0.0,0.0,0.0,-0.0,0.0,4.792571422031948,3.721142850603376,0.0,0.3913840055465698,0.0,0.0,0.0,0.0,0.0,0.0,0.0,0.0,0.0,0.0,2015.0,-4.599999904632568,0.0,0.6962887644767761,0.841535747051239,0.46546411514282227
23.605712890625,168.36561584472656,5.236015319824219,0.0,0.0,0.0,0.0,0.0,-0.0,0.0,4.7610714231218605,3.6896428516932898,0.0,0.30077099800109863,0.0,0.0,0.0,0.0,0.0,0.0,0.0,0.0,0.0,0.0,2016.0,-4.599999904632568,0.0,0.5127594470977783,0.8263553977012634,0.3104710578918457
23.598962783813477,167.6943817138672,4.928958415985107,0.0,0.0,0.0,0.0,0.0,-0.0,0.0,4.7258571352277485,3.654428563799177,0.0,0.2221280038356781,0.0,0.0,0.0,0.0,0.0,0.0,0.0,0.0,0.0,0.0,2017.0,-4.599999904632568,0.0,0.1933240294456482,0.8083673715591431,0.26781362295150757
23.592212677001953,167.0231475830078,4.702156066894531,0.0,0.0,0.0,0.0,0.0,-0.0,0.0,4.688000011444092,3.6165713718959265,0.0,0.18981599807739258,0.0,0.0,0.0,0.0,0.0,0.0,0.0,0.0,0.0,0.0,2018.0,-4.599999904632568,0.0,0.0010349452495574951,0.9073912501335144,0.40174761414527893
23.58546257019043,124.2371597290039,4.508331298828125,0.0,0.0,0.0,0.0,0.0,-0.0,0.0,4.651142883300781,3.57971431187221,0.0,0.17299799621105194,0.0,0.0,0.0,0.0,0.0,0.0,0.02975301444530487,0.0,0.02975301444530487,0.0,2019.0,-4.5081963539123535,0.02975301444530487,0.004810124635696411,0.9198971390724182,0.19067037105560303
23.599470138549805,123.56593322753906,4.301313400268555,0.0,0.0,0.0,0.0,0.0,-0.0,0.0,4.617285810198102,3.545857238769531,0.0,0.16041800379753113,0.0,0.0,0.0,0.0,0.0,0.0,2.026963472366333,0.0,0.0,2.026963472366333,2020.0,-4.30118465423584,-2.026963472366333,7.450580596923828e-7,0.9213571548461914,0.9791715145111084
23.59272003173828,176.66552734375,2.0692296028137207,0.0,0.0,0.0,0.0,0.0,-0.0,0.0,4.5907142639160154,3.5192856924874443,0.0,0.15603700280189514,0.0,0.0,0.0,0.0,0.0,0.0,0.0,0.0,0.0,0.0,2021.0,-2.0691676139831543,0.0,0.27823176980018616,0.2667393684387207,0.16110938787460327
23.585969924926758,175.99429321289062,1.909950852394104,0.0,0.0,0.0,0.0,0.0,-0.0,0.0,4.57085712977818,3.499428558349609,0.0,0.16241399943828583,0.0,0.0,0.0,0.0,0.0,0.0,0.0,0.0,0.0,0.0,2022.0,-1.9098936319351196,0.0,0.13243088126182556,0.43660804629325867,0.1813892126083374
23.579219818115234,175.32305908203125,1.7441699504852295,0.0,0.0,0.0,0.0,0.0,-0.0,0.0,4.551999991280692,3.4805714198521205,0.0,0.18593700230121613,0.0,0.0,0.0,0.0,0.0,0.0,0.0,0.0,0.0,0.0,2023.0,-1.7441176176071167,0.0,0.057816147804260254,0.6442267894744873,0.21211159229278564
23.57246971130371,174.65182495117188,1.5543917417526245,0.0,0.0,0.0,0.0,0.06186177089705207,-0.0,0.0,4.632642827715192,3.561214256286621,0.27689701318740845,0.0,0.0,0.0,0.6873529553413391,0.0,0.0,0.0,0.0,0.0,0.0,0.0,2024.0,-1.5543451309204102,0.0,0.09669655561447144,0.8882725834846497,0.23760133981704712
23.565710067749023,173.9805908203125,1.5543451309204102,0.0,0.0,0.0,0.0,0.21214885418042914,-0.0,0.0,4.749428558349609,3.677999986921038,0.3118390142917633,0.0,0.0,0.5747289061546326,2.357209303559489,0.06284361332654953,0.0,0.0,0.0,0.0,0.06284361332654953,0.0,2025.0,0.5747289061546326,0.06284361332654953,0.21290439367294312,0.9207485318183899,0.3115978240966797
23.603727340698242,173.30935668945312,2.1290102005004883,0.0,0.0,0.0,0.0,0.4236125321638259,-0.0,0.0,4.8837857382638115,3.81235716683524,0.3164609968662262,0.0,0.0,0.34200379252433777,4.706805538868095,0.0,0.0,0.0,0.0,0.0,0.0,0.0,2026.0,0.34200379252433777,0.0,0.2470983862876892,0.7824058532714844,0.7558078765869141
23.59697723388672,162.52334594726562,2.470939874649048,0.0,0.0,0.0,0.0,0.5702915647857612,-0.0,0.0,5.089642878941127,4.018214307512556,0.31682899594306946,0.0,0.0,0.0,6.33657243847847,0.1903984248638153,0.0,0.0,0.0,0.0,0.0,0.1903984248638153,2027.0,-2.4708657264709473,-0.1903984248638153,0.16858530044555664,0.5333280563354492,0.9782899022102356
23.590227127075195,176.5244598388672,2.4708657264709473,0.0,0.0,0.0,0.0,0.6575283854725636,-0.0,0.0,5.230857113429478,4.1594285420009065,0.3062939941883087,0.0,0.0,0.0,7.305870369076729,0.14458529651165009,0.0,0.0,0.0,0.0,0.0,0.14458529651165009,2028.0,-2.4707915782928467,-0.14458529651165009,0.12746286392211914,0.31406155228614807,0.999152660369873
23.583477020263672,179.8625030517578,2.4707915782928467,0.0,0.0,0.0,0.0,0.703838437703323,-0.0,0.0,5.296214321681431,4.22478575025286,0.31632301211357117,0.0,0.0,0.0,7.8204264640808105,0.0,0.0,0.0,0.0,0.0,0.0,0.0,2029.0,-2.470717430114746,-0.009352880530059338,0.11350148916244507,0.20456808805465698,0.9996936321258545
23.57672691345215,179.19126892089844,2.470717430114746,0.0,0.0,0.0,0.0,0.6668310273652067,-0.0,0.0,5.334428596496582,4.263000025068011,0.39716601371765137,0.0,0.0,0.0,7.409233048558235,0.15080074965953827,0.0,0.0,0.0,0.0,0.0,0.15080074965953827,2030.0,-2.4706432819366455,-0.15080074965953827,0.20024198293685913,0.16524162888526917,0.9999240040779114
23.569976806640625,179.9859161376953,2.4706432819366455,0.0,0.0,0.0,0.0,0.605499321361326,-0.0,0.0,5.359642791748047,4.2882142203194755,0.3140439987182617,0.0,0.0,0.0,6.727769702672958,0.16963639855384827,0.0,0.0,0.0,0.0,0.0,0.16963639855384827,2031.0,-2.470569133758545,-0.16963639855384827,0.093991219997406,0.14361149072647095,0.9999436140060425
23.57672691345215,179.9890594482422,2.470569133758545,0.0,0.0,0.0,0.0,0.4874222618279642,-0.0,0.0,5.379571451459612,4.30814288003104,0.32409700751304626,0.0,0.0,0.0,5.415802478790283,0.0,0.0,0.0,0.0,0.0,0.0,0.0,2032.0,-2.4704949855804443,0.0,0.06988757848739624,0.17270803451538086,0.9998905062675476
23.583477020263672,152.6293487548828,2.4704949855804443,0.0,0.0,0.0,0.0,0.2919012897730885,-0.0,0.0,5.370999962942941,4.29957139151437,0.3145039975643158,0.0,0.0,0.0,3.243347406387329,0.3323984146118164,0.0,0.0,0.0,0.0,0.0,0.3323984146118164,2033.0,-2.4704208374023438,-0.3323984146118164,0.031653642654418945,0.382182776927948,0.9960541725158691
23.590227127075195,179.3667449951172,2.4704208374023438,0.0,0.0,0.0,0.0,0.13021878526624783,-0.0,0.0,5.332999992370605,4.261571420942034,0.3852519989013672,0.0,0.0,0.2573702037334442,1.44687527685988,0.0,0.0,0.0,0.0,0.0,0.0,0.0,2034.0,0.2573702037334442,0.0,0.2727760970592499,0.7280821800231934,0.898445725440979
23.583477020263672,178.6955108642578,2.7277092933654785,0.0,0.0,0.0,0.0,0.0,-0.0,0.0,5.181285667419433,4.109857095990862,0.28404998779296875,0.22259998321533203,0.0,0.0,0.0,0.0,0.0,0.0,0.0,0.0,0.0,0.0,2035.0,-2.7276275157928467,0.0,0.9429712295532227,0.7182378172874451,0.6427004337310791
23.57672691345215,178.02427673339844,2.5004913806915283,0.0,0.0,0.0,0.0,0.0,-0.0,0.0,5.065357153756278,3.9939285823277064,0.0,0.4709460139274597,0.0,0.0,0.0,0.0,0.0,0.0,0.0,0.0,0.0,0.0,2036.0,-2.5004165172576904,0.0,0.9601441025733948,0.5531476736068726,0.4475869834423065
23.569976806640625,169.15545654296875,2.01987361907959,0.0,0.0,0.0,0.0,0.0,-0.0,0.0,5.003785760062081,3.9323571886335102,0.0,0.41366100311279297,0.0,0.0,0.0,0.0,0.0,0.0,0.0,0.0,0.0,0.0,2037.0,-2.019813060760498,0.0,0.9864376783370972,0.45596057176589966,0.18799203634262085
23.5632266998291,168.48422241210938,1.5977226495742798,0.0,0.0,0.0,0.0,0.0,-0.0,0.0,4.962642887660435,3.8912143162318635,0.0,0.39861899614334106,0.0,0.0,0.0,0.0,0.0,0.0,0.0,0.0,0.0,0.0,2038.0,-1.5976747274398804,0.0,0.9868724346160889,0.29025861620903015,0.09569919109344482
23.556476593017578,167.81298828125,1.1909328699111938,0.0,0.0,0.0,0.0,0.0,-0.0,0.0,4.928142901829311,3.8567143304007394,0.0,0.38435301184654236,0.0,0.0,0.0,0.0,0.0,0.0,0.0,0.0,0.0,0.0,2039.0,-1.1908971071243286,0.0,0.9836671352386475,0.1520155966281891,0.05458971858024597
23.549726486206055,167.14175415039062,0.7987119555473328,0.0,0.0,0.0,0.0,0.0,-0.0,0.0,4.895071383884975,3.8236428124564035,0.0,0.30077099800109863,0.0,0.0,0.0,0.0,0.0,0.0,0.0,0.0,0.0,0.0,2040.0,-0.7986879944801331,0.0,0.9190872311592102,0.09598615765571594,0.04333317279815674
23.54297637939453,158.42132568359375,0.49178802967071533,0.0,0.0,0.0,0.0,0.0,-0.0,0.0,4.85978570665632,3.788357135227748,0.0,0.2221280038356781,0.0,0.0,0.0,0.0,0.0,0.0,0.0,0.0,0.0,0.0,2041.0,-0.4917732775211334,0.0,0.9079091548919678,0.06861221790313721,0.02894991636276245
23.536226272583008,157.75009155273438,0.26511886715888977,0.0,0.0,0.0,0.0,0.0,-0.0,0.0,4.823500033787319,3.7520714623587472,0.0,0.18981599807739258,0.0,0.0,0.0,0.0,0.0,0.0,0.0,0.0,0.0,0.0,2042.0,-0.26511090993881226,0.0,0.8895210027694702,0.06745240092277527,0.0273246169090271
23.529476165771484,157.078857421875,0.07142693549394608,0.0,0.0,0.0,0.0,-0.030900513693306597,-0.0,0.0,4.788214288439069,3.716785648890904,0.0,0.0699962879929501,0.10300170821810184,0.0,0.0,0.0,0.0,0.0,0.0,0.0,0.0,0.0,2043.0,-0.07142479717731476,0.0,0.7909159660339355,0.04728725552558899,0.037022948265075684
23.52272605895996,156.40762329101562,2.1531532183871605e-6,0.0,0.0,0.0,0.0,-0.048125403051590965,-0.0,0.0,4.756857136317661,3.6854285648890905,0.0,0.0,0.16041800379753113,0.0,0.0,0.0,0.0,0.0,0.0,0.0,0.0,0.0,2044.0,0.0,0.0,0.6508941650390625,0.04982197284698486,0.06010696291923523
23.515975952148438,155.73638916015625,2.1530886442633346e-6,0.0,0.0,0.0,0.0,-0.04681110270067457,-0.0,0.0,4.737285695757184,3.665857124328613,0.0,0.0,0.15603700280189514,0.0,0.0,0.0,0.0,0.0,0.0,0.0,0.0,0.0,2045.0,0.0,0.0,0.3322989344596863,0.06867468357086182,0.08852335810661316
23.509225845336914,155.06515502929688,2.1530240701395087e-6,0.0,0.0,0.0,0.0,-0.0487242017676115,-0.0,0.0,4.727571432931082,3.656142861502511,0.0,0.0,0.16241399943828583,0.0,0.0,0.0,0.0,0.0,0.0,0.0,0.0,0.0,2046.0,0.0,0.0,0.11550110578536987,0.13072454929351807,0.1372969150543213
23.50247573852539,154.3939208984375,2.152959496015683e-6,0.0,0.0,0.0,0.0,-0.09825600776100174,-0.0,0.0,4.7173571722848076,3.645928600856236,0.0,0.0,0.3275200128555298,0.0,0.0,0.0,0.0,0.0,0.0,0.0,0.0,0.0,2047.0,0.0,0.0,0.15833473205566406,0.2256767749786377,0.17679345607757568
23.494691848754883,153.72268676757812,2.152894921891857e-6,0.0,0.0,0.0,0.0,0.029151110273596365,-0.0,0.0,4.772928592136928,3.7015000207083566,0.3495500087738037,0.0,0.0,0.15091879665851593,0.32390119952082674,0.0,0.0,0.0,0.0,0.0,0.0,0.0,2048.0,0.15091879665851593,0.0,0.015089094638824463,0.7637120485305786,0.4741687774658203
23.486886978149414,120.6262435913086,0.1509164273738861,0.0,0.0,0.0,0.0,0.2055456024615287,-0.0,0.0,4.900499970572335,3.829071399143764,0.3118390142917633,0.0,0.0,0.09223853796720505,2.2838398458470315,0.43949997425079346,0.0,0.0,0.0,0.0,0.0,0.43949997425079346,2049.0,0.09223853796720505,-0.43949997425079346,0.024312496185302734,0.6170611381530762,0.7334389090538025
23.48013687133789,137.34829711914062,0.24314767122268677,0.0,0.0,0.0,0.0,0.3795032207093078,-0.0,0.0,5.004642840794155,3.933214269365583,0.3164609968662262,0.0,0.0,0.4090423882007599,4.21670211721226,0.2753963768482208,0.0,0.0,0.0,0.0,0.0,0.2753963768482208,2050.0,0.4090423882007599,-0.2753963768482208,0.06521600484848022,0.6037857532501221,0.8590778112411499
23.473386764526367,157.45053100585938,0.6521704792976379,0.0,0.0,0.0,0.0,0.5403930444188944,-0.0,0.0,5.168428639003208,4.097000067574637,0.31682899594306946,0.0,0.0,0.14895935356616974,6.0043666830257365,0.2661045491695404,0.0,0.0,0.0,0.0,0.0,0.2661045491695404,2051.0,0.14895935356616974,-0.2661045491695404,0.08010998368263245,0.4856792092323303,0.9855602979660034
23.466636657714844,177.68772888183594,0.801105797290802,0.0,0.0,0.0,0.0,0.6600457072186477,-0.0,0.0,5.275142887660435,4.2037143162318635,0.3062939941883087,0.0,0.0,0.07053067535161972,7.3338406084770105,0.033245235681533813,0.0,0.0,0.0,0.0,0.0,0.033245235681533813,2052.0,0.07053067535161972,-0.033245235681533813,0.08716064691543579,0.28891414403915405,0.9981162548065186
23.45988655090332,179.69668579101562,0.8716103434562683,0.0,0.0,0.0,0.0,0.6943065147717028,-0.0,0.0,5.3176428386143275,4.246214267185756,0.31632301211357117,0.0,0.0,0.12994040548801422,7.714516217702021,0.011318105272948742,0.0,0.0,0.0,0.0,0.0,0.011318105272948742,2053.0,0.12994040548801422,-0.011318105272948742,0.10015207529067993,0.19334250688552856,0.9996815919876099
23.453136444091797,179.94712829589844,1.0015207529067993,0.0,0.0,0.0,0.0,0.6387116726182593,-0.0,0.0,5.338857187543597,4.2674286161150246,0.346560001373291,0.0,0.0,0.5134745240211487,7.096795798422436,0.10579070448875427,0.0,0.0,0.0,0.0,0.0,0.10579070448875427,2054.0,0.5134745240211487,-0.10579070448875427,0.1514965295791626,0.15134650468826294,0.999917209148407
23.45988655090332,179.98483276367188,1.5149497985839844,0.0,0.0,0.0,0.0,0.5457990319953339,-0.0,0.0,5.339357185363769,4.267928613935198,0.4079760015010834,0.0,0.0,0.9579409956932068,6.064433206879183,0.0,0.0,0.0,0.0,0.0,0.0,0.0,2055.0,0.9579409956932068,0.0,0.24728608131408691,0.162184476852417,0.9995206594467163
23.466636657714844,179.3135986328125,2.4728167057037354,0.0,0.0,0.0,0.0,0.5227014282009123,-0.0,0.0,5.324214335850307,4.252785764421736,0.354110985994339,0.0,0.0,0.0,5.8077931851148605,0.12614531815052032,0.0,0.0,0.0,0.0,0.0,0.12614531815052032,2056.0,-2.4727425575256348,-0.12614531815052032,0.14068323373794556,0.1991603970527649,0.9996476769447327
23.45988655090332,179.94171142578125,2.4727425575256348,0.0,0.0,0.0,0.0,0.38312062924072,-0.0,0.0,5.287000056675502,4.215571485246931,0.3145039975643158,0.0,0.0,0.0,4.256895542144775,0.0,0.0,0.0,0.0,0.0,0.0,0.0,2057.0,-2.472668409347534,0.0,0.0750691294670105,0.3809797763824463,0.9950245022773743
23.453136444091797,179.27047729492188,2.472668409347534,0.0,0.0,0.0,0.0,0.043776554450745485,-0.0,0.0,5.215928568158831,4.144499996730259,0.3852519989013672,0.0,0.0,1.4686198234558105,0.48640612190775245,0.0,0.0,0.0,0.0,0.0,0.0,0.0,2058.0,1.4686198234558105,0.0,0.3941258192062378,0.7333863973617554,0.8925513029098511
23.446386337280273,178.5992431640625,3.9411699771881104,0.0,0.0,0.0,0.0,0.0,-0.0,0.0,5.067071451459612,3.9956428800310406,0.26980000734329224,0.23684996366500854,0.0,0.0,0.0,0.0,0.0,0.0,0.0,0.0,0.0,0.0,2059.0,-3.941051721572876,0.0,0.9149977564811707,0.7942985892295837,0.7869082689285278
23.43963623046875,177.92800903320312,3.6993753910064697,0.0,0.0,0.0,0.0,0.0,-0.0,0.0,4.974571446010044,3.903142874581473,0.0,0.4709460139274597,0.0,0.0,0.0,0.0,0.0,0.0,0.0,0.0,0.0,0.0,2060.0,-3.6992645263671875,0.0,0.9781231880187988,0.670182466506958,0.5791157484054565
23.432886123657227,177.25677490234375,3.218721628189087,0.0,0.0,0.0,0.0,0.0,-0.0,0.0,4.950500025068011,3.879071453639439,0.0,0.41366100311279297,0.0,0.0,0.0,0.0,0.0,0.0,0.0,0.0,0.0,0.0,2061.0,-3.218625068664551,0.0,0.7826093435287476,0.5667024254798889,0.4436478912830353
23.426136016845703,154.0739288330078,2.796534776687622,0.0,0.0,0.0,0.0,0.0,-0.0,0.0,4.9339999607631135,3.8625713893345424,0.0,0.39861899614334106,0.0,0.0,0.0,0.0,0.0,0.0,0.0,0.0,0.0,0.0,2062.0,-2.7964508533477783,0.0,0.01816195249557495,0.5265242457389832,0.34816664457321167
23.41938591003418,95.52919006347656,2.389708995819092,0.0,0.0,0.0,0.0,0.0,-0.0,0.0,4.921714319501604,3.850285748073033,0.0,0.4702349901199341,0.0,0.0,0.0,0.0,0.0,0.0,0.0,0.0,0.0,0.0,2063.0,-2.3896372318267822,0.0,0.837249755859375,0.5673450231552124,0.01663312315940857
23.412635803222656,94.85796356201172,1.9098200798034668,0.0,0.0,0.0,0.0,0.0,-0.0,0.0,4.908499935695103,3.8370713642665315,0.0,0.30077099800109863,0.0,0.0,0.0,0.0,0.0,0.0,0.0,0.0,0.0,0.0,2064.0,-1.9097628593444824,0.0,0.23025935888290405,0.6594659090042114,0.01834365725517273
23.405885696411133,94.18673706054688,1.60286283493042,0.0,0.0,0.0,0.0,0.0,-0.0,0.0,4.886642810276577,3.815214238848005,0.0,0.2221280038356781,0.0,0.0,0.0,0.0,0.0,0.0,0.0,0.0,0.0,0.0,2065.0,-1.602814793586731,0.0,0.036577075719833374,0.611997127532959,0.026222139596939087
23.39913558959961,93.51551055908203,1.3761603832244873,0.0,0.0,0.0,0.0,0.0,-0.0,0.0,4.8566428048270085,3.7852142333984373,0.0,0.18981599807739258,0.0,0.0,0.0,0.0,0.0,0.0,0.0,0.0,0.0,0.0,2066.0,-1.3761191368103027,0.0,0.029701024293899536,0.6088866591453552,0.025517016649246216
23.392385482788086,92.84428405761719,1.182435154914856,0.0,0.0,0.0,0.0,0.0,-0.0,0.0,4.821785736083984,3.750357164655413,0.0,0.17299799621105194,0.0,0.0,0.0,0.0,0.0,0.0,0.0,0.0,0.0,0.0,2067.0,-1.1823997497558594,0.0,0.002185255289077759,0.5238692760467529,0.07005223631858826
23.385635375976562,83.96165466308594,1.0058764219284058,0.0,0.0,0.0,0.0,0.0,-0.0,0.0,4.782571397508893,3.711142894199916,0.0,0.16041800379753113,0.0,0.0,0.0,0.0,0.0,0.0,0.0,0.0,0.0,0.0,2068.0,-1.0058462619781494,0.0,0.0013237297534942627,0.5002093315124512,0.13678398728370667
23.37888526916504,83.2904281616211,0.8421593308448792,0.0,0.0,0.0,0.0,0.0,-0.0,0.0,4.7477142606462746,3.676285689217704,0.0,0.15603700280189514,0.0,0.0,0.0,0.0,0.0,0.0,0.0,0.0,0.0,0.0,2069.0,-0.8421340584754944,0.0,0.0005402863025665283,0.5217494368553162,0.28387707471847534
23.372135162353516,82.61920166015625,0.6829174160957336,0.0,0.0,0.0,0.0,0.0,-0.0,0.0,4.722428539821079,3.6509999683925085,0.0,0.16241399943828583,0.0,0.0,0.0,0.0,0.0,0.0,0.07209265232086182,0.0,0.0,0.07209265232086182,2070.0,-0.6828969120979309,-0.07209265232086182,0.0003420710563659668,0.5797315239906311,0.4187358319759369
23.365385055541992,86.99581909179688,0.44361162185668945,0.0,0.0,0.0,0.0,0.0,-0.0,0.0,4.706285694667271,3.6348571232387,0.0,0.18593700230121613,0.0,0.0,0.0,0.0,0.0,0.0,0.05292542278766632,0.0,0.0,0.05292542278766632,2071.0,-0.44359833002090454,-0.05292542278766632,0.0004838109016418457,0.5836870074272156,0.43759939074516296
23.35863494873047,90.01398468017578,0.19986847043037415,0.0,0.0,0.0,0.0,0.01458026942255247,-0.0,0.0,4.769857147761753,3.698428508213588,0.27689701318740845,0.0,0.0,0.0,0.16200298070907593,0.0,0.0,0.0,0.0,0.0,0.0,0.0,2072.0,-0.19986248016357422,0.0,0.0036489665508270264,0.6101639270782471,0.3908904194831848
23.350845336914062,89.34275817871094,0.19986248016357422,0.0,0.0,0.0,0.0,0.09656366817662418,-0.0,0.0,4.89064279283796,3.819214221409389,0.3118390142917633,0.0,0.0,0.0,1.072929561138153,0.6292313933372498,0.0,0.0,0.0,0.0,0.0,0.6292313933372498,2073.0,-0.1998564898967743,-0.6292313933372498,0.006609886884689331,0.5949432849884033,0.6659359931945801
23.34408950805664,126.54784393310547,0.1998564898967743,0.0,0.0,0.0,0.0,0.3068868316222678,-0.0,0.0,5.004571451459612,3.9331428800310406,0.3164609968662262,0.0,0.0,0.0,3.4098534137010574,0.21143536269664764,0.0,0.0,0.0,0.0,0.0,0.21143536269664764,2074.0,0.006146301049739122,-0.21143536269664764,0.02059727907180786,0.6632464528083801,0.7614191174507141
23.337339401245117,141.82513427734375,0.19985049962997437,0.0,0.0,0.0,0.0,0.41628255083989707,-0.0,0.0,5.118142890930176,4.046714319501604,0.31682899594306946,0.0,0.0,0.05121161416172981,4.625361308408158,0.4082026183605194,0.0,0.0,0.0,0.0,0.0,0.4082026183605194,2075.0,0.05121161416172981,-0.4082026183605194,0.025103211402893066,0.5752592086791992,0.9552222490310669
23.330589294433594,172.83363342285156,0.251054584980011,0.0,0.0,0.0,0.0,0.5196171871853689,-0.0,0.0,5.191285760062081,4.11985718863351,0.3062939941883087,0.0,0.0,0.03642745688557625,5.773523843221195,0.0656113401055336,0.0,0.0,0.0,0.0,0.0,0.0656113401055336,2076.0,0.03642745688557625,-0.0656113401055336,0.028745204210281372,0.4741300642490387,0.9834269285202026
23.32383918762207,177.3463897705078,0.2874734103679657,0.0,0.0,0.0,0.0,0.555248782244722,-0.0,0.0,5.2378570829118996,4.166428511483328,0.31632301211357117,0.0,0.0,0.0,6.169430423527956,0.0331466905772686,0.0,0.0,0.0,0.0,0.0,0.0331466905772686,2077.0,0.003156054997816682,-0.0331466905772686,0.029059946537017822,0.3066480755805969,0.995785117149353
23.317089080810547,179.32369995117188,0.28746479749679565,0.0,0.0,0.0,0.0,0.536570947228753,-0.0,0.0,5.268214307512555,4.196785736083984,0.3280690014362335,0.0,0.0,0.03291960433125496,5.9618989398436435,0.01104038953781128,0.0,0.0,0.0,0.0,0.0,0.01104038953781128,2078.0,0.03291960433125496,-0.01104038953781128,0.03203544020652771,0.24224883317947388,0.9971436858177185
23.310338973999023,179.5410614013672,0.3203747868537903,0.0,0.0,0.0,0.0,0.4835390665959547,-0.0,0.0,5.285214233398437,4.213785661969866,0.3140439987182617,0.0,0.0,0.0,5.372655868530273,0.0,0.0,0.0,0.0,0.0,0.0,0.0,2079.0,-0.32036519050598145,0.0,0.029478102922439575,0.25616464018821716,0.9960322380065918
23.3035888671875,178.8698272705078,0.32036519050598145,0.0,0.0,0.0,0.0,0.35899680842126647,-0.0,0.0,5.28264285496303,4.211214283534458,0.32409700751304626,0.0,0.0,0.08476956933736801,3.988853109897391,0.0,0.0,0.0,0.0,0.0,0.0,0.0,2080.0,0.08476956933736801,0.0,0.040510475635528564,0.4027370810508728,0.9814726114273071
23.296838760375977,178.19859313964844,0.4051226079463959,0.0,0.0,0.0,0.0,0.15867681968207534,-0.0,0.0,5.254571451459612,4.18314288003104,0.3145039975643158,0.0,0.0,0.867760956287384,1.7630756341286162,0.0,0.0,0.0,0.0,0.0,0.0,0.0,2081.0,0.867760956287384,0.0,0.12728536128997803,0.6390582323074341,0.8863081932067871
23.290088653564453,177.52735900878906,1.2728453874588013,0.0,0.0,0.0,0.0,0.0,-0.0,0.0,5.1888571602957585,4.117428588867187,0.3852519989013672,0.0,0.0,1.1995670814332584,0.0,0.0,0.0,0.0,0.0,0.0,0.0,0.0,2082.0,1.3087480068206787,0.0,0.6333433389663696,0.7605992555618286,0.7416228652000427
23.28333854675293,176.8561248779297,2.4723384380340576,0.0,0.0,0.0,0.0,0.0,-0.0,0.0,5.060571479797363,3.989142908368792,0.18619999289512634,0.32044997811317444,0.0,0.0,0.0,0.0,0.0,0.0,0.0,0.0,0.0,0.0,2083.0,-2.472264289855957,0.0,0.9666557312011719,0.6228796243667603,0.5878787040710449
23.276588439941406,176.1848907470703,2.145284414291382,0.0,0.0,0.0,0.0,0.0,-0.0,0.0,4.978714343479702,3.90728577205113,0.0,0.4709460139274597,0.0,0.0,0.0,0.0,0.0,0.0,0.0,0.0,0.0,0.0,2084.0,-2.1452200412750244,0.0,0.9670724272727966,0.41060635447502136,0.40294697880744934
23.269838333129883,166.80691528320312,1.664677381515503,0.0,0.0,0.0,0.0,0.0,-0.0,0.0,4.959071377345493,3.887642805916922,0.0,0.41366100311279297,0.0,0.0,0.0,0.0,0.0,0.0,0.0,0.0,0.0,0.0,2085.0,-1.6646274328231812,0.0,0.9844107627868652,0.3208997845649719,0.16120976209640503
23.26308822631836,165.86485290527344,1.242537021636963,0.0,0.0,0.0,0.0,0.0,-0.0,0.0,4.947285733904157,3.8758571624755858,0.0,0.39861899614334106,0.0,0.0,0.0,0.0,0.0,0.0,0.0,0.0,0.0,0.0,2086.0,-1.242499828338623,0.0,0.9539327621459961,0.18268132209777832,0.08665493130683899
23.256338119506836,157.907958984375,0.8357579112052917,0.0,0.0,0.0,0.0,0.0,-0.0,0.0,4.939571462358747,3.8681428909301756,0.0,0.38435301184654236,0.0,0.0,0.0,0.0,0.0,0.0,0.0,0.0,0.0,0.0,2087.0,-0.8357328772544861,0.0,0.9679579138755798,0.10273963212966919,0.034830451011657715
23.249588012695312,157.23672485351562,0.44354766607284546,0.0,0.0,0.0,0.0,0.0,-0.0,0.0,4.933928571428571,3.8625,0.0,0.30077099800109863,0.0,0.0,0.0,0.0,0.0,0.0,0.0,0.0,0.0,0.0,2088.0,-0.44353437423706055,0.0,0.9461797475814819,0.05557125806808472,0.023347079753875732
23.24283790588379,156.56549072265625,0.13663439452648163,0.0,0.0,0.0,0.0,-0.026469098569724438,-0.0,0.0,4.915571430751255,3.844142859322684,0.0,0.1338976787758881,0.08823032505979,0.0,0.0,0.0,0.0,0.0,0.0,0.0,0.0,0.0,2089.0,-0.13663029670715332,0.0,0.8833762407302856,0.031506359577178955,0.02134859561920166
23.236087799072266,155.89425659179688,4.112597252969863e-6,0.0,0.0,0.0,0.0,-0.0569448016860008,-0.0,0.0,4.880071449279785,3.808642877851214,0.0,0.0,0.18981599807739258,0.0,0.0,0.0,0.0,0.0,0.0,0.0,0.0,0.0,2090.0,0.0,0.0,0.8584227561950684,0.03338855504989624,0.0208873450756073
23.229337692260742,155.2230224609375,4.112474016437773e-6,0.0,0.0,0.0,0.0,-0.051899400925612404,-0.0,0.0,4.840071487426758,3.7686429159981865,0.0,0.0,0.17299799621105194,0.0,0.0,0.0,0.0,0.0,0.0,0.0,0.0,0.0,2091.0,0.0,0.0,0.7510132789611816,0.026669204235076904,0.031190216541290283
23.22258758544922,154.55178833007812,4.1123507799056824e-6,0.0,0.0,0.0,0.0,-0.048125403051590965,-0.0,0.0,4.801071384974888,3.729642813546317,0.0,0.0,0.16041800379753113,0.0,0.0,0.0,0.0,0.0,0.0,0.0,0.0,0.0,2092.0,0.0,0.0,0.6025347113609314,0.028343617916107178,0.05390778183937073
23.215837478637695,153.88055419921875,4.112227543373592e-6,0.0,0.0,0.0,0.0,-0.04681110270067457,-0.0,0.0,4.768785694667271,3.6973571232387,0.0,0.0,0.15603700280189514,0.0,0.0,0.0,0.0,0.0,0.0,0.0,0.0,0.0,2093.0,0.0,0.0,0.30938345193862915,0.03852459788322449,0.08252441883087158
23.20805549621582,153.20932006835938,4.112104306841502e-6,0.0,0.0,0.0,0.0,-0.0487242017676115,-0.0,0.0,4.750500011444092,3.6790713718959265,0.0,0.0,0.16241399943828583,0.0,0.0,0.0,0.0,0.0,0.0,0.0,0.0,0.0,2094.0,0.0,0.0,0.15306448936462402,0.05439165234565735,0.15981101989746094
23.017446517944336,152.5380859375,4.111981070309412e-6,0.0,0.0,0.0,0.0,-0.05578110290690663,-0.0,0.0,4.7426428249904085,3.6712141854422433,0.0,0.0,0.18593700230121613,0.0,0.0,0.0,0.0,0.0,0.0,0.0,0.0,0.0,2095.0,0.0,0.0,0.036769330501556396,0.13601481914520264,0.17419499158859253
23.0096378326416,151.86685180664062,4.1118578337773215e-6,0.0,0.0,0.0,0.0,0.0,-0.0,0.0,4.811999947684152,3.74057137625558,0.27689701318740845,0.0,0.0,0.20810590612607882,0.0,0.0,0.0,0.0,0.0,0.0,0.0,0.0,2096.0,0.2381029725074768,0.0,0.02713632583618164,0.5632822513580322,0.2345205843448639
22.99873161315918,151.19561767578125,0.20810377597808838,0.0,0.0,0.0,0.0,0.12920611036210172,-0.0,0.0,4.932499967302594,3.8610713958740233,0.3656480014324188,0.0,0.0,0.05339689925312996,1.435623334374703,0.17249198257923126,0.0,0.0,0.0,0.0,0.17249198257923126,0.0,2097.0,0.05339689925312996,0.17249198257923126,0.026147067546844482,0.8235087394714355,0.423828661441803
23.117528915405273,142.2361602783203,0.26149284839630127,0.0,0.0,0.0,0.0,0.31822101499406463,-0.0,0.0,5.030571474347796,3.959142902919224,0.3164609968662262,0.0,0.0,0.0,3.5357887744903564,0.0,0.0,0.0,0.0,0.0,0.0,0.0,2098.0,-0.2614850103855133,0.0,0.021061956882476807,0.7263718843460083,0.6842702031135559
23.10991096496582,141.56492614746094,0.2614850103855133,0.0,0.0,0.0,0.0,0.417765154064904,-0.0,0.0,5.109928621564593,4.038500050136021,0.31682899594306946,0.0,0.0,0.0,4.6418346762657166,0.40978628396987915,0.0,0.0,0.0,0.0,0.0,0.40978628396987915,2099.0,-0.26147717237472534,-0.40978628396987915,0.021772146224975586,0.5749623775482178,0.953960657119751
23.103160858154297,172.63177490234375,0.26147717237472534,0.0,0.0,0.0,0.0,0.5242974709235568,-0.0,0.0,5.152571487426758,4.0811429159981865,0.3062939941883087,0.0,0.0,0.05691077187657356,5.825526991734888,0.06775672733783722,0.0,0.0,0.0,0.0,0.0,0.06775672733783722,2100.0,0.05691077187657356,-0.06775672733783722,0.03183579444885254,0.48006194829940796,0.9829103946685791
23.096410751342773,177.26373291015625,0.31837838888168335,0.0,0.0,0.0,0.0,0.5626489961313134,-0.0,0.0,5.181928580147879,4.110500008719308,0.31632301211357117,0.0,0.0,0.07368715852499008,6.2516550157332365,0.034381043165922165,0.0,0.0,0.0,0.0,0.0,0.034381043165922165,2101.0,0.07368715852499008,-0.034381043165922165,0.03920355439186096,0.31322479248046875,0.9956544637680054
23.08966064453125,179.30279541015625,0.3920537829399109,0.0,0.0,0.0,0.0,0.5167962605180126,-0.0,0.0,5.203928620474679,4.132500049046108,0.37567999958992004,0.0,0.0,0.5056018829345703,5.742180216074871,0.11406947672367096,0.0,0.0,0.0,0.0,0.0,0.11406947672367096,2102.0,0.5056018829345703,-0.11406947672367096,0.08976256847381592,0.23362264037132263,0.9986239671707153
23.082910537719727,179.7779083251953,0.8976287245750427,0.0,0.0,0.0,0.0,0.5386010884126867,-0.0,0.0,5.2123571940830775,4.140928622654506,0.3140439987182617,0.0,0.0,0.0,5.9844560623168945,0.0,0.0,0.0,0.0,0.0,0.0,0.0,2103.0,-0.8976017832756042,0.0,0.06500661373138428,0.23722341656684875,0.9978389143943787
23.076160430908203,179.10667419433594,0.8976017832756042,0.0,0.0,0.0,0.0,0.44980232475616916,-0.0,0.0,5.209285681588309,4.137857110159738,0.32409700751304626,0.0,0.0,0.0,4.997803211212158,0.0,0.0,0.0,0.0,0.0,0.0,0.0,2104.0,-0.8975749015808105,0.0,0.0825040340423584,0.3214060068130493,0.993815541267395
23.06941032409668,178.43544006347656,0.8975749015808105,0.0,0.0,0.0,0.0,0.26000975705919194,-0.0,0.0,5.188214247567313,4.116785676138742,0.3145039975643158,0.0,0.0,0.5110201239585876,2.8889970710608246,0.0,0.0,0.0,0.0,0.0,0.0,0.0,2105.0,0.5110201239585876,0.0,0.14085650444030762,0.5587740540504456,0.9463542699813843
23.062660217285156,177.7642059326172,1.4085527658462524,0.0,0.0,0.0,0.0,0.0,-0.0,0.0,5.136142812456403,4.064714241027832,0.3852519989013672,0.0,0.0,1.3475960564632032,0.0,0.0,0.0,0.0,0.0,0.0,0.0,0.0,2106.0,1.4677480459213257,0.0,0.5581729412078857,0.7566618919372559,0.7896756529808044
23.055910110473633,169.2568359375,2.756066083908081,0.0,0.0,0.0,0.0,0.0,-0.0,0.0,5.044857106889997,3.9734285354614256,0.16910000145435333,0.33754998445510864,0.0,0.0,0.0,0.0,0.0,0.0,0.0,0.0,0.0,0.0,2107.0,-2.755983352661133,0.0,0.9563112258911133,0.6187500357627869,0.5857167840003967
23.04916000366211,168.58560180664062,2.411555051803589,0.0,0.0,0.0,0.0,0.0,-0.0,0.0,4.990571376255581,3.919142804827009,0.0,0.4709460139274597,0.0,0.0,0.0,0.0,0.0,0.0,0.0,0.0,0.0,0.0,2108.0,-2.411482810974121,0.0,0.9832348227500916,0.42266908288002014,0.3548647165298462
23.042409896850586,167.91436767578125,1.93094003200531,0.0,0.0,0.0,0.0,0.0,-0.0,0.0,4.9989285605294365,3.927499989100865,0.0,0.41366100311279297,0.0,0.0,0.0,0.0,0.0,0.0,0.0,0.0,0.0,0.0,2109.0,-1.9308820962905884,0.0,0.9816133379936218,0.27962589263916016,0.18048721551895142
23.035659790039062,167.24313354492188,1.5087916851043701,0.0,0.0,0.0,0.0,0.0,-0.0,0.0,4.99564288003104,3.924214308602469,0.0,0.39861899614334106,0.0,0.0,0.0,0.0,0.0,0.0,0.0,0.0,0.0,0.0,2110.0,-1.5087465047836304,0.0,0.9380908608436584,0.14483964443206787,0.0956818163394928
23.02890968322754,158.0105438232422,1.1020045280456543,0.0,0.0,0.0,0.0,0.0,-0.0,0.0,4.983214323861258,3.911785752432687,0.0,0.38435301184654236,0.0,0.0,0.0,0.0,0.0,0.0,0.0,0.0,0.0,0.0,2111.0,-1.1019715070724487,0.0,0.9634785652160645,0.08090510964393616,0.03593963384628296
23.022159576416016,157.3393096923828,0.7097862958908081,0.0,0.0,0.0,0.0,0.0,-0.0,0.0,4.955785696847098,3.8843571254185267,0.0,0.30077099800109863,0.0,0.0,0.0,0.0,0.0,0.0,0.0,0.0,0.0,0.0,2112.0,-0.7097650170326233,0.0,0.9382212162017822,0.041881263256073,0.023829370737075806
23.015409469604492,156.66807556152344,0.40286505222320557,0.0,0.0,0.0,0.0,0.0,-0.0,0.0,4.9182143347603935,3.846785763331822,0.0,0.2221280038356781,0.0,0.0,0.0,0.0,0.0,0.0,0.0,0.0,0.0,0.0,2113.0,-0.40285298228263855,0.0,0.8731212615966797,0.022940248250961304,0.021709918975830078
23.00865936279297,155.99684143066406,0.1761985421180725,0.0,0.0,0.0,0.0,-0.005143986851857522,-0.0,0.0,4.880714225769043,3.8092856543404716,0.0,0.17266937591921305,0.017146622158179525,0.0,0.0,0.0,0.0,0.0,0.0,0.0,0.0,0.0,2114.0,-0.1761932522058487,0.0,0.8498505353927612,0.022879034280776978,0.020764797925949097
23.001909255981445,155.3256072998047,5.304654223436955e-6,0.0,0.0,0.0,0.0,-0.051899400925612404,-0.0,0.0,4.846571459089007,3.775142887660435,0.0,0.0,0.17299799621105194,0.0,0.0,0.0,0.0,0.0,0.0,0.0,0.0,0.0,2115.0,0.0,0.0,0.7558811902999878,0.017052918672561646,0.029272079467773438
22.995159149169922,154.6543731689453,5.304495061864145e-6,0.0,0.0,0.0,0.0,-0.048125403051590965,-0.0,0.0,4.819857134137835,3.7484285627092633,0.0,0.0,0.16041800379753113,0.0,0.0,0.0,0.0,0.0,0.0,0.0,0.0,0.0,2116.0,0.0,0.0,0.5995563268661499,0.017563045024871826,0.050264954566955566
22.9884090423584,153.98313903808594,5.304335900291335e-6,0.0,0.0,0.0,0.0,-0.04681110270067457,-0.0,0.0,4.795285715375628,3.7238571439470562,0.0,0.0,0.15603700280189514,0.0,0.0,0.0,0.0,0.0,0.0,0.0,0.0,0.0,2117.0,0.0,0.0,0.3130713403224945,0.02318069338798523,0.07665973901748657
22.980621337890625,153.31190490722656,5.3041767387185246e-6,0.0,0.0,0.0,0.0,-0.0487242017676115,-0.0,0.0,4.771571445465088,3.7001429421561105,0.0,0.0,0.16241399943828583,0.0,0.0,0.0,0.0,0.0,0.0,0.0,0.0,0.0,2118.0,0.0,0.0,0.11472839117050171,0.047497957944869995,0.11969354748725891
22.972820281982422,152.6406707763672,5.304017577145714e-6,0.0,0.0,0.0,0.0,-0.05578110290690663,-0.0,0.0,4.756142834254673,3.6847142628261023,0.0,0.0,0.18593700230121613,0.0,0.0,0.0,0.0,0.0,0.0,0.0,0.0,0.0,2119.0,0.0,0.0,0.03644675016403198,0.1252877116203308,0.17133772373199463
22.963987350463867,151.9694366455078,5.303858415572904e-6,0.0,0.0,0.0,0.0,-0.00668910768386155,-0.0,0.0,4.791642883845737,3.7202142442975723,0.25459998846054077,0.0,0.022297024726867676,0.0,0.0,0.0,0.0,0.0,0.0,0.0,0.0,0.0,2120.0,0.0,0.0,0.015120238065719604,0.49852028489112854,0.2748246490955353
22.954105377197266,143.25543212890625,5.303699254000094e-6,0.0,0.0,0.0,0.0,0.058073585846972836,-0.0,0.0,4.873642866952078,3.802214295523507,0.3118390142917633,0.0,0.0,0.12737984955310822,0.6452620136855464,0.1412694901227951,0.0,0.0,0.0,0.0,0.1412694901227951,0.0,2121.0,0.12737984955310822,0.1412694901227951,0.012735515832901001,0.8097143769264221,0.32904601097106934
23.04855728149414,142.58419799804688,0.1273813396692276,0.0,0.0,0.0,0.0,0.22502667893624978,-0.0,0.0,4.963714272635324,3.8922857012067524,0.3164609968662262,0.0,0.0,0.010233763605356216,2.500296233919302,0.0,0.0,0.0,0.0,0.0,0.0,0.0,2122.0,0.010233763605356216,0.0,0.01375851035118103,0.8018543124198914,0.5481517314910889
23.041805267333984,141.9129638671875,0.13761097192764282,0.0,0.0,0.0,0.0,0.3251280846300177,-0.0,0.0,5.077571405683245,4.006142834254673,0.31682899594306946,0.0,0.0,0.0,3.612533986568451,0.5726867318153381,0.0,0.0,0.0,0.0,0.0,0.5726867318153381,2123.0,-0.13760684430599213,-0.5726867318153381,0.009942352771759033,0.591720700263977,0.9561489820480347
23.03505516052246,172.98191833496094,0.13760684430599213,0.0,0.0,0.0,0.0,0.46331429187055395,-0.0,0.0,5.157357161385672,4.085928589957101,0.3062939941883087,0.0,0.0,0.037516865879297256,5.147936167218272,0.014637049287557602,0.0,0.0,0.0,0.0,0.0,0.014637049287557602,2124.0,0.037516865879297256,-0.014637049287557602,0.017509371042251587,0.5823726058006287,0.9591223001480103
23.028305053710938,173.4576416015625,0.17511846125125885,0.0,0.0,0.0,0.0,0.4889689832398856,-0.0,0.0,5.20085710797991,4.129428536551339,0.3630180060863495,0.0,0.0,0.06513554602861404,5.432988270890272,0.06837888062000275,0.0,0.0,0.0,0.0,0.0,0.06837888062000275,2125.0,0.06513554602861404,-0.06837888062000275,0.024022400379180908,0.3918364346027374,0.9887720942497253
23.021554946899414,178.2016143798828,0.24024680256843567,0.0,0.0,0.0,0.0,0.5077625155009813,-0.0,0.0,5.225785745893206,4.154357174464634,0.3280690014362335,0.0,0.0,0.014733422547578812,5.641805279418273,0.020991312339901924,0.0,0.0,0.0,0.0,0.0,0.020991312339901924,2126.0,0.014733422547578812,-0.020991312339901924,0.025495022535324097,0.28617990016937256,0.9950295686721802
23.01480484008789,179.2028045654297,0.25497257709503174,0.0,0.0,0.0,0.0,0.4734953448064704,-0.0,0.0,5.238499995640346,4.167071424211775,0.3140439987182617,0.0,0.0,0.08050402253866196,5.26105896862715,0.0,0.0,0.0,0.0,0.0,0.0,0.0,2127.0,0.08050402253866196,0.0,0.03354465961456299,0.2795425057411194,0.9948114156723022
23.008054733276367,178.5315704345703,0.33546653389930725,0.0,0.0,0.0,0.0,0.36473945787732925,-0.0,0.0,5.240999984741211,4.16957141331264,0.32409700751304626,0.0,0.0,0.2557995319366455,4.052660321004924,0.17207281291484833,0.0,0.0,0.0,0.0,0.0,0.17207281291484833,2128.0,0.2557995319366455,-0.17207281291484833,0.059123605489730835,0.3292251229286194,0.9946145415306091
23.001304626464844,179.1363983154297,0.5912483334541321,0.0,0.0,0.0,0.0,0.21276729439707373,-0.0,0.0,5.228642817905971,4.1572142464774,0.3145039975643158,0.0,0.0,0.6772438287734985,2.3640808609761046,0.0,0.0,0.0,0.0,0.0,0.0,0.0,2129.0,0.6772438287734985,0.0,0.12684622406959534,0.605948269367218,0.9176793098449707
22.99455451965332,178.4651641845703,1.2684540748596191,0.0,0.0,0.0,0.0,0.0,-0.0,0.0,5.187071473257882,4.115642901829311,0.3852519989013672,0.0,0.0,1.2004980607032394,0.0,0.0,0.0,0.0,0.0,0.0,0.0,0.0,2130.0,1.3097480535507202,0.0,0.49577122926712036,0.7381108999252319,0.7859411835670471
22.987804412841797,167.78631591796875,2.4688780307769775,0.0,0.0,0.0,0.0,0.0,-0.0,0.0,5.080928611755371,4.0095000403268,0.15199999511241913,0.35464996099472046,0.0,0.0,0.0,0.0,0.0,0.0,0.0,0.0,0.0,0.0,2131.0,-2.468804121017456,0.0,0.9554980993270874,0.5678991675376892,0.5398590564727783
22.981054306030273,167.11508178710938,2.1069271564483643,0.0,0.0,0.0,0.0,0.0,-0.0,0.0,5.021357209341867,3.9499286379132954,0.0,0.4709460139274597,0.0,0.0,0.0,0.0,0.0,0.0,0.0,0.0,0.0,0.0,2132.0,-2.1068639755249023,0.0,0.9454290270805359,0.3575940430164337,0.35316669940948486
22.97430419921875,157.07608032226562,1.6263211965560913,0.0,0.0,0.0,0.0,0.0,-0.0,0.0,5.0052857535226005,3.933857182094029,0.0,0.41366100311279297,0.0,0.0,0.0,0.0,0.0,0.0,0.0,0.0,0.0,0.0,2133.0,-1.626272439956665,0.0,0.9695522785186768,0.27075785398483276,0.12673437595367432
22.967554092407227,154.49839782714844,1.2041820287704468,0.0,0.0,0.0,0.0,0.0,-0.0,0.0,4.99478566305978,3.923357091631208,0.0,0.39861899614334106,0.0,0.0,0.0,0.0,0.0,0.0,0.0,0.0,0.0,0.0,2134.0,-1.204145908355713,0.0,0.9264087080955505,0.15656393766403198,0.05852699279785156
22.960803985595703,147.5333709716797,0.7974040508270264,0.0,0.0,0.0,0.0,0.0,-0.0,0.0,4.9867856979370115,3.9153571265084404,0.0,0.38435301184654236,0.0,0.0,0.0,0.0,0.0,0.0,0.0,0.0,0.0,0.0,2135.0,-0.7973801493644714,0.0,0.9401241540908813,0.08558022975921631,0.023958981037139893
22.95405387878418,146.8621368408203,0.4051949679851532,0.0,0.0,0.0,0.0,0.0,-0.0,0.0,4.9657142639160154,3.8942856924874443,0.0,0.30077099800109863,0.0,0.0,0.0,0.0,0.0,0.0,0.0,0.0,0.0,0.0,2136.0,-0.405182808637619,0.0,0.1969701051712036,0.05297809839248657,0.02897500991821289
22.947303771972656,125.05062103271484,0.0982828438282013,0.0,0.0,0.0,0.0,-0.037744115619532684,-0.0,0.0,4.941928536551339,3.870499965122768,0.0,0.09631429010329029,0.1258137137323878,0.0,0.0,0.0,0.0,0.0,0.0,0.0,0.0,0.0,2137.0,-0.09827990084886551,0.0,0.43701058626174927,0.07684957981109619,0.01542365550994873
22.940553665161133,124.37939453125,2.957791821245337e-6,0.0,0.0,0.0,0.0,-0.0569448016860008,-0.0,0.0,4.917214339120047,3.845785767691476,0.0,0.0,0.18981599807739258,0.0,0.0,0.0,0.0,0.0,0.0,0.0,0.0,0.0,2138.0,0.0,0.0,0.3620809316635132,0.08012160658836365,0.015607237815856934
22.93380355834961,123.70816802978516,2.957703145511914e-6,0.0,0.0,0.0,0.0,-0.051899400925612404,-0.0,0.0,4.885285731724331,3.813857160295759,0.0,0.0,0.17299799621105194,0.0,0.0,0.0,0.0,0.0,0.0,0.0,0.0,0.0,2139.0,0.0,0.0,0.1883249282836914,0.06228223443031311,0.030896127223968506
22.927053451538086,123.03694152832031,2.957614469778491e-6,0.0,0.0,0.0,0.0,-0.048125403051590965,-0.0,0.0,4.853000041416713,3.7815714699881418,0.0,0.0,0.16041800379753113,0.0,0.0,0.0,0.0,0.0,0.0,0.0,0.0,0.0,2140.0,0.0,0.0,0.08316391706466675,0.052936702966690063,0.06183218955993652
22.920303344726562,122.36571502685547,2.9575257940450683e-6,0.0,0.0,0.0,0.0,-0.04681110270067457,-0.0,0.0,4.830214309692383,3.7587857382638115,0.0,0.0,0.15603700280189514,0.0,0.0,0.0,0.0,0.0,0.0,0.0,0.0,0.0,2141.0,0.0,0.0,0.027690798044204712,0.06272432208061218,0.11687090992927551
22.91355323791504,121.69448852539062,2.9574371183116455e-6,0.0,0.0,0.0,0.0,-0.0487242017676115,-0.0,0.0,4.812214251926967,3.7407856804983957,0.0,0.0,0.16241399943828583,0.0,0.0,0.0,0.0,0.0,0.0,0.0,0.0,0.0,2142.0,0.0,0.0,0.00982692837715149,0.12419304251670837,0.1953728199005127
22.906803131103516,121.02326202392578,2.9573484425782226e-6,0.0,0.0,0.0,0.0,-0.05578110290690663,-0.0,0.0,4.798714310782296,3.7272857393537246,0.0,0.0,0.18593700230121613,0.0,0.0,0.0,0.0,0.0,0.0,0.0,0.0,0.0,2143.0,0.0,0.0,0.004421323537826538,0.2436210811138153,0.2555239498615265
22.900053024291992,120.35203552246094,2.9572597668447997e-6,0.0,0.0,0.0,0.0,0.01794826654780164,-0.0,0.0,4.850071443830218,3.778642872401646,0.27689701318740845,0.0,0.0,0.08342526853084564,0.19942516801557392,0.0,0.0,0.0,0.0,0.0,0.0,0.0,2144.0,0.08342526853084564,0.0,0.00833982229232788,0.5774114727973938,0.3084139823913574
22.89330291748047,119.6808090209961,0.08342572301626205,0.0,0.0,0.0,0.0,0.15013669871330393,-0.0,0.0,4.94007146017892,3.868642888750349,0.3118390142917633,0.0,0.0,0.025847967714071274,1.668185408683465,0.0,0.0,0.0,0.0,0.0,0.0,0.0,2145.0,0.025847967714071274,0.0,0.010924369096755981,0.7297297120094299,0.4624301493167877
22.886552810668945,119.00958251953125,0.10927041620016098,0.0,0.0,0.0,0.0,0.1833121752390992,-0.0,0.0,5.030999946594238,3.959571375165667,0.3164609968662262,0.0,0.0,0.0,2.0368017852306366,0.4349870979785919,0.0,0.0,0.0,0.0,0.0,0.4349870979785919,2146.0,-0.10926713794469833,-0.4349870979785919,0.004881381988525391,0.6396292448043823,0.774062991142273
22.879802703857422,143.84815979003906,0.10926713794469833,0.0,0.0,0.0,0.0,0.26423741294840153,-0.0,0.0,5.08785719190325,4.016428620474679,0.31682899594306946,0.0,0.0,0.0,2.9359710216522217,0.0,0.0,0.0,0.0,0.0,0.0,0.0,2147.0,-0.10926385968923569,0.0,0.005533367395401001,0.7662267088890076,0.742193341255188
22.8730525970459,143.1769256591797,0.10926385968923569,0.0,0.0,0.0,0.0,0.2846898537627726,-0.0,0.0,5.133000046866281,4.0615714754377095,0.3062939941883087,0.0,0.0,0.0,3.1632203459739685,0.5119355320930481,0.0,0.0,0.0,0.0,0.0,0.5119355320930481,2148.0,-0.10926058143377304,-0.5119355320930481,0.003511399030685425,0.6203852891921997,0.9617010951042175
22.866302490234375,173.87026977539062,0.10926058143377304,0.0,0.0,0.0,0.0,0.40942793030091373,-0.0,0.0,5.176214299883161,4.10478572845459,0.31632301211357117,0.0,0.0,0.0,4.549198864027858,0.015578510239720345,0.0,0.0,0.0,0.0,0.0,0.015578510239720345,2149.0,-0.1092573031783104,-0.015578510239720345,0.008042067289352417,0.5447505116462708,0.9651707410812378
22.85955238342285,174.42539978027344,0.1092573031783104,0.0,0.0,0.0,0.0,0.42903022226931226,-0.0,0.0,5.216571480887277,4.145142909458706,0.3280690014362335,0.0,0.0,0.0,4.767002090811729,0.0529790073633194,0.0,0.0,0.0,0.0,0.0,0.0529790073633194,2150.0,0.0011083448771387339,-0.0529790073633194,0.011033564805984497,0.38393816351890564,0.9872980117797852
22.852802276611328,177.96575927734375,0.10925402492284775,0.0,0.0,0.0,0.0,0.3935923413719716,-0.0,0.0,5.248571477617536,4.177142906188965,0.3140439987182617,0.0,0.0,0.05721687898039818,4.373247889911828,0.1354237198829651,0.0,0.0,0.0,0.0,0.0,0.1354237198829651,2151.0,0.05721687898039818,-0.1354237198829651,0.01664409041404724,0.32738471031188965,0.9939694404602051
22.846052169799805,179.03318786621094,0.1664659082889557,0.0,0.0,0.0,0.0,0.33814162945560705,-0.0,0.0,5.271071379525321,4.199642808096749,0.32409700751304626,0.0,0.0,0.221552774310112,3.757128917583626,0.0,0.0,0.0,0.0,0.0,0.0,0.0,2152.0,0.221552774310112,0.0,0.03879886865615845,0.43964624404907227,0.9745408892631531
22.83930206298828,178.36195373535156,0.3880070447921753,0.0,0.0,0.0,0.0,0.17454547412438284,-0.0,0.0,5.273214285714285,4.201785714285714,0.3145039975643158,0.0,0.0,0.6502810120582581,1.9393940028083965,0.0,0.0,0.0,0.0,0.0,0.0,0.0,2153.0,0.6502810120582581,0.0,0.10382580757141113,0.6406420469284058,0.8794776797294617
22.832551956176758,177.6907196044922,1.0382568836212158,0.0,0.0,0.0,0.0,0.0,-0.0,0.0,5.249214254106794,4.1777856826782225,0.3852519989013672,0.0,0.0,1.0561930027532185,0.0,0.0,0.0,0.0,0.0,0.0,0.0,0.0,2154.0,1.1547479629516602,0.0,0.42186614871025085,0.7051072716712952,0.7687169313430786
22.825801849365234,165.02743530273438,2.0943870544433594,0.0,0.0,0.0,0.0,0.0,-0.0,0.0,5.154214259556362,4.082785688127791,0.13965000212192535,0.3669999837875366,0.0,0.0,0.0,0.0,0.0,0.0,0.0,0.0,0.0,0.0,2155.0,-2.0943243503570557,0.0,0.9465356469154358,0.4920005202293396,0.4720768630504608
22.81905174255371,164.356201171875,1.7198457717895508,0.0,0.0,0.0,0.0,0.0,-0.0,0.0,5.079785701206752,4.008357129778181,0.0,0.4709460139274597,0.0,0.0,0.0,0.0,0.0,0.0,0.0,0.0,0.0,0.0,2156.0,-1.7197941541671753,0.0,0.9724410772323608,0.2985450029373169,0.2527657151222229
22.812301635742188,163.68496704101562,1.2392514944076538,0.0,0.0,0.0,0.0,0.0,-0.0,0.0,5.05728566305978,3.985857091631208,0.0,0.4277629852294922,0.0,0.0,0.0,0.0,0.0,0.0,0.0,0.0,0.0,0.0,2157.0,-1.239214301109314,0.0,0.9655604958534241,0.14273083209991455,0.11848196387290955
22.805551528930664,163.01373291015625,0.8027346134185791,0.0,0.0,0.0,0.0,0.0,-0.0,0.0,5.042500032697405,3.9710714612688336,0.0,0.39861899614334106,0.0,0.0,0.0,0.0,0.0,0.0,0.0,0.0,0.0,0.0,2158.0,-0.8027105331420898,0.0,0.9470528364181519,0.06777414679527283,0.05392754077911377
22.79880142211914,162.34249877929688,0.3959686756134033,0.0,0.0,0.0,0.0,-0.012547614118649202,-0.0,0.0,5.029142870221819,3.9577142987932477,0.0,0.388037627143035,0.04182537873350611,0.0,0.0,0.0,0.0,0.0,0.0,0.0,0.0,0.0,2159.0,-0.395956814289093,0.0,0.25892025232315063,0.02491694688796997,0.06201314926147461
22.792051315307617,134.9370880126953,1.1920571523660328e-5,0.0,0.0,0.0,0.0,-0.09023130298579929,-0.0,0.0,5.011714335850307,3.9402857644217355,0.0,0.0,0.30077099800109863,0.0,0.0,0.0,0.0,0.0,0.0,0.0,0.0,0.0,2160.0,0.0,0.0,0.0010997653007507324,0.02998107671737671,0.12616872787475586
22.785301208496094,88.70291900634766,1.1920214092242531e-5,0.0,0.0,0.0,0.0,-0.06663840379867558,-0.0,0.0,4.992714282444545,3.921285711015974,0.0,0.0,0.2221280038356781,0.0,0.0,0.0,0.0,0.0,0.0,0.0,0.0,0.0,2161.0,0.0,0.0,0.0009054243564605713,0.21835660934448242,0.04588088393211365
22.77855110168457,69.18606567382812,1.1919856660824735e-5,0.0,0.0,0.0,0.0,-0.0569448016860008,-0.0,0.0,4.973500061035156,3.902071489606585,0.0,0.0,0.18981599807739258,0.0,0.0,0.0,0.0,0.0,0.0,0.0,0.0,0.0,2162.0,0.0,0.0,0.005612373352050781,0.4107325077056885,0.020174771547317505
22.771800994873047,68.51483917236328,1.1919499229406938e-5,0.0,0.0,0.0,0.0,-0.051899400925612404,-0.0,0.0,4.9537143162318635,3.8822857448032924,0.0,0.0,0.17299799621105194,0.0,0.0,0.0,0.0,0.0,0.0,0.0,0.0,0.0,2163.0,0.0,0.0,0.0015399158000946045,0.3656129837036133,0.051749080419540405
22.765050888061523,67.84361267089844,1.1919141797989141e-5,0.0,0.0,0.0,0.0,-0.048125403051590965,-0.0,0.0,4.930999973842075,3.859571402413504,0.0,0.0,0.16041800379753113,0.0,0.0,0.0,0.0,0.0,0.0,0.0,0.0,0.0,2164.0,0.0,0.0,0.0003860890865325928,0.3400478959083557,0.1443435549736023
22.75830078125,67.1723861694336,1.1918784366571344e-5,0.0,0.0,0.0,0.0,-0.07928480075934718,-0.0,0.0,4.90799993787493,3.8365713664463588,0.0,0.0,0.15603700280189514,0.0,0.0,0.0,0.10824565589427948,0.0,0.0,0.0,0.0,0.10824565589427948,2165.0,0.0,-0.10824565589427948,0.00011792778968811035,0.33576637506484985,0.3404221534729004
22.751550674438477,74.46562957763672,1.1918426935153548e-5,0.0,0.0,0.0,0.0,-0.12770130396689172,-0.0,0.0,4.88835710797991,3.8169285365513392,0.0,0.0,0.16241399943828583,0.0,0.0,0.0,0.2632569968700409,0.0,0.0,0.0,0.0,0.2632569968700409,2166.0,0.0,-0.2632569968700409,0.00012987852096557617,0.3277340531349182,0.45666876435279846
22.744800567626953,93.0650863647461,1.1918069503735751e-5,0.0,0.0,0.0,0.0,-0.21896084076010514,-0.0,0.0,4.87749993460519,3.8060713631766183,0.0,0.0,0.18593700230121613,0.0,0.0,0.0,0.5439324378967285,0.0,0.0,0.0,0.0,0.5439324378967285,2167.0,0.0,-0.5439324378967285,7.617473602294922e-5,0.4266356825828552,0.6003370881080627
22.73805046081543,116.05201721191406,1.1917712072317954e-5,0.0,0.0,0.0,0.0,0.011134803135917134,-0.0,0.0,4.9253570829118996,3.8539285114833284,0.27689701318740845,0.0,0.0,0.019828282296657562,0.12372002501113932,0.0,0.0,0.0,0.0,0.0,0.0,0.0,2168.0,0.019828282296657562,0.0,0.001981019973754883,0.5636457204818726,0.4436248540878296
22.731300354003906,100.84929656982422,0.019839605316519737,0.0,0.0,0.0,0.0,-0.14116179694702125,-0.0,0.0,5.012785720825195,3.941357149396624,0.3118390142917633,0.0,0.0,0.0,0.0,1.9615107774734497,0.47053930445918546,0.0,0.019442227637677334,0.0,0.0,2.4514923095703125,2169.0,-0.019839011132717133,-2.4514923095703125,0.0001398026943206787,0.007080972194671631,0.9999794960021973
22.724550247192383,179.9947967529297,5.97891187226196e-7,0.0,0.0,0.0,0.0,0.3649358463861175,-0.0,0.0,5.146499988010952,4.0750714165823805,0.3164609968662262,0.0,0.0,0.2379896193742752,4.0548424153735985,0.0,0.0,0.0,0.0,0.0,0.0,0.0,2170.0,0.2379896193742752,0.0,0.023796021938323975,0.6206961274147034,0.9199536442756653
22.71780014038086,154.04933166503906,0.2379830777645111,0.0,0.0,0.0,0.0,0.5062041690909178,-0.0,0.0,5.2464999607631135,4.175071389334542,0.31682899594306946,0.0,0.0,0.0,5.624490320682526,0.29923003911972046,0.0,0.0,0.0,0.0,0.0,0.29923003911972046,2171.0,-0.23797594010829926,-0.29923003911972046,0.021626800298690796,0.48290500044822693,0.9833701252937317
22.711050033569336,177.33729553222656,0.23797594010829926,0.0,0.0,0.0,0.0,0.6023227242309954,-0.0,0.0,5.309714262826102,4.238285691397531,0.3062939941883087,0.0,0.0,0.08929667621850967,6.692474181807655,0.13771241903305054,0.0,0.0,0.0,0.0,0.0,0.13771241903305054,2172.0,0.08929667621850967,-0.13771241903305054,0.03272426128387451,0.3235703408718109,0.9986406564712524
22.71780014038086,179.78057861328125,0.327262818813324,0.0,0.0,0.0,0.0,0.63082149273725,-0.0,0.0,5.35478572845459,4.2833571570260185,0.31632301211357117,0.0,0.0,0.0,7.009127140045166,0.0,0.0,0.0,0.0,0.0,0.0,0.0,2173.0,-0.3272530138492584,-0.008915340527892113,0.027850568294525146,0.23637869954109192,0.9990227222442627
22.724550247192383,179.10934448242188,0.3272530138492584,0.0,0.0,0.0,0.0,0.564006121278293,-0.0,0.0,5.383714348929269,4.312285777500698,0.3280690014362335,0.0,0.0,0.0,6.266734182834625,0.18724626302719116,0.0,0.0,0.0,0.0,0.0,0.18724626302719116,2174.0,-0.32724320888519287,-0.18724626302719116,0.029237747192382812,0.1814691424369812,0.9997620582580566
22.731300354003906,179.9600067138672,0.32724320888519287,0.0,0.0,0.0,0.0,0.494996048211735,-0.0,0.0,5.399071366446359,4.327642795017788,0.3140439987182617,0.0,0.0,0.0,5.499955654144287,0.0,0.0,0.0,0.0,0.0,0.0,0.0,2175.0,-0.3272334039211273,0.0,0.0175744891166687,0.23145711421966553,0.9977056980133057
22.73805046081543,179.2887725830078,0.3272334039211273,0.0,0.0,0.0,0.0,0.4049148023060781,-0.0,0.0,5.4048571722848076,4.3334286008562355,0.32409700751304626,0.0,0.0,0.0,4.499053001403809,0.0,0.0,0.0,0.0,0.0,0.0,0.0,2176.0,-0.32722359895706177,0.0,0.02768319845199585,0.33138954639434814,0.9915120601654053
22.744800567626953,178.61753845214844,0.32722359895706177,0.0,0.0,0.0,0.0,0.21484479101445175,-0.0,0.0,5.393857084001813,4.322428512573242,0.3145039975643158,0.0,0.0,0.3092212975025177,2.387164154890254,0.0,0.0,0.0,0.0,0.0,0.0,0.0,2177.0,0.3092212975025177,0.0,0.0636414885520935,0.6040882468223572,0.905861496925354
22.751550674438477,177.94630432128906,0.636425793170929,0.0,0.0,0.0,0.0,0.0,-0.0,0.0,5.357571411132812,4.286142839704241,0.3852519989013672,0.0,0.0,0.9658860275382608,0.0,0.0,0.0,0.0,0.0,0.0,0.0,0.0,2178.0,1.0577479600906372,0.0,0.5726775527000427,0.6819277405738831,0.6554734706878662
22.75830078125,177.2750701904297,1.6022638082504272,0.0,0.0,0.0,0.0,0.0,-0.0,0.0,5.2513571602957585,4.179928588867187,0.10260000079870224,0.40404996275901794,0.0,0.0,0.0,0.0,0.0,0.0,0.0,0.0,0.0,0.0,2179.0,-1.6022157669067383,0.0,0.8735281229019165,0.3438640832901001,0.5037965178489685
22.751550674438477,167.2743377685547,1.1899322271347046,0.0,0.0,0.0,0.0,0.0,-0.0,0.0,5.181357192993164,4.109928621564593,0.0,0.4709460139274597,0.0,0.0,0.0,0.0,0.0,0.0,0.0,0.0,0.0,0.0,2180.0,-1.189896583557129,0.0,0.9600759744644165,0.2051824927330017,0.2036800980567932
22.744800567626953,166.6031036376953,0.7093538045883179,0.0,0.0,0.0,0.0,0.0,-0.0,0.0,5.149499974931989,4.078071403503418,0.0,0.4234369993209839,0.0,0.0,0.0,0.0,0.0,0.0,0.0,0.0,0.0,0.0,2181.0,-0.7093325257301331,0.0,0.9397543668746948,0.08794724941253662,0.0945206880569458
22.73805046081543,165.93186950683594,0.2772669196128845,0.0,0.0,0.0,0.0,-0.038071677730339426,-0.0,0.0,5.125785773141043,4.054357201712472,0.0,0.2717134087516513,0.12690558739168978,0.0,0.0,0.0,0.0,0.0,0.0,0.0,0.0,0.0,2182.0,-0.27725860476493835,0.0,0.9118852615356445,0.033957868814468384,0.04464542865753174
22.731300354003906,165.26063537597656,8.3444001575117e-6,0.0,0.0,0.0,0.0,-0.11530590813580766,-0.0,0.0,5.1066428048270085,4.035214233398437,0.0,0.0,0.38435301184654236,0.0,0.0,0.0,0.0,0.0,0.0,0.0,0.0,0.0,2183.0,0.0,0.0,0.7432934045791626,0.012419164180755615,0.03112870454788208
22.724550247192383,156.44296264648438,8.344150046468712e-6,0.0,0.0,0.0,0.0,-0.09023130298579929,-0.0,0.0,5.09242856161935,4.020999990190779,0.0,0.0,0.30077099800109863,0.0,0.0,0.0,0.0,0.0,0.0,0.0,0.0,0.0,2184.0,0.0,0.0,0.850005030632019,0.011716604232788086,0.015062659978866577
22.71780014038086,155.771728515625,8.343899935425725e-6,0.0,0.0,0.0,0.0,-0.06663840379867558,-0.0,0.0,5.077571405683245,4.006142834254673,0.0,0.0,0.2221280038356781,0.0,0.0,0.0,0.0,0.0,0.0,0.0,0.0,0.0,2185.0,0.0,0.0,0.7781400680541992,0.008649200201034546,0.014703929424285889
22.711050033569336,155.10049438476562,8.343649824382737e-6,0.0,0.0,0.0,0.0,-0.0569448016860008,-0.0,0.0,5.060714258466448,3.9892856870378766,0.0,0.0,0.18981599807739258,0.0,0.0,0.0,0.0,0.0,0.0,0.0,0.0,0.0,2186.0,0.0,0.0,0.7300617694854736,0.00936657190322876,0.014474958181381226
22.704299926757812,154.42926025390625,8.34339971333975e-6,0.0,0.0,0.0,0.0,-0.051899400925612404,-0.0,0.0,5.043500028337751,3.9720714569091795,0.0,0.0,0.17299799621105194,0.0,0.0,0.0,0.0,0.0,0.0,0.0,0.0,0.0,2187.0,0.0,0.0,0.1235707700252533,0.009070426225662231,0.032771557569503784
22.69754981994629,141.09246826171875,8.343149602296762e-6,0.0,0.0,0.0,0.0,-0.048125403051590965,-0.0,0.0,5.026142883300781,3.95471431187221,0.0,0.0,0.16041800379753113,0.0,0.0,0.0,0.0,0.0,0.0,0.0,0.0,0.0,2188.0,0.0,0.0,0.17105966806411743,0.016324281692504883,0.042115092277526855
22.690799713134766,140.42123413085938,8.342899491253775e-6,0.0,0.0,0.0,0.0,-0.04681110270067457,-0.0,0.0,5.001499938964844,3.9300713675362724,0.0,0.0,0.15603700280189514,0.0,0.0,0.0,0.0,0.0,0.0,0.0,0.0,0.0,2189.0,0.0,0.0,0.06904739141464233,0.02070450782775879,0.07526540756225586
22.684049606323242,139.75,8.342649380210787e-6,0.0,0.0,0.0,0.0,-0.0487242017676115,-0.0,0.0,4.986428615025112,3.91500004359654,0.0,0.0,0.16241399943828583,0.0,0.0,0.0,0.0,0.0,0.0,0.0,0.0,0.0,2190.0,0.0,0.0,0.025724142789840698,0.04546055197715759,0.12275820970535278
22.67729949951172,139.07876586914062,8.3423992691678e-6,0.0,0.0,0.0,0.0,-0.05578110290690663,-0.0,0.0,4.956499998910086,3.885071427481515,0.0,0.0,0.18593700230121613,0.0,0.0,0.0,0.0,0.0,0.0,0.0,0.0,0.0,2191.0,0.0,0.0,0.009162724018096924,0.1096487045288086,0.17485809326171875
22.670549392700195,138.40753173828125,8.342149158124812e-6,0.0,0.0,0.0,0.0,-0.0537141076212766,-0.0,0.0,4.914642824445452,3.8432142530168805,0.097850002348423,0.0,0.17904701828956604,0.0,0.0,0.0,0.0,0.0,0.0,0.0,0.0,0.0,2192.0,0.0,0.0,0.009286671876907349,0.3029235601425171,0.22872334718704224
22.663799285888672,137.73629760742188,8.341899047081824e-6,0.0,0.0,0.0,0.0,0.027798349647305483,-0.0,0.0,4.8924286161150246,3.8210000446864534,0.3118390142917633,0.0,0.0,0.04185130447149277,0.30887052708990304,0.012985052540898323,0.0,0.0,0.0,0.0,0.012985052540898323,0.0,2193.0,0.04185130447149277,0.012985052540898323,0.004182964563369751,0.733318567276001,0.40129590034484863
22.66657829284668,126.84628295898438,0.04185838997364044,0.0,0.0,0.0,0.0,0.058156027945361496,-0.0,0.0,4.892857088361468,3.821428516932896,0.3164609968662262,0.0,0.0,0.0,0.6461780369281769,0.49561092257499695,0.0,0.0,0.0,0.0,0.49561092257499695,0.0,2194.0,0.0008673111442476511,0.49561092257499695,0.0042695701122283936,0.8047173023223877,0.4642941355705261
23.023571014404297,126.17505645751953,0.04185713455080986,0.0,0.0,0.0,0.0,0.16574141150644633,-0.0,0.0,4.909071459089007,3.837642887660435,0.31682899594306946,0.0,0.0,0.0,1.8415710926055908,0.0,0.0,0.0,0.0,0.0,0.0,0.0,2195.0,0.0012777524534612894,0.0,0.004310488700866699,0.8022384643554688,0.6150953769683838
23.016820907592773,125.50382995605469,0.04185587912797928,0.0,0.0,0.0,0.0,0.19957145667643902,-0.0,0.0,4.927428599766323,3.856000028337751,0.3062939941883087,0.0,0.0,0.0,2.2174604535102844,0.33479565382003784,0.0,0.0,0.0,0.0,0.0,0.33479565382003784,2196.0,-0.0418546237051487,-0.33479565382003784,0.00390470027923584,0.7515711784362793,0.8099548816680908
23.01007080078125,149.59085083007812,0.0418546237051487,0.0,0.0,0.0,0.0,0.2857495388699909,-0.0,0.0,4.943642834254673,3.872214262826102,0.31632301211357117,0.0,0.0,0.04193629324436188,3.174994624007325,0.17849019169807434,0.0,0.0,0.0,0.0,0.0,0.17849019169807434,2197.0,0.04193629324436188,-0.17849019169807434,0.008376091718673706,0.7034091949462891,0.8886027932167053
23.003320693969727,162.17453002929688,0.08378840237855911,0.0,0.0,0.0,0.0,0.3035242961050226,-0.0,0.0,4.956428609575544,3.8850000381469725,0.3280690014362335,0.0,0.0,0.1006142646074295,3.3724919109231135,0.33972156047821045,0.0,0.0,0.0,0.0,0.0,0.33972156047821045,2198.0,0.1006142646074295,-0.33972156047821045,0.01843726634979248,0.5552767515182495,0.9702332615852356
22.996570587158203,175.2353973388672,0.1843971312046051,0.0,0.0,0.0,0.0,0.29263160546342015,-0.0,0.0,4.955928611755371,3.8845000403267997,0.3140439987182617,0.0,0.0,0.060362089425325394,3.2514620245239,0.0,0.0,0.0,0.0,0.0,0.0,0.0,2199.0,0.060362089425325394,0.0,0.024472922086715698,0.6458265781402588,0.9150753021240234
22.98982048034668,174.5641632080078,0.24475188553333282,0.0,0.0,0.0,0.0,0.1203113150711573,-0.0,0.0,4.930499976021903,3.8590714045933314,0.32409700751304626,0.0,0.0,0.5778675079345703,1.336792283440818,0.0,0.0,0.0,0.0,0.0,0.0,0.0,2200.0,0.5778675079345703,0.0,0.08225893974304199,0.7559454441070557,0.8507081270217896
22.983070373535156,163.2484588623047,0.8225947022438049,0.0,0.0,0.0,0.0,0.0,-0.0,0.0,4.892500005449567,3.821071434020996,0.5026990175247192,0.0,0.0,0.8759249714622683,0.0,0.0,0.0,0.0,0.0,0.0,0.0,0.0,2201.0,0.9673010110855103,0.0,0.816779613494873,0.7914541363716125,0.6327320337295532
22.976320266723633,162.5772247314453,1.698468804359436,0.0,0.0,0.0,0.0,0.0,-0.0,0.0,4.84285717010498,3.771428598676409,0.3852519989013672,0.0,0.0,0.22760299410339258,0.0,0.0,0.0,0.0,0.0,0.0,0.0,0.0,2202.0,0.2647479772567749,0.0,0.7453721761703491,0.7338067293167114,0.6908201575279236
22.96957015991211,154.38525390625,1.9260140657424927,0.0,0.0,0.0,0.0,0.0,-0.0,0.0,4.794071415492466,3.7226428440638952,0.04560000076889992,0.46104997396469116,0.0,0.0,0.0,0.0,0.0,0.0,0.0,0.0,0.0,0.0,2203.0,-1.92595636844635,0.0,0.9833774566650391,0.4547867178916931,0.38698938488960266
22.962820053100586,153.71401977539062,1.4555113315582275,0.0,0.0,0.0,0.0,0.0,-0.0,0.0,4.7626428740365165,3.691214370727539,0.0,0.4709460139274597,0.0,0.0,0.0,0.0,0.0,0.0,0.0,0.0,0.0,0.0,2204.0,-1.455467700958252,0.0,0.98255854845047,0.2993440628051758,0.21337121725082397
22.956069946289062,153.04278564453125,0.9749249815940857,0.0,0.0,0.0,0.0,0.0,-0.0,0.0,4.737642846788678,3.6662142072405133,0.0,0.41366100311279297,0.0,0.0,0.0,0.0,0.0,0.0,0.0,0.0,0.0,0.0,2205.0,-0.9748957753181458,0.0,0.970260500907898,0.22057411074638367,0.11181554198265076
22.94931983947754,152.37155151367188,0.5528053641319275,0.0,0.0,0.0,0.0,0.0,-0.0,0.0,4.714428574698312,3.6430000032697403,0.0,0.39861899614334106,0.0,0.0,0.0,0.0,0.0,0.0,0.0,0.0,0.0,0.0,2206.0,-0.5527887940406799,0.0,0.9523942470550537,0.11735308170318604,0.057008445262908936
22.942569732666016,151.7003173828125,0.14604692161083221,0.0,0.0,0.0,0.0,-0.07236940301812793,-0.0,0.0,4.694714287349155,3.6232857840401786,0.0,0.14312167803845455,0.2412313338080878,0.0,0.0,0.0,0.0,0.0,0.0,0.0,0.0,0.0,2207.0,-0.14604254066944122,0.0,0.8155544400215149,0.058982670307159424,0.04045063257217407
22.935819625854492,142.0938720703125,4.3957106754533015e-6,0.0,0.0,0.0,0.0,-0.09023130298579929,-0.0,0.0,4.675214304242815,3.6037857328142437,0.0,0.0,0.30077099800109863,0.0,0.0,0.0,0.0,0.0,0.0,0.0,0.0,0.0,2208.0,0.0,0.0,0.9082457423210144,0.053282976150512695,0.02257227897644043
22.92906951904297,141.42263793945312,4.3955787987215444e-6,0.0,0.0,0.0,0.0,-0.06663840379867558,-0.0,0.0,4.655214255196707,3.583785683768136,0.0,0.0,0.2221280038356781,0.0,0.0,0.0,0.0,0.0,0.0,0.0,0.0,0.0,2209.0,0.0,0.0,0.8602308630943298,0.04015249013900757,0.023892194032669067
22.922319412231445,140.75140380859375,4.395446921989787e-6,0.0,0.0,0.0,0.0,-0.0569448016860008,-0.0,0.0,4.629357147216797,3.5579285757882255,0.0,0.0,0.18981599807739258,0.0,0.0,0.0,0.0,0.0,0.0,0.0,0.0,0.0,2210.0,0.0,0.0,0.5695286989212036,0.04605630040168762,0.02912810444831848
22.915569305419922,131.9739227294922,4.39531504525803e-6,0.0,0.0,0.0,0.0,-0.051899400925612404,-0.0,0.0,4.600642830984933,3.5292142595563614,0.0,0.0,0.17299799621105194,0.0,0.0,0.0,0.0,0.0,0.0,0.0,0.0,0.0,2211.0,0.0,0.0,0.5650179982185364,0.04633679986000061,0.04064089059829712
22.9088191986084,130.4357452392578,4.395183168526273e-6,0.0,0.0,0.0,0.0,-0.048125403051590965,-0.0,0.0,4.574928501674107,3.503499930245536,0.0,0.0,0.16041800379753113,0.0,0.0,0.0,0.0,0.0,0.0,0.0,0.0,0.0,2212.0,0.0,0.0,0.005894005298614502,0.10721546411514282,0.21530777215957642
22.902069091796875,104.81855010986328,4.395051291794516e-6,0.0,0.0,0.0,0.0,-0.04681110270067457,-0.0,0.0,4.550357219151088,3.4789286477225168,0.0,0.0,0.15603700280189514,0.0,0.0,0.0,0.0,0.0,0.0,0.0,0.0,0.0,2213.0,0.0,0.0,0.01737368106842041,0.11440646648406982,0.1901024580001831
22.89531898498535,104.14732360839844,4.394919415062759e-6,0.0,0.0,0.0,0.0,-0.0487242017676115,-0.0,0.0,4.532000078473772,3.460571507045201,0.0,0.0,0.16241399943828583,0.0,0.0,0.0,0.0,0.0,0.0,0.0,0.0,0.0,2214.0,0.0,0.0,0.006307929754257202,0.17636126279830933,0.2951246500015259
22.888568878173828,103.4760971069336,4.394787538331002e-6,0.0,0.0,0.0,0.0,-0.05578110290690663,-0.0,0.0,4.526571491786411,3.4551429203578405,0.0,0.0,0.18593700230121613,0.0,0.0,0.0,0.0,0.0,0.0,0.0,0.0,0.0,2215.0,0.0,0.0,0.003243952989578247,0.27843618392944336,0.36123931407928467
22.881818771362305,102.80487060546875,4.394655661599245e-6,0.0,0.0,0.0,0.0,0.020164947641966666,-0.0,0.0,4.57778570992606,3.506357138497489,0.27689701318740845,0.0,0.0,0.25945305824279785,0.2240549559933412,0.0,0.0,0.0,0.0,0.0,0.0,0.0,2216.0,0.25945305824279785,0.0,0.025942742824554443,0.3706246018409729,0.3721804618835449
22.690696716308594,102.1336441040039,0.25944966077804565,0.0,0.0,0.0,0.0,0.1642776441000012,-0.0,0.0,4.682571424756731,3.611142785208566,0.3118390142917633,0.0,0.0,0.0,1.825307011604309,1.086203694343567,0.0,0.0,0.0,0.0,0.0,1.086203694343567,2217.0,-0.25944188237190247,-1.086203694343567,0.023443400859832764,0.4650949239730835,0.8483172059059143
22.68393898010254,155.7288360595703,0.25944188237190247,0.0,0.0,0.0,0.0,0.35593167807990583,-0.0,0.0,4.750428553989956,3.678999982561384,0.3164609968662262,0.0,0.0,1.1711419820785522,3.9547961088111023,0.0,0.0,0.0,0.0,0.0,0.0,0.0,2218.0,1.1711419820785522,0.0,0.14305537939071655,0.658463180065155,0.8389812111854553
22.677188873291016,146.41441345214844,1.430540919303894,0.0,0.0,0.0,0.0,0.4408827255016762,-0.0,0.0,4.787571443830218,3.716142872401646,0.31682899594306946,0.0,0.0,1.442621111869812,4.898696560705192,0.4203115701675415,0.0,0.0,0.0,0.0,0.0,0.4203115701675415,2219.0,1.442621111869812,-0.4203115701675415,0.28731319308280945,0.5936945676803589,0.973124623298645
22.670438766479492,175.69801330566406,2.8730759620666504,0.0,0.0,0.0,0.0,0.2336333908468858,-0.0,0.0,4.800571387154715,3.729142815726144,0.8031650185585022,0.0,0.0,4.599999904632568,2.5959263586597023,0.06278159469366074,0.0,0.0,0.0,0.0,0.06278159469366074,0.0,2220.0,4.599999904632568,0.06278159469366074,0.9394998550415039,0.7417823672294617,0.9674872159957886
22.70889663696289,156.0364990234375,7.472851753234863,0.0,0.0,0.0,0.0,0.5560333068535923,-0.0,0.0,4.803428595406668,3.732000023978097,0.31632301211357117,0.0,0.0,0.7717947363853455,6.178147362933755,1.35823392868042,0.0,0.0,0.0,0.0,0.0,1.35823392868042,2221.0,0.7717947363853455,-1.35823392868042,0.8244616389274597,0.47343364357948303,0.9999992251396179
22.702146530151367,179.99795532226562,8.244399070739746,0.0,0.0,0.0,0.0,0.7423678797378409,-0.0,0.0,4.802642904009137,3.7312143325805662,0.3280690014362335,0.0,0.0,0.0,8.248531341552734,0.0,0.0,0.0,0.0,0.0,0.0,0.0,2222.0,-4.599999904632568,0.0,0.6878442168235779,0.4315667152404785,0.9987874031066895
22.695396423339844,179.32672119140625,8.244152069091797,0.0,0.0,0.0,0.0,0.6846286245264478,-0.0,0.0,4.798714310782296,3.7272857393537246,0.3140439987182617,0.0,0.0,0.0,7.606984112411737,0.017171885818243027,0.0,0.0,0.0,0.0,0.0,0.017171885818243027,2223.0,-4.599999904632568,-0.017171885818243027,0.5712997913360596,0.40563350915908813,0.999280571937561
22.68864631652832,179.88296508789062,8.243905067443848,0.0,0.0,0.0,0.0,0.566038071794354,-0.0,0.0,4.79035712650844,3.7189285550798687,0.41388899087905884,0.0,0.0,0.0,6.289311408996582,0.0,0.0,0.0,0.0,0.0,0.0,0.0,2224.0,-4.599999904632568,0.0,0.6680132150650024,0.4992567002773285,0.9978153109550476
22.681896209716797,179.21173095703125,8.243658065795898,0.0,0.0,0.0,0.0,0.4070932091573425,-0.0,0.0,4.773642826080322,3.702214322771345,0.3145039975643158,0.0,0.0,0.0,4.52325752004981,0.013888094574213028,0.0,0.0,0.0,0.0,0.0,0.013888094574213028,2225.0,-4.599999904632568,-0.013888094574213028,0.30619916319847107,0.647733747959137,0.9970530271530151
22.675146102905273,179.5265655517578,8.24341106414795,0.0,0.0,0.0,0.0,0.11430947556570917,-0.0,0.0,4.744785731179373,3.673357227870396,0.3852519989013672,0.0,0.0,0.0,1.2701051831245422,0.8070427775382996,0.0,0.0,0.0,0.0,0.8070427775382996,0.0,2226.0,-4.599999904632568,0.8070427775382996,0.3342544734477997,0.8485594987869263,0.9865261316299438
23.242782592773438,178.85533142089844,8.2431640625,0.0,0.0,0.0,0.0,0.0,-0.0,0.0,4.69007146017892,3.618642888750349,0.17765000462532043,0.32899996638298035,0.0,0.0,0.0,0.0,0.0,0.0,0.6568962931632996,0.0,0.6568962931632996,0.0,2227.0,-4.599999904632568,0.6568962931632996,0.7926840782165527,0.9396360516548157,0.9646100997924805
23.698165893554688,178.18409729003906,7.2369303703308105,0.0,0.0,0.0,0.0,0.0,-0.0,0.0,4.646642902919224,3.575214331490653,0.0,0.4709460139274597,0.0,0.0,0.0,0.0,0.0,0.0,0.0,0.0,0.0,0.0,2228.0,-4.599999904632568,0.0,0.8094654083251953,0.9330102205276489,0.9111461043357849
23.691415786743164,163.67083740234375,6.756170749664307,0.0,0.0,0.0,0.0,0.0,-0.0,0.0,4.635642950875418,3.564214379446847,0.0,0.5317410230636597,0.0,0.0,0.0,0.0,0.0,0.0,0.0,0.0,0.0,0.0,2229.0,-4.599999904632568,0.0,0.9438654780387878,0.8769505023956299,0.7153831720352173
23.68466567993164,154.50628662109375,6.2133917808532715,0.0,0.0,0.0,0.0,0.0,-0.0,0.0,4.625071334838867,3.553642763410296,0.0,0.45084699988365173,0.0,0.0,0.0,0.0,0.0,0.0,0.0,0.0,0.0,0.0,2230.0,-4.599999904632568,0.0,0.8091307282447815,0.8773555159568787,0.49386194348335266
23.677915573120117,143.8822784423828,5.753171443939209,0.0,0.0,0.0,0.0,0.0,-0.0,0.0,4.603928647722516,3.532500076293945,0.0,0.38435301184654236,0.0,0.0,0.0,0.0,0.0,0.0,0.0,0.0,0.0,0.0,2231.0,-4.599999904632568,0.0,0.7849095463752747,0.8760186433792114,0.27966368198394775
23.671165466308594,143.21104431152344,5.360813617706299,0.0,0.0,0.0,0.0,0.0,-0.0,0.0,4.570928519112723,3.4994999476841517,0.0,0.30077099800109863,0.0,0.0,0.0,0.0,0.0,0.0,0.0,0.0,0.0,0.0,2232.0,-4.599999904632568,0.0,0.42958831787109375,0.884040892124176,0.21976250410079956
23.66441535949707,142.53981018066406,5.053752899169922,0.0,0.0,0.0,0.0,0.0,-0.0,0.0,4.5257856641496925,3.454357092721122,0.0,0.2221280038356781,0.0,0.0,0.0,0.0,0.0,0.0,0.0,0.0,0.0,0.0,2233.0,-4.599999904632568,0.0,0.11863917112350464,0.8921327590942383,0.20144551992416382
23.657665252685547,141.8685760498047,4.82694673538208,0.0,0.0,0.0,0.0,0.0,-0.0,0.0,4.585785675048828,3.5143571036202568,0.0,0.20841699838638306,0.0,0.0,0.0,0.0,0.0,0.0,0.0,0.0,0.0,0.0,2234.0,-4.599999904632568,0.0,0.021117568016052246,0.9015794992446899,0.2199222445487976
23.650915145874023,131.03697204589844,4.614138126373291,0.0,0.0,0.0,0.0,0.0,-0.0,0.0,4.560571343558175,3.4891427721296036,0.0,0.19043999910354614,0.0,0.0,0.0,0.0,0.0,0.0,0.0,0.0,0.0,0.0,2235.0,-4.599999904632568,0.0,0.052356451749801636,0.5927039980888367,0.08908984065055847
23.461347579956055,129.13845825195312,4.419679164886475,0.0,0.0,0.0,0.0,0.0,-0.0,0.0,4.553571374075753,3.4821428026471817,0.0,0.17655999958515167,0.0,0.0,0.0,0.0,0.0,0.0,0.0,0.0,0.0,0.0,2236.0,-4.419546604156494,0.0,0.004535764455795288,0.8883638978004456,0.23156315088272095
23.453542709350586,128.46722412109375,4.239388942718506,0.0,0.0,0.0,0.0,0.0,-0.0,0.0,4.556285803658621,3.48485723223005,0.0,0.17167800664901733,0.0,0.0,0.0,0.0,0.0,0.0,0.12140076607465744,0.0,0.12140076607465744,0.0,2237.0,-4.239261627197266,0.12140076607465744,0.002682924270629883,0.9053335785865784,0.27297648787498474
23.526653289794922,127.7959976196289,3.9402108192443848,0.0,0.0,0.0,0.0,0.0,-0.0,0.0,4.553071376255581,3.481642804827009,0.0,0.17986400425434113,0.0,0.0,0.0,0.0,0.0,0.0,0.06491871178150177,0.0,0.06491871178150177,0.0,2238.0,-3.9400928020477295,0.06491871178150177,0.00260007381439209,0.9122285842895508,0.2949466109275818
23.561126708984375,127.12477111816406,3.690321922302246,0.0,0.0,0.0,0.0,0.0,-0.0,0.0,4.557642882210867,3.486214447021484,0.0,0.20588499307632446,0.0,0.0,0.0,0.0,0.0,0.0,0.0325748473405838,0.0,0.0325748473405838,0.0,2239.0,-3.690211296081543,0.0325748473405838,0.003672689199447632,0.9149131774902344,0.2970474064350128
23.57455062866211,126.45354461669922,3.446892261505127,0.0,0.0,0.0,0.0,0.0,-0.0,0.0,4.555642890930176,3.4842144557407924,0.01994999870657921,0.3452329933643341,0.0,0.0,0.0,0.0,0.0,0.0,0.0,0.0,0.0,0.0,2240.0,-3.446789026260376,0.0,0.03392729163169861,0.8186086416244507,0.31066733598709106
23.381866455078125,117.1949462890625,3.0945208072662354,0.0,0.0,0.0,0.0,0.05403883812140106,-0.0,0.0,4.607928630283901,3.5365000588553293,0.37451601028442383,0.0,0.0,0.0,0.6004314869642258,0.05675239861011505,0.0,0.0,0.0,0.0,0.05675239861011505,0.0,2241.0,-3.094428062438965,0.05675239861011505,0.054465651512145996,0.8822493553161621,0.34213560819625854
23.411231994628906,116.52371978759766,3.094428062438965,0.0,0.0,0.0,0.0,0.23079826758688718,-0.0,0.0,4.732142870766776,3.6607142312186105,0.3549250066280365,0.0,0.0,0.0,2.564424991607666,0.0,0.0,0.0,0.0,0.0,0.0,0.0,2242.0,-3.0943353176116943,0.0,0.06641370058059692,0.8483906984329224,0.5148705244064331
23.402400970458984,115.85249328613281,3.0943353176116943,0.0,0.0,0.0,0.0,0.2993485670764088,-0.0,0.0,4.879785755702427,3.8083571842738557,0.35721999406814575,0.0,0.0,0.0,3.326094925403595,0.647735059261322,0.0,0.0,0.0,0.0,0.0,0.647735059261322,2243.0,-3.094242572784424,-0.647735059261322,0.04282042384147644,0.6956068277359009,0.8905723690986633
23.395132064819336,162.4896697998047,3.094242572784424,0.0,0.0,0.0,0.0,0.390283628575691,-0.0,0.0,5.013000025068011,3.941571453639439,0.47686100006103516,0.0,0.0,0.0,4.336484417319298,0.19790460169315338,0.0,0.0,0.0,0.0,0.0,0.19790460169315338,2244.0,-3.0941498279571533,-0.19790460169315338,0.10391983389854431,0.6852853894233704,0.9268897771835327
23.388381958007812,168.30044555664062,3.0941498279571533,0.0,0.0,0.0,0.0,0.4123469298211261,-0.0,0.0,5.1116429192679265,4.040214347839355,0.35785800218582153,0.0,0.0,0.0,4.581632189452648,0.111659474670887,0.0,0.0,0.0,0.0,0.0,0.111659474670887,2245.0,-3.094057083129883,-0.111659474670887,0.01852107048034668,0.5167080760002136,0.976767897605896
23.38163185119629,176.28094482421875,3.094057083129883,0.0,0.0,0.0,0.0,0.4650886683236472,-0.0,0.0,5.181928580147879,4.110500008719308,0.4128290116786957,0.0,0.0,0.0,5.167651459574699,0.1527692824602127,0.0,0.0,0.0,0.0,0.0,0.1527692824602127,2246.0,-3.0939643383026123,-0.1527692824602127,0.04637917876243591,0.31604933738708496,0.9968975782394409
23.374881744384766,179.50169372558594,3.0939643383026123,0.0,0.0,0.0,0.0,0.3784728970903456,-0.0,0.0,5.213714272635324,4.142285701206752,0.354746013879776,0.0,0.0,0.0,4.205254077911377,0.0,0.0,0.0,0.0,0.0,0.0,0.0,2247.0,-3.093871593475342,0.0,0.012134283781051636,0.3758142292499542,0.9943286180496216
23.368131637573242,178.83045959472656,3.093871593475342,0.0,0.0,0.0,0.0,0.18531368536263104,-0.0,0.0,5.209642900739397,4.138214329310825,0.3672589957714081,0.0,0.0,0.0,2.0590407848358154,0.0,0.0,0.0,0.0,0.0,0.0,0.0,2248.0,-3.0937788486480713,0.0,0.01202470064163208,0.6321302056312561,0.9772825837135315
23.36138153076172,170.63648986816406,3.0937788486480713,0.0,0.0,0.0,0.0,0.08065215394116633,-0.0,0.0,5.183785656520298,4.112357085091727,0.3569149971008301,0.0,0.0,0.0,0.8961349725723267,0.0,0.0,0.0,0.0,0.0,0.0,0.0,2249.0,-3.093686103820801,0.0,0.04199659824371338,0.7600173950195312,0.925349235534668
23.354631423950195,169.9652557373047,3.093686103820801,0.0,0.0,0.0,0.0,0.0,-0.0,0.0,5.125357164655413,4.053928593226841,0.4388999938964844,0.03908601403236389,0.0,0.0,0.0,0.0,0.0,0.0,0.0,0.0,0.0,0.0,2250.0,-3.0935933589935303,0.0,0.055911093950271606,0.6599913239479065,0.93138587474823
23.347881317138672,114.74388885498047,3.0537109375,0.0,0.0,0.0,0.0,0.0,-0.0,0.0,5.024285670689174,3.9528570992606027,0.0,1.0554490089416504,0.0,0.0,0.0,0.0,0.0,0.0,0.0,0.0,0.0,0.0,2251.0,-3.053619384765625,0.0,0.9858555793762207,0.4264800548553467,0.1928362250328064
23.34113121032715,95.0343017578125,1.9766628742218018,0.0,0.0,0.0,0.0,0.0,-0.0,0.0,4.9682857785906105,3.8968572071620393,0.0,0.8687559962272644,0.0,0.0,0.0,0.0,0.0,0.0,0.0,0.0,0.0,0.0,2252.0,-1.976603627204895,0.0,0.9816226959228516,0.3585636019706726,0.05661773681640625
23.334381103515625,82.38963317871094,1.0901445150375366,0.0,0.0,0.0,0.0,0.0,-0.0,0.0,4.905142865862165,3.8337142944335936,0.0,0.5217649936676025,0.0,0.0,0.0,0.0,0.0,0.0,0.0,0.0,0.0,0.0,2253.0,-1.0901118516921997,0.0,0.9642593860626221,0.4682363271713257,0.015368372201919556
23.3276309967041,81.7184066772461,0.5577145218849182,0.0,0.0,0.0,0.0,-0.12095288140155498,-0.0,0.0,4.849142837524414,3.7777142660958427,0.0,0.5465437697448294,0.4031762553177316,0.0,0.0,0.0,0.0,0.0,0.0,0.0,0.0,0.0,2254.0,-0.5576977729797363,0.0,0.8130807876586914,0.35190314054489136,0.02919834852218628
23.320880889892578,61.85725402832031,1.6808005966595374e-5,0.0,0.0,0.0,0.0,-0.12123360817565931,-0.0,0.0,4.812214251926967,3.7407856804983957,0.0,0.0,0.4041120111942291,0.0,0.0,0.0,0.0,0.0,0.0,0.0,0.0,0.0,2255.0,0.0,0.0,0.009221196174621582,0.41090697050094604,0.06832614541053772
23.314130783081055,29.225858688354492,1.6807502106530592e-5,0.0,0.0,0.0,0.0,-0.9940815426540972,-0.0,0.0,4.788214288439069,3.716785648890904,0.0,0.0,0.31360501050949097,0.0,0.0,0.0,3.0,0.0,0.0,0.0,0.0,3.0,2256.0,0.0,-3.0,6.258487701416016e-7,0.061324357986450195,0.9958451986312866
23.30738067626953,173.7767791748047,1.680699824646581e-5,0.0,0.0,0.0,0.0,-0.07268850198143717,-0.0,0.0,4.755785683223179,3.684357179914202,0.0,0.0,0.24229499697685242,0.0,0.0,0.0,0.0,0.0,0.0,0.0,0.0,0.0,2257.0,0.0,0.0,0.9690806865692139,0.01839137077331543,0.03728842735290527
23.300630569458008,173.1055450439453,1.6806494386401027e-5,0.0,0.0,0.0,0.0,-0.06252510200043915,-0.0,0.0,4.7122142791748045,3.6407857077462333,0.0,0.0,0.20841699838638306,0.0,0.0,0.0,0.0,0.0,0.0,0.0,0.0,0.0,2258.0,0.0,0.0,0.966240406036377,0.020552456378936768,0.03791910409927368
23.293880462646484,172.43431091308594,1.6805990526336245e-5,0.0,0.0,0.0,0.0,-0.05713200200128554,-0.0,0.0,4.662857137407575,3.5914285659790037,0.0,0.0,0.19043999910354614,0.0,0.0,0.0,0.0,0.0,0.0,0.0,0.0,0.0,2259.0,0.0,0.0,0.9579511880874634,0.01582130789756775,0.04995724558830261
23.28713035583496,171.76307678222656,1.6805486666271463e-5,0.0,0.0,0.0,0.0,-0.05296800198030471,-0.0,0.0,4.608142798287528,3.5367142268589564,0.0,0.0,0.17655999958515167,0.0,0.0,0.0,0.0,0.0,0.0,0.0,0.0,0.0,2260.0,0.0,0.0,0.9296526312828064,0.016914546489715576,0.0704655647277832
23.280380249023438,171.0918426513672,1.680498280620668e-5,0.0,0.0,0.0,0.0,-0.05150340404126652,-0.0,0.0,4.565714372907366,3.4942858014787945,0.0,0.0,0.17167800664901733,0.0,0.0,0.0,0.0,0.0,0.0,0.0,0.0,0.0,2261.0,0.0,0.0,0.7764621376991272,0.023183315992355347,0.0914044976234436
23.273630142211914,170.4206085205078,1.68044789461419e-5,0.0,0.0,0.0,0.0,-0.053959203420448354,-0.0,0.0,4.5276428767613,3.4562143053327286,0.0,0.0,0.17986400425434113,0.0,0.0,0.0,0.0,0.0,0.0,0.0,0.0,0.0,2262.0,0.0,0.0,0.4931944012641907,0.05166727304458618,0.12140321731567383
23.26688003540039,169.74937438964844,1.6803975086077116e-5,0.0,0.0,0.0,0.0,-0.061765500377237714,-0.0,0.0,4.5013571602957585,3.4299285888671873,0.0,0.0,0.20588499307632446,0.0,0.0,0.0,0.0,0.0,0.0,0.0,0.0,0.0,2263.0,0.0,0.0,0.20144999027252197,0.14416277408599854,0.1636432409286499
23.260129928588867,169.07814025878906,1.6803471226012334e-5,0.0,0.0,0.0,0.0,-0.07843470587073575,-0.0,0.0,4.49021429334368,3.4187858581542967,0.042750000953674316,0.0,0.26144900918006897,0.0,0.0,0.0,0.0,0.0,0.0,0.0,0.0,0.0,2264.0,0.0,0.0,0.12795382738113403,0.36729732155799866,0.20384997129440308
23.253379821777344,168.4069061279297,1.6802967365947552e-5,0.0,0.0,0.0,0.0,0.0,-0.0,0.0,4.548571395874023,3.477142824445452,0.34724798798561096,0.0,0.0,0.45104698522571596,0.0,0.0,0.0,0.0,0.0,0.0,0.0,0.0,2265.0,0.5027520656585693,0.0,0.062198638916015625,0.8236575126647949,0.25602036714553833
23.24662971496582,167.7356719970703,0.4510502517223358,0.0,0.0,0.0,0.0,0.0906027022280625,-0.0,0.0,4.617285810198102,3.545857238769531,0.3549250066280365,0.0,0.0,0.32554662227630615,1.0066966114178566,0.5709879994392395,0.0,0.0,0.0,0.0,0.5709879994392395,0.0,2266.0,0.32554662227630615,0.5709879994392395,0.07765668630599976,0.9270715713500977,0.34910112619400024
23.63534164428711,167.06443786621094,0.7765735983848572,0.0,0.0,0.0,0.0,0.2446621018596666,-0.0,0.0,4.665214279719761,3.5937856401715957,0.35721999406814575,0.0,0.0,0.22198231518268585,2.718467582396343,0.0,0.0,0.0,0.0,0.0,0.0,0.0,2267.0,0.22198231518268585,0.0,0.09985259175300598,0.9173607230186462,0.4517773389816284
23.628591537475586,166.39320373535156,0.9985259771347046,0.0,0.0,0.0,0.0,0.30452329433149306,-0.0,0.0,4.6939285959516255,3.62249995640346,0.34515801072120667,0.0,0.0,0.0,3.383591890335083,0.0,0.0,0.0,0.0,0.0,0.0,0.0,2268.0,-0.9984960556030273,0.0,0.06412684917449951,0.8596938848495483,0.7230615615844727
23.621841430664062,156.40687561035156,0.9984960556030273,0.0,0.0,0.0,0.0,0.3358591130565188,-0.0,0.0,4.740071446555001,3.6686428070068358,0.35785800218582153,0.0,0.0,1.6148018836975098,3.731767626275958,0.4005671441555023,0.0,0.0,0.0,0.0,0.0,0.4005671441555023,2269.0,1.6148018836975098,-0.4005671441555023,0.26132678985595703,0.4861971437931061,0.9844543933868408
23.61509132385254,177.51077270507812,2.6132194995880127,0.0,0.0,0.0,0.0,0.2609521653749013,-0.0,0.0,4.771928596496582,3.7005000250680107,0.3717289865016937,0.0,0.0,3.3483917713165283,2.89946827373653,0.2974267303943634,0.0,0.0,0.0,0.0,0.0,0.2974267303943634,2270.0,3.3483917713165283,-0.2974267303943634,0.5961581468582153,0.32415056228637695,0.9979588985443115
23.608341217041016,179.6715087890625,5.961432456970215,0.0,0.0,0.0,0.0,0.4953717774448194,-0.0,0.0,4.77857141494751,3.7071429116385324,0.354746013879776,0.0,0.0,0.0,5.504130423069,0.4519738554954529,0.0,0.0,0.0,0.0,0.0,0.4519738554954529,2271.0,-4.599999904632568,-0.4519738554954529,0.546841561794281,0.3404793441295624,0.9995557069778442
23.601591110229492,179.92698669433594,5.961253643035889,0.0,0.0,0.0,0.0,0.4763557240450935,-0.0,0.0,4.766857160840716,3.69542852129255,0.3672589957714081,0.0,0.0,0.0,5.292840957641602,0.0,0.0,0.0,0.0,0.0,0.0,0.0,2272.0,-4.599999904632568,0.0,0.4876015782356262,0.458832710981369,0.9955098628997803
23.59484100341797,179.25575256347656,5.9610748291015625,0.0,0.0,0.0,0.0,0.3229591697819353,-0.0,0.0,4.725999982016427,3.65457147870745,0.3569149971008301,0.0,0.0,0.0,3.588434934616089,0.0,0.0,0.0,0.0,0.0,0.0,0.0,2273.0,-4.599999904632568,0.0,0.40490731596946716,0.6706048250198364,0.9864568710327148
23.588090896606445,178.5845184326172,5.960896015167236,0.0,0.0,0.0,0.0,0.0,-0.0,0.0,4.638000025068011,3.566571453639439,0.44537198543548584,0.0,0.0,1.1890614669480897,0.0,0.0,0.0,0.0,0.0,0.0,0.0,0.0,2274.0,1.2003912925720215,0.0,0.7161257266998291,0.9011031985282898,0.9440259337425232
23.581340789794922,177.9132843017578,7.14974308013916,0.0,0.0,0.0,0.0,0.0,-0.0,0.0,4.50292854309082,3.431499971662249,0.0,1.0638229846954346,0.0,0.0,0.0,0.0,0.0,0.0,0.0,0.0,0.0,0.0,2275.0,-4.599999904632568,0.0,0.9974191784858704,0.7244526743888855,0.8209970593452454
23.5745906829834,160.76651000976562,6.064027786254883,0.0,0.0,0.0,0.0,0.0,-0.0,0.0,4.4707142421177455,3.399285670689174,0.0,0.890097975730896,0.0,0.0,0.0,0.0,0.0,0.0,0.0,0.0,0.0,0.0,2276.0,-4.599999904632568,0.0,0.9975520968437195,0.6136488914489746,0.6393715739250183
23.567840576171875,149.74681091308594,5.155610084533691,0.0,0.0,0.0,0.0,0.0,-0.0,0.0,4.453071403503418,3.3816426958356582,0.0,0.4875490069389343,0.0,0.0,0.0,0.0,0.0,0.0,0.0,0.0,0.0,0.0,2277.0,-4.599999904632568,0.0,0.9546873569488525,0.754886269569397,0.4795442521572113
23.56109046936035,133.45909118652344,4.657971382141113,0.0,0.0,0.0,0.0,0.0,-0.0,0.0,4.444571440560477,3.3731430053710936,0.0,0.44724398851394653,0.0,0.0,0.0,0.0,0.0,0.0,0.0,0.0,0.0,0.0,2278.0,-4.599999904632568,0.0,0.9843876361846924,0.7067391276359558,0.19286757707595825
23.554340362548828,132.78785705566406,4.201474189758301,0.0,0.0,0.0,0.0,0.0,-0.0,0.0,4.4485714231218605,3.3771429879324777,0.0,0.4041120111942291,0.0,0.0,0.0,0.0,0.0,0.0,0.0,0.0,0.0,0.0,2279.0,-4.201348304748535,0.0,0.9654316306114197,0.6706916093826294,0.11136692762374878
23.547590255737305,132.1166229248047,3.78900146484375,0.0,0.0,0.0,0.0,0.0,-0.0,0.0,4.459999983651297,3.388571275983538,0.0,0.3581579923629761,0.0,0.0,0.0,0.0,0.0,0.0,0.0,0.0,0.0,0.0,2280.0,-3.7888879776000977,0.0,0.8967389464378357,0.6241279244422913,0.07665181159973145
23.540836334228516,131.4453887939453,3.423431396484375,0.0,0.0,0.0,0.0,0.0,-0.0,0.0,4.468428557259696,3.3970001220703123,0.0,0.24229499697685242,0.0,0.0,0.0,0.0,0.0,0.0,0.0,0.0,0.0,0.0,2281.0,-3.4233288764953613,0.0,0.102103590965271,0.6615392565727234,0.10220229625701904
23.532012939453125,117.73540496826172,3.1760964393615723,0.0,0.0,0.0,0.0,0.0,-0.0,0.0,4.46821425301688,3.3967856815883093,0.0,0.20841699838638306,0.0,0.0,0.0,0.0,0.0,0.0,0.0,0.0,0.0,0.0,2282.0,-3.1760013103485107,0.0,0.20206189155578613,0.7047135233879089,0.06163102388381958
23.523176193237305,117.06417846679688,2.9633371829986572,0.0,0.0,0.0,0.0,0.0,-0.0,0.0,4.469428552900042,3.3980001177106582,0.0,0.19043999910354614,0.0,0.0,0.0,0.0,0.0,0.0,0.0,0.0,0.0,0.0,2283.0,-2.9632482528686523,0.0,0.059199005365371704,0.6317183971405029,0.09229809045791626
23.513315200805664,116.39295196533203,2.768927574157715,0.0,0.0,0.0,0.0,0.0,-0.0,0.0,4.4673571722848076,3.395928737095424,0.0,0.17655999958515167,0.0,0.0,0.0,0.0,0.0,0.0,0.0,0.0,0.0,0.0,2284.0,-2.7688446044921875,0.0,0.01651895046234131,0.6355037689208984,0.15236055850982666
23.50344467163086,115.72172546386719,2.58868670463562,0.0,0.0,0.0,0.0,0.0,-0.0,0.0,4.465214266095843,3.393785694667271,0.0,0.17167800664901733,0.0,0.0,0.0,0.0,0.0,0.0,0.0,0.0,0.0,0.0,2285.0,-2.588608980178833,0.0,0.021590322256088257,0.37817370891571045,0.15992748737335205
23.31076431274414,115.05049896240234,2.4134325981140137,0.0,0.0,0.0,0.0,0.0,-0.0,0.0,4.468571472167969,3.3971429007393974,0.0,0.17986400425434113,0.0,0.0,0.0,0.0,0.0,0.0,0.0,0.0,0.0,0.0,2286.0,-2.413360357284546,0.0,0.004298180341720581,0.7169528007507324,0.2977442741394043
23.300872802734375,114.3792724609375,2.2298309803009033,0.0,0.0,0.0,0.0,0.0,-0.0,0.0,4.46235705784389,3.390928486415318,0.0,0.20588499307632446,0.0,0.0,0.0,0.0,0.0,0.0,0.0,0.0,0.0,0.0,2287.0,-2.229764223098755,0.0,0.0040121376514434814,0.7558540105819702,0.3230472803115845
23.289968490600586,113.70804595947266,2.019683599472046,0.0,0.0,0.0,0.0,0.0,-0.0,0.0,4.455214309692383,3.3837857382638115,0.0,0.3041990101337433,0.0,0.0,0.0,0.0,0.0,0.0,0.0,0.0,0.0,0.0,2288.0,-2.019623041152954,0.0,0.024049729108810425,0.5795697569847107,0.30655723810195923
23.096263885498047,113.03681945800781,1.7092251777648926,0.0,0.0,0.0,0.0,0.0,-0.0,0.0,4.476214218139648,3.404785646711077,0.2793000042438507,0.06794798374176025,0.0,0.0,0.0,0.0,0.0,0.0,0.0,0.0,0.0,0.0,2289.0,-1.7091739177703857,0.0,0.009273767471313477,0.8026803135871887,0.4353809356689453
23.085359573364258,102.64115905761719,1.6398413181304932,0.0,0.0,0.0,0.0,0.018423899386238916,-0.0,0.0,4.497357177734375,3.4259286063058036,0.45364001393318176,0.0,0.0,0.0,0.2047099769115448,0.0,0.0,0.0,0.0,0.0,0.0,0.0,2290.0,-1.6397922039031982,0.0,0.08048355579376221,0.7679865956306458,0.4418432116508484
22.71088409423828,93.67696380615234,1.6397922039031982,0.0,0.0,0.0,0.0,0.0,-0.0,0.0,4.533785629272461,3.4623570578438896,0.4463469982147217,0.0,0.0,0.0,0.0,0.6756030321121216,0.0,0.0,0.40287208557128906,0.0,1.0784751176834106,0.0,2291.0,-1.6397430896759033,1.0784751176834106,0.02993488311767578,0.8502280712127686,0.48024052381515503
23.25112533569336,93.0057373046875,1.2286614179611206,0.0,0.0,0.0,0.0,0.07784038596076817,-0.0,0.0,4.598285620553153,3.5268570491245814,0.34515801072120667,0.0,0.0,0.0,0.8648931086063385,0.45244893431663513,0.0,0.0,0.0,0.0,0.0,0.45244893431663513,2292.0,-1.2286245822906494,-0.45244893431663513,0.00832068920135498,0.825120210647583,0.6433699131011963
23.24125099182129,122.93727111816406,1.2286245822906494,0.0,0.0,0.0,0.0,0.09346338836061023,-0.0,0.0,4.66671427318028,3.595285633632115,0.35785800218582153,0.0,0.0,0.0,1.0384820103645325,0.21675986051559448,0.0,0.0,0.0,0.0,0.0,0.21675986051559448,2293.0,-1.2285877466201782,-0.21675986051559448,0.008435994386672974,0.8653603196144104,0.6855600476264954
23.232925415039062,129.68768310546875,1.2285877466201782,0.0,0.0,0.0,0.0,0.1594956083691596,-0.0,0.0,4.763428565434047,3.6919999258858818,0.3717289865016937,0.0,0.0,0.0,1.772173285484314,0.2766979932785034,0.0,0.0,0.0,0.0,0.0,0.2766979932785034,2294.0,-1.228550910949707,-0.2766979932785034,0.016065090894699097,0.7769730091094971,0.8038126230239868
23.223066329956055,148.60809326171875,1.228550910949707,0.0,0.0,0.0,0.0,0.26439714923676916,-0.0,0.0,4.858785711015973,3.787357139587402,0.354746013879776,0.0,0.0,0.0,2.9377458691596985,0.5426580309867859,0.0,0.0,0.0,0.0,0.0,0.5426580309867859,2295.0,-1.2285140752792358,-0.5426580309867859,0.04177406430244446,0.5072166323661804,0.9754906892776489
23.21525764465332,176.07659912109375,1.2285140752792358,0.0,0.0,0.0,0.0,0.2019007032633377,-0.0,0.0,4.897142900739397,3.825714329310826,0.3672589957714081,0.0,0.0,0.0,2.2433409690856934,0.0,0.0,0.0,0.0,0.0,0.0,0.0,2296.0,-1.2284772396087646,0.0,0.11132550239562988,0.7526767253875732,0.8638510704040527
23.207460403442383,175.27772521972656,1.2284772396087646,0.0,0.0,0.0,0.0,0.0,-0.0,0.0,4.886571420942034,3.8151428495134625,0.3569149971008301,0.0,0.0,0.42853931426591885,0.0,0.0,0.0,0.0,0.0,0.0,0.0,0.0,2297.0,0.4790850281715393,0.0,0.4627714157104492,0.8018017411231995,0.7622687220573425
23.198631286621094,174.6064910888672,1.6569669246673584,0.0,0.0,0.0,0.0,0.0,-0.0,0.0,4.862428610665457,3.791000039236886,0.2773999869823456,0.16797199845314026,0.0,0.0,0.0,0.0,0.0,0.0,0.0,0.0,0.0,0.0,2298.0,-1.6569172143936157,0.0,0.929973840713501,0.7035076022148132,0.6580945253372192
23.189294815063477,173.9352569580078,1.4855223894119263,0.0,0.0,0.0,0.0,0.0,-0.0,0.0,4.831428609575544,3.7600000381469725,0.0,0.5932930111885071,0.0,0.0,0.0,0.0,0.0,0.0,0.0,0.0,0.0,0.0,2299.0,-1.4854778051376343,0.0,0.9881601929664612,0.33203914761543274,0.4222709834575653
23.17941665649414,173.26402282714844,0.8800950050354004,0.0,0.0,0.0,0.0,0.0,-0.0,0.0,4.805999973842075,3.7345714024135046,0.0,0.5601789951324463,0.0,0.0,0.0,0.0,0.0,0.0,0.0,0.0,0.0,0.0,2300.0,-0.8800686001777649,0.0,0.979143500328064,0.18356269598007202,0.2395462691783905
23.171594619750977,172.59278869628906,0.3084745407104492,0.0,0.0,0.0,0.0,-0.08158381895879192,-0.0,0.0,4.771857139042446,3.70042849949428,0.0,0.30229594342165456,0.27194605238980785,0.0,0.0,0.0,0.0,0.0,0.0,0.0,0.0,0.0,2301.0,-0.30846530199050903,0.0,0.9331009984016418,0.085385262966156,0.1455422341823578
23.161224365234375,166.638427734375,9.298045370087493e-6,0.0,0.0,0.0,0.0,-0.1838742150415662,-0.0,0.0,4.7525000027247835,3.6810713631766183,0.0,0.0,0.6129140257835388,0.0,0.0,0.0,0.0,0.0,0.0,0.0,0.0,0.0,2302.0,0.0,0.0,0.593839168548584,0.10420751571655273,0.09412243962287903
22.78778839111328,160.80287170410156,9.297766155214049e-6,0.0,0.0,0.0,0.0,-0.12123360817565931,-0.0,0.0,4.769571454184396,3.6981429508754187,0.0,0.0,0.4041120111942291,0.0,0.0,0.0,0.0,0.0,0.0,0.0,0.0,0.0,2303.0,0.0,0.0,0.7538584470748901,0.025563091039657593,0.049108803272247314
22.77688217163086,150.5033416748047,9.297487849835306e-6,0.0,0.0,0.0,0.0,-0.09408150689131034,-0.0,0.0,4.7758571216038295,3.704428482055664,0.0,0.0,0.31360501050949097,0.0,0.0,0.0,0.0,0.0,0.0,0.0,0.0,0.0,2304.0,0.0,0.0,0.6042653918266296,0.038392454385757446,0.028789132833480835
22.584707260131836,149.8321075439453,9.297209544456564e-6,0.0,0.0,0.0,0.0,-0.07268850198143717,-0.0,0.0,4.771071447644915,3.6996429443359373,0.0,0.0,0.24229499697685242,0.0,0.0,0.0,0.0,0.0,0.0,0.0,0.0,0.0,2305.0,0.0,0.0,0.5084955096244812,0.021479934453964233,0.03270271420478821
22.392009735107422,149.16087341308594,9.296931239077821e-6,0.0,0.0,0.0,0.0,-0.06252510200043915,-0.0,0.0,4.760142884935651,3.688714381626674,0.0,0.0,0.20841699838638306,0.0,0.0,0.0,0.0,0.0,0.0,0.0,0.0,0.0,2306.0,0.0,0.0,0.07937803864479065,0.03360468149185181,0.047560930252075195
21.834733963012695,148.48963928222656,9.296652933699079e-6,0.0,0.0,0.0,0.0,-0.05713200200128554,-0.0,0.0,4.753000000544956,3.681571360996791,0.0,0.0,0.19043999910354614,0.0,0.0,0.0,0.0,0.0,0.0,0.0,0.0,0.0,2307.0,0.0,0.0,0.29318735003471375,0.004761815071105957,0.05041840672492981
21.641023635864258,147.8184051513672,9.296374628320336e-6,0.0,0.0,0.0,0.0,-0.05296800198030471,-0.0,0.0,4.7662143162318635,3.6947857448032924,0.0,0.0,0.17655999958515167,0.0,0.0,0.0,0.0,0.0,0.0,0.0,0.0,0.0,2308.0,0.0,0.0,0.6268481016159058,0.001696765422821045,0.04538431763648987
21.631086349487305,147.1471710205078,9.296096322941594e-6,0.0,0.0,0.0,0.0,-0.05150340404126652,-0.0,0.0,4.788857133047921,3.7174285616193496,0.0,0.0,0.17167800664901733,0.0,0.0,0.0,0.0,0.0,0.0,0.0,0.0,0.0,2309.0,0.0,0.0,0.3588055372238159,0.001955181360244751,0.06685271859169006
21.619157791137695,146.47593688964844,9.295818017562851e-6,0.0,0.0,0.0,0.0,-0.053959203420448354,-0.0,0.0,4.804428591047015,3.733000019618443,0.0,0.0,0.17986400425434113,0.0,0.0,0.0,0.0,0.0,0.0,0.0,0.0,0.0,2310.0,0.0,0.0,0.1564365029335022,0.003720611333847046,0.09630963206291199
21.608219146728516,145.80470275878906,9.295539712184109e-6,0.0,0.0,0.0,0.0,-0.061765500377237714,-0.0,0.0,4.8190000534057615,3.7475714819771904,0.0,0.0,0.20588499307632446,0.0,0.0,0.0,0.0,0.0,0.0,0.0,0.0,0.0,2311.0,0.0,0.0,0.02676144242286682,0.01346743106842041,0.16068792343139648
21.59728240966797,136.59231567382812,9.295261406805366e-6,0.0,0.0,0.0,0.0,-0.09125970666645777,-0.0,0.0,4.833357075282505,3.7619285038539343,0.0,0.0,0.3041990101337433,0.0,0.0,0.0,0.0,0.0,0.0,0.0,0.0,0.0,2312.0,0.0,0.0,0.22104525566101074,0.0006721913814544678,0.29015031456947327
20.675437927246094,135.92108154296875,9.294983101426624e-6,0.0,0.0,0.0,0.0,-0.02722439576086977,-0.0,0.0,4.852285739353725,3.7808571679251535,0.2565000057220459,0.0,0.09074798226356506,0.0,0.0,0.0,0.0,0.0,0.0,0.0,0.0,0.0,2313.0,0.0,0.0,0.009095847606658936,0.07024887204170227,0.2028530240058899
20.663511276245117,135.24984741210938,9.294704796047881e-6,0.0,0.0,0.0,0.0,-0.06527115663970129,-0.0,0.0,4.87757146017892,3.806142888750349,0.3549250066280365,0.0,0.0,0.0,0.0,0.3936749994754791,0.21757051348686218,0.0,0.0,0.0,0.6112455129623413,0.0,2314.0,0.03274127095937729,0.6112455129623413,0.0032720565795898438,0.37747469544410706,0.3085554838180542
20.887357711791992,134.57861328125,9.294426490669139e-6,0.0,0.0,0.0,0.0,-0.4907399134135204,-0.0,0.0,4.897357204982212,3.825928633553641,0.35721999406814575,0.0,0.0,0.0,0.0,1.0297799110412598,1.6357996463775635,0.0,0.0,0.0,2.6655795574188232,0.0,2315.0,0.026289664208889008,2.6655795574188232,0.0026268959045410156,0.7304294109344482,0.45727840065956116
22.652132034301758,133.90737915039062,9.294148185290396e-6,0.0,0.0,0.0,0.0,0.16827146769760834,-0.0,0.0,4.901142883300781,3.82971431187221,0.34515801072120667,0.0,0.0,0.0857873260974884,1.8696828258288265,0.8430711030960083,0.0,0.0,0.0,0.0,0.0,0.8430711030960083,2316.0,0.0857873260974884,-0.8430711030960083,0.008576661348342896,0.618948221206665,0.926423192024231
22.551532745361328,168.22579956054688,0.08579404652118683,0.0,0.0,0.0,0.0,0.3989107880968262,-0.0,0.0,4.899285670689174,3.8278570992606027,0.35785800218582153,0.0,0.0,0.4442214071750641,4.432341737713855,0.26936274766921997,0.0,0.0,0.0,0.0,0.0,0.26936274766921997,2317.0,0.4442214071750641,-0.26936274766921997,0.05299854278564453,0.5514965653419495,0.9812363386154175
22.542158126831055,176.9958953857422,0.5299995541572571,0.0,0.0,0.0,0.0,0.43034392085470635,-0.0,0.0,4.891571399143764,3.8201428277151925,0.3717289865016937,0.0,0.0,0.42401888966560364,4.781598740600515,0.0,0.0,0.0,0.0,0.0,0.0,0.0,2318.0,0.42401888966560364,0.0,0.09539884328842163,0.5079860091209412,0.964575469493866
22.532299041748047,176.3246612548828,0.9539898633956909,0.0,0.0,0.0,0.0,0.24851286478939452,-0.0,0.0,4.857428632463727,3.786000061035156,0.354746013879776,0.0,0.0,0.0,2.761253833770752,0.0,0.0,0.0,0.0,0.0,0.0,0.0,2319.0,-0.9539612531661987,0.0,0.026590049266815186,0.6974233388900757,0.9398304224014282
22.52500343322754,158.3564910888672,0.9539612531661987,0.0,0.0,0.0,0.0,0.023877042641404566,-0.0,0.0,4.781500012534005,3.710071509225028,0.3672589957714081,0.0,0.0,0.0,0.265300452709198,0.518840491771698,0.0,0.0,0.0,0.0,0.518840491771698,0.0,2320.0,-0.9539326429367065,0.518840491771698,0.06326451897621155,0.7780783176422119,0.8581050038337708
22.890377044677734,127.7464370727539,0.9539326429367065,0.0,0.0,0.0,0.0,0.0,-0.0,0.0,4.701357173919678,3.6299285343715124,0.3569149971008301,0.0,0.0,0.06544930883474365,0.0,0.0,0.0,0.0,0.0,0.0,0.0,0.0,2321.0,0.08908501267433167,0.0,0.3617118000984192,0.7416190505027771,0.6114192008972168
22.88361930847168,114.20848083496094,1.0193513631820679,0.0,0.0,0.0,0.0,-0.09717789733937657,-0.0,0.0,4.63178574698312,3.560357175554548,0.12729999423027039,0.31807199120521545,0.0,0.0,0.0,0.0,0.3239263115929134,0.0,0.6808623255683415,0.0,0.0,1.0047886371612549,2322.0,-1.0193208456039429,-1.0047886371612549,0.12527939677238464,0.4168851375579834,0.6909050941467285
22.876869201660156,130.54290771484375,3.06506990455091e-5,0.0,0.0,0.0,0.0,-0.17798791042915596,-0.0,0.0,4.574214335850307,3.5027857644217355,0.0,0.0,0.5932930111885071,0.0,0.0,0.0,0.0,0.0,0.0,0.0,0.0,0.0,2323.0,0.0,0.0,0.9661428928375244,0.2503677010536194,0.16190242767333984
22.86906623840332,129.87167358398438,3.0649778636870906e-5,0.0,0.0,0.0,0.0,-0.1680537052175879,-0.0,0.0,4.53535714830671,3.463928440638951,0.0,0.0,0.5601789951324463,0.0,0.0,0.0,0.0,0.0,0.0,0.0,0.0,0.0,2324.0,0.0,0.0,0.9494634866714478,0.21553641557693481,0.10349816083908081
22.862308502197266,129.200439453125,3.064885822823271e-5,0.0,0.0,0.0,0.0,-0.1530039013625739,-0.0,0.0,4.492071369716099,3.420642798287528,0.0,0.0,0.5100129842758179,0.0,0.0,0.0,0.0,0.0,0.0,0.0,0.0,0.0,2325.0,0.0,0.0,0.930791974067688,0.1994149088859558,0.06436890363693237
22.852460861206055,128.52920532226562,3.064793781959452e-5,0.0,0.0,0.0,0.0,-0.13417320188574777,-0.0,0.0,4.453642926897321,3.38221435546875,0.0,0.0,0.44724398851394653,0.0,0.0,0.0,0.0,0.0,0.0,0.0,0.0,0.0,2326.0,0.0,0.0,0.7679480314254761,0.18324869871139526,0.042134106159210205
22.660816192626953,127.85797882080078,3.064701741095632e-5,0.0,0.0,0.0,0.0,-0.12123360817565931,-0.0,0.0,4.403000095912388,3.331571524483817,0.0,0.0,0.4041120111942291,0.0,0.0,0.0,0.0,0.0,0.0,0.0,0.0,0.0,2327.0,0.0,0.0,0.7176221609115601,0.10726672410964966,0.03783327341079712
22.65196418762207,118.59638977050781,3.064609700231813e-5,0.0,0.0,0.0,0.0,-0.09408150689131034,-0.0,0.0,4.362428610665457,3.291000039236886,0.0,0.0,0.31360501050949097,0.0,0.0,0.0,0.0,0.0,0.0,0.0,0.0,0.0,2328.0,0.0,0.0,0.5855276584625244,0.1262224316596985,0.025027871131896973
22.460302352905273,117.92516326904297,3.0645176593679935e-5,0.0,0.0,0.0,0.0,-0.07268850198143717,-0.0,0.0,4.326214327130999,3.2547857557024273,0.0,0.0,0.24229499697685242,0.0,0.0,0.0,0.0,0.0,0.0,0.0,0.0,0.0,2329.0,0.0,0.0,0.7658227682113647,0.07005691528320312,0.034595608711242676
22.44940185546875,117.25393676757812,3.064425618504174e-5,0.0,0.0,0.0,0.0,-0.06252510200043915,-0.0,0.0,4.2961427961077,3.2247142246791296,0.0,0.0,0.20841699838638306,0.0,0.0,0.0,0.0,0.0,0.0,0.0,0.0,0.0,2330.0,0.0,0.0,0.7398785352706909,0.07240834832191467,0.03474077582359314
22.43749237060547,116.58271026611328,3.0643335776403546e-5,0.0,0.0,0.0,0.0,-0.05713200200128554,-0.0,0.0,4.276214272635324,3.204785701206752,0.0,0.0,0.19043999910354614,0.0,0.0,0.0,0.0,0.0,0.0,0.0,0.0,0.0,2331.0,0.0,0.0,0.17735552787780762,0.08639246225357056,0.09477278590202332
22.243793487548828,107.0284423828125,3.064241536776535e-5,0.0,0.0,0.0,0.0,-0.05296800198030471,-0.0,0.0,4.2542143685477125,3.1827857971191404,0.0,0.0,0.17655999958515167,0.0,0.0,0.0,0.0,0.0,0.0,0.0,0.0,0.0,2332.0,0.0,0.0,0.27019065618515015,0.051465511322021484,0.12775665521621704
22.23288345336914,106.35721588134766,3.064149495912716e-5,0.0,0.0,0.0,0.0,-0.05150340404126652,-0.0,0.0,4.230428641183035,3.1590000697544642,0.0,0.0,0.17167800664901733,0.0,0.0,0.0,0.0,0.0,0.0,0.0,0.0,0.0,2333.0,0.0,0.0,0.09251707792282104,0.0441206693649292,0.21090710163116455
22.22096824645996,105.68598937988281,3.0640574550488964e-5,0.0,0.0,0.0,0.0,-0.053959203420448354,-0.0,0.0,4.21199997493199,3.140571539742606,0.0,0.0,0.17986400425434113,0.0,0.0,0.0,0.0,0.0,0.0,0.0,0.0,0.0,2334.0,0.0,0.0,0.05839031934738159,0.04252484440803528,0.3385172188282013
22.028270721435547,105.01476287841797,3.063965414185077e-5,0.0,0.0,0.0,0.0,-0.061765500377237714,-0.0,0.0,4.204857090541294,3.1334285191127234,0.0,0.0,0.20588499307632446,0.0,0.0,0.0,0.0,0.0,0.0,0.0,0.0,0.0,2335.0,0.0,0.0,0.01679784059524536,0.07183590531349182,0.34686917066574097
22.01836395263672,104.34353637695312,3.0638733733212575e-5,0.0,0.0,0.0,0.0,-0.07187970417259937,-0.0,0.0,4.209999983651297,3.138571275983538,0.06460000574588776,0.0,0.23959900438785553,0.0,0.0,0.0,0.0,0.0,0.0,0.0,0.0,0.0,2336.0,0.0,0.0,0.0847846269607544,0.015613257884979248,0.3713950216770172
21.64287567138672,103.67230987548828,3.063781696255319e-5,0.0,0.0,0.0,0.0,0.05257976944583305,-0.0,0.0,4.322857121058872,3.2514285496303015,0.34724798798561096,0.0,0.0,0.5013739466667175,0.5842196140796517,0.7438262701034546,0.0,0.0,0.0,0.0,0.0,0.7438262701034546,2337.0,0.5013739466667175,-0.7438262701034546,0.050137460231781006,0.5582868456840515,0.6798851490020752
21.450191497802734,128.77969360351562,0.5013895630836487,0.0,0.0,0.0,0.0,0.19846053844326056,-0.0,0.0,4.434214265005929,3.3627855573381695,0.3549250066280365,0.0,0.0,0.5852217674255371,2.205116918567055,1.6184428930282593,0.0,0.0,0.0,0.0,0.0,1.6184428930282593,2338.0,0.5852217674255371,-1.6184428930282593,0.10865813493728638,0.25084343552589417,0.9867700934410095
21.440855026245117,177.88128662109375,1.0865787267684937,0.0,0.0,0.0,0.0,0.0,-0.0,0.0,4.562857164655413,3.4914285932268414,0.35721999406814575,0.0,0.0,3.1916455413204403,0.0,2.9637985229492188,0.0,0.0,0.0,0.0,2.9637985229492188,0.0,2339.0,4.130479335784912,2.9637985229492188,0.5217028260231018,0.8555431365966797,0.7055139541625977
23.277700424194336,171.65460205078125,4.2780961990356445,0.0,0.0,0.0,0.0,0.34382540150718893,-0.0,0.0,4.660214301518032,3.588785661969866,0.34515801072120667,0.0,0.0,3.3992972373962402,3.8202819353600295,0.041889023035764694,0.0,0.0,0.0,0.0,0.0,0.041889023035764694,2340.0,3.3992972373962402,-0.041889023035764694,0.7677363157272339,0.5824843645095825,0.961677074432373
23.266796112060547,173.8664093017578,7.677163124084473,0.0,0.0,0.0,0.0,0.6696220382524595,-0.0,0.0,4.714071423666818,3.6426429203578405,0.35785800218582153,0.0,0.0,0.2778911292552948,7.440244278174271,0.07978460192680359,0.0,0.0,0.0,0.0,0.0,0.07978460192680359,2341.0,0.2778911292552948,-0.07978460192680359,0.7955024242401123,0.5041186213493347,0.9923170804977417
23.255895614624023,178.76881408691406,7.954815864562988,0.0,0.0,0.0,0.0,0.6909660750650194,-0.0,0.0,4.746142877851214,3.674714306422642,0.3717289865016937,0.0,0.0,0.0,7.677400223910809,0.021120436489582062,0.0,0.0,0.0,0.0,0.0,0.021120436489582062,2342.0,-4.599999904632568,-0.021120436489582062,0.7622690796852112,0.4234694540500641,0.9974246025085449
23.246017456054688,179.5860137939453,7.954577445983887,0.0,0.0,0.0,0.0,0.6145689463272818,-0.0,0.0,4.7574999809265135,3.6860713413783484,0.4326620101928711,0.0,0.0,0.0,6.828543305397034,0.12979495525360107,0.0,0.0,0.0,0.0,0.0,0.12979495525360107,2343.0,-4.599999904632568,-0.12979495525360107,0.7879149317741394,0.4071751832962036,0.9987372756004333
23.236148834228516,179.79603576660156,7.954339027404785,0.0,0.0,0.0,0.0,0.4368533653864292,-0.0,0.0,4.748714256286621,3.6772856848580497,0.5398539900779724,0.0,0.0,0.6929773688316345,4.853925896316056,0.0,0.0,0.0,0.0,0.0,0.0,0.0,2344.0,0.6929773688316345,0.0,0.8647286295890808,0.4745117127895355,0.9979172945022583
23.228351593017578,158.70758056640625,8.64705753326416,0.0,0.0,0.0,0.0,0.3011046228690628,-0.0,0.0,4.716214261736188,3.644785690307617,0.4752439856529236,0.0,0.0,0.0,3.345606654882431,0.33729901909828186,0.0,0.0,0.0,0.0,0.0,0.33729901909828186,2345.0,-4.599999904632568,-0.33729901909828186,0.5630168318748474,0.6982713937759399,0.9931885600090027
23.219533920288086,178.9082489013672,8.646798133850098,0.0,0.0,0.0,0.0,0.0626656424137464,-0.0,0.0,4.612714304242815,3.5412857328142437,0.44537198543548584,0.0,0.0,0.0,0.6962848603725433,0.48949316143989563,0.0,0.0,0.0,0.0,0.48949316143989563,0.0,2346.0,-4.599999904632568,0.48949316143989563,0.5190105438232422,0.9100885391235352,0.9793621897697449
23.550426483154297,178.2370147705078,8.646538734436035,0.0,0.0,0.0,0.0,0.0,-0.0,0.0,4.473857143947056,3.4024284362792967,0.0,0.5932930111885071,0.0,0.0,0.0,0.0,0.0,0.0,0.0,0.0,0.0,0.0,2347.0,-4.599999904632568,0.0,0.982452392578125,0.8777685761451721,0.9004843235015869
23.358795166015625,168.86138916015625,8.04089641571045,0.0,0.0,0.0,0.0,0.0,-0.0,0.0,4.426071384974888,3.354642813546317,0.0,0.5601789951324463,0.0,0.0,0.0,0.0,0.0,0.0,0.3441968858242035,0.0,0.3441968858242035,0.0,2348.0,-4.599999904632568,0.3441968858242035,0.9379560947418213,0.9159092307090759,0.8830374479293823
23.579530715942383,152.93885803222656,7.117850303649902,0.0,0.0,0.0,0.0,0.0,-0.0,0.0,4.393142918178013,3.321714346749442,0.0,0.4875490069389343,0.0,0.0,0.0,0.0,0.0,0.0,0.0,0.0,0.0,0.0,2349.0,-4.599999904632568,0.0,0.49036121368408203,0.9047561883926392,0.7285891771316528
23.57278060913086,114.6597900390625,6.620152950286865,0.0,0.0,0.0,0.0,0.0,-0.0,0.0,4.367785808018276,3.2963572365897043,0.0,0.44724398851394653,0.0,0.0,0.0,0.0,0.0,0.0,0.0,0.0,0.0,0.0,2350.0,-4.599999904632568,0.0,0.9002209901809692,0.9006362557411194,0.2865930199623108
23.56602668762207,113.98856353759766,6.1635966300964355,0.0,0.0,0.0,0.0,0.0,-0.0,0.0,4.3516428266252785,3.2802142551967077,0.0,0.8671470284461975,0.0,0.0,0.0,0.0,0.0,0.0,0.0,0.0,0.0,0.0,2351.0,-4.599999904632568,0.0,0.9962685108184814,0.48474711179733276,0.11217406392097473
23.559261322021484,103.59493255615234,5.278594493865967,0.0,0.0,0.0,0.0,0.0,-0.0,0.0,4.336499977111816,3.265071541922433,0.0,0.5285080075263977,0.0,0.0,0.0,0.0,0.0,0.0,0.0,0.0,0.0,0.0,2352.0,-4.599999904632568,0.0,0.7139381170272827,0.7137100696563721,0.10326376557350159
23.549406051635742,90.54503631591797,4.739158630371094,0.0,0.0,0.0,0.0,0.0,-0.0,0.0,4.316571453639439,3.245143018450056,0.0,0.24229499697685242,0.0,0.0,0.0,0.0,0.0,0.0,0.05454370006918907,0.0,0.05454370006918907,0.0,2353.0,-4.599999904632568,0.05454370006918907,0.03937488794326782,0.9151793718338013,0.11523985862731934
23.575881958007812,89.87380981445312,4.436129093170166,0.0,0.0,0.0,0.0,0.0,-0.0,0.0,4.2955000196184425,3.224071448189872,0.0,0.20841699838638306,0.0,0.0,0.0,0.0,0.0,0.0,0.0,0.0,0.0,0.0,2354.0,-4.435996055603027,0.0,0.03242555260658264,0.9140127301216125,0.10516121983528137
23.567026138305664,89.20258331298828,4.223331928253174,0.0,0.0,0.0,0.0,0.0,-0.0,0.0,4.27221429007394,3.2007857186453683,0.0,0.19043999910354614,0.0,0.0,0.0,0.0,0.0,0.0,0.0,0.0,0.0,0.0,2355.0,-4.223205089569092,0.0,0.0321105420589447,0.6131486296653748,0.0654292106628418
23.374345779418945,88.53135681152344,4.028884410858154,0.0,0.0,0.0,0.0,0.0,-0.0,0.0,4.246428571428572,3.175,0.0,0.17655999958515167,0.0,0.0,0.0,0.0,0.0,0.0,0.0,0.0,0.0,0.0,2356.0,-4.028763771057129,0.0,0.0020250678062438965,0.8720959424972534,0.22950789332389832
23.36445426940918,87.8601303100586,3.8486058712005615,0.0,0.0,0.0,0.0,0.0,-0.0,0.0,4.22057146344866,3.1491428920200892,0.0,0.17167800664901733,0.0,0.0,0.0,0.0,0.0,0.0,0.0,0.0,0.0,0.0,2357.0,-3.8484904766082764,0.0,0.004193305969238281,0.6225237846374512,0.21034881472587585
23.170757293701172,87.18890380859375,3.673314094543457,0.0,0.0,0.0,0.0,0.0,-0.0,0.0,4.197928510393416,3.1264999389648436,0.0,0.17986400425434113,0.0,0.0,0.0,0.0,0.0,0.0,0.19045540690422058,0.0,0.0,0.19045540690422058,2358.0,-3.673203945159912,-0.19045540690422058,0.0005284547805786133,0.8727214932441711,0.4400881230831146
23.15985107421875,90.41218566894531,3.2953383922576904,0.0,0.0,0.0,0.0,0.0,-0.0,0.0,4.18271427154541,3.1112858363560267,0.0,0.20588499307632446,0.0,0.0,0.0,0.0,0.0,0.0,0.0,0.0,0.0,0.0,2359.0,-3.2952396869659424,0.0,0.0025153160095214844,0.8300851583480835,0.38887080550193787
23.146930694580078,89.74095916748047,3.0851590633392334,0.0,0.0,0.0,0.0,0.0,-0.0,0.0,4.174785695757185,3.1033572605678015,0.04179999977350235,0.26239901781082153,0.0,0.0,0.0,0.0,0.0,0.0,0.0,0.0,0.0,0.0,2360.0,-3.085066556930542,0.0,0.009627312421798706,0.7975095510482788,0.3930550217628479
23.13601303100586,89.06973266601562,2.8173205852508545,0.0,0.0,0.0,0.0,0.10788001083374059,-0.0,0.0,4.2797142573765345,3.208285685947963,0.34724798798561096,0.0,0.0,0.0,1.1986666917800903,0.36928534507751465,0.0,0.0,0.0,0.0,0.0,0.36928534507751465,2361.0,-2.8172361850738525,-0.36928534507751465,0.23318889737129211,0.7489780187606812,0.4985494315624237
22.94331169128418,99.7659912109375,2.8172361850738525,0.0,0.0,0.0,0.0,0.27982226339834804,-0.0,0.0,4.3912143162318635,3.3197857448032924,0.3549250066280365,0.0,0.0,0.7117154002189636,3.10913601288971,0.434298574924469,0.0,0.0,0.0,0.0,0.0,0.434298574924469,2362.0,0.7117154002189636,-0.434298574924469,0.3528921604156494,0.7229589819908142,0.6671693325042725
22.93341064453125,126.74517822265625,3.52884578704834,0.0,0.0,0.0,0.0,0.12663230444756368,-0.0,0.0,4.550499997820173,3.4790714263916014,0.35721999406814575,0.0,0.0,4.498215198516846,1.407025493152588,0.07533915340900421,0.0,0.0,0.0,0.0,0.0,0.07533915340900421,2363.0,4.498215198516846,-0.07533915340900421,0.8027030825614929,0.7535275816917419,0.6943913698196411
22.741212844848633,131.10069274902344,8.026820182800293,0.0,0.0,0.0,0.0,0.581310812537732,-0.0,0.0,4.671928555624826,3.6005000523158484,0.34515801072120667,0.0,0.0,0.0,6.459008514881134,0.6770831942558289,0.0,0.0,0.0,0.0,0.0,0.6770831942558289,2364.0,-4.599999904632568,-0.6770831942558289,0.7364733219146729,0.6859780550003052,0.9824013710021973
22.671411514282227,177.18231201171875,8.026579856872559,0.0,0.0,0.0,0.0,0.6851378174732349,-0.0,0.0,4.73250002179827,3.6610714503696986,0.35785800218582153,0.0,0.0,0.0,7.61264181137085,0.0,0.0,0.0,0.0,0.0,0.0,0.0,2365.0,-4.599999904632568,0.0,0.7932102680206299,0.6001113057136536,0.9774428606033325
22.60163116455078,176.51107788085938,8.026339530944824,0.0,0.0,0.0,0.0,0.6572742018917531,-0.0,0.0,4.766285705566406,3.694857134137835,0.3717289865016937,0.0,0.0,0.0,7.303046107292175,0.17507421970367432,0.0,0.0,0.0,0.0,0.0,0.17507421970367432,2366.0,-4.599999904632568,-0.17507421970367432,0.662903904914856,0.47423917055130005,0.9984674453735352
22.59246063232422,179.75286865234375,8.02609920501709,0.0,0.0,0.0,0.0,0.5878624143491092,-0.0,0.0,4.776214272635324,3.704785701206752,0.354746013879776,0.0,0.0,0.0,6.531804084777832,0.0,0.0,0.0,0.0,0.0,0.0,0.0,2367.0,-4.599999904632568,0.0,0.4195116460323334,0.4807310402393341,0.9978005886077881
22.58568572998047,179.08163452148438,8.025858879089355,0.0,0.0,0.0,0.0,0.4006796931767201,-0.0,0.0,4.762785720825195,3.691357149396624,0.3672589957714081,0.0,0.0,0.0,4.451996237039566,0.2499447762966156,0.0,0.0,0.0,0.0,0.0,0.2499447762966156,2368.0,-4.599999904632568,-0.2499447762966156,0.2535604238510132,0.5625254511833191,0.9981706142425537
22.57790184020996,179.70538330078125,8.025618553161621,0.0,0.0,0.0,0.0,0.14966283318700982,-0.0,0.0,4.712499972752163,3.641071401323591,0.3569149971008301,0.0,0.0,0.0,1.6629202365875244,0.606914758682251,0.0,0.0,0.0,0.0,0.606914758682251,0.0,2369.0,-4.599999904632568,0.606914758682251,0.10794875025749207,0.8000335693359375,0.9904344081878662
23.000152587890625,179.03414916992188,8.025378227233887,0.0,0.0,0.0,0.0,0.0,-0.0,0.0,4.597714233398437,3.526285661969866,0.44537198543548584,0.0,0.0,0.0,0.0,0.2110779881477356,0.0,0.0,0.7417662739753723,0.0,0.9528442621231079,0.0,2370.0,-4.599999904632568,0.9528442621231079,0.4592598080635071,0.9299017190933228,0.9741529822349548
23.649494171142578,178.3629150390625,7.268256187438965,0.0,0.0,0.0,0.0,0.0,-0.0,0.0,4.483785711015973,3.4123570033482142,0.0,0.5932930111885071,0.0,0.0,0.0,0.0,0.0,0.0,0.0,0.0,0.0,0.0,2371.0,-4.599999904632568,0.0,0.9901971817016602,0.8789016008377075,0.8933956623077393
23.54975128173828,177.69168090820312,6.662655353546143,0.0,0.0,0.0,0.0,0.0,-0.0,0.0,4.4673571722848076,3.395928737095424,0.0,0.5601789951324463,0.0,0.0,0.0,0.0,0.0,0.0,0.0,0.0,0.0,0.0,2372.0,-4.599999904632568,0.0,0.9463809132575989,0.802646279335022,0.8052720427513123
23.451576232910156,151.67059326171875,6.0908613204956055,0.0,0.0,0.0,0.0,0.0,-0.0,0.0,4.468642861502511,3.3972142900739395,0.0,0.4875490069389343,0.0,0.0,0.0,0.0,0.0,0.0,0.0,0.0,0.0,0.0,2373.0,-4.599999904632568,0.0,0.9848834276199341,0.8158507943153381,0.5716627240180969
23.44274139404297,150.99935913085938,5.593194484710693,0.0,0.0,0.0,0.0,0.0,-0.0,0.0,4.47250006539481,3.401071493966239,0.0,0.44724398851394653,0.0,0.0,0.0,0.0,0.0,0.0,0.0,0.0,0.0,0.0,2374.0,-4.599999904632568,0.0,0.9811047315597534,0.7712276577949524,0.36853650212287903
23.43338394165039,150.328125,5.136669158935547,0.0,0.0,0.0,0.0,0.0,-0.0,0.0,4.468000085013253,3.3965715135846817,0.0,0.4041120111942291,0.0,0.0,0.0,0.0,0.0,0.0,0.0,0.0,0.0,0.0,2375.0,-4.599999904632568,0.0,0.9593605995178223,0.7304134368896484,0.23924317955970764
23.423505783081055,149.65689086914062,4.724168300628662,0.0,0.0,0.0,0.0,0.0,-0.0,0.0,4.4473571232386995,3.3759285518101283,0.0,0.31360501050949097,0.0,0.0,0.0,0.0,0.0,0.0,0.0,0.0,0.0,0.0,2376.0,-4.599999904632568,0.0,0.522203803062439,0.7199132442474365,0.1982969045639038
23.4126033782959,138.87416076660156,4.404031276702881,0.0,0.0,0.0,0.0,0.0,-0.0,0.0,4.430214282444545,3.358785574776786,0.0,0.24229499697685242,0.0,0.0,0.0,0.0,0.0,0.0,0.0,0.0,0.0,0.0,2377.0,-4.403899192810059,0.0,0.36883485317230225,0.71844482421875,0.1286071538925171
23.40069007873535,138.2029266357422,4.1566667556762695,0.0,0.0,0.0,0.0,0.0,-0.0,0.0,4.412500054495675,3.3410714830671036,0.0,0.20841699838638306,0.0,0.0,0.0,0.0,0.0,0.0,0.0,0.0,0.0,0.0,2378.0,-4.1565423011779785,0.0,0.32364845275878906,0.7037838101387024,0.11835309863090515
23.388774871826172,137.5316925048828,3.943878173828125,0.0,0.0,0.0,0.0,0.0,-0.0,0.0,4.395428603036063,3.3239998953683036,0.0,0.20841699838638306,0.0,0.0,0.0,0.0,0.0,0.0,0.0,0.0,0.0,0.0,2379.0,-3.9437599182128906,0.0,0.4158395528793335,0.29203933477401733,0.07539671659469604
23.195072174072266,136.86045837402344,3.731095790863037,0.0,0.0,0.0,0.0,0.0,-0.0,0.0,4.38721433367048,3.3157857622419082,0.0,0.17655999958515167,0.0,0.0,0.0,0.0,0.0,0.0,0.0,0.0,0.0,0.0,2380.0,-3.7309839725494385,0.0,0.14794626832008362,0.2756282091140747,0.11523687839508057
23.001367568969727,136.18922424316406,3.550826072692871,0.0,0.0,0.0,0.0,0.0,-0.0,0.0,4.383071436200823,3.3116430010114395,0.0,0.17167800664901733,0.0,0.0,0.0,0.0,0.0,0.0,0.0,0.0,0.0,0.0,2381.0,-3.5507194995880127,0.0,0.056050896644592285,0.3032497763633728,0.16735023260116577
22.807661056518555,135.5179901123047,3.3755431175231934,0.0,0.0,0.0,0.0,0.0,-0.0,0.0,4.382428523472377,3.310999952043806,0.0,0.17986400425434113,0.0,0.0,0.0,0.0,0.0,0.0,0.0,0.0,0.0,0.0,2382.0,-3.3754420280456543,0.0,0.04004096984863281,0.3727518916130066,0.22504127025604248
22.61295509338379,134.8467559814453,3.1919126510620117,0.0,0.0,0.0,0.0,0.0,-0.0,0.0,4.384571429661342,3.3131427219935827,0.0,0.20588499307632446,0.0,0.0,0.0,0.0,0.0,0.0,0.0,0.0,0.0,0.0,2383.0,-3.191817045211792,0.0,0.012378454208374023,0.6980038285255432,0.30242854356765747
22.600034713745117,134.17552185058594,2.981736421585083,0.0,0.0,0.0,0.0,0.0,-0.0,0.0,4.389285714285714,3.3178571428571426,0.0,0.3041990101337433,0.0,0.0,0.0,0.0,0.0,0.0,0.4615170359611511,0.0,0.4615170359611511,0.0,2384.0,-2.98164701461792,0.4615170359611511,0.0190432071685791,0.7783955335617065,0.323731005191803
22.8919620513916,133.50428771972656,2.2003276348114014,0.0,0.0,0.0,0.0,0.0,-0.0,0.0,4.423857225690569,3.3524286542619977,0.24034999310970306,0.1068979948759079,0.0,0.0,0.0,0.0,0.0,0.0,0.3364538848400116,0.0,0.3364538848400116,0.0,2385.0,-2.2002615928649902,0.3364538848400116,0.037590622901916504,0.8026872277259827,0.3212956190109253
23.01342010498047,132.8330535888672,1.7478753328323364,0.0,0.0,0.0,0.0,0.0,-0.0,0.0,4.477000045776367,3.405571474347796,0.3549250066280365,0.0,0.0,0.0,0.0,0.5162249803543091,0.0,0.0,0.23760920763015747,0.0,0.7538341879844666,0.0,2386.0,-1.747822880744934,0.7538341879844666,0.027688682079315186,0.889873206615448,0.4155343770980835
23.449350357055664,124.63695526123047,1.5053718090057373,0.0,0.0,0.0,0.0,0.09456120050439794,-0.0,0.0,4.520071520124163,3.4486429486955914,0.35721999406814575,0.0,0.0,0.0,1.0506799221038818,0.0,0.0,0.0,0.0,0.0,0.0,0.0,2387.0,-1.5053266286849976,0.0,0.015622913837432861,0.8802328109741211,0.56298828125
23.441198348999023,106.88558959960938,1.5053266286849976,0.0,0.0,0.0,0.0,0.07164945814207824,-0.0,0.0,4.55228568485805,3.48085697719029,0.34515801072120667,0.0,0.0,0.0,0.7961050271987915,0.5706369876861572,0.0,0.0,0.0,0.0,0.0,0.5706369876861572,2388.0,-1.5052814483642578,-0.5706369876861572,0.01036745309829712,0.829770028591156,0.7031086087226868
23.433752059936523,132.49545288085938,1.5052814483642578,0.0,0.0,0.0,0.0,0.12076424560063985,-0.0,0.0,4.587285668509347,3.5158570970807754,0.35785800218582153,0.0,0.0,0.0,1.3418248444795609,0.06446711719036102,0.0,0.0,0.0,0.0,0.06446711719036102,0.0,2389.0,-1.505236268043518,0.06446711719036102,0.017413675785064697,0.8942751884460449,0.6344255208969116
23.47136116027832,124.29998779296875,1.505236268043518,0.0,0.0,0.0,0.0,0.13580103642153965,-0.0,0.0,4.627999932425363,3.556571360996791,0.3717289865016937,0.0,0.0,0.0,1.5089002847671509,0.15617060661315918,0.0,0.0,0.0,0.0,0.0,0.15617060661315918,2390.0,-1.5051910877227783,-0.15617060661315918,0.027645736932754517,0.8366727232933044,0.7142671346664429
23.464611053466797,134.28082275390625,1.5051910877227783,0.0,0.0,0.0,0.0,0.1259653765233651,-0.0,0.0,4.647714287894113,3.576285716465541,0.354746013879776,0.0,0.0,0.0,1.3996151834726334,0.19503889977931976,0.0,0.0,0.0,0.0,0.0,0.19503889977931976,2391.0,-1.5051459074020386,-0.19503889977931976,0.05104526877403259,0.819101095199585,0.7826734185218811
23.457860946655273,145.225830078125,1.5051459074020386,0.0,0.0,0.0,0.0,0.0,-0.0,0.0,4.61478568485805,3.543357113429478,0.3672589957714081,0.0,0.0,0.2815452052314953,0.0,0.0,0.0,0.0,0.0,0.0,0.0,0.0,2392.0,0.3217410147190094,0.0,0.18583208322525024,0.8687704205513,0.7156479358673096
23.45111083984375,138.11810302734375,1.786637544631958,0.0,0.0,0.0,0.0,0.0,-0.0,0.0,4.569857134137835,3.4984285627092633,0.16529999673366547,0.1916150003671646,0.0,0.0,0.0,0.0,0.0,0.0,0.0,0.0,0.0,0.0,2393.0,-1.7865840196609497,0.0,0.6013142466545105,0.8366184830665588,0.6389595866203308
23.444360733032227,137.44686889648438,1.5910643339157104,0.0,0.0,0.0,0.0,0.0,-0.0,0.0,4.525999968392508,3.454571533203125,0.004749999847263098,0.4406219720840454,0.0,0.0,0.0,0.0,0.0,0.0,0.0,0.0,0.0,0.0,2394.0,-1.5910166501998901,0.0,0.9246234893798828,0.6642938256263733,0.5021683573722839
23.437610626220703,127.03358459472656,1.1414158344268799,0.0,0.0,0.0,0.0,0.0,-0.0,0.0,4.486857223510742,3.415428652082171,0.0,0.5932930111885071,0.0,0.0,0.0,0.0,0.0,0.0,0.0,0.0,0.0,0.0,2395.0,-1.1413816213607788,0.0,0.9576517343521118,0.41147467494010925,0.28076791763305664
23.43086051940918,103.05817413330078,0.5359987616539001,0.0,0.0,0.0,0.0,-0.010474808903269482,-0.0,0.0,4.453000014168875,3.381571306501116,0.0,0.5252629668423197,0.03491602829012663,0.0,0.0,0.0,0.0,0.0,0.0,0.0,0.0,0.0,2396.0,-0.5359826683998108,0.0,0.9662436246871948,0.3728927969932556,0.071326345205307
23.424110412597656,89.79325103759766,1.6152374882949516e-5,0.0,0.0,0.0,0.0,-0.1532910050269365,-0.0,0.0,4.4277856826782225,3.3563572474888392,0.0,0.0,0.5109699964523315,0.0,0.0,0.0,0.0,0.0,0.0,0.0,0.0,0.0,2397.0,0.0,0.0,0.9717421531677246,0.41617679595947266,0.018314868211746216
23.4173583984375,89.12202453613281,1.6151891031768173e-5,0.0,0.0,0.0,0.0,-0.1360827023221134,-0.0,0.0,4.41535712650844,3.343928418840681,0.0,0.0,0.45360898971557617,0.0,0.0,0.0,0.0,0.0,0.0,0.0,0.0,0.0,2398.0,0.0,0.0,0.807357668876648,0.4445876479148865,0.019763410091400146
23.409561157226562,73.5681381225586,1.615140718058683e-5,0.0,0.0,0.0,0.0,-0.12123360817565931,-0.0,0.0,4.418000030517578,3.3465714590890068,0.0,0.0,0.4041120111942291,0.0,0.0,0.0,0.0,0.0,0.0,0.0,0.0,0.0,2399.0,0.0,0.0,0.8925602436065674,0.511565089225769,0.010621309280395508
23.399700164794922,72.89691162109375,1.6150923329405487e-5,0.0,0.0,0.0,0.0,-0.09408150689131034,-0.0,0.0,4.429357201712472,3.3579286302839004,0.0,0.0,0.31360501050949097,0.0,0.0,0.0,0.0,0.0,0.0,0.0,0.0,0.0,2400.0,0.0,0.0,0.2930954694747925,0.5205519199371338,0.019314438104629517
23.389829635620117,62.81455993652344,1.6150439478224143e-5,0.0,0.0,0.0,0.0,-0.07268850198143717,-0.0,0.0,4.446857125418527,3.375428553989955,0.0,0.0,0.24229499697685242,0.0,0.0,0.0,0.0,0.0,0.0,0.0,0.0,0.0,2401.0,0.0,0.0,0.00047656893730163574,0.46820876002311707,0.1386500895023346
23.199182510375977,27.090770721435547,1.61499556270428e-5,0.0,0.0,0.0,0.0,-0.06252510200043915,-0.0,0.0,4.460785675048828,3.3893571036202568,0.0,0.0,0.20841699838638306,0.0,0.0,0.0,0.0,0.0,0.0,0.0,0.0,0.0,2402.0,0.0,0.0,0.009574860334396362,0.4549904763698578,0.02428525686264038
23.006486892700195,26.419540405273438,1.6149471775861457e-5,0.0,0.0,0.0,0.0,-0.08315584095938355,-0.0,0.0,4.470928546360561,3.3994998386928015,0.0,0.0,0.19043999910354614,0.0,0.0,0.0,0.08674612641334534,0.0,0.0,0.0,0.0,0.08674612641334534,2403.0,0.0,-0.08674612641334534,0.0016357004642486572,0.3926897644996643,0.07128557562828064
22.812786102294922,31.403776168823242,1.6148987924680114e-5,0.0,0.0,0.0,0.0,-0.0995507056335887,-0.0,0.0,4.473000063214983,3.4015714917864117,0.0,0.0,0.17655999958515167,0.0,0.0,0.0,0.15527567267417908,0.0,0.0,0.0,0.0,0.15527567267417908,2404.0,0.0,-0.15527567267417908,0.0012197792530059814,0.18736466765403748,0.13039952516555786
22.436294555664062,40.862003326416016,1.614850407349877e-5,0.0,0.0,0.0,0.0,-0.14363774333944868,-0.0,0.0,4.473500061035156,3.402071489606585,0.0,0.0,0.17167800664901733,0.0,0.0,0.0,0.30711445212364197,0.0,0.0,0.0,0.0,0.30711445212364197,2405.0,0.0,-0.30711445212364197,0.0027507543563842773,0.05395635962486267,0.2514396607875824
21.878019332885742,60.22842788696289,1.6148020222317427e-5,0.0,0.0,0.0,0.0,-0.2728743527481692,-0.0,0.0,4.48207141331264,3.410642841884068,0.0,0.0,0.17986400425434113,0.0,0.0,0.0,0.7297171354293823,0.0,0.0,0.0,0.0,0.7297171354293823,2406.0,0.0,-0.7297171354293823,0.0002391040325164795,0.13590919971466064,0.5455586910247803
21.86708641052246,107.2874755859375,1.6147536371136084e-5,0.0,0.0,0.0,0.0,-0.061765500377237714,-0.0,0.0,4.492428588867187,3.421000017438616,0.0,0.0,0.20588499307632446,0.0,0.0,0.0,0.0,0.0,0.0,0.0,0.0,0.0,2407.0,0.0,0.0,0.008632540702819824,0.05388835072517395,0.2943885326385498
21.856151580810547,106.61624908447266,1.614705251995474e-5,0.0,0.0,0.0,0.0,-0.09125970666645777,-0.0,0.0,4.493142890930176,3.4217144557407924,0.0,0.0,0.3041990101337433,0.0,0.0,0.0,0.0,0.0,0.0,0.0,0.0,0.0,2408.0,0.0,0.0,0.029181748628616333,0.016587167978286743,0.35827237367630005
21.479660034179688,105.94502258300781,1.6146568668773398e-5,0.0,0.0,0.0,0.0,0.0,-0.0,0.0,4.515857097080776,3.4444285256522043,0.34724798798561096,0.0,0.0,0.037682960170783986,0.0,0.0,0.0,0.0,0.0,0.0,0.0,0.0,2409.0,0.05875200033187866,0.0,0.007504314184188843,0.17522376775741577,0.3857172131538391
21.28594398498535,105.27379608154297,0.03769797831773758,0.0,0.0,0.0,0.0,-0.1211329964853186,-0.0,0.0,4.562214251926967,3.4907855442592077,0.3549250066280365,0.0,0.0,0.0,0.0,0.5561249256134033,0.4037766389064199,0.0,0.03694290598112282,0.0,0.996844470500946,0.0,2410.0,-0.037696849554777145,0.996844470500946,0.002453356981277466,0.5915454626083374,0.5957159996032715
21.957712173461914,92.83456420898438,1.1361794349795673e-6,0.0,0.0,0.0,0.0,0.10139063008160898,-0.0,0.0,4.617071369716099,3.545642798287528,0.35721999406814575,0.0,0.0,0.0560232549905777,1.1265624669311793,0.5604509115219116,0.0,0.0,0.0,0.0,0.0,0.5604509115219116,2411.0,0.0560232549905777,-0.5604509115219116,0.0055994391441345215,0.6928397417068481,0.6850016117095947
21.88792610168457,129.59832763671875,0.05602271109819412,0.0,0.0,0.0,0.0,0.14672661936552325,-0.0,0.0,4.663214288439069,3.591785648890904,0.34515801072120667,0.0,0.0,0.13275910913944244,1.6302956411637768,1.5076278448104858,0.0,0.0,0.0,0.0,1.5076278448104858,0.0,2412.0,0.13275910913944244,1.5076278448104858,0.018875181674957275,0.7748220562934875,0.752165675163269
22.874095916748047,128.92709350585938,0.1887761652469635,0.0,0.0,0.0,0.0,0.01772934123842926,-0.0,0.0,4.664928586142404,3.5935000828334265,0.6661649942398071,0.0,0.0,0.7274662852287292,0.19699266477142108,0.5481798648834229,0.0,0.0,0.0,0.0,0.5481798648834229,0.0,2413.0,0.7274662852287292,0.5481798648834229,0.09162124991416931,0.8501883149147034,0.5655273199081421
23.250926971435547,118.54876708984375,0.9162150025367737,0.0,0.0,0.0,0.0,0.0,-0.0,0.0,4.627999932425363,3.556571360996791,0.7347400188446045,0.0,0.0,0.14881322196674773,0.0,0.2619597911834717,0.0,0.0,0.0,0.0,0.2619597911834717,0.0,2414.0,0.47425997257232666,0.2619597911834717,0.28667324781417847,0.8852088451385498,0.4556516706943512
23.426029205322266,106.79727935791016,1.0649962425231934,0.0,0.0,0.0,0.0,0.0398073618457603,-0.0,0.0,4.5859999792916435,3.514571407863072,0.354746013879776,0.0,0.0,0.0,0.44230398535728455,0.0,0.0,0.0,0.0,0.0,0.0,0.0,2415.0,-1.0649642944335938,0.0,0.060770273208618164,0.8747482895851135,0.5410173535346985
23.419279098510742,106.12605285644531,1.0649642944335938,0.0,0.0,0.0,0.0,-0.07581950727381326,-0.0,0.0,4.566571453639439,3.495143018450056,0.3672589957714081,0.0,0.0,0.0,0.0,0.558040976524353,0.25273168087005615,0.0,0.0,0.0,0.0,0.8107726573944092,2416.0,0.3512047231197357,-0.8107726573944092,0.1416139006614685,0.7880030870437622,0.7256392240524292
23.41252899169922,136.10035705566406,1.0649323463439941,0.0,0.0,0.0,0.0,-0.02764094997625783,-0.0,0.0,4.538785743713379,3.4673573085239955,0.3569149971008301,0.0,0.0,0.0,0.0,0.2225850224494934,0.09213649625968401,0.0,1.0436022937755638,0.0,0.0,1.3583238124847412,2417.0,-1.0649003982543945,-1.3583238124847412,0.0943208634853363,0.6385732889175415,0.8999139070510864
23.405778884887695,163.9842987060547,3.2066338462755084e-5,0.0,0.0,0.0,0.0,-0.07376160020675648,-0.0,0.0,4.472571454729352,3.401142883300781,0.19949999451637268,0.0,0.24587199091911316,0.0,0.0,0.0,0.0,0.0,0.0,0.0,0.0,0.0,2418.0,0.0,0.0,0.9855474233627319,0.5492563247680664,0.40807923674583435
23.399028778076172,163.3130645751953,3.206537803635001e-5,0.0,0.0,0.0,0.0,-0.17798791042915596,-0.0,0.0,4.366071374075753,3.2946428026471817,0.0,0.0,0.5932930111885071,0.0,0.0,0.0,0.0,0.0,0.0,0.0,0.0,0.0,2419.0,0.0,0.0,0.9848862886428833,0.23925113677978516,0.31659984588623047
23.390180587768555,162.64183044433594,3.206441760994494e-5,0.0,0.0,0.0,0.0,-0.1680537052175879,-0.0,0.0,4.258285740443638,3.186857169015067,0.0,0.0,0.5601789951324463,0.0,0.0,0.0,0.0,0.0,0.0,0.0,0.0,0.0,2420.0,0.0,0.0,0.9776874780654907,0.19055825471878052,0.24676081538200378
23.382896423339844,161.97059631347656,3.206345718353987e-5,0.0,0.0,0.0,0.0,-0.14626470789371737,-0.0,0.0,4.171285711015974,3.0998570033482142,0.0,0.0,0.4875490069389343,0.0,0.0,0.0,0.0,0.0,0.0,0.0,0.0,0.0,2421.0,0.0,0.0,0.9693282842636108,0.16473335027694702,0.17759311199188232
23.374059677124023,161.2993621826172,3.2062496757134795e-5,0.0,0.0,0.0,0.0,-0.13417320188574777,-0.0,0.0,4.109214319501604,3.037785611833845,0.0,0.0,0.44724398851394653,0.0,0.0,0.0,0.0,0.0,0.0,0.0,0.0,0.0,2422.0,0.0,0.0,0.9071774482727051,0.1279609203338623,0.13603311777114868
23.182405471801758,160.6281280517578,3.206153633072972e-5,0.0,0.0,0.0,0.0,-0.12123360817565931,-0.0,0.0,4.046500015258789,2.9750714438302177,0.0,0.0,0.4041120111942291,0.0,0.0,0.0,0.0,0.0,0.0,0.0,0.0,0.0,2423.0,0.0,0.0,0.9415534734725952,0.08827561140060425,0.11380869150161743
23.173540115356445,157.0303192138672,3.206057590432465e-5,0.0,0.0,0.0,0.0,-0.09408150689131034,-0.0,0.0,3.9909999847412108,2.9195714133126396,0.0,0.0,0.31360501050949097,0.0,0.0,0.0,0.0,0.0,0.0,0.0,0.0,0.0,2424.0,0.0,0.0,0.8049575090408325,0.1142922043800354,0.11356911063194275
22.97984504699707,151.41732788085938,3.205961547791958e-5,0.0,0.0,0.0,0.0,-0.07268850198143717,-0.0,0.0,3.9649285725184846,2.8934998648507255,0.0,0.0,0.24229499697685242,0.0,0.0,0.0,0.0,0.0,0.0,0.0,0.0,0.0,2425.0,0.0,0.0,0.9682621955871582,0.06318885087966919,0.09587788581848145
22.96994400024414,150.74609375,3.2058655051514506e-5,0.0,0.0,0.0,0.0,-0.06252510200043915,-0.0,0.0,3.9565713882446287,2.8851429530552455,0.0,0.0,0.20841699838638306,0.0,0.0,0.0,0.0,0.0,0.0,0.0,0.0,0.0,2426.0,0.0,0.0,0.8816735744476318,0.08460843563079834,0.10581016540527344
22.775238037109375,150.07485961914062,3.2057694625109434e-5,0.0,0.0,0.0,0.0,-0.05713200200128554,-0.0,0.0,3.945214353288923,2.8737857818603514,0.0,0.0,0.19043999910354614,0.0,0.0,0.0,0.0,0.0,0.0,0.0,0.0,0.0,2427.0,0.0,0.0,0.8964270949363708,0.06057256460189819,0.16216826438903809
22.58254051208496,149.40362548828125,3.205673419870436e-5,0.0,0.0,0.0,0.0,-0.05296800198030471,-0.0,0.0,3.929357201712472,2.857928630283901,0.0,0.0,0.17655999958515167,0.0,0.0,0.0,0.0,0.0,0.0,0.0,0.0,0.0,2428.0,0.0,0.0,0.9507158994674683,0.028014957904815674,0.15388533473014832
22.571626663208008,148.73239135742188,3.205577377229929e-5,0.0,0.0,0.0,0.0,-0.05150340404126652,-0.0,0.0,3.919642802647182,2.8482142312186105,0.0,0.0,0.17167800664901733,0.0,0.0,0.0,0.0,0.0,0.0,0.0,0.0,0.0,2429.0,0.0,0.0,0.7596323490142822,0.04783836007118225,0.3669144809246063
22.197141647338867,141.2373046875,3.205481334589422e-5,0.0,0.0,0.0,0.0,-0.053959203420448354,-0.0,0.0,3.9115000588553293,2.8400714874267576,0.0,0.0,0.17986400425434113,0.0,0.0,0.0,0.0,0.0,0.0,0.0,0.0,0.0,2430.0,0.0,0.0,0.5896832346916199,0.027428150177001953,0.2985556721687317
22.004440307617188,138.32000732421875,3.2053852919489145e-5,0.0,0.0,0.0,0.0,-0.061765500377237714,-0.0,0.0,3.9052142551967073,2.833785683768136,0.0,0.0,0.20588499307632446,0.0,0.0,0.0,0.0,0.0,0.0,0.0,0.0,0.0,2431.0,0.0,0.0,0.3645734190940857,0.019528329372406006,0.2876909673213959
21.81174087524414,137.64877319335938,3.205289249308407e-5,0.0,0.0,0.0,0.0,-0.08954970894454739,-0.0,0.0,3.9067142486572264,2.835285677228655,0.00570000009611249,0.0,0.2984990179538727,0.0,0.0,0.0,0.0,0.0,0.0,0.0,0.0,0.0,2432.0,0.0,0.0,0.1774265468120575,0.05863267183303833,0.25132688879966736
21.799821853637695,136.9775390625,3.2051932066679e-5,0.0,0.0,0.0,0.0,0.0,-0.0,0.0,3.9392857687813896,2.867857197352818,0.34724798798561096,0.0,0.0,0.3495435210547839,0.0,0.6346249580383301,0.0,0.0,0.0,0.0,0.6346249580383301,0.0,2433.0,0.994490385055542,0.6346249580383301,0.09944924712181091,0.6327804923057556,0.38424646854400635
22.16388702392578,136.30630493164062,0.3495650887489319,0.0,0.0,0.0,0.0,0.0,-0.0,0.0,4.009571429661342,2.9381427219935827,0.3549250066280365,0.0,0.0,1.3963914499261705,0.0,1.7114356756210327,0.0,0.0,0.0,0.0,1.7114356756210327,0.0,2434.0,2.5239012241363525,1.7114356756210327,0.2873436212539673,0.8363623023033142,0.5730411410331726
23.18179702758789,127.87523651123047,1.7459042072296143,0.0,0.0,0.0,0.0,0.0445501950198241,-0.0,0.0,4.095214244297573,3.023785672869001,0.35721999406814575,0.0,0.0,4.599999904632568,0.495002127547699,0.0,0.0,0.0,0.0,0.0,0.0,0.0,2435.0,4.599999904632568,0.0,0.8317091464996338,0.8287161588668823,0.540675938129425
23.080514907836914,127.20401000976562,6.345714092254639,0.0,0.0,0.0,0.0,0.2738207761057041,-0.0,0.0,4.190285764421736,3.118857192993164,0.34515801072120667,0.0,0.0,2.9025802612304688,3.0424528260487254,0.6558725833892822,0.0,0.0,0.0,0.0,0.0,0.6558725833892822,2436.0,2.9025802612304688,-0.6558725833892822,0.924826443195343,0.7396706342697144,0.9110292196273804
23.072189331054688,165.7627716064453,9.248017311096191,0.0,0.0,0.0,0.0,0.6007492924332027,-0.0,0.0,4.265071405683245,3.1936429704938614,0.35785800218582153,0.0,0.0,0.0,6.674991607666016,0.0,0.0,0.0,0.0,0.0,0.0,0.0,2437.0,-4.599999904632568,0.0,0.9098836779594421,0.7296730875968933,0.909854531288147
23.06387710571289,165.09153747558594,9.247739791870117,0.0,0.0,0.0,0.0,0.5123547162496794,-0.0,0.0,4.3124999455043245,3.2410713740757533,0.4070050120353699,0.0,0.0,0.0,5.692829728126526,0.42666518688201904,0.0,0.0,0.0,0.0,0.0,0.42666518688201904,2438.0,-4.599999904632568,-0.42666518688201904,0.870445191860199,0.6792238354682922,0.9847713112831116
23.057125091552734,177.56149291992188,9.247462272644043,0.0,0.0,0.0,0.0,0.29762139063051324,-0.0,0.0,4.333571515764509,3.2621429443359373,0.3781459927558899,0.0,0.0,0.0,3.3069040775299072,0.0,0.0,0.0,0.0,0.0,0.0,0.0,2439.0,-4.599999904632568,0.0,0.3655458092689514,0.8109890222549438,0.9838998317718506
23.05037498474121,154.83578491210938,9.247184753417969,0.0,0.0,0.0,0.0,0.19701662020020552,-0.0,0.0,4.348785618373325,3.2773570469447546,0.41212400794029236,0.0,0.0,0.0,2.189073383808136,0.5167028307914734,0.0,0.0,0.0,0.0,0.0,0.5167028307914734,2440.0,-4.599999904632568,-0.5167028307914734,0.3796946406364441,0.819860577583313,0.9832323789596558
23.043624877929688,177.3152618408203,9.246907234191895,0.0,0.0,0.0,0.0,0.040412465565400374,-0.0,0.0,4.348571450369699,3.277142878941127,0.39252400398254395,0.0,0.0,0.0,0.4490273594856262,0.791498601436615,0.0,0.0,0.0,0.0,0.791498601436615,0.0,2441.0,-4.599999904632568,0.791498601436615,0.2980230152606964,0.9106345176696777,0.9823623895645142
23.553157806396484,167.03529357910156,9.24662971496582,0.0,0.0,0.0,0.0,0.0,-0.0,0.0,4.316071455819266,3.2446427481515068,0.32774999737739563,0.11762198805809021,0.0,0.0,0.0,0.0,0.0,0.0,0.3051627278327942,0.0,0.0,0.3051627278327942,2442.0,-4.599999904632568,-0.3051627278327942,0.5624417066574097,0.9525038003921509,0.9737327098846436
23.54640769958496,175.79531860351562,8.814952850341797,0.0,0.0,0.0,0.0,0.0,-0.0,0.0,4.260857118879046,3.189428547450474,0.0,0.5932930111885071,0.0,0.0,0.0,0.0,0.0,0.0,0.23868058621883392,0.0,0.23868058621883392,0.0,2443.0,-4.599999904632568,0.23868058621883392,0.9933159351348877,0.9198465943336487,0.923690915107727
23.599218368530273,175.12408447265625,7.965761184692383,0.0,0.0,0.0,0.0,0.0,-0.0,0.0,4.232357243129185,3.160928671700614,0.0,0.5601789951324463,0.0,0.0,0.0,0.0,0.0,0.0,0.0,0.0,0.0,0.0,2444.0,-4.599999904632568,0.0,0.9947370290756226,0.9118998646736145,0.8854495882987976
23.591943740844727,174.45285034179688,7.393928527832031,0.0,0.0,0.0,0.0,0.0,-0.0,0.0,4.204357092721121,3.13292852129255,0.0,0.4875490069389343,0.0,0.0,0.0,0.0,0.0,0.0,0.0,0.0,0.0,0.0,2445.0,-4.599999904632568,0.0,0.9944581985473633,0.887985348701477,0.783839225769043
23.58310890197754,173.7816162109375,6.8962225914001465,0.0,0.0,0.0,0.0,0.0,-0.0,0.0,4.178071376255581,3.106642804827009,0.0,0.44724398851394653,0.0,0.0,0.0,0.0,0.0,0.0,0.0,0.0,0.0,0.0,2446.0,-4.599999904632568,0.0,0.9704464673995972,0.8498575687408447,0.6634824275970459
23.573240280151367,158.66624450683594,6.439658164978027,0.0,0.0,0.0,0.0,0.0,-0.0,0.0,4.164857128688267,3.093428693498884,0.0,0.4041120111942291,0.0,0.0,0.0,0.0,0.0,0.0,0.0,0.0,0.0,0.0,2447.0,-4.599999904632568,0.0,0.9512197971343994,0.5532411336898804,0.2780754864215851
23.381582260131836,140.9224395751953,6.02711820602417,0.0,0.0,0.0,0.0,0.0,-0.0,0.0,4.159500067574637,3.088071496146066,0.0,0.31360501050949097,0.0,0.0,0.0,0.0,0.0,0.0,0.0,0.0,0.0,0.0,2448.0,-4.599999904632568,0.0,0.8425208330154419,0.842698872089386,0.23869407176971436
23.370681762695312,140.25120544433594,5.706942081451416,0.0,0.0,0.0,0.0,0.0,-0.0,0.0,4.155071476527622,3.0836429050990515,0.0,0.24229499697685242,0.0,0.0,0.0,0.0,0.0,0.0,0.0,0.0,0.0,0.0,2449.0,-4.599999904632568,0.0,0.46572670340538025,0.8602824211120605,0.2096325159072876
23.35977554321289,139.57997131347656,5.459538459777832,0.0,0.0,0.0,0.0,0.0,-0.0,0.0,4.157785633632114,3.0863570622035437,0.0,0.20841699838638306,0.0,0.0,0.0,0.0,0.0,0.0,0.0,0.0,0.0,0.0,2450.0,-4.599999904632568,0.0,0.3753678798675537,0.8602160811424255,0.19834142923355103
23.349872589111328,138.9087371826172,5.246710777282715,0.0,0.0,0.0,0.0,0.0,-0.0,0.0,4.137428501674107,3.065999930245536,0.0,0.19043999910354614,0.0,0.0,0.0,0.0,0.0,0.0,0.0,0.0,0.0,0.0,2451.0,-4.599999904632568,0.0,0.1635710895061493,0.5635923743247986,0.13054174184799194
23.156169891357422,128.4311981201172,5.05223274230957,0.0,0.0,0.0,0.0,0.0,-0.0,0.0,4.122357177734375,3.0509286063058036,0.0,0.17655999958515167,0.0,0.0,0.0,0.0,0.0,0.0,0.0,0.0,0.0,0.0,2452.0,-4.599999904632568,0.0,0.380046010017395,0.30108362436294556,0.10820767283439636
22.78168487548828,127.75997161865234,4.871923446655273,0.0,0.0,0.0,0.0,0.0,-0.0,0.0,4.101571437290737,3.030142865862165,0.0,0.17167800664901733,0.0,0.0,0.0,0.0,0.0,0.0,0.0,0.0,0.0,0.0,2453.0,-4.599999904632568,0.0,0.06162181496620178,0.5024959444999695,0.18562161922454834
22.587980270385742,127.0887451171875,4.696600914001465,0.0,0.0,0.0,0.0,0.0,-0.0,0.0,4.093714250837054,3.022285679408482,0.0,0.17986400425434113,0.0,0.0,0.0,0.0,0.0,0.0,0.0,0.0,0.0,0.0,2454.0,-4.599999904632568,0.0,0.04325142502784729,0.5805401802062988,0.24657881259918213
22.394275665283203,126.41751861572266,4.512930870056152,0.0,0.0,0.0,0.0,0.0,-0.0,0.0,4.092499950953892,3.021071515764509,0.0,0.20588499307632446,0.0,0.0,0.0,0.0,0.0,0.0,0.0,0.0,0.0,0.0,2455.0,-4.512795448303223,0.0,0.12035641074180603,0.3635461926460266,0.26722514629364014
22.017784118652344,125.74629211425781,4.302715301513672,0.0,0.0,0.0,0.0,0.0,-0.0,0.0,4.096071461268833,3.0246428898402624,0.0,0.3041990101337433,0.0,0.0,0.0,0.0,0.0,0.0,1.7509912252426147,0.0,1.7509912252426147,0.0,2456.0,-4.302586078643799,1.7509912252426147,0.03455376625061035,0.8161410093307495,0.37444597482681274
23.080690383911133,125.07506561279297,2.2055163383483887,0.0,0.0,0.0,0.0,0.02634058073882891,-0.0,0.0,4.147285679408482,3.075857107979911,0.34724798798561096,0.0,0.0,0.0,0.29267309606075287,0.23122884333133698,0.0,0.0,0.0,0.0,0.23122884333133698,0.0,2457.0,-2.2054502964019775,0.23122884333133698,0.08949258923530579,0.8425267934799194,0.41866928339004517
23.21261978149414,113.16767883300781,2.2054502964019775,0.0,0.0,0.0,0.0,0.11055407138504326,-0.0,0.0,4.210428592136928,3.1389998844691687,0.3549250066280365,0.0,0.0,0.7262498736381531,1.2283784733221732,0.25487518310546875,0.0,0.0,0.0,0.0,0.25487518310546875,0.0,2458.0,0.7262498736381531,0.25487518310546875,0.29316702485084534,0.8608301877975464,0.4214053452014923
23.304136276245117,112.49645233154297,2.931612253189087,0.0,0.0,0.0,0.0,0.13303142139020718,-0.0,0.0,4.288428660801479,3.2170000893729074,0.35721999406814575,0.0,0.0,0.7688168883323669,1.4781267868646704,1.916396141052246,0.0,0.0,0.0,0.0,0.0,1.916396141052246,2459.0,0.7688168883323669,-1.916396141052246,0.3700399100780487,0.5449895858764648,0.9898492097854614
23.297027587890625,178.3739471435547,3.7003180980682373,0.0,0.0,0.0,0.0,0.17285983179624193,-0.0,0.0,4.41692864554269,3.3455000741141183,0.34515801072120667,0.0,0.0,4.599999904632568,1.9206646450953064,0.0,0.0,0.0,0.0,0.0,0.0,0.0,2460.0,4.599999904632568,0.0,0.8373124599456787,0.7361885905265808,0.7969051003456116
23.2902774810791,177.7027130126953,8.300068855285645,0.0,0.0,0.0,0.0,0.6250313111446152,-0.0,0.0,4.512071418762207,3.4406429835728236,0.35785800218582153,0.0,0.0,0.16851086914539337,6.944791794128805,0.0,0.0,0.0,0.0,0.0,0.0,0.0,2461.0,0.16851086914539337,0.0,0.8468549251556396,0.627737283706665,0.9668940305709839
23.283527374267578,177.03147888183594,8.4683256149292,0.0,0.0,0.0,0.0,0.6248980482338278,-0.0,0.0,4.561714254106794,3.490285818917411,0.3717289865016937,0.0,0.0,0.0,6.943311095237732,0.033209919929504395,0.0,0.0,0.0,0.0,0.0,0.033209919929504395,2462.0,-4.599999904632568,-0.033209919929504395,0.7871764898300171,0.5335250496864319,0.991157054901123
23.276777267456055,178.5832061767578,8.468071937561035,0.0,0.0,0.0,0.0,0.5374725515621916,-0.0,0.0,4.586214283534458,3.5147857121058874,0.354746013879776,0.0,0.0,0.0,5.971916764974594,0.14663735032081604,0.0,0.0,0.0,0.0,0.0,0.14663735032081604,2463.0,-4.599999904632568,-0.14663735032081604,0.5929454565048218,0.5118812322616577,0.9974567890167236
23.27002716064453,179.59115600585938,8.467818260192871,0.0,0.0,0.0,0.0,0.37443971271830323,-0.0,0.0,4.589857046944754,3.518428475516183,0.3672589957714081,0.0,0.0,0.0,4.160440921783447,0.0,0.0,0.0,0.0,0.0,0.0,0.0,2464.0,-4.599999904632568,0.0,0.33966588973999023,0.6714551448822021,0.9927594661712646
23.263277053833008,178.919921875,8.467564582824707,0.0,0.0,0.0,0.0,0.16777209149352365,-0.0,0.0,4.562857164655413,3.4914285932268414,0.3569149971008301,0.0,0.0,0.0,1.8641342017799616,0.028550734743475914,0.0,0.0,0.0,0.0,0.028550734743475914,0.0,2465.0,-4.599999904632568,0.028550734743475914,0.16997301578521729,0.8552166223526001,0.9867958426475525
23.27606773376465,178.24868774414062,8.467310905456543,0.0,0.0,0.0,0.0,0.0,-0.0,0.0,4.4708571570260185,3.399428449358259,0.2688499987125397,0.17652198672294617,0.0,0.0,0.0,0.0,0.0,0.0,0.6715028882026672,0.0,0.6715028882026672,0.0,2466.0,-4.599999904632568,0.6715028882026672,0.4762480556964874,0.9439325332641602,0.9753842353820801
23.719646453857422,170.0542755126953,7.601751327514648,0.0,0.0,0.0,0.0,0.0,-0.0,0.0,4.394357081821987,3.322928510393415,0.0,0.5932930111885071,0.0,0.0,0.0,0.0,0.0,0.0,0.0,0.0,0.0,0.0,2467.0,-4.599999904632568,0.0,0.9830604195594788,0.9252146482467651,0.9214065670967102
23.7128963470459,169.38304138183594,6.996140480041504,0.0,0.0,0.0,0.0,0.0,-0.0,0.0,4.374642862592425,3.303214154924665,0.0,0.5601789951324463,0.0,0.0,0.0,0.0,0.0,0.0,0.0,0.0,0.0,0.0,2468.0,-4.599999904632568,0.0,0.9932781457901001,0.882419228553772,0.8367582559585571
23.706146240234375,168.71180725097656,6.4243364334106445,0.0,0.0,0.0,0.0,0.0,-0.0,0.0,4.363071387154715,3.291642815726144,0.0,1.0978139638900757,0.0,0.0,0.0,0.0,0.0,0.0,0.0,0.0,0.0,0.0,2469.0,-4.599999904632568,0.0,0.9956676959991455,0.4795761704444885,0.5318173170089722
23.69939613342285,139.40748596191406,5.303958892822266,0.0,0.0,0.0,0.0,0.0,-0.0,0.0,4.331714303152902,3.26028573172433,0.0,0.44724398851394653,0.0,0.0,0.0,0.0,0.0,0.0,0.0,0.0,0.0,0.0,2470.0,-4.599999904632568,0.0,0.9886646866798401,0.761829137802124,0.27647164463996887
23.692646026611328,138.7362518310547,4.847442150115967,0.0,0.0,0.0,0.0,0.0,-0.0,0.0,4.308571352277483,3.2371427808489117,0.0,0.4041120111942291,0.0,0.0,0.0,0.0,0.0,0.0,0.0,0.0,0.0,0.0,2471.0,-4.599999904632568,0.0,0.9775040149688721,0.7197532057762146,0.17386186122894287
23.684864044189453,138.0650177001953,4.43494987487793,0.0,0.0,0.0,0.0,0.0,-0.0,0.0,4.297785704476492,3.226357269287109,0.0,0.31360501050949097,0.0,0.0,0.0,0.0,0.0,0.0,0.0,0.0,0.0,0.0,2472.0,-4.434816837310791,0.0,0.8914825320243835,0.7392722964286804,0.12700992822647095
23.676027297973633,137.39378356933594,4.114821434020996,0.0,0.0,0.0,0.0,0.0,-0.0,0.0,4.286071450369699,3.214642878941127,0.0,0.24229499697685242,0.0,0.0,0.0,0.0,0.0,0.0,0.0,0.0,0.0,0.0,2473.0,-4.1146979331970215,0.0,0.22892755270004272,0.7690047025680542,0.1388128399848938
23.665145874023438,125.55810546875,3.8674657344818115,0.0,0.0,0.0,0.0,0.0,-0.0,0.0,4.275071498325893,3.2036429268973214,0.0,0.20841699838638306,0.0,0.0,0.0,0.0,0.0,0.0,0.0,0.0,0.0,0.0,2474.0,-3.867349863052368,0.0,0.7003064751625061,0.4344552159309387,0.04444611072540283
23.473480224609375,124.88687896728516,3.6546857357025146,0.0,0.0,0.0,0.0,0.0,-0.0,0.0,4.269071524483817,3.1976429530552455,0.0,0.19043999910354614,0.0,0.0,0.0,0.0,0.0,0.0,0.0,0.0,0.0,0.0,2475.0,-3.654576063156128,0.0,0.3949909508228302,0.3518059253692627,0.06691455841064453
23.28079605102539,124.21565246582031,3.4602553844451904,0.0,0.0,0.0,0.0,0.0,-0.0,0.0,4.266142926897322,3.19471435546875,0.0,0.17655999958515167,0.0,0.0,0.0,0.0,0.0,0.0,0.0,0.0,0.0,0.0,2476.0,-3.4601516723632812,0.0,0.1582356095314026,0.31246256828308105,0.10712367296218872
23.088104248046875,123.54442596435547,3.279993772506714,0.0,0.0,0.0,0.0,0.0,-0.0,0.0,4.2625714165823805,3.1911427089146205,0.0,0.17167800664901733,0.0,0.0,0.0,0.0,0.0,0.0,0.0,0.0,0.0,0.0,2477.0,-3.279895544052124,0.0,0.006829261779785156,0.6477733254432678,0.2663276195526123
23.077192306518555,115.34930419921875,3.1047191619873047,0.0,0.0,0.0,0.0,0.0,-0.0,0.0,4.249499947684152,3.17807137625558,0.0,0.17986400425434113,0.0,0.0,0.0,0.0,0.0,0.0,0.0,0.0,0.0,0.0,2478.0,-3.104626178741455,0.0,0.008032083511352539,0.7208933234214783,0.3034001588821411
23.064760208129883,114.6780776977539,2.9210968017578125,0.0,0.0,0.0,0.0,0.0,-0.0,0.0,4.249071339198521,3.17764276776995,0.0,0.20588499307632446,0.0,0.0,0.0,0.0,0.0,0.0,0.0,0.0,0.0,0.0,2479.0,-2.9210093021392822,0.0,0.021495670080184937,0.5540810823440552,0.30194419622421265
22.8720703125,114.00685119628906,2.7109289169311523,0.0,0.0,0.0,0.0,0.0,-0.0,0.0,4.249499947684152,3.17807137625558,0.0,0.3041990101337433,0.0,0.0,0.0,0.0,0.0,0.0,0.0,0.0,0.0,0.0,2480.0,-2.7108476161956787,0.0,0.19029301404953003,0.15600121021270752,0.3176994323730469
22.40666389465332,113.33562469482422,2.400449752807617,0.0,0.0,0.0,0.0,0.0,-0.0,0.0,4.259642955235073,3.188214383806501,0.08550000190734863,0.26174798607826233,0.0,0.0,0.0,0.0,0.0,0.0,0.7704498767852783,0.0,0.7704498767852783,0.0,2481.0,-2.4003777503967285,0.7704498767852783,0.010806024074554443,0.7775094509124756,0.45887652039527893
22.887531280517578,103.42616271972656,1.3471462726593018,0.0,0.0,0.0,0.0,0.0,-0.0,0.0,4.281857163565499,3.210428728376116,0.3549250066280365,0.0,0.0,0.0,0.0,0.061174988746643066,0.0,0.0,0.1749899685382843,0.0,0.23616495728492737,0.0,2482.0,-1.347105860710144,0.23616495728492737,0.022159814834594727,0.7876908183097839,0.4202296733856201
22.938438415527344,102.75493621826172,1.1685500144958496,0.0,0.0,0.0,0.0,0.0,-0.0,0.0,4.293785721915109,3.2223572867257255,0.35721999406814575,0.0,0.0,0.0,0.0,0.2298799753189087,0.0,0.0,0.477989137172699,0.0,0.7078691124916077,0.0,2483.0,-1.1685149669647217,0.7078691124916077,0.020151495933532715,0.8587204813957214,0.4435402452945709
23.29358673095703,102.08370971679688,0.680785596370697,0.0,0.0,0.0,0.0,0.009918804360930424,-0.0,0.0,4.309785788399832,3.238357216971261,0.34515801072120667,0.0,0.0,0.0,0.11020892858505249,0.38158300518989563,0.0,0.0,0.0,0.0,0.38158300518989563,0.0,2484.0,-0.6807652115821838,0.38158300518989563,0.017006874084472656,0.9060832262039185,0.4433690011501312
23.5304012298584,101.41248321533203,0.6807652115821838,0.0,0.0,0.0,0.0,0.06228164560599263,-0.0,0.0,4.332285690307617,3.260857118879046,0.35785800218582153,0.0,0.0,0.0,0.6920182295143604,0.050223689526319504,0.0,0.0,0.0,0.0,0.050223689526319504,0.0,2485.0,-0.6807448267936707,0.050223689526319504,0.03321719169616699,0.9104330539703369,0.46646764874458313
23.55215072631836,100.74125671386719,0.6807448267936707,0.0,0.0,0.0,0.0,0.03420058566932548,-0.0,0.0,4.350500052315848,3.2790714808872767,0.3717289865016937,0.0,0.0,0.0,0.38000647723674774,0.226764515042305,0.0,0.0,0.0,0.0,0.0,0.226764515042305,2486.0,-0.6807244420051575,-0.226764515042305,0.04920297861099243,0.8931139707565308,0.5425519347190857
23.544340133666992,106.806396484375,0.6807244420051575,0.0,0.0,0.0,0.0,-0.22915817734149302,-0.0,0.0,4.371714265005929,3.3002855573381695,0.354746013879776,0.0,0.0,0.0,0.0,0.2713039815425873,0.7638605607852185,0.0,0.6670898722306049,0.0,0.0,1.7022544145584106,2487.0,-0.6807040572166443,-1.7022544145584106,0.028776168823242188,0.6831001043319702,0.8958200812339783
23.53655242919922,163.32928466796875,2.0503382984315977e-5,0.0,0.0,0.0,0.0,0.0,-0.0,0.0,4.400428581237793,3.3289998735700332,0.3672589957714081,0.0,0.0,0.31785415612394274,0.0,0.0,0.0,0.0,0.0,0.0,0.0,0.0,2488.0,0.36074098944664,0.0,0.6885511875152588,0.8731048107147217,0.6118689179420471
23.529802322387695,156.32522583007812,0.31786513328552246,0.0,0.0,0.0,0.0,0.0,-0.0,0.0,4.422428621564593,3.351000050136021,0.3569149971008301,0.0,0.0,0.18647927170343337,0.0,0.0,0.0,0.0,0.0,0.0,0.0,0.0,2489.0,0.2190849781036377,0.0,0.9537612199783325,0.7946926355361938,0.5052623748779297
23.431114196777344,155.65399169921875,0.504329264163971,0.0,0.0,0.0,0.0,0.0,-0.0,0.0,4.431357192993164,3.3599286215645927,0.0722000002861023,0.38111698627471924,0.0,0.0,0.0,0.0,0.0,0.0,0.0,0.0,0.0,0.0,2490.0,-0.504314124584198,0.0,0.9874697923660278,0.5651482343673706,0.41459107398986816
23.42279624938965,154.98275756835938,0.11543092876672745,0.0,0.0,0.0,0.0,-0.15400473399989503,-0.0,0.0,4.440285764421735,3.368857192993164,0.0,0.11311890986184991,0.5133490929343232,0.0,0.0,0.0,0.0,0.0,0.0,0.0,0.0,0.0,2491.0,-0.11542747169733047,0.0,0.9654033780097961,0.2233561873435974,0.292527437210083
23.32200813293457,145.40093994140625,3.471866421023151e-6,0.0,0.0,0.0,0.0,-0.1680537052175879,-0.0,0.0,4.446714346749442,3.3752857753208705,0.0,0.0,0.5601789951324463,0.0,0.0,0.0,0.0,0.0,0.0,0.0,0.0,0.0,2492.0,0.0,0.0,0.9737059473991394,0.22416704893112183,0.14411604404449463
23.313671112060547,144.72970581054688,3.471762283879798e-6,0.0,0.0,0.0,0.0,-0.14626470789371737,-0.0,0.0,4.442928532191685,3.371499960763114,0.0,0.0,0.4875490069389343,0.0,0.0,0.0,0.0,0.0,0.0,0.0,0.0,0.0,2493.0,0.0,0.0,0.9627350568771362,0.22205877304077148,0.08801481127738953
23.30327796936035,144.0584716796875,3.471658146736445e-6,0.0,0.0,0.0,0.0,-0.13417320188574777,-0.0,0.0,4.421285711015973,3.3498570033482142,0.0,0.0,0.44724398851394653,0.0,0.0,0.0,0.0,0.0,0.0,0.0,0.0,0.0,2494.0,0.0,0.0,0.7612873911857605,0.1949882209300995,0.06723025441169739
23.111103057861328,134.8244171142578,3.471554009593092e-6,0.0,0.0,0.0,0.0,-0.12123360817565931,-0.0,0.0,4.387142944335937,3.315714372907366,0.0,0.0,0.4041120111942291,0.0,0.0,0.0,0.0,0.0,0.0,0.0,0.0,0.0,2495.0,0.0,0.0,0.7747021913528442,0.15914016962051392,0.04101157188415527
23.100194931030273,122.1242904663086,3.471449872449739e-6,0.0,0.0,0.0,0.0,-0.09408150689131034,-0.0,0.0,4.363285691397531,3.2918572562081474,0.0,0.0,0.31360501050949097,0.0,0.0,0.0,0.0,0.0,0.0,0.0,0.0,0.0,2496.0,0.0,0.0,0.29543375968933105,0.21451038122177124,0.044171422719955444
23.08827781677246,97.84437561035156,3.471345735306386e-6,0.0,0.0,0.0,0.0,-0.8096515649418645,-0.0,0.0,4.34778562273298,3.2763570513044082,0.0,0.0,0.24229499697685242,0.0,0.0,0.0,2.456543445587158,0.0,0.0,0.0,0.0,2.456543445587158,2497.0,0.0,-2.456543445587158,1.0281801223754883e-5,0.1559363603591919,0.9561790227890015
23.078441619873047,172.98672485351562,3.471241598163033e-6,0.0,0.0,0.0,0.0,-0.06232920238690376,-0.0,0.0,3.745857184273856,2.6744286128452845,0.0,0.0,0.20776399970054626,0.0,0.0,0.0,0.0,0.0,0.0,0.0,0.0,0.0,2498.0,0.0,0.0,0.5866538882255554,0.09755527973175049,0.30075258016586304
22.338380813598633,172.31549072265625,3.47113746101968e-6,0.0,0.0,0.0,0.0,-0.0569454007127046,-0.0,0.0,3.7578571319580076,2.6864285605294365,0.0,0.0,0.18981799483299255,0.0,0.0,0.0,0.0,0.0,0.0,0.0,0.0,0.0,2499.0,0.0,0.0,0.5316788554191589,0.06319746375083923,0.4441013038158417
21.780105590820312,171.64425659179688,3.471033323876327e-6,0.0,0.0,0.0,0.0,-0.052786800872755,-0.0,0.0,3.7722142900739395,2.7007857186453683,0.0,0.0,0.17595599591732025,0.0,0.0,0.0,0.0,0.0,0.0,0.0,0.0,0.0,2500.0,0.0,0.0,0.49000775814056396,0.051367878913879395,0.5732042789459229
21.221830368041992,170.9730224609375,3.470929186732974e-6,0.0,0.0,0.0,0.0,-0.051327603114748044,-0.0,0.0,3.7850714547293527,2.713642883300781,0.0,0.0,0.17109200358390808,0.0,0.0,0.0,0.0,0.0,0.0,0.0,0.0,0.0,2501.0,0.0,0.0,0.44963538646698,0.04379206895828247,0.6486192345619202
20.663555145263672,170.30178833007812,3.470825049589621e-6,0.0,0.0,0.0,0.0,-0.053839800411057404,-0.0,0.0,3.7823571613856726,2.710928453717913,0.0,0.0,0.17946599423885345,0.0,0.0,0.0,0.0,0.0,0.0,0.0,0.0,0.0,2502.0,0.0,0.0,0.33322179317474365,0.02566501498222351,0.5847945809364319
20.10527992248535,169.63055419921875,3.470720912446268e-6,0.0,0.0,0.0,0.0,-0.061874402537918094,-0.0,0.0,3.7814285550798687,2.7100001198904855,0.0,0.0,0.20624800026416779,0.0,0.0,0.0,0.0,0.0,0.0,0.0,0.0,0.0,2503.0,0.0,0.0,0.5588141679763794,0.0050916969776153564,0.1585950255393982
20.09235954284668,168.95932006835938,3.470616775302915e-6,0.0,0.0,0.0,0.0,-0.09174210197695487,-0.0,0.0,3.777285657610212,2.7058570861816404,0.0,0.0,0.3058069944381714,0.0,0.0,0.0,0.0,0.0,0.0,0.0,0.0,0.0,2504.0,0.0,0.0,0.1555006504058838,0.007429063320159912,0.33448952436447144
19.352298736572266,168.2880859375,3.470512638159562e-6,0.0,0.0,0.0,0.0,-0.10481640516982083,-0.0,0.0,3.767285701206752,2.695857129778181,0.0,0.0,0.3493880033493042,0.0,0.0,0.0,0.0,0.0,0.0,0.0,0.0,0.0,2505.0,0.0,0.0,0.10424387454986572,0.018470019102096558,0.10873150825500488
19.339378356933594,167.61685180664062,3.470408501016209e-6,0.0,0.4006818954720188,0.0,0.0,-0.46609539694979674,-0.4006818954720188,0.0,3.7808571679251535,2.709428460257394,0.14059999585151672,0.0,0.21804499626159668,0.0,0.0,0.0,0.0,0.0,0.0,0.0,0.0,0.0,2506.0,0.0,0.0,0.05444630980491638,0.015032529830932617,0.19229111075401306
18.59931755065918,166.94561767578125,3.470304363872856e-6,0.0,0.0,0.0,0.0,-0.7076690209972458,-0.0,0.0,3.774428585597447,2.7029998779296873,0.29829999804496765,0.0,0.06414499878883362,0.0,0.0,0.0,2.2947516441345215,0.0,0.0,0.0,2.2947516441345215,0.0,2507.0,0.0,2.2947516441345215,0.016097992658615112,0.10430669784545898,0.11743238568305969
19.52151870727539,166.27438354492188,3.470200226729503e-6,0.0,0.0,0.0,0.0,-0.480158535844426,-0.0,0.0,3.7663570949009486,2.6949285234723774,0.3503029942512512,0.0,0.0,0.0,0.0,0.07909700274467468,1.6005283892154694,0.0,0.0,0.0,1.679625391960144,0.0,2508.0,0.10169699788093567,1.679625391960144,0.029256105422973633,0.25534912943840027,0.22270601987838745
20.276729583740234,165.6031494140625,3.47009608958615e-6,0.0,0.0,0.0,0.0,-0.8349692587045521,-0.0,0.0,3.761642810276576,2.690214375087193,0.36287298798561096,0.0,0.0,0.0,0.0,0.1919269859790802,2.7832307517528534,0.0,0.0,0.0,2.9751577377319336,0.0,2509.0,0.2211270034313202,2.9751577377319336,0.09456342458724976,0.5522477030754089,0.4225013256072998
21.76122283935547,164.93191528320312,3.469991952442797e-6,0.0,0.0,0.0,0.0,-0.7448200760213552,-0.0,0.0,3.7610000337873184,2.6895713261195593,0.37663400173187256,0.0,0.0,0.0,0.0,0.34061598777770996,2.4827334880828857,0.0,0.0,0.0,2.8233494758605957,0.0,2510.0,0.37836599349975586,2.8233494758605957,0.37276363372802734,0.8688222765922546,0.5932058691978455
23.344097137451172,164.26068115234375,3.469887815299444e-6,0.0,0.0,0.0,0.0,-0.03972912290609365,-0.0,0.0,3.761428506033761,2.68999993460519,0.35962700843811035,0.0,0.0,0.0,0.0,0.305372953414917,0.13243040442466736,0.0,0.0,0.0,0.43780335783958435,0.0,2511.0,0.3403729796409607,0.43780335783958435,0.8951272368431091,0.8798832893371582,0.6350151300430298
23.39940071105957,155.5642547607422,3.469783678156091e-6,0.0,0.0,0.0,0.0,0.0,-0.0,0.0,3.757714353288923,2.6862857818603514,0.375014990568161,0.0,0.0,0.009540317840290413,0.0,0.0,0.0,0.0,0.0,0.0,0.0,0.0,2512.0,0.029985010623931885,0.0,0.9806551337242126,0.7317749261856079,0.5866435766220093
23.204694747924805,154.8930206298828,0.009543501771986485,0.0,0.0,0.0,0.0,-0.06940560765686055,-0.0,0.0,3.7360713958740233,2.664642824445452,0.14534999430179596,0.0,0.23135201632976532,0.0,0.0,0.0,0.0,0.0,0.0,0.0,0.0,0.0,2513.0,-0.009543215855956078,0.0,0.9849114418029785,0.4903546869754791,0.6055790781974792
23.012451171875,154.22178649902344,0.009543215855956078,0.0,0.0,0.0,0.0,-0.14564881009454744,-0.0,0.0,3.7001428059169226,2.628714370727539,0.0,0.0,0.48549601435661316,0.0,0.0,0.0,0.0,0.0,0.0,0.0,0.0,0.0,2514.0,-0.00954292993992567,0.0,0.9698320627212524,0.2289339303970337,0.6246607303619385
22.63645362854004,153.55055236816406,0.00954292993992567,0.0,0.0,0.0,0.0,-0.19546021403710867,-0.0,0.0,3.6589999335152763,2.587571498325893,0.0,0.0,0.6515340209007263,0.0,0.0,0.0,0.0,0.0,0.0,0.0,0.0,0.0,2515.0,-0.009542644023895264,0.0,0.8940989375114441,0.12246787548065186,0.6968673467636108
21.896907806396484,152.8793182373047,0.009542644023895264,0.0,0.0,0.0,0.0,-0.18280081283254646,-0.0,0.0,3.6022857393537246,2.5308570316859655,0.0,0.0,0.6093360185623169,0.0,0.0,0.0,0.0,0.0,0.0,0.0,0.0,0.0,2516.0,-0.009542358107864857,0.0,0.6138333678245544,0.1885671615600586,0.6376155614852905
21.70220184326172,143.91751098632812,0.009542358107864857,0.0,0.0,0.0,0.0,-0.14830770187805875,-0.0,0.0,3.5368571417672294,2.465428706577846,0.0,0.0,0.49435898661613464,0.0,0.0,0.0,0.0,0.0,0.0,0.0,0.0,0.0,2517.0,-0.00954207219183445,0.0,0.42413008213043213,0.23452425003051758,0.503395140171051
21.32571029663086,143.24627685546875,0.00954207219183445,0.0,0.0,0.0,0.0,-0.12313680542058947,-0.0,0.0,3.4638570513044082,2.392428479875837,0.0,0.0,0.41045600175857544,0.0,0.0,0.0,0.0,0.0,0.0,0.0,0.0,0.0,2518.0,-0.009541786275804043,0.0,0.1151694655418396,0.2581527829170227,0.5363811254501343
20.76743507385254,142.57504272460938,0.009541786275804043,0.0,0.0,0.0,0.0,-0.10667850203031293,-0.0,0.0,3.3876429421561105,2.316214370727539,0.0,0.0,0.3555949926376343,0.0,0.0,0.0,0.0,0.0,0.0,0.0,0.0,0.0,2519.0,-0.009541500359773636,0.0,0.022420227527618408,0.31257855892181396,0.6178712248802185
19.845590591430664,141.90380859375,0.009541500359773636,0.0,0.0,0.0,0.0,-0.6800100984180002,-0.0,0.0,3.3209999084472654,2.2495713370186943,0.0,0.0,0.3088169991970062,0.0,0.0,0.0,1.9578832387924194,0.0,0.0,0.0,1.9578832387924194,0.0,2520.0,-0.009541214443743229,1.9578832387924194,0.01100301742553711,0.252530038356781,0.6948612928390503
20.26263427734375,132.72454833984375,0.009541214443743229,0.0,0.0,0.0,0.0,-0.9724875374630093,-0.0,0.0,3.269428471156529,2.1979998997279577,0.0,0.0,0.24162499606609344,0.0,0.0,0.0,3.0,0.0,0.0,0.0,3.0,0.0,2521.0,-0.009540928527712822,3.0,0.016104549169540405,0.38192808628082275,0.5956273078918457
20.81203269958496,132.05331420898438,0.009540928527712822,0.0,0.0,0.0,0.0,-0.8268531442424898,-0.0,0.0,3.2325714111328123,2.161142839704241,0.0,0.0,0.20776399970054626,0.0,0.0,0.0,2.548413038253784,0.0,0.0,0.0,2.548413038253784,0.0,2522.0,-0.009540642611682415,2.548413038253784,0.03316599130630493,0.38882121443748474,0.550844669342041
20.944091796875,131.382080078125,0.009540642611682415,0.0,0.0,0.0,0.0,-0.9569454364754915,-0.0,0.0,3.206428473336356,2.1349999019077845,0.0,0.0,0.18981799483299255,0.0,0.0,0.0,3.0,0.0,0.0,0.0,0.0,3.0,2523.0,-0.009540356695652008,-3.0,0.0003369748592376709,0.210490882396698,0.989352822303772
20.508377075195312,156.18101501464844,0.009540356695652008,0.0,0.0,0.0,0.0,-0.9527868366355419,-0.0,0.0,3.1929999215262277,2.121571350097656,0.0,0.0,0.17595599591732025,0.0,0.0,0.0,3.0,0.0,0.0,0.0,3.0,0.0,2524.0,-0.009540070779621601,3.0,0.10343760251998901,0.43010270595550537,0.7929831147193909
21.02338218688965,155.50978088378906,0.009540070779621601,0.0,0.0,0.0,0.0,-0.051327603114748044,-0.0,0.0,3.1754286084856305,2.1040000370570593,0.0,0.0,0.17109200358390808,0.0,0.0,0.0,0.0,0.0,0.0,0.0,0.0,0.0,2525.0,-0.009539784863591194,0.0,0.5627247095108032,0.2339916229248047,0.714275598526001
20.465106964111328,154.8385467529297,0.009539784863591194,0.0,0.0,0.0,0.0,-0.053839800411057404,-0.0,0.0,3.1563570295061383,2.084928458077567,0.0,0.0,0.17946599423885345,0.0,0.0,0.0,0.0,0.0,0.0,0.0,0.0,0.0,2526.0,-0.009539498947560787,0.0,0.35818707942962646,0.12493792176246643,0.7208614349365234
19.543262481689453,154.1673126220703,0.009539498947560787,0.0,0.0,0.0,0.0,-0.961874438300705,-0.0,0.0,3.141642924717494,2.070214353288923,0.0,0.0,0.20624800026416779,0.0,0.0,0.0,3.0,0.0,0.0,0.0,3.0,0.0,2527.0,-0.00953921303153038,3.0,0.04262286424636841,0.7293254137039185,0.4032527506351471
20.58051109313965,119.5151138305664,0.00953921303153038,0.0,0.0,0.0,0.0,-0.9818987878918151,-0.0,0.0,3.1349999019077845,2.0635713304792134,0.0,0.0,0.3058069944381714,0.0,0.0,0.0,2.967188835144043,0.0,0.0,0.0,2.967188835144043,0.0,2528.0,-0.009538927115499973,2.967188835144043,0.027720779180526733,0.5198712944984436,0.4319879114627838
21.599340438842773,80.59228515625,0.009538927115499973,0.0,0.0,0.0,0.0,0.0,-0.0,0.0,3.1495001111711773,2.078071539742606,0.3493880033493042,0.0,0.0,0.6560770104366078,0.0,0.07839565724134445,0.0,0.0,0.0,0.0,0.0,0.07839565724134445,2529.0,0.8056119680404663,-0.07839565724134445,0.6855969429016113,0.004767179489135742,0.3940455913543701
20.85927963256836,83.04537963867188,0.6655960083007812,0.0,0.0,0.0,0.0,0.0,-0.0,0.0,3.2335714067731582,2.162142835344587,0.3586449921131134,0.0,0.0,2.672552283565409,0.0,0.9546108841896057,0.0,0.0,0.0,0.0,0.0,0.9546108841896057,2530.0,3.894354820251465,-0.9546108841896057,0.5137902498245239,0.46765071153640747,0.6372471451759338
20.39236068725586,121.95762634277344,3.338048219680786,0.0,0.0,0.0,0.0,0.0,-0.0,0.0,3.3561428070068358,2.2847142355782646,0.36244499683380127,0.0,0.0,2.6278260837832477,0.0,3.0,0.0,0.0,0.0,0.0,3.0,0.0,2531.0,4.599999904632568,3.0,0.7962404489517212,0.8196917772293091,0.616708517074585
21.43524169921875,121.2863998413086,5.965695381164551,0.0,0.0,0.0,0.0,0.004285611490739442,-0.0,0.0,3.4568570818219864,2.385428510393415,0.3503029942512512,0.0,0.0,3.8750462532043457,0.047617901668329576,3.0,0.0,0.0,0.0,0.0,3.0,0.0,2532.0,3.8750462532043457,3.0,0.9840711951255798,0.8874434232711792,0.4995081424713135
22.523958206176758,120.61517333984375,9.840446472167969,0.0,0.0,0.0,0.0,0.46175693782655103,-0.0,0.0,3.5300714765276227,2.4586429050990515,0.36287298798561096,0.0,0.0,0.13760705292224884,5.13063223477121,1.9670295715332031,0.0,0.0,0.0,0.0,1.9670295715332031,0.0,2533.0,0.13760705292224884,1.9670295715332031,0.9978023767471313,0.8741661906242371,0.5031728148460388
23.37081527709961,119.9439468383789,9.977754592895508,0.0,0.0,0.0,0.0,0.5075229201732389,-0.0,0.0,3.600285748073033,2.5288570404052733,0.37663400173187256,0.0,0.0,0.0,5.639143109321594,1.216572642326355,0.0,0.0,0.0,0.0,0.0,1.216572642326355,2534.0,-4.599999904632568,-1.216572642326355,0.9958901405334473,0.7938534021377563,0.9310041069984436
23.357894897460938,168.958740234375,9.977455139160156,0.0,0.0,0.0,0.0,0.4389746216118014,-0.0,0.0,3.6488571984427316,2.577428490774972,0.691100001335144,0.0,0.0,0.0,4.8774954080581665,0.38505446910858154,0.0,0.0,0.0,0.0,0.38505446910858154,0.0,2535.0,0.006963212508708239,0.38505446910858154,0.998438835144043,0.9115464687347412,0.8588578104972839
23.557716369628906,139.1707000732422,9.977155685424805,0.0,0.0,0.0,0.0,0.25198065286720894,-0.0,0.0,3.6672857284545897,2.5958570207868306,0.4370810091495514,0.0,0.0,0.0,2.7997848093509674,0.4861839711666107,0.0,0.0,0.0,0.0,0.0,0.4861839711666107,2536.0,-4.599999904632568,-0.4861839711666107,0.9779381155967712,0.907899022102356,0.891907811164856
23.547780990600586,162.7033233642578,9.976856231689453,0.0,0.0,0.0,0.0,0.08978673262689331,-0.0,0.0,3.64992858341762,2.5784998757498605,0.3767020106315613,0.0,0.0,0.0,0.9976302832365036,0.19791777431964874,0.0,0.0,0.0,0.0,0.0,0.19791777431964874,2537.0,-4.599999904632568,-0.19791777431964874,0.9345265626907349,0.9628510475158691,0.9488821029663086
23.535852432250977,171.8192138671875,9.976556777954102,0.0,0.0,0.0,0.0,0.0,-0.0,0.0,3.5817856924874443,2.5103571210588727,0.09974999725818634,0.3857460021972656,0.0,0.0,0.0,0.0,0.0,0.0,0.6149514317512512,0.0,0.6149514317512512,0.0,2538.0,-4.599999904632568,0.6149514317512512,0.9891679286956787,0.9708661437034607,0.9508185982704163
23.85431480407715,163.62347412109375,8.955168724060059,0.0,0.0,0.0,0.0,0.0,-0.0,0.0,3.540642820085798,2.4692142486572264,0.0,0.6515340209007263,0.0,0.0,0.0,0.0,0.0,0.0,0.0,0.0,0.0,0.0,2539.0,-4.599999904632568,0.0,0.9997565746307373,0.1997801959514618,0.47723543643951416
23.114253997802734,162.95223999023438,8.29008960723877,0.0,0.0,0.0,0.0,0.0,-0.0,0.0,3.5247142791748045,2.4532857077462333,0.0,0.6093360185623169,0.0,0.0,0.0,0.0,0.0,0.0,0.053293272852897644,0.0,0.053293272852897644,0.0,2540.0,-4.599999904632568,0.053293272852897644,0.9993487596511841,0.8259048461914062,0.8191538453102112
23.12950897216797,162.281005859375,7.613708972930908,0.0,0.0,0.0,0.0,0.0,-0.0,0.0,3.5105712890625,2.4391427176339286,0.0,0.49435898661613464,0.0,0.0,0.0,0.0,0.0,0.0,0.0,0.0,0.0,0.0,2541.0,-4.599999904632568,0.0,0.9982424378395081,0.7988696694374084,0.7154117822647095
23.116588592529297,152.22003173828125,7.109047889709473,0.0,0.0,0.0,0.0,0.0,-0.0,0.0,3.510428510393415,2.4389999389648436,0.0,0.41045600175857544,0.0,0.0,0.0,0.0,0.0,0.0,0.0,0.0,0.0,0.0,2542.0,-4.599999904632568,0.0,0.9984256029129028,0.774559497833252,0.4911452531814575
23.103668212890625,151.54879760742188,6.690014839172363,0.0,0.0,0.0,0.0,0.0,-0.0,0.0,3.517285701206752,2.445857129778181,0.0,0.3555949926376343,0.0,0.0,0.0,0.0,0.0,0.0,0.0,0.0,0.0,0.0,2543.0,-4.599999904632568,0.0,0.996915340423584,0.7496979832649231,0.3597029745578766
23.090747833251953,150.8775634765625,6.326972961425781,0.0,0.0,0.0,0.0,0.0,-0.0,0.0,3.531357165745326,2.459928458077567,0.0,0.4788079857826233,0.0,0.0,0.0,0.0,0.0,0.0,0.0,0.0,0.0,0.0,2544.0,-4.599999904632568,0.0,0.9974290132522583,0.31537893414497375,0.18241247534751892
22.896041870117188,150.20632934570312,5.8382182121276855,0.0,0.0,0.0,0.0,0.0,-0.0,0.0,3.5355714525495254,2.4641428811209543,0.0,0.5775539875030518,0.0,0.0,0.0,0.0,0.0,0.0,0.0,0.0,0.0,0.0,2545.0,-4.599999904632568,0.0,0.9918805360794067,0.42718642950057983,0.24987047910690308
22.883121490478516,137.5740509033203,5.248720169067383,0.0,0.0,0.0,0.0,0.0,-0.0,0.0,3.5475714002336773,2.476142828805106,0.0,0.20776399970054626,0.0,0.0,0.0,0.0,0.0,0.0,0.0,0.0,0.0,0.0,2546.0,-4.599999904632568,0.0,0.9606098532676697,0.44450101256370544,0.11861363053321838
22.68841552734375,129.37762451171875,5.03656530380249,0.0,0.0,0.0,0.0,0.0,-0.0,0.0,3.563071468898228,2.4916427612304686,0.0,0.18981799483299255,0.0,0.0,0.0,0.0,0.0,0.0,0.0,0.0,0.0,0.0,2547.0,-4.599999904632568,0.0,0.9251143932342529,0.4035050570964813,0.11746269464492798
22.493709564208984,127.12054443359375,4.842728137969971,0.0,0.0,0.0,0.0,0.0,-0.0,0.0,3.5756428037370953,2.504214368547712,0.0,0.17595599591732025,0.0,0.0,0.0,0.0,0.0,0.0,0.0,0.0,0.0,0.0,2548.0,-4.599999904632568,0.0,0.8230807781219482,0.2622094750404358,0.15551713109016418
22.117218017578125,120.15203094482422,4.663041591644287,0.0,0.0,0.0,0.0,0.0,-0.0,0.0,3.5915714808872767,2.5201429094587056,0.0,0.17109200358390808,0.0,0.0,0.0,0.0,0.0,0.0,0.0,0.0,0.0,0.0,2549.0,-4.599999904632568,0.0,0.40608736872673035,0.32373905181884766,0.20998835563659668
21.92251205444336,119.48080444335938,4.488323211669922,0.0,0.0,0.0,0.0,0.0,-0.0,0.0,3.59207147870745,2.5206429072788783,0.0,0.22925999760627747,0.0,0.0,0.0,0.0,0.0,0.0,0.0,0.0,0.0,0.0,2550.0,-4.488188743591309,0.0,0.31585535407066345,0.3285291790962219,0.27328792214393616
21.727806091308594,118.80957794189453,4.254256725311279,0.0,0.0,0.0,0.0,0.0,-0.0,0.0,3.5587856565202984,2.487357221330915,0.0,0.28166699409484863,0.0,0.0,0.0,0.0,0.0,0.0,1.050552487373352,0.0,1.050552487373352,0.0,2551.0,-4.254129409790039,1.050552487373352,0.09741425514221191,0.6551406383514404,0.4121890366077423
22.27568817138672,110.61453247070312,2.8947622776031494,0.0,0.0,0.0,0.0,0.0,-0.0,0.0,3.5088571275983536,2.4374285561697824,0.0,0.3058069944381714,0.0,0.0,0.0,0.0,0.0,0.0,0.0,0.0,0.0,0.0,2552.0,-2.8946754932403564,0.0,0.795193612575531,0.013238102197647095,0.3699527978897095
21.535627365112305,102.41943359375,2.582636833190918,0.0,0.0,0.0,0.0,0.0,-0.0,0.0,3.4925713675362724,2.421142796107701,0.3493880033493042,0.0,0.0,0.0,0.0,0.5398119688034058,0.0,0.0,1.5615581274032593,0.0,2.101370096206665,0.0,2553.0,-2.58255934715271,2.101370096206665,0.16250887513160706,0.7249177694320679,0.5360150933265686
22.62457275390625,92.08247375488281,0.9891805648803711,0.0,0.0,0.0,0.0,0.0,-0.0,0.0,3.581428609575544,2.5099999019077845,0.3586449921131134,0.0,0.0,2.914441849091915,0.0,0.3857349455356598,0.0,0.0,0.0,0.0,0.0,0.3857349455356598,2554.0,3.5553550720214844,-0.3857349455356598,0.6286864876747131,0.7726231813430786,0.5623824596405029
22.611652374267578,109.97927856445312,3.903505325317383,0.0,0.0,0.0,0.0,0.02303385055072639,-0.0,0.0,3.680357197352818,2.608928625924247,0.41022199392318726,0.0,0.0,4.599999904632568,0.25593165244622806,0.5888691544532776,0.0,0.0,0.0,0.0,0.0,0.5888691544532776,2555.0,4.599999904632568,-0.5888691544532776,0.9441515207290649,0.8327608704566956,0.6763144731521606
22.599721908569336,128.20838928222656,8.503250122070312,0.0,0.0,0.0,0.0,0.4191380138574154,-0.0,0.0,3.785785756792341,2.7143570491245814,0.3503029942512512,0.0,0.0,1.353532314300537,4.657088672748009,0.863752543926239,0.0,0.0,0.0,0.0,0.0,0.863752543926239,2556.0,1.353532314300537,-0.863752543926239,0.9856752157211304,0.8344731330871582,0.8592689037322998
22.587791442871094,157.4811248779297,9.856487274169922,0.0,0.0,0.0,0.0,0.5418428921569083,-0.0,0.0,3.8650713784354074,2.7936428070068358,0.36287298798561096,0.0,0.0,0.010294396430253983,6.020476101056741,0.9762463569641113,0.0,0.0,0.0,0.0,0.9762463569641113,0.0,2557.0,0.010294396430253983,0.9762463569641113,0.9866751432418823,0.8283807039260864,0.9577536582946777
23.141887664794922,127.66960906982422,9.866485595703125,0.0,0.0,0.0,0.0,0.4278241896886956,-0.0,0.0,3.9197143282209126,2.848285620553153,0.37663400173187256,0.0,0.0,0.0,4.7536017298698425,0.6714137196540833,0.0,0.0,0.0,0.0,0.0,0.6714137196540833,2558.0,-4.599999904632568,-0.6714137196540833,0.9451858997344971,0.7884586453437805,0.8979742527008057
23.12995719909668,163.6739501953125,9.866189956665039,0.0,0.0,0.0,0.0,0.34158428582225364,-0.0,0.0,3.9719285420009065,2.9005001068115233,0.35962700843811035,0.0,0.0,0.0,3.795380651950836,0.8115920424461365,0.0,0.0,0.0,0.0,0.8115920424461365,0.0,2559.0,-4.599999904632568,0.8115920424461365,0.9661917686462402,0.8841578364372253,0.9087897539138794
23.420774459838867,137.70458984375,9.865894317626953,0.0,0.0,0.0,0.0,0.35240174829178866,-0.0,0.0,4.006142834254673,2.93471439906529,0.375014990568161,0.0,0.0,0.0,3.9155746698379517,0.6845606565475464,0.0,0.0,0.0,0.0,0.0,0.6845606565475464,2560.0,-4.599999904632568,-0.6845606565475464,0.9286699295043945,0.795224130153656,0.9722729921340942
23.408842086791992,175.56175231933594,9.865598678588867,0.0,0.0,0.0,0.0,0.21704566355909113,-0.0,0.0,3.9805714198521205,2.9091428484235493,0.3767020106315613,0.0,0.0,0.0,2.4116182923316956,0.3305296301841736,0.0,0.0,0.0,0.0,0.3305296301841736,0.0,2561.0,-4.599999904632568,0.3305296301841736,0.9187307357788086,0.9186580777168274,0.9615337252616882
23.59327507019043,174.89051818847656,9.865303039550781,0.0,0.0,0.0,0.0,0.0,-0.0,0.0,3.835785675048828,2.7643571036202568,0.20520000159740448,0.2802960276603699,0.0,0.0,0.0,0.0,0.0,0.0,0.426491916179657,0.0,0.426491916179657,0.0,2562.0,-4.599999904632568,0.426491916179657,0.45444536209106445,0.965558648109436,0.9677479267120361
23.827777862548828,91.27095794677734,9.143816947937012,0.0,0.0,0.0,0.0,0.0,-0.0,0.0,3.760214342389788,2.6887857709612164,0.0,0.6515340209007263,0.0,0.0,0.0,0.0,0.0,0.0,0.0,0.0,0.0,0.0,2563.0,-4.599999904632568,0.0,0.9994359016418457,0.28464123606681824,0.14108926057815552
23.087717056274414,78.28055572509766,8.478732109069824,0.0,0.0,0.0,0.0,0.0,-0.0,0.0,3.721285765511649,2.6498570578438896,0.0,0.6093360185623169,0.0,0.0,0.0,0.0,0.0,0.0,0.17351815104484558,0.0,0.0,0.17351815104484558,2564.0,-4.599999904632568,-0.17351815104484558,0.9958831667900085,0.8766680955886841,0.41518282890319824
23.075786590576172,86.42733764648438,7.679671287536621,0.0,0.0,0.0,0.0,0.0,-0.0,0.0,3.693714223589216,2.6222857883998327,0.0,0.49435898661613464,0.0,0.0,0.0,0.0,0.0,0.0,0.4482482075691223,0.0,0.4482482075691223,0.0,2565.0,-4.599999904632568,0.4482482075691223,0.9935283660888672,0.862247109413147,0.28414806723594666
23.311220169067383,85.75611114501953,6.717625617980957,0.0,0.0,0.0,0.0,0.0,-0.0,0.0,3.704571396963937,2.6331429617745536,0.0,0.41045600175857544,0.0,0.0,0.0,0.0,0.0,0.0,2.7203445434570312,0.0,0.0,2.7203445434570312,2566.0,-4.599999904632568,-2.7203445434570312,0.08051007986068726,0.8740983009338379,0.8385944366455078
23.2993221282959,154.17318725585938,3.5228257179260254,0.0,0.0,0.0,0.0,0.0,-0.0,0.0,3.718142863682338,2.6467142922537668,0.0,0.3555949926376343,0.0,0.0,0.0,0.0,0.0,0.0,0.0,0.0,0.0,0.0,2567.0,-3.5227200984954834,0.0,0.5734776258468628,0.5696659684181213,0.31803256273269653
23.104616165161133,100.21708679199219,3.159878969192505,0.0,0.0,0.0,0.0,0.0,-0.0,0.0,3.714285659790039,2.6428570883614677,0.0,0.3088169991970062,0.0,0.0,0.0,0.0,0.0,0.0,0.0,0.0,0.0,0.0,2568.0,-3.1597843170166016,0.0,0.988000750541687,0.3531513214111328,0.035849809646606445
22.909910202026367,99.54586029052734,2.8446743488311768,0.0,0.0,0.0,0.0,0.0,-0.0,0.0,3.703428622654506,2.631999914986747,0.0,0.24162499606609344,0.0,0.0,0.0,0.0,0.0,0.0,0.0,0.0,0.0,0.0,2569.0,-2.8445889949798584,0.0,0.9673188328742981,0.3244422376155853,0.04770863056182861
22.7152042388916,98.8746337890625,2.5980403423309326,0.0,0.0,0.0,0.0,0.0,-0.0,0.0,3.6909285409109933,2.6194999694824217,0.0,0.20776399970054626,0.0,0.0,0.0,0.0,0.0,0.0,0.0,0.0,0.0,0.0,2570.0,-2.5979623794555664,0.0,0.9505637884140015,0.26090747117996216,0.04433104395866394
22.338712692260742,98.20340728759766,2.3859646320343018,0.0,0.0,0.0,0.0,0.0,-0.0,0.0,3.6822856630597793,2.610857227870396,0.0,0.18981799483299255,0.0,0.0,0.0,0.0,0.0,0.0,0.0,0.0,0.0,0.0,2571.0,-2.3858931064605713,0.0,0.8907105326652527,0.1777966022491455,0.09074217081069946
21.780437469482422,97.53218078613281,2.192207098007202,0.0,0.0,0.0,0.0,0.0,-0.0,0.0,3.6798571995326452,2.6084286281040736,0.0,0.17595599591732025,0.0,0.0,0.0,0.0,0.0,0.0,0.0,0.0,0.0,0.0,2572.0,-2.19214129447937,0.0,0.7795943021774292,0.12317860126495361,0.2013581097126007
21.040376663208008,96.86095428466797,2.0125997066497803,0.0,0.0,0.0,0.0,0.0,-0.0,0.0,3.6906428473336357,2.6192144121442524,0.0,0.17109200358390808,0.0,0.0,0.0,0.0,0.0,0.0,0.0,0.0,0.0,0.0,2573.0,-2.0125393867492676,0.0,0.3010207414627075,0.1883416771888733,0.433260440826416
20.300315856933594,86.94832611083984,1.837960958480835,0.0,0.0,0.0,0.0,0.0,-0.0,0.0,3.709571375165667,2.6381429399762837,0.0,0.17946599423885345,0.0,0.0,0.0,0.0,0.0,0.0,0.7224763631820679,0.0,0.0,0.7224763631820679,2574.0,-1.8379058837890625,-0.7224763631820679,0.013669729232788086,0.29695942997932434,0.5830581188201904
19.923824310302734,113.28738403320312,0.9175841212272644,0.0,0.0,0.0,0.0,-0.6921128062919962,-0.0,0.0,3.7332143238612585,2.661785616193499,0.0,0.20624800026416779,0.0,0.0,0.0,0.0,2.307042595966351,0.0,0.692957404033649,0.0,3.0,0.0,2575.0,-0.9175565838813782,3.0,0.006417036056518555,0.4466707408428192,0.5154556632041931
21.227279663085938,85.91358184814453,2.760326060524676e-5,0.0,0.0,0.0,0.0,-0.14636246547549803,-0.0,0.0,3.7519999367850168,2.680571365356445,0.0,0.0,0.3058069944381714,0.0,0.0,0.0,0.18206787109375,0.0,0.0,0.0,0.0,0.18206787109375,2576.0,0.0,-0.18206787109375,0.03221839666366577,0.03194934129714966,0.46627506613731384
21.032573699951172,94.60209655761719,2.7602432965068147e-5,0.0,0.0,0.0,0.0,-0.01760640512332934,-0.0,0.0,3.779428563799177,2.7080001286097937,0.2906999886035919,0.0,0.05868801474571228,0.0,0.0,0.0,0.0,0.0,0.0,0.0,0.0,0.0,2577.0,0.0,0.0,0.04527434706687927,0.021116524934768677,0.3732476234436035
20.47429847717285,80.13567352294922,2.7601605324889533e-5,0.0,0.0,0.0,0.0,0.06555743144866195,-0.0,0.0,3.841357176644461,2.769928468976702,0.3586449921131134,0.0,0.0,0.22803039848804474,0.7284158470958413,0.18980509042739868,0.0,0.0,0.0,0.0,0.0,0.18980509042739868,2578.0,0.22803039848804474,-0.18980509042739868,0.022802799940109253,0.18898844718933105,0.43468204140663147
20.097806930541992,89.54721069335938,0.22805115580558777,0.0,0.0,0.0,0.0,-0.16484857260579133,-0.0,0.0,3.9089285441807338,2.8375001089913505,0.36244499683380127,0.0,0.0,0.0,0.0,2.450504779815674,0.5494952201843262,0.0,0.0,0.0,3.0,0.0,2579.0,0.2232336848974228,3.0,0.045125484466552734,0.7058500647544861,0.6375120282173157
21.662118911743164,88.87598419189453,0.2280443161725998,0.0,0.0,0.0,0.0,0.0,-0.0,0.0,3.972642844063895,2.9012142726353236,0.3503029942512512,0.0,0.0,2.819033501178069,0.0,2.032331705093384,0.0,0.0,0.0,0.0,0.0,2.032331705093384,2580.0,4.599999904632568,-2.032331705093384,0.4902730882167816,0.7194582223892212,0.9409826993942261
21.286108016967773,170.5552978515625,3.0469865798950195,0.0,0.0,0.0,0.0,0.0,-0.0,0.0,4.034642846243722,2.9632142748151504,0.36287298798561096,0.0,0.0,2.2708333266673435,0.0,3.0,0.0,0.0,0.0,0.0,3.0,0.0,2581.0,4.599999904632568,3.0,0.8158600926399231,0.9355423450469971,0.573619544506073
22.999879837036133,169.88406372070312,5.317660331726074,0.0,0.0,0.0,0.0,0.0,-0.0,0.0,4.096714237758091,3.0252856663295202,0.37663400173187256,0.0,0.0,3.2788717216641885,0.0,1.152978539466858,0.0,0.0,0.0,0.0,1.152978539466858,0.0,2582.0,3.960646152496338,1.152978539466858,0.9278275966644287,0.9029436111450195,0.6159819960594177
23.51470184326172,169.21282958984375,8.596274375915527,0.0,0.0,0.0,0.0,0.2703364026333311,-0.0,0.0,4.130499921526228,3.059071350097656,0.35962700843811035,0.0,0.0,0.0803045853972435,3.0037375683213927,0.32619184255599976,0.0,0.0,0.0,0.0,0.32619184255599976,0.0,2583.0,0.0803045853972435,0.32619184255599976,0.8676548600196838,0.9050247669219971,0.8558906316757202
23.525108337402344,168.54159545898438,8.676319122314453,0.0,0.0,0.0,0.0,0.2351102293867044,-0.0,0.0,4.1436429159981865,3.072214344569615,0.375014990568161,0.0,0.0,0.0,2.6123356744647026,0.08874917775392532,0.0,0.0,0.0,0.0,0.0,0.08874917775392532,2584.0,-4.599999904632568,-0.08874917775392532,0.6247203350067139,0.8763860464096069,0.9568830728530884
23.514202117919922,173.099365234375,8.676058769226074,0.0,0.0,0.0,0.0,0.0,-0.0,0.0,4.10442864554269,3.0330000741141183,0.3767020106315613,0.0,0.0,0.35898702008844907,0.0,0.9194847941398621,0.0,0.0,0.0,0.0,0.9194847941398621,0.0,2585.0,0.9237436652183533,0.9194847941398621,0.9599772691726685,0.9591408371925354,0.9080913066864014
23.79568862915039,172.42813110351562,9.034774780273438,0.0,0.0,0.0,0.0,0.0,-0.0,0.0,3.985357093811035,2.9139286586216517,0.0949999988079071,0.467289000749588,0.0,0.0,0.0,0.0,0.0,0.0,0.0,0.0,0.0,0.0,2586.0,-4.599999904632568,0.0,0.9772295355796814,0.955786943435669,0.9379052519798279
23.6923885345459,154.6387939453125,8.557692527770996,0.0,0.0,0.0,0.0,0.0,-0.0,0.0,3.944214357648577,2.8727857862200055,0.0,0.6515340209007263,0.0,0.0,0.0,0.0,0.0,0.0,0.0,0.0,0.0,0.0,2587.0,-4.599999904632568,0.0,0.9490134716033936,0.7337696552276611,0.6857484579086304
23.226524353027344,91.17994689941406,7.892625331878662,0.0,0.0,0.0,0.0,0.0,-0.0,0.0,3.9453571319580076,2.8739285605294365,0.0,0.6093360185623169,0.0,0.0,0.0,0.0,0.0,0.0,0.2839231789112091,0.0,0.0,0.2839231789112091,2588.0,-4.599999904632568,-0.2839231789112091,0.9857333898544312,0.8741161823272705,0.4867466688156128
23.215608596801758,97.87755584716797,6.980926990509033,0.0,0.0,0.0,0.0,0.0,-0.0,0.0,3.938499941144671,2.867071369716099,0.0,1.0808509588241577,0.0,0.0,0.0,0.0,0.0,0.0,0.0,0.0,0.0,0.0,2589.0,-4.599999904632568,0.0,0.9929025173187256,0.5329722762107849,0.31097543239593506
23.204675674438477,54.826663970947266,5.877841472625732,0.0,0.0,0.0,0.0,0.0,-0.0,0.0,3.9221427917480467,2.8507142203194755,0.0,0.5570110082626343,0.0,0.0,0.0,0.0,0.0,0.0,0.0,0.0,0.0,0.0,2590.0,-4.599999904632568,0.0,0.9932706356048584,0.41548535227775574,0.04037356376647949
23.010971069335938,52.8366584777832,5.3093037605285645,0.0,0.0,0.0,0.0,0.0,-0.0,0.0,3.903428568158831,2.8319998604910714,0.0,0.3555949926376343,0.0,0.0,0.0,0.0,0.0,0.0,0.3286115825176239,0.0,0.3286115825176239,0.0,2591.0,-4.599999904632568,0.3286115825176239,0.4525640308856964,0.8382924199104309,0.11306655406951904
23.19144630432129,43.47285079956055,4.610995769500732,0.0,0.0,0.0,0.0,0.0,-0.0,0.0,3.8855000359671457,2.814071328299386,0.0,0.3088169991970062,0.0,0.0,0.0,0.0,0.0,0.0,0.0,0.0,0.0,0.0,2592.0,-4.599999904632568,0.0,0.13517552614212036,0.6165620684623718,0.0656711757183075
22.996740341186523,28.353246688842773,4.295747756958008,0.0,0.0,0.0,0.0,0.0,-0.0,0.0,3.853357124328613,2.78192868913923,0.0,0.24162499606609344,0.0,0.0,0.0,0.0,0.0,0.0,0.0,0.0,0.0,0.0,2593.0,-4.295619010925293,0.0,0.195333331823349,0.33193957805633545,0.035669565200805664
22.438465118408203,22.358341217041016,4.049070358276367,0.0,0.0,0.0,0.0,0.0,-0.0,0.0,3.8268571036202568,2.755428532191685,0.0,0.20776399970054626,0.0,0.0,0.0,0.0,0.0,0.0,0.055660270154476166,0.0,0.0,0.055660270154476166,2594.0,-4.048948764801025,-0.055660270154476166,0.6571992635726929,0.11529138684272766,0.028939485549926758
21.334835052490234,24.628400802612305,3.7801568508148193,0.0,0.0,0.0,0.0,0.0,-0.0,0.0,3.829571396963937,2.7581429617745536,0.0,0.18981799483299255,0.0,0.0,0.0,0.0,0.0,0.0,0.1477905511856079,0.0,0.0,0.1477905511856079,2595.0,-3.780043601989746,-0.1477905511856079,0.06852942705154419,0.3019554018974304,0.0736035406589508
20.59477424621582,31.774648666381836,3.4355552196502686,0.0,0.0,0.0,0.0,0.0,-0.0,0.0,3.8414285659790037,2.7700001307896205,0.0,0.17595599591732025,0.0,0.0,0.0,0.0,0.0,0.0,0.5572705864906311,0.0,0.0,0.5572705864906311,2596.0,-3.4354522228240967,-0.5572705864906311,0.0033735930919647217,0.4775029718875885,0.2544327974319458
20.21828269958496,60.70732879638672,2.687284231185913,0.0,0.0,0.0,0.0,0.0,-0.0,0.0,3.8659285954066682,2.794500023978097,0.0,0.17109200358390808,0.0,0.0,0.0,0.0,0.0,0.0,0.42571350932121277,0.0,0.0,0.42571350932121277,2597.0,-2.6872036457061768,-0.42571350932121277,0.009515941143035889,0.3328361511230469,0.3928327262401581
19.8417911529541,82.85132598876953,2.0782368183135986,0.0,0.0,0.0,0.0,0.0,-0.0,0.0,3.8947143009730745,2.8232857295445033,0.0,0.17946599423885345,0.0,0.0,0.0,0.0,0.0,0.0,0.327541321516037,0.0,0.0,0.327541321516037,2598.0,-2.078174591064453,-0.327541321516037,0.030155867338180542,0.16346889734268188,0.4994795322418213
19.28351593017578,99.91481018066406,1.560835599899292,0.0,0.0,0.0,0.0,0.0,-0.0,0.0,3.915642820085798,2.8442142486572264,0.0,0.20624800026416779,0.0,0.0,0.0,0.0,0.0,0.0,0.9795677065849304,0.0,0.9795677065849304,0.0,2599.0,-1.5607887506484985,0.9795677065849304,0.01587653160095215,0.09647706151008606,0.3868008255958557
19.482370376586914,99.24358367919922,0.3508090674877167,0.0,0.0,0.0,0.0,-0.8886073707154296,-0.0,0.0,3.907928548540388,2.8365001133510046,0.0,0.3058069944381714,0.0,0.0,0.0,0.0,2.962024451351155,0.0,0.03797554864884489,0.0,3.0,0.0,2600.0,-0.3507985472679138,3.0,0.00013250112533569336,0.5657461881637573,0.6028240919113159
20.682662963867188,30.643707275390625,1.0560644113866147e-5,0.0,0.0,0.0,0.0,-0.7548361690774019,-0.0,0.0,3.924500002179827,2.8530714307512555,0.31539997458457947,0.0,0.03398802876472473,0.0,0.0,0.0,2.4821324348449707,0.0,0.0,0.0,0.0,2.4821324348449707,2601.0,0.0,-2.4821324348449707,0.00039252638816833496,0.11133590340614319,0.740463376045227
20.124387741088867,138.4722137451172,1.056032760970993e-5,0.0,0.0,0.0,0.0,0.011402118516084706,-0.0,0.0,3.9887856892177034,2.91735725402832,0.3586449921131134,0.0,0.0,2.0892765522003174,0.12669019566584216,0.0,0.0,0.0,0.0,0.0,0.0,0.0,2602.0,2.0892765522003174,0.0,0.20892569422721863,0.04382142424583435,0.22022968530654907
19.202543258666992,137.8009796142578,2.0892245769500732,0.0,0.0,0.0,0.0,0.09760130298718264,-0.0,0.0,4.081928607395717,3.0104998997279577,0.3841390013694763,0.0,0.0,0.7664110064506531,1.0844588358947604,3.0,0.0,0.0,0.0,0.0,3.0,0.0,2603.0,0.7664110064506531,3.0,0.2855605483055115,0.8202615976333618,0.5881600379943848
20.662919998168945,133.0989532470703,2.8555500507354736,0.0,0.0,0.0,0.0,0.06555841581502053,-0.0,0.0,4.226071439470564,3.154642868041992,0.3675670027732849,0.0,0.0,2.798053026199341,0.7284267844989563,3.0,0.0,0.0,0.0,0.0,3.0,0.0,2604.0,2.798053026199341,3.0,0.5653573274612427,0.8612213134765625,0.8926618099212646
22.55173110961914,127.70671844482422,5.653433799743652,0.0,0.0,0.0,0.0,0.11873246361527844,-0.0,0.0,4.350285748073032,3.2788573128836496,0.36287298798561096,0.0,0.0,3.408773899078369,1.3192494908807841,1.6225367784500122,0.0,0.0,0.0,0.0,0.0,1.6225367784500122,2605.0,3.408773899078369,-1.6225367784500122,0.9062178134918213,0.6021116375923157,0.9982370734214783
22.358016967773438,179.71600341796875,9.061936378479004,0.0,0.0,0.0,0.0,0.29821597901101476,-0.0,0.0,4.423500006539481,3.3520714351109095,0.37663400173187256,0.0,0.0,0.28447291254997253,3.313510614565995,1.5438268184661865,0.0,0.0,0.0,0.0,1.5438268184661865,0.0,2606.0,0.28447291254997253,1.5438268184661865,0.9346379041671753,0.8013798594474792,0.9927027225494385
23.00688362121582,97.93854522705078,9.346129417419434,0.0,0.0,0.0,0.0,0.3463815318829606,-0.0,0.0,4.463142885480608,3.3917143140520367,0.35962700843811035,0.0,0.0,0.14563603699207306,3.8486833817225707,0.2173318713903427,0.0,0.0,0.0,0.0,0.0,0.2173318713903427,2607.0,0.14563603699207306,-0.2173318713903427,0.9491735696792603,0.8921443223953247,0.5712866187095642
22.4486083984375,111.40394592285156,9.491480827331543,0.0,0.0,0.0,0.0,0.282719395575474,-0.0,0.0,4.4758571352277485,3.404428427559989,0.375014990568161,0.0,0.0,0.0,3.141326367855072,0.5610583424568176,0.0,0.0,0.0,0.0,0.0,0.5610583424568176,2608.0,-4.599999904632568,-0.5610583424568176,0.881087064743042,0.8871063590049744,0.7960387468338013
22.07211685180664,147.36427307128906,9.491196632385254,0.0,0.0,0.0,0.0,0.0,-0.0,0.0,4.438499941144671,3.367071369716099,0.3767020106315613,0.0,0.0,0.0,0.0,1.7503480911254883,0.0,0.0,1.2496519088745117,0.0,3.0,0.0,2609.0,-4.599999904632568,3.0,0.7892239093780518,0.9489839673042297,0.8942249417304993
23.692951202392578,138.35971069335938,8.215795516967773,0.0,0.0,0.0,0.0,0.0,-0.0,0.0,4.37564285823277,3.304214150565011,0.028499998152256012,0.45699602365493774,0.0,0.0,0.0,0.0,0.0,0.0,0.0,0.0,0.0,0.0,2610.0,-4.599999904632568,0.0,0.9933551549911499,0.6581718921661377,0.5747352838516235
23.134675979614258,137.6884765625,7.749240875244141,0.0,0.0,0.0,0.0,0.0,-0.0,0.0,4.339928572518485,3.2684998648507255,0.0,0.7003089785575867,0.0,0.0,0.0,0.0,0.0,0.0,0.22891542315483093,0.0,0.0,0.22891542315483093,2611.0,-4.599999904632568,-0.22891542315483093,0.9914814233779907,0.8718162178993225,0.821052074432373
23.121755599975586,151.3664093017578,6.800848960876465,0.0,0.0,0.0,0.0,0.0,-0.0,0.0,4.326571410042899,3.2551429748535154,0.0,0.6093360185623169,0.0,0.0,0.0,0.0,0.0,0.0,0.0,0.0,0.0,0.0,2612.0,-4.599999904632568,0.0,0.9958418607711792,0.21952813863754272,0.34023743867874146
22.563480377197266,140.18423461914062,6.178892135620117,0.0,0.0,0.0,0.0,0.0,-0.0,0.0,4.313142858232771,3.241714150565011,0.0,0.5500810146331787,0.0,0.0,0.0,0.0,0.0,0.0,0.0,0.0,0.0,0.0,2613.0,-4.599999904632568,0.0,0.9943513870239258,0.19823208451271057,0.22252801060676575
22.186988830566406,139.51300048828125,5.6174163818359375,0.0,0.0,0.0,0.0,0.0,-0.0,0.0,4.309071350097656,3.237642778669085,0.0,0.41045600175857544,0.0,0.0,0.0,0.0,0.0,0.0,0.0,0.0,0.0,0.0,2614.0,-4.599999904632568,0.0,0.9781529903411865,0.14616847038269043,0.12593775987625122
21.628713607788086,138.84176635742188,5.198427677154541,0.0,0.0,0.0,0.0,0.0,-0.0,0.0,4.29735723223005,3.2259286608014786,0.0,0.3555949926376343,0.0,0.0,0.0,0.0,0.0,0.0,0.0,0.0,0.0,0.0,2615.0,-4.599999904632568,0.0,0.4480380415916443,0.24554839730262756,0.14001011848449707
20.888652801513672,111.40135192871094,4.83543062210083,0.0,0.0,0.0,0.0,0.0,-0.0,0.0,4.307285799298968,3.235857227870396,0.0,0.3088169991970062,0.0,0.0,0.0,0.0,0.0,0.0,0.0,0.0,0.0,0.0,2616.0,-4.599999904632568,0.0,0.36933058500289917,0.23530858755111694,0.07036858797073364
20.33037757873535,102.94242095947266,4.520175933837891,0.0,0.0,0.0,0.0,0.0,-0.0,0.0,4.323857116699219,3.2524285452706474,0.0,0.24162499606609344,0.0,0.0,0.0,0.0,0.0,0.0,0.0,0.0,0.0,0.0,2617.0,-4.520040512084961,0.0,0.22605419158935547,0.15748164057731628,0.07317763566970825
19.953886032104492,102.27119445800781,4.273491859436035,0.0,0.0,0.0,0.0,0.0,-0.0,0.0,4.312428556169783,3.2409999847412108,0.0,0.20776399970054626,0.0,0.0,0.0,0.0,0.0,0.0,2.3293495178222656,0.0,2.3293495178222656,0.0,2618.0,-4.2733635902404785,2.3293495178222656,0.034199029207229614,0.2714087963104248,0.08101540803909302
20.35702896118164,101.59996795654297,1.6845500469207764,0.0,0.0,0.0,0.0,0.0,-0.0,0.0,4.316928536551339,3.2454999651227676,0.0,0.18981799483299255,0.0,0.0,0.0,0.0,0.0,0.0,0.0,0.0,0.0,0.0,2619.0,-1.6844995021820068,0.0,0.007916688919067383,0.17542660236358643,0.12742656469345093
19.435184478759766,100.92874145507812,1.4908134937286377,0.0,0.0,0.0,0.0,-0.15739293131538215,-0.0,0.0,4.33471429007394,3.2632857186453683,0.0,0.17595599591732025,0.0,0.0,0.0,0.0,0.524643083537164,0.0,1.2849973240250918,0.0,1.8096404075622559,0.0,2620.0,-1.4907687902450562,1.8096404075622559,0.0036954879760742188,0.1743561029434204,0.24600499868392944
19.87176513671875,100.25751495361328,4.4827578676631674e-5,0.0,0.0,0.0,0.0,-0.051327603114748044,-0.0,0.0,4.356285721915109,3.2848572867257255,0.0,0.0,0.17109200358390808,0.0,0.0,0.0,0.0,0.0,0.0,0.0,0.0,0.0,2621.0,0.0,0.0,0.005330413579940796,0.07366904616355896,0.3420695662498474
19.131704330444336,99.58628845214844,4.482623626245186e-5,0.0,0.0,0.0,0.0,-0.858551813505164,-0.0,0.0,4.373285784040179,3.301857212611607,0.0,0.0,0.4051069915294647,0.0,0.0,0.0,2.4567322731018066,0.0,0.0,0.0,2.4567322731018066,0.0,2622.0,0.0,2.4567322731018066,0.0065139830112457275,0.12793758511543274,0.4070834815502167
19.639673233032227,89.2934799194336,4.482489384827204e-5,0.0,0.28217177562792983,0.0,0.0,-0.45645498305571763,-0.28217177562792983,0.0,4.385928508213588,3.3144999367850168,0.0,0.0,0.5809440016746521,0.0,0.0,0.0,0.0,0.0,0.0,0.0,0.0,0.0,2623.0,0.0,0.0,0.02207660675048828,0.04791426658630371,0.3557913899421692
18.71782875061035,76.06913757324219,4.4823551434092224e-5,0.0,0.0,0.0,10.590440976826358,-11.5821831145661,-10.590440976826358,0.0,4.391785703386579,3.3203571319580076,0.0,0.0,0.3058069944381714,0.0,0.0,0.0,3.0,0.0,0.0,0.0,3.0,0.0,2624.0,0.0,3.0,9.98377799987793e-6,0.4513675570487976,0.8403115272521973
19.772287368774414,9.40955924987793,4.482220901991241e-5,0.0,0.0,0.0,0.0,-0.5857683652944701,-0.0,0.0,4.395785685947963,3.3243571145193918,0.010449999943375587,0.0,0.33893799781799316,0.0,0.0,0.0,1.6136231422424316,0.0,0.0,0.0,0.0,1.6136231422424316,2625.0,0.0,-1.6136231422424316,0.00023630261421203613,0.014423012733459473,0.5725999474525452
19.0322265625,111.61406707763672,4.482086660573259e-5,0.0,0.0,0.0,0.0,-0.4730153122749048,-0.0,0.0,4.413571439470563,3.342142868041992,0.3372499942779541,0.0,0.021394997835159302,0.0,0.0,0.0,1.5553226470947266,0.0,0.0,0.0,1.5553226470947266,0.0,2626.0,0.0,1.5553226470947266,0.004590332508087158,0.06426912546157837,0.1570940613746643
19.321331024169922,97.35507202148438,4.481952419155277e-5,0.0,0.0,0.0,0.0,-0.7222971368748787,-0.0,0.0,4.461999974931989,3.39057126726423,0.4270069897174835,0.0,0.0,0.0,0.0,0.5923429727554321,2.407657027244568,0.0,0.0,0.0,3.0,0.0,2627.0,0.03282644599676132,3.0,0.0032841265201568604,0.37515193223953247,0.26790982484817505
20.861677169799805,79.25691223144531,4.4818181777372956e-5,0.0,0.0,0.0,0.0,-0.5278734536120666,-0.0,0.0,4.5198570796421595,3.448428508213588,0.363178014755249,0.0,0.0,0.0,0.0,1.2404218912124634,1.7595781087875366,0.0,0.0,0.0,3.0,0.0,2628.0,0.04708804935216904,3.0,0.004710286855697632,0.719456672668457,0.6320793628692627
22.57988929748535,78.58568572998047,4.481683936319314e-5,0.0,0.0,0.0,0.0,0.03757652765424742,-0.0,0.0,4.558214269365583,3.4867855616978236,0.36287298798561096,0.0,0.0,0.6147316694259644,0.4175169407548165,0.3659828305244446,0.0,0.0,0.0,0.0,0.0,0.3659828305244446,2629.0,0.6147316694259644,-0.3659828305244446,0.06147465109825134,0.8477205038070679,0.514934241771698
22.204853057861328,102.38756561279297,0.6147580742835999,0.0,0.0,0.0,0.0,-0.5043161115771966,-0.0,0.0,4.60750002179827,3.5360714503696986,0.37663400173187256,0.0,0.0,0.0,0.0,1.163316011428833,1.681053638458252,0.0,0.0,0.0,2.844369649887085,0.0,2630.0,1.2443660497665405,2.844369649887085,0.4827994108200073,0.8862274289131165,0.5052554607391357
23.431121826171875,89.81829071044922,0.6147396564483643,0.0,0.0,0.0,0.0,0.0,-0.0,0.0,4.664642824445452,3.5932142530168805,0.35962700843811035,0.0,0.0,0.9909985186810104,0.0,0.0,0.0,0.0,0.0,0.0,0.0,0.0,2631.0,1.083372950553894,0.0,0.9321269989013672,0.8306403160095215,0.25097525119781494
22.69106101989746,89.14706420898438,1.6056900024414062,0.0,0.0,0.0,0.0,0.0,-0.0,0.0,4.675285693577358,3.6038571221487863,0.375014990568161,0.0,0.0,0.15198335883779635,0.0,0.0,0.0,0.0,0.0,0.0,0.0,0.0,2632.0,0.18298503756523132,0.0,0.8828144073486328,0.6533299088478088,0.2712433338165283
22.041378021240234,88.47583770751953,1.7576206922531128,0.0,0.0,0.0,0.0,0.0,-0.0,0.0,4.657500008174351,3.586071504865374,0.1301499903202057,0.2465520203113556,0.0,0.0,0.0,0.0,0.0,0.0,0.0,0.0,0.0,0.0,2633.0,-1.7575680017471313,0.0,0.7656275033950806,0.49217522144317627,0.28074032068252563
21.66537094116211,87.80461120605469,1.505991816520691,0.0,0.0,0.0,0.0,0.0,-0.0,0.0,4.64292847769601,3.5714999062674386,0.0,0.48549601435661316,0.0,0.0,0.0,0.0,0.0,0.0,0.0,0.0,0.0,0.0,2634.0,-1.5059466361999512,0.0,0.8975918292999268,0.2913104295730591,0.1903761923313141
21.108060836791992,87.13338470458984,1.0105574131011963,0.0,0.0,0.0,0.0,0.0,-0.0,0.0,4.622999954223633,3.5515713827950615,0.0,0.6515340209007263,0.0,0.0,0.0,0.0,0.0,0.0,0.0,0.0,0.0,0.0,2635.0,-1.0105271339416504,0.0,0.3399471938610077,0.2637025713920593,0.29633504152297974
20.004945755004883,78.2494888305664,0.3457164168357849,0.0,0.0,0.0,0.0,-0.08116323816305672,-0.0,0.0,4.59821423121861,3.526785659790039,0.0,0.33879190210258514,0.27054411645973175,0.0,0.0,0.0,0.0,0.0,0.0,0.0,0.0,0.0,2636.0,-0.345706045627594,0.0,0.14972490072250366,0.12253186106681824,0.1384948492050171
19.810239791870117,77.57826232910156,1.0400698556622956e-5,0.0,0.0,0.0,0.0,-0.4804808479738565,-0.0,0.0,4.570499910627093,3.499071339198521,0.0,0.0,0.49435898661613464,0.0,0.0,0.0,1.1072437763214111,0.0,0.0,0.0,1.1072437763214111,0.0,2637.0,0.0,1.1072437763214111,0.009655475616455078,0.20221573114395142,0.10310781002044678
20.011062622070312,76.90703582763672,1.0400386599940248e-5,0.0,0.0,0.0,0.0,-0.5760073235037844,-0.0,0.0,4.551428604125976,3.480000032697405,0.0,0.0,0.41045600175857544,0.0,0.0,0.0,1.5095683336257935,0.0,0.0,0.0,0.0,1.5095683336257935,2638.0,0.0,-1.5095683336257935,0.00015935301780700684,0.00813966989517212,0.7134560346603394
19.816356658935547,134.1510467529297,1.040007464325754e-5,0.0,0.0,0.0,0.0,-0.10667850203031293,-0.0,0.0,4.544357109069824,3.4729284014020645,0.0,0.0,0.3555949926376343,0.0,0.0,0.0,0.0,0.0,0.0,0.0,0.0,0.0,2639.0,0.0,0.0,0.00260123610496521,0.02940085530281067,0.2000056505203247
19.258081436157227,133.4798126220703,1.0399762686574832e-5,0.0,0.30019413151941876,0.0,0.0,-0.39283923495990614,-0.30019413151941876,0.0,4.5539999825613835,3.4825714111328123,0.0,0.0,0.3088169991970062,0.0,0.0,0.0,0.0,0.0,0.0,0.0,0.0,0.0,2640.0,0.0,0.0,0.0010340511798858643,0.018878132104873657,0.20433932542800903
18.699806213378906,132.80857849121094,1.0399450729892123e-5,0.0,0.0,0.0,0.0,-0.43151367382262773,-0.0,0.0,4.537142835344587,3.4657142639160154,0.0,0.0,0.24162499606609344,0.0,0.0,0.0,1.1967538595199585,0.0,0.0,0.0,1.1967538595199585,0.0,2641.0,0.0,1.1967538595199585,0.0009410381317138672,0.009375572204589844,0.18541759252548218
19.046863555908203,132.13734436035156,1.0399138773209415e-5,0.0,0.14732810519403827,0.0,0.0,-0.20965730758094203,-0.14732810519403827,0.0,4.51292849949428,3.4414999280657086,0.0,0.0,0.20776399970054626,0.0,0.0,0.0,0.0,0.0,0.0,0.0,0.0,0.0,2642.0,0.0,0.0,0.011802047491073608,0.0010246038436889648,0.10280445218086243
18.852672576904297,131.4661102294922,1.0398826816526707e-5,0.0,0.0,0.0,0.0,-0.5827374958092957,-0.0,0.0,4.481428636823382,3.41000006539481,0.0,0.0,0.18981799483299255,0.0,0.0,0.0,1.7526402473449707,0.0,0.0,0.0,1.7526402473449707,0.0,2643.0,0.0,1.7526402473449707,0.00025475025177001953,0.058155328035354614,0.2534460425376892
19.290761947631836,123.26966857910156,1.0398514859843999e-5,0.0,0.0,0.0,0.0,-0.052786800872755,-0.0,0.0,4.418000030517578,3.3465714590890068,0.0,0.0,0.17595599591732025,0.0,0.0,0.0,0.0,0.0,0.0,0.0,0.0,0.0,2644.0,0.0,0.0,0.04644119739532471,0.00394362211227417,0.11203619837760925
19.09605598449707,122.59844207763672,1.0398202903161291e-5,0.0,0.09865001702630494,0.0,0.0,-0.14997762014105298,-0.09865001702630494,0.0,4.2894286564418245,3.2180000850132533,0.0,0.0,0.17109200358390808,0.0,0.0,0.0,0.0,0.0,0.0,0.0,0.0,0.0,2645.0,0.0,0.0,0.06232726573944092,0.009305834770202637,0.16120553016662598
18.901350021362305,121.92721557617188,1.0397890946478583e-5,0.0,0.0,0.0,0.0,-0.546283310007385,-0.0,0.0,4.163000052315848,3.0915714808872767,0.0,0.0,0.17946599423885345,0.0,0.0,0.0,1.6414783000946045,0.0,0.0,0.0,1.6414783000946045,0.0,2646.0,0.0,1.6414783000946045,0.015295863151550293,0.07362210750579834,0.36619240045547485
19.36809539794922,121.25598907470703,1.0397578989795875e-5,0.0,0.008395484998459324,0.0,0.0,-0.07026988753637742,-0.008395484998459324,0.0,4.100357137407576,3.028928702218192,0.0,0.0,0.20624800026416779,0.0,0.0,0.0,0.0,0.0,0.0,0.0,0.0,0.0,2647.0,0.0,0.0,0.03120294213294983,0.02813112735748291,0.27808821201324463
18.99160385131836,120.58476257324219,1.0397267033113167e-5,0.0,0.0,0.0,0.0,-0.6093521628519749,-0.0,0.0,4.070857129778181,2.999428558349609,0.0,0.0,0.36144599318504333,0.0,0.0,0.0,1.6697278022766113,0.0,0.0,0.0,1.6697278022766113,0.0,2648.0,0.0,1.6697278022766113,0.03533726930618286,0.017871499061584473,0.2222992181777954
19.08934211730957,119.91353607177734,1.0396955076430459e-5,0.0,0.0,0.0,0.0,-0.32824308388404333,-0.0,0.0,4.038500050136021,2.96707147870745,0.0,0.0,0.3493880033493042,0.0,0.0,0.0,0.7447555661201477,0.0,0.0,0.0,0.7447555661201477,0.0,2649.0,0.0,0.7447555661201477,0.0087968111038208,0.03280395269393921,0.14979779720306396
19.164005279541016,119.2423095703125,1.039664311974775e-5,0.0,0.0,0.0,0.0,-0.6345291926276353,-0.0,0.0,4.0197143009730745,2.9482857295445033,0.11209999769926071,0.0,0.4699860215187073,0.0,0.0,0.0,1.6451112031936646,0.0,0.0,0.0,1.6451112031936646,0.0,2650.0,0.0,1.6451112031936646,0.007172197103500366,0.15589237213134766,0.12393045425415039
19.77944564819336,105.0428695678711,1.0396331163065042e-5,0.0,0.0,0.0,0.0,-0.9433633821552334,-0.0,0.0,4.016285705566406,2.944857134137835,0.23180000483989716,0.0,0.58399498462677,0.0,0.0,0.0,2.56054949760437,0.0,0.0,0.0,2.56054949760437,0.0,2651.0,0.0,2.56054949760437,0.013479411602020264,0.4618246257305145,0.2422436773777008
21.30910873413086,85.45613861083984,1.0396019206382334e-5,0.0,0.0,0.0,0.0,0.0,-0.0,0.0,4.006642832074847,2.9352143968854634,0.3503029942512512,0.0,0.0,0.00024206161970141693,0.0,0.0,0.0,0.0,0.0,0.0,0.0,0.0,2652.0,0.018696993589401245,0.0,0.09533873200416565,0.14307242631912231,0.3736107051372528
20.75031852722168,82.62826538085938,0.00025245005963370204,0.0,0.0,0.0,0.0,-0.8446197398352506,-0.0,0.0,3.997714260646275,2.9262858254568918,0.3853990137577057,0.0,0.0,0.0,0.0,0.18460097908973694,2.815399020910263,0.0,0.0,0.0,3.0,0.0,2653.0,0.13459639251232147,3.0,0.013481885194778442,0.7264681458473206,0.5294183492660522
22.355098724365234,72.80945587158203,0.0002524424926377833,0.0,0.0,0.0,0.0,0.0,-0.0,0.0,3.9927856717790875,2.9213572365897043,0.37663400173187256,0.0,0.0,0.12323217452997426,0.0,0.29846885800361633,0.0,0.0,0.0,0.0,0.0,0.29846885800361633,2654.0,0.4663659930229187,-0.29846885800361633,0.928829550743103,0.510993480682373,0.43038809299468994
21.61503791809082,88.86017608642578,0.1234809160232544,0.0,0.0,0.0,0.0,-0.08761901011542506,-0.0,0.0,3.98985721043178,2.9184286390032086,0.35962700843811035,0.0,0.0,0.0,0.0,0.42792296409606934,0.2920633554458618,0.0,0.0,0.0,0.0,0.7199863195419312,2655.0,0.4693729877471924,-0.7199863195419312,0.8150851726531982,0.6206402778625488,0.6077299118041992
20.874977111816406,117.23487854003906,0.12347721308469772,0.0,0.0,0.0,0.0,-0.11187665012982073,-0.0,0.0,3.978642817905971,2.9072142464773996,0.375014990568161,0.0,0.0,0.0,0.0,0.17218497395515442,0.3729221522808075,0.0,0.0,0.0,0.0,0.5451071262359619,2656.0,0.20098498463630676,-0.5451071262359619,0.7891831994056702,0.2948588728904724,0.7934860587120056
19.95313262939453,146.95584106445312,0.12347351014614105,0.0,0.0,0.0,0.0,-0.6096465473370501,-0.0,0.0,3.95471431187221,2.8832857404436383,0.1301499903202057,0.12100039881529412,0.12555162149606147,0.0,0.0,0.0,1.906603455543518,0.0,0.0,0.0,1.906603455543518,0.0,2657.0,-0.12346980720758438,1.906603455543518,0.2588419020175934,0.23246264457702637,0.9249909520149231
20.16229820251465,146.28460693359375,3.717728304764023e-6,0.0,0.0,0.0,0.0,-0.24952207007098437,-0.0,0.0,3.9337142671857563,2.8622858319963727,0.0,0.0,0.48549601435661316,0.0,0.0,0.0,0.3462441861629486,0.0,0.0,0.0,0.0,0.3462441861629486,2658.0,0.0,-0.3462441861629486,0.18662184476852417,0.21405065059661865,0.9038852453231812
19.422237396240234,164.61972045898438,3.717616891663056e-6,0.0,0.0,0.0,0.0,-0.4006695608564037,-0.0,0.0,3.925999995640346,2.8545714242117746,0.0,0.0,0.6515340209007263,0.0,0.0,0.0,0.6840311288833618,0.0,0.0,0.0,0.6840311288833618,0.0,2659.0,0.0,0.6840311288833618,0.09642642736434937,0.08971744775772095,0.8870937824249268
19.448572158813477,162.07362365722656,3.7175054785620887e-6,0.0,0.0,0.0,0.0,-0.8947800097775449,-0.0,0.0,3.923357091631208,2.851928656441825,0.0,0.0,0.6978179812431335,0.0,0.0,0.0,2.2847819328308105,0.0,0.0,0.0,2.2847819328308105,0.0,2660.0,0.0,2.2847819328308105,0.019809633493423462,0.2106260061264038,0.9022241234779358
20.05311393737793,155.50198364257812,3.7173940654611215e-6,0.0,0.0,0.0,0.0,-0.7205377149795567,-0.0,0.0,3.921642793927874,2.8502142224993023,0.0,0.0,0.5666170120239258,0.0,0.0,0.0,1.8351752758026123,0.0,0.0,0.0,1.8351752758026123,0.0,2661.0,0.0,1.8351752758026123,0.01012730598449707,0.24216389656066895,0.8062433004379272
20.210803985595703,146.98419189453125,3.7172826523601543e-6,0.0,0.0,0.0,0.0,-0.12313680542058947,-0.0,0.0,3.922071402413504,2.850642830984933,0.0,0.0,0.41045600175857544,0.0,0.0,0.0,0.0,0.0,0.0,0.0,0.0,0.0,2662.0,0.0,0.0,0.03510972857475281,0.05228260159492493,0.5108314752578735
19.834312438964844,146.31295776367188,3.717171239259187e-6,0.0,0.0,0.0,0.0,-0.5476816394997286,-0.0,0.0,3.923357091631208,2.851928656441825,0.0,0.0,0.3555949926376343,0.0,0.0,0.0,1.4700103998184204,0.0,0.0,0.0,0.0,1.4700103998184204,2663.0,0.0,-1.4700103998184204,0.00026804208755493164,0.029480069875717163,0.8717135190963745
19.458816528320312,159.4722442626953,3.71705982615822e-6,0.0,0.0,0.0,0.0,-0.11274990589419609,-0.0,0.0,3.9168571199689595,2.845428684779576,0.0,0.0,0.37583300471305847,0.0,0.0,0.0,0.0,0.0,0.0,0.0,0.0,0.0,2664.0,0.0,0.0,0.00035643577575683594,0.03215986490249634,0.7580037117004395
19.083316802978516,105.76858520507812,3.7169484130572528e-6,0.0,0.0,0.0,0.0,-0.23115301007640365,-0.0,0.0,3.9033571788242885,2.831928471156529,0.0,0.0,0.24162499606609344,0.0,0.0,0.0,0.528885006904602,0.0,0.0,0.0,0.528885006904602,0.0,2665.0,0.0,0.528885006904602,0.0011959671974182129,0.0396578311920166,0.36901167035102844
19.198274612426758,78.8492202758789,3.7168369999562856e-6,0.0,0.0,0.0,0.0,-0.9623292381496906,-0.0,0.0,3.89957150050572,2.8281429290771483,0.0,0.0,0.20776399970054626,0.0,0.0,0.0,3.0,0.0,0.0,0.0,3.0,0.0,2666.0,0.0,3.0,0.0021310746669769287,0.2798612713813782,0.13307839632034302
20.394805908203125,78.17799377441406,3.7167255868553184e-6,0.0,0.0,0.0,0.0,-0.4693374492461455,-0.0,0.0,3.8992142813546318,2.82778570992606,0.0,0.0,0.18981799483299255,0.0,0.0,0.0,1.3746401071548462,0.0,0.0,0.0,1.3746401071548462,0.0,2667.0,0.0,1.3746401071548462,0.007268130779266357,0.2917526662349701,0.15019714832305908
20.45874786376953,77.50676727294922,3.7166141737543512e-6,0.0,0.0,0.0,0.0,-0.052786800872755,-0.0,0.0,3.8935000010899135,2.822071293422154,0.0,0.0,0.17595599591732025,0.0,0.0,0.0,0.0,0.0,0.0,0.0,0.0,0.0,2668.0,0.0,0.0,0.03653097152709961,0.1729913353919983,0.2550751566886902
20.082256317138672,76.83554077148438,3.716502760653384e-6,0.0,0.0,0.0,0.0,-0.5105250591248289,-0.0,0.0,3.8865000316074916,2.815071323939732,0.0,0.0,0.17109200358390808,0.0,0.0,0.0,1.5306581258773804,0.0,0.0,0.0,1.5306581258773804,0.0,2669.0,0.0,1.5306581258773804,0.003611832857131958,0.31962311267852783,0.49137479066848755
20.598100662231445,64.58749389648438,3.716391347552417e-6,0.0,0.0,0.0,0.0,-0.3227600360020011,-0.0,0.0,3.8793571472167967,2.8079285757882255,0.0,0.0,0.17946599423885345,0.0,0.0,0.0,0.8964007496833801,0.0,0.0,0.0,0.0,0.8964007496833801,2670.0,0.0,-0.8964007496833801,0.010535478591918945,0.1273326277732849,0.576185941696167
20.221609115600586,112.18783569335938,3.7162799344514497e-6,0.0,0.0,0.0,0.0,-0.061874402537918094,-0.0,0.0,3.872214262826102,2.8007858276367186,0.0,0.0,0.20624800026416779,0.0,0.0,0.0,0.0,0.0,0.0,0.0,0.0,0.0,2671.0,0.0,0.0,0.07619866728782654,0.02725386619567871,0.3889096975326538
19.753711700439453,111.51660919189453,3.7161685213504825e-6,0.0,0.0,0.0,0.0,-0.09174210197695487,-0.0,0.0,3.8647856848580497,2.7933572496686665,0.0,0.0,0.3058069944381714,0.0,0.0,0.0,0.0,0.0,0.0,0.0,0.0,0.0,2672.0,0.0,0.0,0.05607786774635315,0.015967071056365967,0.26917582750320435
19.105058670043945,110.84538269042969,3.7160571082495153e-6,0.0,0.0,0.0,0.0,-0.40099621816461095,-0.0,0.0,3.859285708836147,2.7878572736467633,0.05034999921917915,0.0,0.29903799295425415,0.0,0.0,0.0,1.0376160144805908,0.0,0.0,0.0,1.0376160144805908,0.0,2673.0,0.0,1.0376160144805908,0.013429462909698486,0.029493331909179688,0.1600189208984375
19.147451400756836,110.17415618896484,3.715945695148548e-6,0.0,0.0,0.0,0.0,-0.8303235473364001,-0.0,0.0,3.8811428342546734,2.80971439906529,0.3586449921131134,0.0,0.0,0.0,0.0,0.23225495219230652,2.7677450478076935,0.0,0.0,0.0,3.0,0.0,2674.0,0.03825581073760986,3.0,0.0038229525089263916,0.3616544306278229,0.272163450717926
20.790119171142578,97.70341491699219,3.715834282047581e-6,0.0,0.0,0.0,0.0,0.025992741981511015,-0.0,0.0,3.9080714634486604,2.8366428920200892,0.36244499683380127,0.0,0.0,0.5906919240951538,0.28880822128659556,0.0,0.0,0.0,0.0,0.0,0.0,0.0,2675.0,0.5906919240951538,0.0,0.059066563844680786,0.16667109727859497,0.3170555531978607
20.26261329650879,97.03218841552734,0.5906779170036316,0.0,0.0,0.0,0.0,-0.30361683629201897,-0.0,0.0,3.9319999694824217,2.8605713980538505,0.3503029942512512,0.0,0.0,0.0,0.0,1.4090969562530518,1.012056080757901,0.0,0.5788469629890471,0.0,3.0,0.0,2676.0,-0.5906602144241333,3.0,0.05411887168884277,0.7700405120849609,0.5559637546539307
21.595251083374023,74.8310317993164,1.7761651179171167e-5,0.0,0.0,0.0,0.0,-0.11398698544450525,-0.0,0.0,3.945285742623465,2.873857171194894,0.36287298798561096,0.0,0.0,0.0,0.0,1.660627007484436,0.37995660305023193,0.0,0.0,0.0,0.0,2.040583610534668,2677.0,0.9978684782981873,-2.040583610534668,0.09978562593460083,0.7748631238937378,0.8272885084152222
21.220956802368164,152.36424255371094,1.776111821527593e-5,0.0,0.0,0.0,0.0,-0.44042521081070873,-0.0,0.0,3.9477857317243306,2.876357160295759,0.37663400173187256,0.0,0.0,0.0,0.0,1.5319160223007202,1.4680839776992798,0.0,0.0,0.0,3.0,0.0,2678.0,1.3624314069747925,3.0,0.13624191284179688,0.7892132997512817,0.8319277167320251
22.620969772338867,80.20571899414062,1.776058525138069e-5,0.0,0.0,0.0,0.0,-0.03555387995854531,-0.0,0.0,3.9409285409109933,2.8694999694824217,1.00210702419281,0.0,0.0,0.0,0.0,0.6945929527282715,0.11851292848587036,0.0,0.0,0.0,0.0,0.8131058812141418,2679.0,0.7838929891586304,-0.8131058812141418,0.8930445909500122,0.8997805118560791,0.48141270875930786
22.4262638092041,97.02411651611328,1.776005228748545e-5,0.0,0.0,0.0,0.0,-0.3604346001320913,-0.0,0.0,3.9230713980538505,2.851642826625279,0.5775579810142517,0.0,0.0,0.0,0.0,0.5215919613838196,1.2014486193656921,0.0,0.0,0.0,1.7230405807495117,0.0,2680.0,0.5794419646263123,1.7230405807495117,0.9357491731643677,0.8309192061424255,0.42736849188804626
23.15458106994629,82.15303802490234,1.775951932359021e-5,0.0,0.0,0.0,0.0,0.0,-0.0,0.0,3.8947143009730745,2.8232857295445033,0.3767020106315613,0.0,0.0,0.02930002865596748,0.0,0.0,0.0,0.0,0.0,0.0,0.0,0.0,2681.0,0.05129799246788025,0.0,0.9909741878509521,0.37727490067481995,0.23822376132011414
22.596818923950195,81.4818115234375,0.029316909611225128,0.0,0.0,0.0,0.0,-0.13702989772939222,-0.0,0.0,3.854714339120047,2.783285631452288,0.0,0.02872970674223474,0.4567663076143784,0.0,0.0,0.0,0.0,0.0,0.0,0.0,0.0,0.0,2682.0,-0.02931603044271469,0.0,0.9377280473709106,0.272169291973114,0.32315152883529663
22.038515090942383,73.2081527709961,8.828673117022845e-7,0.0,0.0,0.0,0.0,-0.3025181771325336,-0.0,0.0,3.834142902919224,2.762714331490653,0.0,0.0,0.6515340209007263,0.0,0.0,0.0,0.35685986280441284,0.0,0.0,0.0,0.0,0.35685986280441284,2683.0,0.0,-0.35685986280441284,0.6617834568023682,0.3488280773162842,0.35810816287994385
21.389862060546875,77.2953872680664,8.828408226690954e-7,0.0,0.0,0.0,0.0,-0.18280081283254646,-0.0,0.0,3.822214344569615,2.7507857731410437,0.0,0.0,0.6093360185623169,0.0,0.0,0.0,0.0,0.0,0.0,0.0,0.0,0.0,2684.0,0.0,0.0,0.4254915118217468,0.3057919144630432,0.304253488779068
20.468017578125,76.62416076660156,8.828143336359062e-7,0.0,0.0,0.0,0.0,-0.8581630719964917,-0.0,0.0,3.8091428756713865,2.7377141680036274,0.0,0.0,0.49435898661613464,0.0,0.0,0.0,2.3661844730377197,0.0,0.0,0.0,2.3661844730377197,0.0,2685.0,0.0,2.3661844730377197,0.06558886170387268,0.415988564491272,0.22939634323120117
21.079927444458008,75.95293426513672,8.827878446027171e-7,0.0,0.0,0.0,0.0,-0.12313680542058947,-0.0,0.0,3.7752856663295202,2.7038570949009486,0.0,0.0,0.41045600175857544,0.0,0.0,0.0,0.0,0.0,0.0,0.0,0.0,0.0,2686.0,0.0,0.0,0.085447758436203,0.3729858994483948,0.14043384790420532
20.885221481323242,62.40788269042969,8.82761355569528e-7,0.0,0.0,0.0,0.0,-0.24907876348808422,-0.0,0.0,3.75021424974714,2.6787858145577568,0.0,0.0,0.3555949926376343,0.0,0.0,0.0,0.4746675193309784,0.0,0.0,0.0,0.4746675193309784,0.0,2687.0,0.0,0.4746675193309784,0.05326360464096069,0.39150920510292053,0.12653768062591553
20.957530975341797,51.53501510620117,8.827348665363388e-7,0.0,0.0,0.0,0.0,-0.26569485230028,-0.0,0.0,3.7364286150251114,2.66500004359654,0.0,0.0,0.3088169991970062,0.0,0.0,0.0,0.5768324732780457,0.0,0.0,0.0,0.5768324732780457,0.0,2688.0,0.0,0.5768324732780457,0.09983909130096436,0.4172267019748688,0.08082938194274902
21.086118698120117,50.86378479003906,8.827083775031497e-7,0.0,0.0,0.0,0.0,-0.07248750170022245,-0.0,0.0,3.7285714285714286,2.657142857142857,0.0,0.0,0.24162499606609344,0.0,0.0,0.0,0.0,0.0,0.0,0.0,0.0,0.0,2689.0,0.0,0.0,0.04199188947677612,0.38737916946411133,0.07535943388938904
20.527843475341797,50.19255447387695,8.826818884699605e-7,0.0,0.0,0.0,0.0,-0.512510680656062,-0.0,0.0,3.723285756792341,2.6518570491245814,0.0,0.0,0.20776399970054626,0.0,0.0,0.0,1.5006048679351807,0.0,0.0,0.0,1.5006048679351807,0.0,2690.0,0.0,1.5006048679351807,0.024351507425308228,0.39788877964019775,0.10425624251365662
20.989429473876953,49.521324157714844,8.826553994367714e-7,0.0,0.0,0.0,0.0,-0.0569454007127046,-0.0,0.0,3.717499950953892,2.646071515764509,0.0,0.0,0.18981799483299255,0.0,0.0,0.0,0.0,0.0,0.0,0.0,0.0,0.0,2691.0,0.0,0.0,0.04995828866958618,0.37319162487983704,0.1362590491771698
20.612937927246094,48.850093841552734,8.826289104035823e-7,0.0,0.0,0.0,0.0,-0.14981637745365983,-0.0,0.0,3.7133571897234234,2.641928482055664,0.0,0.0,0.17595599591732025,0.0,0.0,0.0,0.32343190908432007,0.0,0.0,0.0,0.0,0.32343190908432007,2692.0,0.0,-0.32343190908432007,0.02550610899925232,0.3498460650444031,0.2785504162311554
20.236446380615234,64.56615447998047,8.826024213703931e-7,0.0,0.0,0.0,0.0,-0.21390838578972726,-0.0,0.0,3.7017857142857142,2.630357142857143,0.0,0.0,0.17109200358390808,0.0,0.0,0.0,0.541935920715332,0.0,0.0,0.0,0.0,0.541935920715332,2693.0,0.0,-0.541935920715332,0.03059399127960205,0.2965679168701172,0.44521743059158325
19.859954833984375,91.23286437988281,8.82575932337204e-7,0.0,0.0,0.0,0.0,-0.12117472921509442,-0.0,0.0,3.69235714503697,2.6209285736083983,0.0,0.0,0.17946599423885345,0.0,0.0,0.0,0.2244497537612915,0.0,0.0,0.0,0.0,0.2244497537612915,2694.0,0.0,-0.2244497537612915,0.046300292015075684,0.1808280348777771,0.5115333199501038
19.483463287353516,101.84341430664062,8.825494433040149e-7,0.0,0.0,0.0,0.0,-0.961874438300705,-0.0,0.0,3.6986428124564035,2.6272143772670202,0.0,0.0,0.20624800026416779,0.0,0.0,0.0,3.0,0.0,0.0,0.0,3.0,0.0,2695.0,0.0,3.0,0.0005904734134674072,0.7073290944099426,0.514370322227478
20.589576721191406,50.14934158325195,8.825230111142446e-7,0.0,0.0,0.0,0.0,-0.6033154488927295,-0.0,0.0,3.707285690307617,2.635857118879046,0.0,0.0,0.3058069944381714,0.0,0.0,0.0,1.7052444219589233,0.0,0.0,0.0,0.0,1.7052444219589233,2696.0,0.0,-1.7052444219589233,0.006556868553161621,0.02542823553085327,0.6224412322044373
19.849515914916992,119.58866882324219,8.824965789244743e-7,0.0,0.0,0.0,0.0,-0.004211408067202882,-0.0,0.0,3.7321428026471817,2.6607142312186105,0.335349977016449,0.0,0.014038026332855225,0.0,0.0,0.0,0.0,0.0,0.0,0.0,0.0,0.0,2697.0,0.0036119818687438965,0.0,0.026339560747146606,0.04135507345199585,0.2199476957321167
19.563404083251953,118.91744232177734,8.82470146734704e-7,0.0,0.0,0.0,0.0,-0.379897263840725,-0.0,0.0,3.8323570796421595,2.7609285082135884,0.39242398738861084,0.0,0.0,0.0,0.0,1.7336758375167847,1.2663241624832153,0.0,0.0,0.0,3.0,0.0,2698.0,0.4388221204280853,3.0,0.043879300355911255,0.46032869815826416,0.30870741605758667
20.957624435424805,104.73159790039062,8.824437145449338e-7,0.0,0.0,0.0,0.0,0.0,-0.0,0.0,3.9197857175554547,2.8483572823660714,0.4157960116863251,0.0,0.0,0.8950870926543075,0.0,3.0,0.0,0.0,0.0,0.0,3.0,0.0,2699.0,3.2123401165008545,3.0,0.32123109698295593,0.7569730281829834,0.700172483921051
22.346494674682617,95.62987518310547,0.8950611352920532,0.0,0.0,0.0,0.0,0.028211584562355313,-0.0,0.0,3.9857143129621235,2.914285605294364,0.4769519865512848,0.0,0.0,4.599999904632568,0.3134620257811127,0.38860854506492615,0.0,0.0,0.0,0.0,0.0,0.38860854506492615,2700.0,4.599999904632568,-0.38860854506492615,0.8989490270614624,0.8490643501281738,0.6042497158050537
21.971477508544922,116.67803955078125,5.494896411895752,0.0,0.0,0.0,0.0,0.0,-0.0,0.0,4.028428568158831,2.9569998604910714,0.36287298798561096,0.0,0.0,3.0035300171819017,0.0,3.0,0.0,0.0,0.0,0.0,3.0,0.0,2701.0,4.269472122192383,3.0,0.9764338731765747,0.892587423324585,0.5581949949264526
23.408954620361328,108.48157501220703,8.49817180633545,0.0,0.0,0.0,0.0,0.33544182041190557,-0.0,0.0,4.051285689217703,2.97985725402832,0.37663400173187256,0.0,0.0,0.47786757349967957,3.7271310417042938,1.1494648456573486,0.0,0.0,0.0,0.0,0.0,1.1494648456573486,2702.0,0.47786757349967957,-1.1494648456573486,0.8976008892059326,0.714536190032959,0.9593844413757324
23.396034240722656,173.49960327148438,8.975769996643066,0.0,0.0,0.0,0.0,0.3375066143279548,-0.0,0.0,4.0541428974696565,2.9827141898018974,0.35962700843811035,0.0,0.0,0.0,3.750073194503784,0.0,0.0,0.0,0.0,0.0,0.0,0.0,2703.0,-4.599999904632568,0.0,0.7364113330841064,0.8497810363769531,0.9483392238616943
23.38410758972168,164.3708038330078,8.97550106048584,0.0,0.0,0.0,0.0,0.1782730282960747,-0.0,0.0,4.035214233398437,2.963785661969866,0.375014990568161,0.0,0.0,0.0,1.9808112680912018,0.14552363753318787,0.0,0.0,0.0,0.0,0.0,0.14552363753318787,2704.0,-4.599999904632568,-0.14552363753318787,0.6173146367073059,0.9100183844566345,0.9498310685157776
23.37317657470703,171.97105407714844,8.975232124328613,0.0,0.0,0.0,0.0,0.0,-0.0,0.0,3.9909285954066682,2.919500023978097,0.3767020106315613,0.0,0.0,0.0,0.0,0.8164979815483093,0.0,0.0,0.2593342661857605,0.0,1.0758322477340698,0.0,2705.0,-4.599999904632568,1.0758322477340698,0.8141717910766602,0.9648009538650513,0.9465245604515076
23.823989868164062,139.20144653320312,8.710344314575195,0.0,0.0,0.0,0.0,0.0,-0.0,0.0,3.8992856706891743,2.8278570992606027,0.04179999977350235,0.4436960220336914,0.0,0.0,0.0,0.0,0.0,0.0,1.505348801612854,0.0,0.0,1.505348801612854,2706.0,-4.599999904632568,-1.505348801612854,0.6073569655418396,0.9339625835418701,0.8431549072265625
23.540422439575195,154.90286254882812,6.7213215827941895,0.0,0.0,0.0,0.0,0.0,-0.0,0.0,3.8799999237060545,2.8085713522774833,0.0,0.6515340209007263,0.0,0.0,0.0,0.0,0.0,0.0,0.0,0.0,0.0,0.0,2707.0,-4.599999904632568,0.0,0.9990274906158447,0.489362895488739,0.6356247663497925
23.25530433654785,154.23162841796875,6.056309223175049,0.0,0.0,0.0,0.0,0.0,-0.0,0.0,3.8764999389648436,2.8050713675362724,0.0,0.6093360185623169,0.0,0.0,0.0,0.0,0.0,0.0,0.0,0.0,0.0,0.0,2708.0,-4.599999904632568,0.0,0.996477484703064,0.26971229910850525,0.4707225263118744
22.878812789916992,141.8944091796875,5.434374809265137,0.0,0.0,0.0,0.0,0.0,-0.0,0.0,3.869142886570522,2.7977141789027624,0.0,0.49435898661613464,0.0,0.0,0.0,0.0,0.0,0.0,0.0,0.0,0.0,0.0,2709.0,-4.599999904632568,0.0,0.9901995062828064,0.18886464834213257,0.25915616750717163
22.320537567138672,130.46978759765625,4.929779052734375,0.0,0.0,0.0,0.0,0.0,-0.0,0.0,3.867071369716099,2.795642798287528,0.0,0.5201740264892578,0.0,0.0,0.0,0.0,0.0,0.0,0.0,0.0,0.0,0.0,2710.0,-4.599999904632568,0.0,0.9781149625778198,0.11848190426826477,0.1544046401977539
21.581478118896484,129.79855346679688,4.398857116699219,0.0,0.0,0.0,0.0,0.0,-0.0,0.0,3.8644286019461496,2.793000030517578,0.0,0.3555949926376343,0.0,0.0,0.0,0.0,0.0,0.0,2.234441041946411,0.0,0.0,2.234441041946411,2711.0,-4.3987250328063965,-2.234441041946411,0.005951106548309326,0.47738349437713623,0.8971450328826904
21.204986572265625,163.54129028320312,1.7559106349945068,0.0,0.0,0.0,0.0,0.0,-0.0,0.0,3.867857197352818,2.796428625924247,0.0,0.3088169991970062,0.0,0.0,0.0,0.0,0.0,0.0,0.0,0.0,0.0,0.0,2712.0,-1.7558579444885254,0.0,0.912141740322113,0.012836277484893799,0.26053839921951294
21.192066192626953,162.87005615234375,1.4407480955123901,0.0,0.0,0.0,0.0,0.0,-0.0,0.0,3.8613570894513813,2.7899286542619977,0.0,0.24162499606609344,0.0,0.0,0.0,0.0,0.0,0.0,0.0,0.0,0.0,0.0,2713.0,-1.4407049417495728,0.0,0.9153639078140259,0.009320586919784546,0.22653329372406006
21.17914581298828,162.19882202148438,1.1941561698913574,0.0,0.0,0.0,0.0,0.0,-0.0,0.0,3.8581427982875276,2.7867142268589564,0.0,0.20776399970054626,0.0,0.0,0.0,0.0,0.0,0.0,0.0,0.0,0.0,0.0,2714.0,-1.1941204071044922,0.0,0.5930449366569519,0.021872103214263916,0.31490349769592285
20.984439849853516,161.527587890625,0.9821226596832275,0.0,0.0,0.0,0.0,0.0,-0.0,0.0,3.852285739353725,2.7808570316859655,0.0,0.18981799483299255,0.0,0.0,0.0,0.0,0.0,0.0,0.0,0.0,0.0,0.0,2715.0,-0.9820932149887085,0.0,0.1593192219734192,0.07077234983444214,0.4850222170352936
20.426164627075195,160.85635375976562,0.7884072065353394,0.0,0.0,0.0,0.0,0.0,-0.0,0.0,3.839999961853027,2.768571526663644,0.0,0.17595599591732025,0.0,0.0,0.0,0.0,0.0,0.0,0.0,0.0,0.0,0.0,2716.0,-0.7883835434913635,0.0,0.13451862335205078,0.06838145852088928,0.6055759787559509
19.867889404296875,160.18511962890625,0.6088420152664185,0.0,0.0,0.0,0.0,0.0,-0.0,0.0,3.8268571036202568,2.755428532191685,0.0,0.17109200358390808,0.0,0.0,0.0,0.0,0.0,0.0,0.0,0.0,0.0,0.0,2717.0,-0.6088237762451172,0.0,0.2545044720172882,0.03566223382949829,0.5371713042259216
19.491397857666016,159.51388549804688,0.4342453181743622,0.0,0.0,0.0,0.0,0.0,-0.0,0.0,3.8262857164655415,2.75485714503697,0.0,0.17946599423885345,0.0,0.0,0.0,0.0,0.0,0.0,0.0,0.0,0.0,0.0,2718.0,-0.43423229455947876,0.0,0.11489787697792053,0.05883520841598511,0.4636147618293762
19.114906311035156,150.40785217285156,0.25110921263694763,0.0,0.0,0.0,0.0,-0.8880505530316715,-0.0,0.0,3.815214238848005,2.743785803658622,0.0,0.20624800026416779,0.0,0.0,0.0,0.0,2.960168392479048,0.0,0.03983160752095216,0.0,3.0,0.0,2719.0,-0.25110167264938354,3.0,3.775954246520996e-5,0.3214873969554901,0.7944449782371521
20.45526123046875,52.89308166503906,7.576699772471329e-6,0.0,0.0,0.0,0.0,-0.37276712945171653,-0.0,0.0,3.8118571690150667,2.7404285975864955,0.0,0.0,0.3058069944381714,0.0,0.0,0.0,0.936750054359436,0.0,0.0,0.0,0.0,0.936750054359436,2720.0,0.0,-0.936750054359436,0.0316692590713501,0.0067411065101623535,0.5090970396995544
19.71468734741211,101.45361328125,7.576472398795886e-6,0.0,0.0,0.0,0.0,-0.022451404629206806,-0.0,0.0,3.8220714296613423,2.7506427219935827,0.2745499908924103,0.0,0.07483801245689392,0.0,0.0,0.0,0.0,0.0,0.0,0.0,0.0,0.0,2721.0,0.0,0.0,0.03565815091133118,0.01102188229560852,0.2072988748550415
19.065519332885742,100.78238677978516,7.576245025120443e-6,0.0,0.0,0.0,0.0,-0.3326741112341125,-0.0,0.0,3.931928580147879,2.860500008719308,0.3586449921131134,0.0,0.0,0.0,0.0,1.5727050304412842,1.1089136600494385,0.0,0.0,0.0,2.6816186904907227,0.0,2722.0,0.13189144432544708,2.6816186904907227,0.013186901807785034,0.2544174790382385,0.2379661202430725
20.272071838378906,100.11116027832031,7.57601810619235e-6,0.0,0.0,0.0,0.0,0.0,-0.0,0.0,3.9960713522774833,2.9246427808489117,0.36244499683380127,0.0,0.0,0.31335998191366343,0.0,3.0,0.0,0.0,0.0,0.0,3.0,0.0,2723.0,1.4994583129882812,3.0,0.14994359016418457,0.6519192457199097,0.5897433757781982
21.604379653930664,99.43993377685547,0.3133581578731537,0.0,0.0,0.0,0.0,0.0,-0.0,0.0,4.043285724094936,2.9718570164271765,0.3503029942512512,0.0,0.0,1.5830400012082464,0.0,3.0,0.0,0.0,0.0,0.0,3.0,0.0,2724.0,4.599999904632568,3.0,0.5811259150505066,0.8246356248855591,0.7070649862289429
22.95647430419922,91.14092254638672,1.896341323852539,0.0,0.0,0.0,0.0,0.0,-0.0,0.0,4.08742858341762,3.0160001482282364,0.36287298798561096,0.0,0.0,2.962429542978043,0.0,2.048239231109619,0.0,0.0,0.0,0.0,0.0,2.048239231109619,2725.0,4.599999904632568,-2.048239231109619,0.8257092237472534,0.6777459383010864,0.9726251363754272
22.6718807220459,175.61810302734375,4.858625411987305,0.0,0.0,0.0,0.0,0.0,-0.0,0.0,4.126499938964844,3.0550713675362724,0.37663400173187256,0.0,0.0,3.5041959252492916,0.0,1.5187056064605713,0.0,0.0,0.0,0.0,1.5187056064605713,0.0,2726.0,4.571712970733643,1.5187056064605713,0.943030834197998,0.883446216583252,0.7621387243270874
23.41721534729004,156.37655639648438,8.362570762634277,0.0,0.0,0.0,0.0,0.3582009448171396,-0.0,0.0,4.1656428200857984,3.0942142486572264,0.3888719975948334,0.0,0.0,0.0,3.9800101816654205,0.26331743597984314,0.0,0.0,0.0,0.0,0.0,0.26331743597984314,2727.0,-4.599999904632568,-0.26331743597984314,0.7525345087051392,0.7715978026390076,0.945829451084137
23.404294967651367,171.33079528808594,8.362319946289062,0.0,0.0,0.0,0.0,0.2257853731019584,-0.0,0.0,4.185499954223633,3.1140713827950615,0.375014990568161,0.0,0.0,0.0,2.508726168423891,0.04225869104266167,0.0,0.0,0.0,0.0,0.0,0.04225869104266167,2728.0,-4.599999904632568,-0.04225869104266167,0.5398503541946411,0.8786444067955017,0.9574077129364014
23.391374588012695,173.18331909179688,8.362069129943848,0.0,0.0,0.0,0.0,0.00819902544808586,-0.0,0.0,4.185571343558175,3.1141427721296036,0.3767020106315613,0.0,0.0,0.0,0.09110027551651001,0.5401476621627808,0.0,0.0,0.0,0.0,0.5401476621627808,0.0,2729.0,-4.599999904632568,0.5401476621627808,0.4798007607460022,0.9435184597969055,0.9662480354309082
23.71757698059082,172.5120849609375,8.361818313598633,0.0,0.0,0.0,0.0,0.0,-0.0,0.0,4.157785633632114,3.0863570622035437,0.003800000064074993,0.4816960096359253,0.0,0.0,0.0,0.0,0.0,0.0,0.0,0.0,0.0,0.0,2730.0,-4.599999904632568,0.0,0.9841833114624023,0.9379831552505493,0.921022355556488
23.522871017456055,171.84085083007812,7.870055675506592,0.0,0.0,0.0,0.0,0.0,-0.0,0.0,4.153571483067104,3.0821429116385324,0.0,0.6515340209007263,0.0,0.0,0.0,0.0,0.0,0.0,0.0,0.0,0.0,0.0,2731.0,-4.599999904632568,0.0,0.9991225004196167,0.3014676570892334,0.5937129855155945
22.964595794677734,171.16961669921875,7.2050089836120605,0.0,0.0,0.0,0.0,0.0,-0.0,0.0,4.145857075282505,3.0744285038539343,0.0,0.6093360185623169,0.0,0.0,0.0,0.0,0.0,0.0,0.3371286988258362,0.0,0.3371286988258362,0.0,2732.0,-4.599999904632568,0.3371286988258362,0.8987823724746704,0.8322685360908508,0.8276928067207336
23.161327362060547,127.87921142578125,6.239041805267334,0.0,0.0,0.0,0.0,0.0,-0.0,0.0,4.102285739353725,3.0308570316859655,0.0,0.49435898661613464,0.0,0.0,0.0,0.0,0.0,0.0,0.0,0.0,0.0,0.0,2733.0,-4.599999904632568,0.0,0.9939565658569336,0.7698934674263,0.41936108469963074
23.148406982421875,127.2079849243164,5.734421730041504,0.0,0.0,0.0,0.0,0.0,-0.0,0.0,4.057214273725237,2.9857855660574777,0.0,0.41045600175857544,0.0,0.0,0.0,0.0,0.0,0.0,0.0,0.0,0.0,0.0,2734.0,-4.599999904632568,0.0,0.9936331510543823,0.4152180850505829,0.15060019493103027
22.95370101928711,124.59024810791016,5.3154296875,0.0,0.0,0.0,0.0,0.0,-0.0,0.0,4.037071446010044,2.9656428745814734,0.0,0.4767740070819855,0.0,0.0,0.0,0.0,0.0,0.0,0.0,0.0,0.0,0.0,2735.0,-4.599999904632568,0.0,0.9864488244056702,0.5697709321975708,0.1593153476715088
22.940780639648438,118.34136962890625,4.828780651092529,0.0,0.0,0.0,0.0,0.0,-0.0,0.0,4.033928544180734,2.9625001089913505,0.0,0.3088169991970062,0.0,0.0,0.0,0.0,0.0,0.0,0.0,0.0,0.0,0.0,2736.0,-4.599999904632568,0.0,0.9673851728439331,0.34784799814224243,0.05331873893737793
22.746074676513672,117.6701431274414,4.51352596282959,0.0,0.0,0.0,0.0,0.0,-0.0,0.0,4.041642815726144,2.9702142442975723,0.0,0.24162499606609344,0.0,0.0,0.0,0.0,0.0,0.0,0.0,0.0,0.0,0.0,2737.0,-4.51339054107666,0.0,0.9348753690719604,0.21506762504577637,0.04308784008026123
22.369583129882812,116.99891662597656,4.266841888427734,0.0,0.0,0.0,0.0,0.0,-0.0,0.0,4.079571396963937,3.0081429617745536,0.0,0.24138900637626648,0.0,0.0,0.0,0.0,0.0,0.0,0.0,0.0,0.0,0.0,2738.0,-4.266714096069336,0.0,0.9776960611343384,0.24480414390563965,0.0753343403339386
21.993091583251953,116.32769012451172,4.020406246185303,0.0,0.0,0.0,0.0,0.0,-0.0,0.0,4.066499928065708,2.9950713566371374,0.0,0.22142000496387482,0.0,0.0,0.0,0.0,0.0,0.0,0.0,0.0,0.0,0.0,2739.0,-4.020285606384277,0.0,0.9433555603027344,0.16013723611831665,0.11541414260864258
21.071247100830078,115.65646362304688,3.794353723526001,0.0,0.0,0.0,0.0,0.0,-0.0,0.0,4.0461427961077,2.9747142246791296,0.0,0.20653900504112244,0.0,0.0,0.0,0.0,0.0,0.0,0.0,0.0,0.0,0.0,2740.0,-3.7942399978637695,0.0,0.8191208839416504,0.2143966555595398,0.2516257166862488
19.96761703491211,114.98523712158203,3.5834922790527344,0.0,0.0,0.0,0.0,0.0,-0.0,0.0,4.0209286008562355,2.9494998931884764,0.0,0.20070600509643555,0.0,0.0,0.0,0.0,0.0,0.0,3.0,0.0,3.0,0.0,2741.0,-3.5833847522735596,3.0,0.3228898048400879,0.5491828322410583,0.5541807413101196
20.85519027709961,106.40969848632812,0.31745627522468567,0.0,0.0,0.0,0.0,-0.06805286136299293,-0.0,0.0,4.014714322771345,2.9432857513427733,0.0,0.21040700376033783,0.0,0.0,0.0,0.0,0.226842862196051,0.0,0.10069077032080997,0.0,0.0,0.32753363251686096,2742.0,-0.317446768283844,-0.32753363251686096,0.1713123321533203,0.12588226795196533,0.6514278650283813
20.47869873046875,124.22653198242188,9.572870112606324e-6,0.0,0.0,0.0,0.0,-0.07166250334829094,-0.0,0.0,4.016428620474679,2.9449999128069195,0.0,0.0,0.23887500166893005,0.0,0.0,0.0,0.0,0.0,0.0,0.0,0.0,0.0,2743.0,0.0,0.0,0.012629777193069458,0.12719875574111938,0.6374090909957886
20.10220718383789,112.64386749267578,9.572582712280564e-6,0.0,0.0,0.0,0.0,-0.10309920124607075,-0.0,0.0,4.021999985831124,2.950571550641741,0.0,0.0,0.3436639904975891,0.0,0.0,0.0,0.0,0.0,0.0,0.0,0.0,0.0,2744.0,0.0,0.0,0.019165366888046265,0.030010223388671875,0.47973835468292236
19.54393196105957,111.97264099121094,9.572295311954804e-6,0.0,0.014343606617075011,0.0,0.0,-0.13197780638077816,-0.014343606617075011,0.0,4.031571469988142,2.96014289855957,0.0009500000160187483,0.0,0.39211398363113403,0.0,0.0,0.0,0.0,0.0,0.0,0.0,0.0,0.0,2745.0,0.0,0.0,0.005295813083648682,0.030157238245010376,0.33340370655059814
18.98565673828125,111.3014144897461,9.572007911629044e-6,0.0,0.0,0.0,0.0,-0.4891406283434474,-0.0,0.0,4.071428516932896,2.999999945504325,0.19095000624656677,0.0,0.21364900469779968,0.0,0.0,0.0,1.41681969165802,0.0,0.0,0.0,1.41681969165802,0.0,2746.0,0.0,1.41681969165802,0.0009788870811462402,0.09489071369171143,0.23895248770713806
19.474437713623047,110.63018798828125,9.571720511303283e-6,0.0,0.08383785405359845,0.0,0.0,-0.07011438724024838,-0.08383785405359845,0.0,4.138928495134627,3.0674999237060545,0.40960100293159485,0.0,0.0,0.031032724305987358,0.15248295247452198,0.0,0.0,0.0,0.0,0.0,0.0,0.0,2747.0,0.031032724305987358,0.0,0.0031012296676635742,0.07099607586860657,0.2320004403591156
18.916162490844727,109.9589614868164,0.03104136511683464,0.0,0.0,0.0,0.0,-0.8422237479986308,-0.0,0.0,4.220928546360561,3.1495001111711773,0.397381991147995,0.0,0.0,0.0,0.0,0.1621679961681366,2.807412381772224,0.0,0.03041962205963955,0.0,3.0,0.0,2748.0,-0.031040433794260025,3.0,0.00048169493675231934,0.5249080061912537,0.21984344720840454
20.439088821411133,88.16865539550781,9.35019841108442e-7,0.0,0.0,0.0,0.0,-0.003933870948706897,-0.0,0.0,4.290785734994071,3.2193572998046873,0.4110499918460846,0.0,0.0,0.0,0.0,0.01455003023147583,0.013112902641296387,0.0,0.0,0.0,0.0,0.027662932872772217,2749.0,0.03695002198219299,-0.027662932872772217,0.13472425937652588,0.14980825781822205,0.4325454831123352
19.69902801513672,89.20536041259766,9.349918173029437e-7,0.0,0.0,0.0,0.0,-0.8886444295900819,-0.0,0.0,4.334428596496582,3.2630001613071986,0.42574799060821533,0.0,0.0,0.0,0.0,0.03785201907157898,2.962147980928421,0.0,0.0,0.0,3.0,0.0,2750.0,0.06225201487541199,3.0,0.11163604259490967,0.5497333407402039,0.40928757190704346
21.091245651245117,88.53413391113281,9.349637934974453e-7,0.0,0.0,0.0,0.0,-0.7040468316891513,-0.0,0.0,4.3727142606462746,3.3012855529785154,0.4085429906845093,0.0,0.0,0.0,0.0,0.14625698328018188,2.346822679042816,0.0,0.0,0.0,2.493079662322998,0.0,2751.0,0.17545700073242188,2.493079662322998,0.38234513998031616,0.6699998378753662,0.45693400502204895
22.34998321533203,87.86290740966797,9.349357696919469e-7,0.0,0.0,0.0,0.0,0.0,-0.0,0.0,4.357928630283901,3.2865000588553293,0.42346900701522827,0.0,0.0,0.042369720568359526,0.0,0.1127966046333313,0.0,0.0,0.0,0.0,0.0,0.1127966046333313,2752.0,0.18653100728988647,-0.1127966046333313,0.9653230309486389,0.44749999046325684,0.4643937349319458
21.609922409057617,94.30107879638672,0.042369384318590164,0.0,0.0,0.0,0.0,-0.06361417595846118,-0.0,0.0,4.274357060023716,3.2029284885951452,0.1757500022649765,0.0415207488720295,0.21204724476887016,0.0,0.0,0.0,0.0,0.0,0.0,0.0,0.0,0.0,2753.0,-0.04236811399459839,0.0,0.9090036153793335,0.4237310588359833,0.4417950212955475
21.233430862426758,93.62985229492188,1.2740110832965001e-6,0.0,0.0,0.0,0.0,-0.4431877073918855,-0.0,0.0,4.166000039236886,3.0945714678083145,0.0,0.0,0.5446749925613403,0.0,0.0,0.0,0.9326173067092896,0.0,0.0,0.0,0.0,0.9326173067092896,2754.0,0.0,-0.9326173067092896,0.7824497222900391,0.20312023162841797,0.8019325733184814
20.12980079650879,148.30728149414062,1.2739728845190257e-6,0.0,0.0,0.0,0.0,-0.2863682964987868,-0.0,0.0,4.088857187543597,3.017428479875837,0.0,0.0,0.7178270220756531,0.0,0.0,0.0,0.23673392832279205,0.0,0.0,0.0,0.0,0.23673392832279205,2755.0,0.0,-0.23673392832279205,0.3980448246002197,0.24631693959236145,0.883358359336853
19.75330924987793,161.33541870117188,1.2739346857415512e-6,0.0,0.0,0.0,0.0,-0.9611267412156543,-0.0,0.0,4.041214207240513,2.969785635811942,0.0,0.0,0.6715520024299622,0.0,0.0,0.0,2.5322036743164062,0.0,0.0,0.0,2.5322036743164062,0.0,2756.0,0.0,2.5322036743164062,0.1056428849697113,0.30964818596839905,0.9387038946151733
20.54822540283203,155.738525390625,1.2738964869640768e-6,0.0,0.0,0.0,0.0,-0.6356779649129685,-0.0,0.0,4.032285635811942,2.9608570643833705,0.0,0.0,0.5440409779548645,0.0,0.0,0.0,1.5748854875564575,0.0,0.0,0.0,1.5748854875564575,0.0,2757.0,0.0,1.5748854875564575,0.07096123695373535,0.35214757919311523,0.8564858436584473
20.760723114013672,143.83070373535156,1.2738582881866023e-6,0.0,0.0,0.0,0.0,-0.1357026064675093,-0.0,0.0,4.037785748073032,2.9663570404052733,0.0,0.0,0.4523420035839081,0.0,0.0,0.0,0.0,0.0,0.0,0.0,0.0,0.0,2758.0,0.0,0.0,0.1045025885105133,0.3211870491504669,0.5847533941268921
20.20244789123535,143.1594696044922,1.2738200894091278e-6,0.0,0.0,0.0,0.0,-0.7742148528184423,-0.0,0.0,4.042071424211775,2.970642852783203,0.0,0.0,0.39737099409103394,0.0,0.0,0.0,2.183345079421997,0.0,0.0,0.0,2.183345079421997,0.0,2759.0,0.0,2.183345079421997,0.03071090579032898,0.3572377562522888,0.5849180221557617
20.78617286682129,142.4882354736328,1.2737818906316534e-6,0.0,0.0,0.0,0.0,-0.6787618429963516,-0.0,0.0,4.037928526742117,2.966500091552734,0.0,0.0,0.34723401069641113,0.0,0.0,0.0,1.9153053760528564,0.0,0.0,0.0,1.9153053760528564,0.0,2760.0,0.0,1.9153053760528564,0.03116917610168457,0.36852771043777466,0.49955546855926514
20.842622756958008,141.81700134277344,1.273743691854179e-6,0.0,0.0,0.0,0.0,-0.08288520605902683,-0.0,0.0,4.02485705784389,2.953428486415318,0.0,0.0,0.27628400921821594,0.0,0.0,0.0,0.0,0.0,0.0,0.0,0.0,0.0,2761.0,0.0,0.0,0.049365729093551636,0.32174959778785706,0.44365742802619934
19.920778274536133,141.14576721191406,1.2737054930767044e-6,0.0,0.0,0.0,0.0,-0.8773747703383261,-0.0,0.0,4.022857066563198,2.951428495134626,0.0,0.0,0.24138900637626648,0.0,0.0,0.0,2.6831934452056885,0.0,0.0,0.0,2.6831934452056885,0.0,2762.0,0.0,2.6831934452056885,0.0285930335521698,0.3599698543548584,0.49163010716438293
20.799833297729492,140.4745330810547,1.27366729429923e-6,0.0,0.0,0.0,0.0,-0.0664260041286946,-0.0,0.0,4.021571513584682,2.9501429421561105,0.0,0.0,0.22142000496387482,0.0,0.0,0.0,0.0,0.0,0.0,0.0,0.0,0.0,2763.0,0.0,0.0,0.3976238965988159,0.17641717195510864,0.42289969325065613
20.423341751098633,139.8032989501953,1.2736290955217555e-6,0.0,0.0,0.0,0.0,-0.061961703974473537,-0.0,0.0,3.9997142519269673,2.9282858167375836,0.0,0.0,0.20653900504112244,0.0,0.0,0.0,0.0,0.0,0.0,0.0,0.0,0.0,2764.0,0.0,0.0,0.33103811740875244,0.2770414352416992,0.5832433700561523
19.865066528320312,139.13206481933594,1.273590896744281e-6,0.0,0.0,0.0,0.0,-0.4009209553766624,-0.0,0.0,3.982000023978097,2.910571452549526,0.0,0.0,0.20070600509643555,0.0,0.0,0.0,1.1356971263885498,0.0,0.0,0.0,1.1356971263885498,0.0,2765.0,0.0,1.1356971263885498,0.3648824691772461,0.2333887219429016,0.6457684636116028
20.166927337646484,138.46083068847656,1.2735526979668066e-6,0.0,0.0,0.0,0.0,-0.06312210363634829,-0.0,0.0,3.96278566632952,2.8913570949009486,0.0,0.0,0.21040700376033783,0.0,0.0,0.0,0.0,0.0,0.0,0.0,0.0,0.0,2766.0,0.0,0.0,0.2806081473827362,0.21695321798324585,0.6948221325874329
19.608652114868164,137.7895965576172,1.2735144991893321e-6,0.0,0.0,0.0,0.0,-0.37670127756203264,-0.0,0.0,3.936214256286621,2.8647858210972377,0.0,0.0,0.23887500166893005,0.0,0.0,0.0,1.0167958736419678,0.0,0.0,0.0,1.0167958736419678,0.0,2767.0,0.0,1.0167958736419678,0.04697275161743164,0.1665050983428955,0.5576782822608948
19.832509994506836,137.1183624267578,1.2734763004118577e-6,0.0,0.0,0.0,0.0,-0.10309920124607075,-0.0,0.0,3.910142844063895,2.8387142726353236,0.0,0.0,0.3436639904975891,0.0,0.0,0.0,0.0,0.0,0.0,0.0,0.0,0.0,2768.0,0.0,0.0,0.019578397274017334,0.06296727061271667,0.4199114441871643
19.456018447875977,136.44712829589844,1.2734381016343832e-6,0.0,0.46582656078417983,0.0,0.0,-0.5831757668880293,-0.46582656078417983,0.0,3.886285727364676,2.814857155936105,0.0019000000320374966,0.0,0.39116400480270386,0.0,0.0,0.0,0.0,0.0,0.0,0.0,0.0,0.0,2769.0,0.0,0.0,0.08868515491485596,0.019132375717163086,0.3454195261001587
18.5341739654541,135.77589416503906,1.2733999028569087e-6,0.0,0.0,0.0,0.0,-0.8529635202075436,-0.0,0.0,3.8881428037370953,2.816714368547712,0.3638499677181244,0.0,0.040749043226242065,0.0,0.0,0.0,2.802462577819824,0.0,0.0,0.0,2.802462577819824,0.0,2770.0,0.0,2.802462577819824,0.011852830648422241,0.08571696281433105,0.1780567765235901
19.428569793701172,135.1046600341797,1.2733617040794343e-6,0.0,0.22111231370993778,0.0,0.0,-0.19460275764314836,-0.22111231370993778,0.0,3.8984999792916435,2.8270715441022602,0.40960100293159485,0.0,0.0,0.18693339824676514,0.2945505995555481,0.0,0.0,0.0,0.0,0.0,0.0,0.0,2771.0,0.18693339824676514,0.0,0.01869046688079834,0.07817918062210083,0.19754981994628906
18.778886795043945,134.4334259033203,0.18692906200885773,0.0,0.0,0.0,0.0,-0.47885461564280973,-0.0,0.0,3.913000052315848,2.8415714808872767,0.397381991147995,0.0,0.0,0.0,0.0,1.4038180112838745,1.5961819887161255,0.0,0.0,0.0,3.0,0.0,2772.0,0.06082231178879738,3.0,0.02477213740348816,0.4197327196598053,0.18471917510032654
19.891082763671875,133.76219177246094,0.18692345917224884,0.0,0.0,0.0,0.0,-0.1013400833344491,-0.0,0.0,3.935999952043806,2.864571380615234,0.4110499918460846,0.0,0.0,0.0,0.0,2.6621997356414795,0.3378002643585205,0.0,0.0,0.0,3.0,0.0,2773.0,2.544931411743164,3.0,0.2731824815273285,0.9047491550445557,0.43816736340522766
21.104007720947266,133.09095764160156,0.18691785633563995,0.0,0.0,0.0,0.0,0.0,-0.0,0.0,3.9608570643833705,2.8894284929547993,0.42574799060821533,0.0,0.0,0.8155088678770426,0.0,3.0,0.0,0.0,0.0,0.0,3.0,0.0,2774.0,4.0562520027160645,3.0,0.8611763715744019,0.9812802672386169,0.5479581952095032
22.32811737060547,132.4197235107422,1.0023967027664185,0.0,0.0,0.0,0.0,0.0,-0.0,0.0,3.976785741533552,2.9053570338657924,0.4085429906845093,0.0,0.0,1.2569058949004557,0.0,3.0,0.0,0.0,0.0,0.0,3.0,0.0,2775.0,4.529457092285156,3.0,0.9815747141838074,0.9884675741195679,0.39173585176467896
23.55939483642578,124.22333526611328,2.25923490524292,0.0,0.0,0.0,0.0,0.0,-0.0,0.0,3.972285761151995,2.9008570534842355,0.42346900701522827,0.0,0.0,0.7810678920175178,0.0,1.330272912979126,0.0,0.0,0.0,0.0,1.330272912979126,0.0,2776.0,2.261530876159668,1.330272912979126,0.9963996410369873,0.9587537050247192,0.39779433608055115
23.793752670288086,123.55210876464844,3.0402116775512695,0.0,0.0,0.0,0.0,0.0,-0.0,0.0,3.9374285561697824,2.8659999847412108,0.42931801080703735,0.0,0.0,0.24679537299789445,0.0,0.0,0.0,0.0,0.0,0.0,0.0,0.0,2777.0,0.2876819968223572,0.0,0.9972877502441406,0.6877212524414062,0.45075535774230957
23.417261123657227,122.8808822631836,3.2869083881378174,0.0,0.0,0.0,0.0,0.0,-0.0,0.0,3.8326429094587056,2.761214338030134,0.0,0.5446749925613403,0.0,0.0,0.0,0.0,0.0,0.0,0.0,0.0,0.0,0.0,2778.0,-3.2868099212646484,0.0,0.9972670078277588,0.2499215304851532,0.5392646789550781
22.858985900878906,122.20965576171875,2.7310357093811035,0.0,0.0,0.0,0.0,0.0,-0.0,0.0,3.786785752432687,2.7153570447649273,0.0,0.7178270220756531,0.0,0.0,0.0,0.0,0.0,0.0,0.0,0.0,0.0,0.0,2779.0,-2.7309539318084717,0.0,0.991201639175415,0.24667322635650635,0.5710764527320862
22.482494354248047,121.5384292602539,1.9984992742538452,0.0,0.0,0.0,0.0,0.0,-0.0,0.0,3.8062856674194334,2.73485723223005,0.0,0.6715520024299622,0.0,0.0,0.0,0.0,0.0,0.0,0.0,0.0,0.0,0.0,2780.0,-1.9984393119812012,0.0,0.9687864780426025,0.18295732140541077,0.5554623603820801
21.924219131469727,120.86720275878906,1.3132027387619019,0.0,0.0,0.0,0.0,0.0,-0.0,0.0,3.847642844063895,2.7762142726353236,0.0,0.5440409779548645,0.0,0.0,0.0,0.0,0.0,0.0,0.0,0.0,0.0,0.0,2781.0,-1.31316339969635,0.0,0.8006448745727539,0.2326442301273346,0.5355196595191956
21.184158325195312,120.19597625732422,0.758036196231842,0.0,0.0,0.0,0.0,0.0,-0.0,0.0,3.900928579057966,2.8295001438685827,0.0,0.4523420035839081,0.0,0.0,0.0,0.0,0.0,0.0,0.0,0.0,0.0,0.0,2782.0,-0.7580134868621826,0.0,0.30897247791290283,0.42134910821914673,0.4374331533908844
20.4440975189209,119.52474975585938,0.2964538335800171,0.0,0.0,0.0,0.0,-0.9320565262980628,-0.0,0.0,3.9367857796805246,2.865357208251953,0.0,0.2905160298861489,0.10685496420488505,0.0,0.0,0.0,3.0,0.0,0.0,0.0,3.0,0.0,2783.0,-0.29644495248794556,3.0,0.05780196189880371,0.4669457674026489,0.4405049681663513
21.293806076049805,118.85352325439453,8.910627002478577e-6,0.0,0.0,0.0,0.0,-0.10417020734827531,-0.0,0.0,3.947714342389788,2.8762857709612164,0.0,0.0,0.34723401069641113,0.0,0.0,0.0,0.0,0.0,0.0,0.0,0.0,0.0,2784.0,0.0,0.0,0.12823212146759033,0.4090918302536011,0.23842021822929382
20.55374526977539,118.18229675292969,8.910359611036256e-6,0.0,0.0,0.0,0.0,-0.4234903950886082,-0.0,0.0,3.9565713882446287,2.8851429530552455,0.0,0.0,0.27628400921821594,0.0,0.0,0.0,1.1353505849838257,0.0,0.0,0.0,1.1353505849838257,0.0,2785.0,0.0,1.1353505849838257,0.19878652691841125,0.37021690607070923,0.30557745695114136
20.8510684967041,117.51107025146484,8.910092219593935e-6,0.0,0.0,0.0,0.0,-0.07241670479046114,-0.0,0.0,3.978500039236886,2.907071467808315,0.0,0.0,0.24138900637626648,0.0,0.0,0.0,0.0,0.0,0.0,0.0,0.0,0.0,2786.0,0.0,0.0,0.41434353590011597,0.2924599051475525,0.25495511293411255
20.656362533569336,116.83984375,8.909824828151613e-6,0.0,0.0,0.0,0.0,-0.0664260041286946,-0.0,0.0,3.999214254106794,2.927785818917411,0.0,0.0,0.22142000496387482,0.0,0.0,0.0,0.0,0.0,0.0,0.0,0.0,0.0,2787.0,0.0,0.0,0.4951092004776001,0.24998751282691956,0.32901531457901
20.46165657043457,116.16861724853516,8.909557436709292e-6,0.0,0.0,0.0,0.0,-0.061961703974473537,-0.0,0.0,4.012285723005022,2.940857151576451,0.0,0.0,0.20653900504112244,0.0,0.0,0.0,0.0,0.0,0.0,0.0,0.0,0.0,2788.0,0.0,0.0,0.620293140411377,0.15949228405952454,0.4444802403450012
20.4487361907959,115.49739074707031,8.909290045266971e-6,0.0,0.0,0.0,0.0,-0.06021180392153269,-0.0,0.0,4.015785707746233,2.9443571363176617,0.0,0.0,0.20070600509643555,0.0,0.0,0.0,0.0,0.0,0.0,0.0,0.0,0.0,2789.0,0.0,0.0,0.46538054943084717,0.269603967666626,0.588029146194458
20.07224464416504,114.82616424560547,8.90902265382465e-6,0.0,0.0,0.0,0.0,-0.1254379843846154,-0.0,0.0,4.02535719190325,2.953928484235491,0.0,0.0,0.21040700376033783,0.0,0.0,0.0,0.2077195942401886,0.0,0.0,0.0,0.0,0.2077195942401886,2790.0,0.0,-0.2077195942401886,0.11920899152755737,0.23498934507369995,0.662026584148407
19.69575309753418,125.9223403930664,8.908755262382329e-6,0.0,0.0,0.0,0.0,-0.28739673147188505,-0.0,0.0,4.046357100350516,2.9749286651611326,0.0,0.0,0.23887500166893005,0.0,0.0,0.0,0.7191140651702881,0.0,0.0,0.0,0.7191140651702881,0.0,2791.0,0.0,0.7191140651702881,0.023599088191986084,0.1510462760925293,0.573214590549469
19.755216598510742,125.25111389160156,8.908487870940007e-6,0.0,0.0,0.0,0.0,-0.10309920124607075,-0.0,0.0,4.104500034877232,3.033071463448661,0.0,0.0,0.3436639904975891,0.0,0.0,0.0,0.0,0.0,0.0,0.0,0.0,0.0,2792.0,0.0,0.0,0.007338970899581909,0.05856984853744507,0.4296192526817322
19.379240036010742,124.57988739013672,8.908220479497686e-6,0.0,0.3608202163948704,0.0,0.0,-0.4787394187591243,-0.3608202163948704,0.0,4.214214270455496,3.142785699026925,0.0,0.0,0.3930639922618866,0.0,0.0,0.0,0.0,0.0,0.0,0.0,0.0,0.0,2793.0,0.0,0.0,0.005722939968109131,0.03912729024887085,0.26395314931869507
18.639179229736328,116.3834457397461,8.907953088055365e-6,0.0,0.0,0.0,0.0,-0.7982230831473291,-0.0,0.0,4.34900005885533,3.2775714874267576,0.3923499882221222,0.0,0.012249022722244263,0.0,0.0,0.0,2.6484944820404053,0.0,0.0,0.0,2.6484944820404053,0.0,2794.0,0.0038643996231257915,2.6484944820404053,0.00038433074951171875,0.23444673418998718,0.23690104484558105
20.172218322753906,115.71221923828125,8.907685696613044e-6,0.0,0.0,0.0,0.0,0.083751834353787,-0.0,0.0,4.461571502685547,3.3901429312569755,0.40960100293159485,0.0,0.0,0.039369694888591766,0.9305758633087734,0.0,0.0,0.0,0.0,0.0,0.0,0.0,2795.0,0.039369694888591766,0.0,0.0039348602294921875,0.21070724725723267,0.3260669708251953
19.613428115844727,115.0409927368164,0.039377421140670776,0.0,0.0,0.0,0.0,-0.45507381581380446,-0.0,0.0,4.537857137407575,3.466428702218192,0.397381991147995,0.0,0.0,0.0,0.0,0.47756800055503845,1.5169126591026547,0.0,0.03858871251943086,0.0,2.033069372177124,0.0,2796.0,-0.039376240223646164,2.033069372177124,0.002679169178009033,0.28790390491485596,0.2643381357192993
20.439504623413086,114.36976623535156,1.1846068446175195e-6,0.0,0.0,0.0,0.0,-0.5664602594161128,-0.0,0.0,4.58514289855957,3.513714327130999,0.4110499918460846,0.0,0.0,0.0,0.0,0.35464999079704285,1.8882007896900177,0.0,0.0,0.0,2.2428507804870605,0.0,2797.0,0.2308656871318817,2.2428507804870605,0.02308368682861328,0.48476266860961914,0.3635927736759186
21.423797607421875,113.69853973388672,1.1845713743241504e-6,0.0,0.0,0.0,0.0,-0.3995297918530216,-0.0,0.0,4.637071418762207,3.5656428473336357,0.42574799060821533,0.0,0.0,0.0,0.0,0.038801997900009155,1.3317659199237823,0.0,0.0,0.0,1.3705679178237915,0.0,2798.0,0.06325200200080872,1.3705679178237915,0.21951594948768616,0.5638729333877563,0.4727354943752289
21.81934928894043,113.02731323242188,1.1845359040307812e-6,0.0,0.0,0.0,0.0,-0.23858033770641995,-0.0,0.0,4.643928473336356,3.5724999019077845,0.28689998388290405,0.0,0.12164300680160522,0.0,0.0,0.0,0.6736247539520264,0.0,0.0,0.0,0.6736247539520264,0.0,2799.0,0.0,0.6736247539520264,0.36487457156181335,0.58242267370224,0.42420336604118347
21.912097930908203,112.35608673095703,1.184500433737412e-6,0.0,0.0,0.0,0.0,-0.04667070693455955,-0.0,0.0,4.6545714787074495,3.5831429072788783,0.2678999900817871,0.0,0.15556901693344116,0.0,0.0,0.0,0.0,0.0,0.0,0.0,0.0,0.0,2800.0,0.0,0.0,0.596287727355957,0.5155180096626282,0.33231472969055176
21.717391967773438,111.68486022949219,1.184464963444043e-6,0.0,0.0,0.0,0.0,-0.09431040661773693,-0.0,0.0,4.622642871311733,3.5512142998831613,0.11495000123977661,0.0,0.31436800956726074,0.0,0.0,0.0,0.0,0.0,0.0,0.0,0.0,0.0,2801.0,0.0,0.0,0.8797038197517395,0.3380736708641052,0.4788498878479004
21.158601760864258,111.01363372802734,1.1844294931506738e-6,0.0,0.0,0.0,0.0,-0.163402504261434,-0.0,0.0,4.6125,3.5410714285714286,0.0,0.0,0.5446749925613403,0.0,0.0,0.0,0.0,0.0,0.0,0.0,0.0,0.0,2802.0,0.0,0.0,0.7325547337532043,0.2802187204360962,0.5548786520957947
20.600326538085938,110.3424072265625,1.1843940228573047e-6,0.0,0.0,0.0,0.0,-0.2710822436643534,-0.0,0.0,4.593142863682338,3.5217142922537668,0.0,0.0,0.7178270220756531,0.0,0.0,0.0,0.18578042089939117,0.0,0.0,0.0,0.0,0.18578042089939117,2803.0,0.0,-0.18578042089939117,0.4318869709968567,0.30356481671333313,0.6388787031173706
19.95215606689453,122.21868133544922,1.1843585525639355e-6,0.0,0.0,0.0,0.0,-0.68981148957457,-0.0,0.0,4.547142791748047,3.4757142203194755,0.0,0.0,0.6715520024299622,0.0,0.0,0.0,1.627819538116455,0.0,0.0,0.0,1.627819538116455,0.0,2804.0,0.0,1.627819538116455,0.16054826974868774,0.3008367419242859,0.6203091144561768
20.504169464111328,121.54745483398438,1.1843230822705664e-6,0.0,0.0,0.0,0.0,-0.41459952452180815,-0.0,0.0,4.525142887660435,3.453714316231864,0.0,0.0,0.5440409779548645,0.0,0.0,0.0,0.8379573822021484,0.0,0.0,0.0,0.8379573822021484,0.0,2805.0,0.0,0.8379573822021484,0.12967756390571594,0.30293792486190796,0.3572847843170166
20.51467514038086,120.87622833251953,1.1842876119771972e-6,0.0,0.0,0.0,0.0,-0.1357026064675093,-0.0,0.0,4.5051428386143275,3.4337144034249443,0.0,0.0,0.4523420035839081,0.0,0.0,0.0,0.0,0.0,0.0,0.0,0.0,0.0,2806.0,0.0,0.0,0.10772675275802612,0.2908327281475067,0.21456825733184814
20.13818359375,120.20500183105469,1.184252141683828e-6,0.0,0.0,0.0,0.0,-0.8012945076344202,-0.0,0.0,4.443428530011858,3.3719999585832867,0.0,0.0,0.39737099409103394,0.0,0.0,0.0,2.2736105918884277,0.0,0.0,0.0,2.2736105918884277,0.0,2807.0,0.0,2.2736105918884277,0.02340751886367798,0.3827063739299774,0.22821903228759766
20.913516998291016,119.53377532958984,1.184216671390459e-6,0.0,0.0,0.0,0.0,-0.10417020734827531,-0.0,0.0,4.2390713827950615,3.16764281136649,0.0,0.0,0.34723401069641113,0.0,0.0,0.0,0.0,0.0,0.0,0.0,0.0,0.0,2808.0,0.0,0.0,0.04214131832122803,0.3784959018230438,0.19745782017707825
19.99167251586914,118.862548828125,1.1841812010970898e-6,0.0,0.0,0.0,0.0,-0.9828852418218137,-0.0,0.0,4.07585710797991,3.0044285365513392,0.0,0.0,0.27628400921821594,0.0,0.0,0.0,3.0,0.0,0.0,0.0,3.0,0.0,2809.0,0.0,3.0,0.0221041738986969,0.43879255652427673,0.3495185673236847
20.903963088989258,118.19132232666016,1.1841457308037207e-6,0.0,0.0,0.0,0.0,-0.7688818432443068,-0.0,0.0,3.990142904009138,2.9187141963413783,0.0,0.0,0.24138900637626648,0.0,0.0,0.0,2.3215503692626953,0.0,0.0,0.0,2.3215503692626953,0.0,2810.0,0.0,2.3215503692626953,0.05010715126991272,0.4379693269729614,0.30322420597076416
21.189830780029297,115.8837890625,1.1841102605103515e-6,0.0,0.0,0.0,0.0,-0.6444110992316832,-0.0,0.0,3.8989285877772737,2.8274998801095146,0.0,0.0,0.22142000496387482,0.0,0.0,0.0,1.926616907119751,0.0,0.0,0.0,1.926616907119751,0.0,2811.0,0.0,1.926616907119751,0.16111457347869873,0.47895246744155884,0.3427225351333618
21.394746780395508,109.3246078491211,1.1840747902169824e-6,0.0,0.0,0.0,0.0,-0.061961703974473537,-0.0,0.0,3.8404999596732003,2.769071524483817,0.0,0.0,0.20653900504112244,0.0,0.0,0.0,0.0,0.0,0.0,0.0,0.0,0.0,2812.0,0.0,0.0,0.6009316444396973,0.35455983877182007,0.4057244658470154
20.472902297973633,108.65338134765625,1.1840393199236132e-6,0.0,0.0,0.0,0.0,-0.86407273865035,-0.0,0.0,3.82778570992606,2.756357138497489,0.0,0.0,0.20070600509643555,0.0,0.0,0.0,2.6795363426208496,0.0,0.0,0.0,2.6795363426208496,0.0,2813.0,0.0,2.6795363426208496,0.3329232335090637,0.38155826926231384,0.6958683133125305
20.90777587890625,107.9821548461914,1.184003849630244e-6,0.0,0.0,0.0,0.0,-0.25792683940835115,-0.0,0.0,3.8191428320748466,2.7477143968854634,0.0,0.0,0.21040700376033783,0.0,0.0,0.0,0.6493490934371948,0.0,0.0,0.0,0.0,0.6493490934371948,2814.0,0.0,-0.6493490934371948,0.6302522420883179,0.07063108682632446,0.7595669627189636
19.80414581298828,141.52879333496094,1.183968379336875e-6,0.0,0.11769919567187515,0.0,0.0,-0.18936169902016609,-0.11769919567187515,0.0,3.79000004359654,2.7185714721679686,0.0,0.0,0.23887500166893005,0.0,0.0,0.0,0.0,0.0,0.0,0.0,0.0,0.0,2815.0,0.0,0.0,0.24605271220207214,0.13734149932861328,0.6618753671646118
18.882301330566406,140.85755920410156,1.1839329090435058e-6,0.0,0.0,0.0,0.0,-1.0030992370088576,-0.0,0.0,3.75757143838065,2.6861427307128904,0.0,0.0,0.3436639904975891,0.0,0.0,0.0,3.0,0.0,0.0,0.0,3.0,0.0,2816.0,0.0,3.0,0.048268020153045654,0.18482884764671326,0.39452117681503296
19.833148956298828,140.1863250732422,1.1838974387501366e-6,0.0,0.08869605236132827,0.0,0.0,-0.08869605236132827,-0.08869605236132827,0.0,3.722928537641253,2.6515001024518696,0.3930639922618866,0.0,0.0,0.06912529841491732,0.0,0.0,0.0,0.0,0.0,0.0,0.0,0.0,2817.0,0.09493601322174072,0.0,0.18491080403327942,0.013037294149398804,0.35003238916397095
18.911304473876953,139.5150909423828,0.06912440806627274,0.0,0.0,0.0,0.0,0.0,-0.0,0.0,3.7847142355782646,2.713285664149693,0.40459901094436646,0.0,0.0,0.15474303069879625,0.0,3.0,0.0,0.0,0.0,0.0,3.0,0.0,2818.0,0.305541068315506,3.0,0.03746354579925537,0.5596096515655518,0.3148818016052246
20.237934112548828,138.84385681152344,0.2238607257604599,0.0,0.0,0.0,0.0,0.0,-0.0,0.0,3.868642888750349,2.7972141810825892,0.40960100293159485,0.0,0.0,2.225970616748782,0.0,3.0,0.0,0.0,0.0,0.0,3.0,0.0,2819.0,4.187025547027588,3.0,0.4410856366157532,0.8879691958427429,0.6928198337554932
21.51092529296875,138.17262268066406,2.4497578144073486,0.0,0.0,0.0,0.0,0.0,-0.0,0.0,3.93228566305978,2.860857227870396,0.397381991147995,0.0,0.0,0.9652686068528737,0.0,3.0,0.0,0.0,0.0,0.0,3.0,0.0,2820.0,4.074245929718018,3.0,0.6523973941802979,0.9612710475921631,0.6651509404182434
22.90496063232422,137.5013885498047,3.414924144744873,0.0,0.0,0.0,0.0,0.0,-0.0,0.0,3.979857117789132,2.908428682599749,0.4110499918460846,0.0,0.0,0.9197341525746197,0.0,2.2851455211639404,0.0,0.0,0.0,0.0,2.2851455211639404,0.0,2821.0,3.414949893951416,2.2851455211639404,0.8728777766227722,0.9785336256027222,0.477267861366272
23.89265251159668,136.8301544189453,4.33452844619751,0.0,0.0,0.0,0.0,0.08087623436000523,-0.0,0.0,4.045714323861258,2.974285616193499,0.42574799060821533,0.0,0.0,4.599999904632568,0.8986247548059998,0.0,0.0,0.0,0.0,0.0,0.0,0.0,2822.0,4.599999904632568,0.0,0.9952048063278198,0.9735958576202393,0.3294413685798645
23.51613426208496,136.15892028808594,8.934260368347168,0.0,0.0,0.0,0.0,0.11368403284157547,-0.0,0.0,4.083714294433594,3.0122857230050224,0.4085429906845093,0.0,0.0,0.13585229218006134,1.2631558200753423,1.0643763542175293,0.0,0.0,0.0,0.0,1.0643763542175293,0.0,2823.0,0.13585229218006134,1.0643763542175293,0.9070082902908325,0.9766113758087158,0.7013579607009888
23.883041381835938,135.48768615722656,9.069840431213379,0.0,0.0,0.0,0.0,0.08742919275595248,-0.0,0.0,4.103928647722517,3.032500076293945,0.42346900701522827,0.0,0.0,0.0,0.9714353978633881,0.2362455427646637,0.0,0.0,0.0,0.0,0.0,0.2362455427646637,2824.0,-4.599999904632568,-0.2362455427646637,0.8468823432922363,0.9759269952774048,0.8034861087799072
23.688335418701172,148.55584716796875,9.069568634033203,0.0,0.0,0.0,0.0,0.0,-0.0,0.0,4.073785727364676,3.002357155936105,0.42931801080703735,0.0,0.0,0.010321352086677393,0.0,0.0,0.0,0.0,0.0,0.0,0.0,0.0,2825.0,0.03368198871612549,0.0,0.9915542006492615,0.8935186862945557,0.7337964773178101
23.22043800354004,147.88461303710938,9.079617500305176,0.0,0.0,0.0,0.0,0.0,-0.0,0.0,4.018428611755371,2.9469999040876114,0.0,0.5446749925613403,0.0,0.0,0.0,0.0,0.0,0.0,0.0,0.0,0.0,0.0,2826.0,-4.599999904632568,0.0,0.9991340637207031,0.35883834958076477,0.576014518737793
22.571269989013672,147.21337890625,8.523571014404297,0.0,0.0,0.0,0.0,0.0,-0.0,0.0,4.007285744803292,2.935857173374721,0.0,0.7178270220756531,0.0,0.0,0.0,0.0,0.0,0.0,0.0,0.0,0.0,0.0,2827.0,-4.599999904632568,0.0,0.9985891580581665,0.2543846368789673,0.5550974607467651
22.01299476623535,146.54214477539062,7.790860652923584,0.0,0.0,0.0,0.0,0.0,-0.0,0.0,3.99985716683524,2.9284285954066687,0.0,0.6715520024299622,0.0,0.0,0.0,0.0,0.0,0.0,0.0,0.0,0.0,0.0,2828.0,-4.599999904632568,0.0,0.9941710233688354,0.27509403228759766,0.5587514042854309
21.63701820373535,138.345703125,7.105390548706055,0.0,0.0,0.0,0.0,0.0,-0.0,0.0,3.9982857840401786,2.926857212611607,0.0,0.5440409779548645,0.0,0.0,0.0,0.0,0.0,0.0,0.0,0.0,0.0,0.0,2829.0,-4.599999904632568,0.0,0.9908657670021057,0.24404799938201904,0.40405628085136414
21.260526657104492,137.67446899414062,6.550050258636475,0.0,0.0,0.0,0.0,0.0,-0.0,0.0,3.997214262826102,2.9257858276367186,0.0,0.4523420035839081,0.0,0.0,0.0,0.0,0.0,0.0,0.0,0.0,0.0,0.0,2830.0,-4.599999904632568,0.0,0.9674026966094971,0.22526901960372925,0.3197284936904907
20.702251434326172,137.00323486328125,6.08829402923584,0.0,0.0,0.0,0.0,0.0,-0.0,0.0,3.9847857066563197,2.91335699898856,0.0,0.39737099409103394,0.0,0.0,0.0,0.0,0.0,0.0,0.0,0.0,0.0,0.0,2831.0,-4.599999904632568,0.0,0.8973383903503418,0.3103879690170288,0.2967182993888855
20.14397621154785,136.33200073242188,5.682642936706543,0.0,0.0,0.0,0.0,0.0,-0.0,0.0,3.9432857513427733,2.871857179914202,0.0,0.34723401069641113,0.0,0.0,0.0,0.0,0.0,0.0,2.7101409435272217,0.0,2.7101409435272217,0.0,2832.0,-4.599999904632568,2.7101409435272217,0.6996978521347046,0.40139198303222656,0.31955817341804504
21.00694465637207,135.6607666015625,2.562795877456665,0.0,0.0,0.0,0.0,0.0,-0.0,0.0,3.9135714394705636,2.842142868041992,0.0,0.27628400921821594,0.0,0.0,0.0,0.0,0.0,0.0,0.0,0.0,0.0,0.0,2833.0,-2.5627191066741943,0.0,0.5425016283988953,0.393438458442688,0.334301233291626
20.266883850097656,134.98953247070312,2.2808051109313965,0.0,0.0,0.0,0.0,-0.30188018345528944,-0.0,0.0,3.894571386064802,2.8231429508754187,0.0,0.24138900637626648,0.0,0.0,0.0,0.0,1.0062672381988307,0.0,1.9937327618011693,0.0,3.0,0.0,2834.0,-2.2807366847991943,3.0,0.17969542741775513,0.4712143540382385,0.4339333176612854
21.09759521484375,134.31829833984375,6.865512114018202e-5,0.0,0.0,0.0,0.0,-0.0664260041286946,-0.0,0.0,3.8510714394705636,2.779642868041992,0.0,0.0,0.22142000496387482,0.0,0.0,0.0,0.0,0.0,0.0,0.0,0.0,0.0,2835.0,0.0,0.0,0.1951746642589569,0.3967207074165344,0.4548633098602295
20.175750732421875,133.64706420898438,6.86530620441772e-5,0.0,0.0,0.0,0.0,-0.9619617397372604,-0.0,0.0,3.8047142846243722,2.733285849434989,0.0,0.0,0.20653900504112244,0.0,0.0,0.0,3.0,0.0,0.0,0.0,3.0,0.0,2836.0,0.0,3.0,0.22439193725585938,0.49365106225013733,0.6641839742660522
21.147811889648438,132.975830078125,6.865100294817239e-5,0.0,0.0,0.0,0.0,-0.06021180392153269,-0.0,0.0,3.780999946594238,2.709571511404855,0.0,0.0,0.20070600509643555,0.0,0.0,0.0,0.0,0.0,0.0,0.0,0.0,0.0,2837.0,0.0,0.0,0.7085846662521362,0.27038317918777466,0.6809079051017761
20.407751083374023,132.30459594726562,6.864894385216758e-5,0.0,0.0,0.0,0.0,-0.11961302189481327,-0.0,0.0,3.7661429268973214,2.69471435546875,0.0,0.0,0.21040700376033783,0.0,0.0,0.0,0.18830305337905884,0.0,0.0,0.0,0.0,0.18830305337905884,2838.0,0.0,-0.18830305337905884,0.4120078682899475,0.27522411942481995,0.758541464805603
19.66769027709961,141.36471557617188,6.864688475616276e-5,0.0,0.0,0.0,0.0,-0.6825480046887389,-0.0,0.0,3.748857171194894,2.6774285997663227,0.0,0.0,0.23887500166893005,0.0,0.0,0.0,2.036284923553467,0.0,0.0,0.0,2.036284923553467,0.0,2839.0,0.0,2.036284923553467,0.161428302526474,0.21454137563705444,0.6304395198822021
20.072690963745117,140.6934814453125,6.864482566015795e-5,0.0,0.0,0.0,0.0,-0.10309920124607075,-0.0,0.0,3.738999993460519,2.6675714220319477,0.0,0.0,0.3436639904975891,0.0,0.0,0.0,0.0,0.0,0.0,0.0,0.0,0.0,2840.0,0.0,0.0,0.08673465251922607,0.04454922676086426,0.4500587582588196
19.514415740966797,140.02224731445312,6.864276656415313e-5,0.0,0.2256445114388157,0.0,0.0,-0.26176870952286,-0.2256445114388157,0.0,3.7399285997663223,2.668500028337751,0.27265000343322754,0.0,0.12041398882865906,0.0,0.0,0.0,0.0,0.0,0.0,0.0,0.0,0.0,2841.0,0.0,0.0,0.05606725811958313,0.0312252938747406,0.3132671117782593
18.774354934692383,139.35101318359375,6.864070746814832e-5,0.0,0.0,0.0,0.0,-0.42373475328027155,-0.0,0.0,3.8269286291939872,2.7554999215262277,0.40459901094436646,0.0,0.0,0.0,0.0,1.5875508785247803,1.4124491214752197,0.0,0.0,0.0,3.0,0.0,2842.0,0.04744420573115349,3.0,0.004748284816741943,0.5674915909767151,0.2939574718475342
20.39214515686035,138.67977905273438,6.863864837214351e-5,0.0,0.0,0.0,0.0,0.0,-0.0,0.0,3.90492856161935,2.8335001264299664,0.40960100293159485,0.0,0.0,0.722405566924067,0.0,3.0,0.0,0.0,0.0,0.0,3.0,0.0,2843.0,1.7962486743927002,3.0,0.17962872982025146,0.8774961233139038,0.6267111301422119
21.773344039916992,138.008544921875,0.7224525213241577,0.0,0.0,0.0,0.0,0.0,-0.0,0.0,3.9631428854806083,2.8917143140520367,0.397381991147995,0.0,0.0,2.114122727532731,0.0,3.0,0.0,0.0,0.0,0.0,3.0,0.0,2844.0,4.599999904632568,3.0,0.8198930621147156,0.9581384658813477,0.6627979874610901
23.059574127197266,137.33731079101562,2.8364901542663574,0.0,0.0,0.0,0.0,0.01421088959201028,-0.0,0.0,4.007857131958008,2.9364285605294365,0.4110499918460846,0.0,0.0,4.599999904632568,0.15789876069589237,2.0968241691589355,0.0,0.0,0.0,0.0,2.0968241691589355,0.0,2845.0,4.599999904632568,2.0968241691589355,0.9918128252029419,0.9705543518066406,0.46327000856399536
23.85275650024414,136.66607666015625,7.436266899108887,0.0,0.0,0.0,0.0,0.3841808036057435,-0.0,0.0,4.028857176644461,2.957428468976702,0.42574799060821533,0.0,0.0,2.5230908393859863,4.268675256375536,0.16284438967704773,0.0,0.0,0.0,0.0,0.0,0.16284438967704773,2846.0,2.5230908393859863,-0.16284438967704773,0.9959328174591064,0.9374712705612183,0.7356814742088318
23.6590576171875,137.70712280273438,9.95905876159668,0.0,0.0,0.0,0.0,0.49302370711355825,-0.0,0.0,4.0209286008562355,2.9494998931884764,0.4085429906845093,0.0,0.0,0.0,5.4780407547950745,0.5401658415794373,0.0,0.0,0.0,0.0,0.0,0.5401658415794373,2847.0,-4.599999904632568,-0.5401658415794373,0.9770671129226685,0.9281381368637085,0.9224535226821899
23.646137237548828,167.59063720703125,9.958760261535645,0.0,0.0,0.0,0.0,0.2703307110333995,-0.0,0.0,3.9871427808489117,2.9157142094203405,0.42346900701522827,0.0,0.0,0.0,3.003674328327179,0.37950652837753296,0.0,0.0,0.0,0.0,0.37950652837753296,0.0,2848.0,-4.599999904632568,0.37950652837753296,0.9372053146362305,0.9722387790679932,0.8933223485946655
23.86117935180664,166.91940307617188,9.95846176147461,0.0,0.0,0.0,0.0,0.0,-0.0,0.0,3.928357206072126,2.8569286346435545,0.42931801080703735,0.0,0.0,0.0,0.0,0.46938198804855347,0.0,0.0,0.05325436592102051,0.0,0.522636353969574,0.0,2849.0,-4.599999904632568,0.522636353969574,0.9882520437240601,0.976609468460083,0.8655537366867065
23.883031845092773,166.2481689453125,9.903823852539062,0.0,0.0,0.0,0.0,0.0,-0.0,0.0,3.8604286193847654,2.7890000479561943,0.0,0.5446749925613403,0.0,0.0,0.0,0.0,0.0,0.0,0.0,0.0,0.0,0.0,2850.0,-4.599999904632568,0.0,0.9993061423301697,0.7765263319015503,0.7828957438468933
23.506540298461914,165.57693481445312,9.347752571105957,0.0,0.0,0.0,0.0,0.0,-0.0,0.0,3.848071452549526,2.7766428811209543,0.0,0.7178270220756531,0.0,0.0,0.0,0.0,0.0,0.0,0.0,0.0,0.0,0.0,2851.0,-4.599999904632568,0.0,0.999659538269043,0.1264660358428955,0.537759006023407
22.58469581604004,164.90570068359375,8.615017890930176,0.0,0.0,0.0,0.0,0.0,-0.0,0.0,3.8515000479561943,2.7800714765276227,0.0,0.6715520024299622,0.0,0.0,0.0,0.0,0.0,0.0,0.0,0.0,0.0,0.0,2852.0,-4.599999904632568,0.0,0.9982966184616089,0.13924652338027954,0.5514131784439087
21.84563636779785,164.23446655273438,7.92952299118042,0.0,0.0,0.0,0.0,0.0,-0.0,0.0,3.8610713958740233,2.789642824445452,0.0,0.5440409779548645,0.0,0.0,0.0,0.0,0.0,0.0,0.0,0.0,0.0,0.0,2853.0,-4.599999904632568,0.0,0.9905029535293579,0.08771753311157227,0.5350481271743774
20.742006301879883,163.563232421875,7.374157905578613,0.0,0.0,0.0,0.0,0.0,-0.0,0.0,3.8736428669520784,2.8022141592843193,0.0,0.4523420035839081,0.0,0.0,0.0,0.0,0.0,0.0,0.0,0.0,0.0,0.0,2854.0,-4.599999904632568,0.0,0.9356451630592346,0.19682207703590393,0.5469896793365479
20.00194549560547,162.89199829101562,6.91237735748291,0.0,0.0,0.0,0.0,0.0,-0.0,0.0,3.883357129778181,2.811928558349609,0.0,0.39737099409103394,0.0,0.0,0.0,0.0,0.0,0.0,0.5222292542457581,0.0,0.5222292542457581,0.0,2855.0,-4.599999904632568,0.5222292542457581,0.9743145108222961,0.2586480677127838,0.5181313157081604
20.293224334716797,162.22076416015625,5.973830699920654,0.0,0.0,0.0,0.0,0.0,-0.0,0.0,3.874571473257882,2.8031427655901227,0.0,0.34723401069641113,0.0,0.0,0.0,0.0,0.0,0.0,0.0,0.0,0.0,0.0,2856.0,-4.599999904632568,0.0,0.9732009172439575,0.17877459526062012,0.4186728000640869
20.280303955078125,161.54953002929688,5.619341850280762,0.0,0.0,0.0,0.0,0.0,-0.0,0.0,3.8746428625924247,2.803214154924665,0.0,0.27628400921821594,0.0,0.0,0.0,0.0,0.0,0.0,0.0,0.0,0.0,0.0,2857.0,-4.599999904632568,0.0,0.9278000593185425,0.1984313726425171,0.40801236033439636
20.08559799194336,160.8782958984375,5.337259292602539,0.0,0.0,0.0,0.0,0.0,-0.0,0.0,3.8786428451538084,2.807214409964425,0.0,0.24138900637626648,0.0,0.0,0.0,0.0,0.0,0.0,1.2939850091934204,0.0,1.2939850091934204,0.0,2858.0,-4.599999904632568,1.2939850091934204,0.8118555545806885,0.29239141941070557,0.4550809860229492
20.461942672729492,160.20706176757812,3.7704381942749023,0.0,0.0,0.0,0.0,0.0,-0.0,0.0,3.8735714776175363,2.8021427699497767,0.0,0.22142000496387482,0.0,0.0,0.0,0.0,0.0,0.0,0.0,0.0,0.0,0.0,2859.0,-3.770325183868408,0.0,0.9099360108375549,0.13787829875946045,0.4410320818424225
20.267236709594727,159.53582763671875,3.5443930625915527,0.0,0.0,0.0,0.0,0.0,-0.0,0.0,3.873499952043806,2.802071380615234,0.0,0.20653900504112244,0.0,0.0,0.0,0.0,0.0,0.0,0.0,0.0,0.0,0.0,2860.0,-3.5442867279052734,0.0,0.9288426041603088,0.08386021852493286,0.40195000171661377
20.254316329956055,158.86459350585938,3.3335390090942383,0.0,0.0,0.0,0.0,0.0,-0.0,0.0,3.8828571319580076,2.8114285605294365,0.0,0.20070600509643555,0.0,0.0,0.0,0.0,0.0,0.0,0.0,0.0,0.0,0.0,2861.0,-3.3334391117095947,0.0,0.472246915102005,0.1443687081336975,0.5190468430519104
20.241395950317383,147.1273956298828,3.128643274307251,0.0,0.0,0.0,0.0,0.0,-0.0,0.0,3.908642850603376,2.8372142791748045,0.0,0.21040700376033783,0.0,0.0,0.0,0.0,0.0,0.0,0.0,0.0,0.0,0.0,2862.0,-3.128549575805664,0.0,0.3508322238922119,0.12577319145202637,0.542048990726471
20.046689987182617,146.45616149902344,2.9138548374176025,0.0,0.0,0.0,0.0,0.0,-0.0,0.0,3.922071402413504,2.850642830984933,0.0,0.23887500166893005,0.0,0.0,0.0,0.0,0.0,0.0,0.0,0.0,0.0,0.0,2863.0,-2.9137675762176514,0.0,0.047173261642456055,0.10643786191940308,0.5374160408973694
20.033769607543945,145.78492736816406,2.670024871826172,0.0,0.0,0.0,0.0,0.0,-0.0,0.0,3.921000017438616,2.8495714460100445,0.0,0.3436639904975891,0.0,0.0,0.0,0.0,0.0,0.0,0.0,0.0,0.0,0.0,2864.0,-2.6699447631835938,0.0,0.45402365922927856,0.012292951345443726,0.4963972866535187
19.11192512512207,145.1136932373047,2.319277763366699,0.0,0.0,0.0,0.0,0.0,-0.0,0.0,3.922214317321777,2.850785609654018,0.0019000000320374966,0.39116400480270386,0.0,0.0,0.0,0.0,0.0,0.0,1.368478775024414,0.0,1.368478775024414,0.0,2865.0,-2.3192081451416016,1.368478775024414,0.016121000051498413,0.10811373591423035,0.3482207655906677
19.54055404663086,144.4424591064453,0.5237082242965698,0.0,0.0,0.0,0.0,-0.799584139243794,-0.0,0.0,3.9427857535226005,2.871357182094029,0.22609999775886536,0.1784990131855011,0.0,0.0,0.0,0.0,2.665280358237254,0.0,0.3347196417627458,0.0,3.0,0.0,2866.0,-0.5236925482749939,3.0,0.0009332001209259033,0.5028272271156311,0.2648237347602844
21.02972412109375,108.72296905517578,1.5728968719486147e-5,0.0,0.0,0.0,0.0,-0.4646691357957966,-0.0,0.0,3.959428596496582,2.8879998888288227,0.40960100293159485,0.0,0.0,0.0,0.0,0.211698979139328,1.5488970577716827,0.0,0.0,0.0,1.7605960369110107,0.0,2867.0,0.010765756480395794,1.7605960369110107,0.001075148582458496,0.5581509470939636,0.6252803206443787
21.790739059448242,49.644412994384766,1.572849760123063e-5,0.0,0.0,0.0,0.0,-0.6838922653155421,-0.0,0.0,4.000428553989956,2.928999982561384,0.397381991147995,0.0,0.0,0.0,0.0,0.6751679182052612,2.279640793800354,0.0,0.0,0.0,0.0,2.9548087120056152,2868.0,0.00713285431265831,-2.9548087120056152,0.0007118582725524902,0.5175008773803711,0.9101744890213013
21.506624221801758,165.62599182128906,1.572802648297511e-5,0.0,0.0,0.0,0.0,-0.009314999354481657,-0.0,0.0,4.029142870221819,2.9577142987932477,0.3799999952316284,0.0,0.031049996614456177,0.0,0.0,0.0,0.0,0.0,0.0,0.0,0.0,0.0,2869.0,0.0,0.0,0.8555181622505188,0.05232292413711548,0.7040632367134094
20.584779739379883,164.9547576904297,1.5727555364719592e-5,0.0,0.0,0.0,0.0,0.0,-0.0,0.0,4.0667143685477125,2.9952857971191404,0.42574799060821533,0.0,0.0,0.014750951219596686,0.0,0.0,0.0,0.0,0.0,0.0,0.0,0.0,2870.0,0.03825199604034424,0.0,0.7335869073867798,0.1433427929878235,0.7932770252227783
19.662935256958008,164.2835235595703,0.014766235835850239,0.0,0.0,0.0,0.0,-0.9057129355554938,-0.0,0.0,4.090571485246931,3.019142913818359,0.3894999921321869,0.0,0.019042998552322388,0.0,0.0,0.0,3.0,0.0,0.0,0.0,3.0,0.0,2871.0,0.0014570057392120361,3.0,0.5003179311752319,0.3195410370826721,0.8842453956604004
20.58184814453125,163.61228942871094,0.014765793457627296,0.0,0.0,0.0,0.0,-0.053420590727180375,-0.0,0.0,4.093500082833426,3.022071511404855,0.33820000290870667,0.014470042514050707,0.0707989615924709,0.0,0.0,0.0,0.10726966708898544,0.0,0.0,0.0,0.0,0.10726966708898544,2872.0,-0.014765351079404354,-0.10726966708898544,0.6519001722335815,0.29465335607528687,0.9322502613067627
19.841787338256836,169.15811157226562,4.442275383098604e-7,0.0,0.0,0.0,0.0,-0.8158800210905071,-0.0,0.0,4.073642812456404,3.0022143772670202,0.06650000065565109,0.0,0.36281800270080566,0.0,0.0,0.0,2.3567819595336914,0.0,0.0,0.0,2.3567819595336914,0.0,2873.0,0.0,2.3567819595336914,0.2828640341758728,0.308368980884552,0.9586063623428345
20.54183006286621,158.26148986816406,4.4421420852813753e-7,0.0,0.0,0.0,0.0,-0.23857723528453612,-0.0,0.0,4.0517142977033345,2.980285862513951,0.0,0.0,0.5446749925613403,0.0,0.0,0.0,0.25058242678642273,0.0,0.0,0.0,0.0,0.25058242678642273,2874.0,0.0,-0.25058242678642273,0.42288780212402344,0.21717864274978638,0.949465274810791
19.801769256591797,171.9125213623047,4.4420087874641467e-7,0.0,0.0,0.0,0.0,-0.7664680964338011,-0.0,0.0,4.043857111249651,2.9724286760602676,0.0,0.0,0.7178270220756531,0.0,0.0,0.0,1.8370665311813354,0.0,0.0,0.0,1.8370665311813354,0.0,2875.0,0.0,1.8370665311813354,0.149498850107193,0.2715667486190796,0.9571359157562256
20.357818603515625,159.99610900878906,4.441875489646918e-7,0.0,0.0,0.0,0.0,-0.7129990801413477,-0.0,0.0,4.022071511404855,2.9506429399762832,0.0,0.0,0.6715520024299622,0.0,0.0,0.0,1.7051115036010742,0.0,0.0,0.0,1.7051115036010742,0.0,2876.0,0.0,1.7051115036010742,0.16807708144187927,0.29294002056121826,0.932571291923523
20.464685440063477,159.3248748779297,4.4417421918296895e-7,0.0,0.0,0.0,0.0,-0.525447717326788,-0.0,0.0,4.0233570643833705,2.951928492954799,0.0,0.0,0.5440409779548645,0.0,0.0,0.0,1.207451343536377,0.0,0.0,0.0,1.207451343536377,0.0,2877.0,0.0,1.207451343536377,0.058055758476257324,0.3270253837108612,0.8661969304084778
20.63511085510254,141.79026794433594,4.441608894012461e-7,0.0,0.0,0.0,0.0,-0.7497493237157382,-0.0,0.0,4.0186429159981865,2.947214344569615,0.0,0.0,0.4523420035839081,0.0,0.0,0.0,2.0468223094940186,0.0,0.0,0.0,0.0,2.0468223094940186,2878.0,0.0,-2.0468223094940186,0.006704390048980713,0.3446834087371826,0.9687005877494812
19.71429443359375,174.99017333984375,4.4414755961952324e-7,0.0,0.0,0.0,0.0,-0.7964560169560109,-0.0,0.0,4.022571509225028,2.9511429377964564,0.0,0.0,0.39737099409103394,0.0,0.0,0.0,2.2574822902679443,0.0,0.0,0.0,2.2574822902679443,0.0,2879.0,0.0,2.2574822902679443,0.015692085027694702,0.267276406288147,0.8221195936203003
20.336366653442383,174.31893920898438,4.441342298378004e-7,0.0,0.0,0.0,0.0,-0.10417020734827531,-0.0,0.0,4.018857084001814,2.947428512573242,0.0,0.0,0.34723401069641113,0.0,0.0,0.0,0.0,0.0,0.0,0.0,0.0,0.0,2880.0,0.0,0.0,0.022182494401931763,0.24333912134170532,0.7595142126083374
19.59630584716797,171.12799072265625,4.441209000560775e-7,0.0,0.0,0.0,0.0,-0.9828852418218137,-0.0,0.0,4.000928551810128,2.929499980381557,0.0,0.0,0.27628400921821594,0.0,0.0,0.0,3.0,0.0,0.0,0.0,3.0,0.0,2881.0,0.0,3.0,0.007980823516845703,0.4009235203266144,0.7872003316879272
20.293094635009766,163.92514038085938,4.441075986960641e-7,0.0,0.0,0.0,0.0,-0.8343406204120551,-0.0,0.0,3.9804286411830354,2.9090000697544642,0.0,0.0,0.24138900637626648,0.0,0.0,0.0,2.5397462844848633,0.0,0.0,0.0,2.5397462844848633,0.0,2882.0,0.0,2.5397462844848633,0.018786489963531494,0.3411743640899658,0.6925942897796631
20.705856323242188,163.25390625,4.4409429733605066e-7,0.0,0.0,0.0,0.0,-0.6315111753945013,-0.0,0.0,3.9569999967302594,2.8855712890625,0.0,0.0,0.22142000496387482,0.0,0.0,0.0,1.8836171627044678,0.0,0.0,0.0,1.8836171627044678,0.0,2883.0,0.0,1.8836171627044678,0.063853919506073,0.34405264258384705,0.7010675668716431
20.720247268676758,162.58267211914062,4.4408099597603723e-7,0.0,0.0,0.0,0.0,-0.061961703974473537,-0.0,0.0,3.92771429334368,2.8562858581542967,0.0,0.0,0.20653900504112244,0.0,0.0,0.0,0.0,0.0,0.0,0.0,0.0,0.0,2884.0,0.0,0.0,0.32411932945251465,0.2760096788406372,0.7454244494438171
19.980186462402344,161.91143798828125,4.440676946160238e-7,0.0,0.0,0.0,0.0,-0.9602118396843196,-0.0,0.0,3.8672142846243722,2.795785849434989,0.0,0.0,0.20070600509643555,0.0,0.0,0.0,3.0,0.0,0.0,0.0,3.0,0.0,2885.0,0.0,3.0,0.1812155842781067,0.4344969093799591,0.7879204750061035
21.16215705871582,147.3737335205078,4.4405439325601037e-7,0.0,0.0,0.0,0.0,-0.06312210363634829,-0.0,0.0,3.8667856761387416,2.7953572409493583,0.0,0.0,0.21040700376033783,0.0,0.0,0.0,0.0,0.0,0.0,0.0,0.0,0.0,2886.0,0.0,0.0,0.3550834655761719,0.03190690279006958,0.46426859498023987
21.14923667907715,146.70249938964844,4.4404109189599694e-7,0.0,0.0,0.0,0.0,-0.07166250334829094,-0.0,0.0,3.8905000141688753,2.819071306501116,0.0,0.0,0.23887500166893005,0.0,0.0,0.0,0.0,0.0,0.0,0.0,0.0,0.0,2887.0,0.0,0.0,0.1321169137954712,0.02449670433998108,0.506406843662262
20.954530715942383,146.03126525878906,4.440277905359835e-7,0.0,0.0,0.0,0.0,-0.10309920124607075,-0.0,0.0,3.9129285267421174,2.841500091552734,0.0,0.0,0.3436639904975891,0.0,0.0,0.0,0.0,0.0,0.0,0.0,0.0,0.0,2888.0,0.0,0.0,0.5843268632888794,0.003465324640274048,0.5173500776290894
20.032686233520508,145.3600311279297,4.440144891759701e-7,0.0,0.0,0.0,0.0,-0.1179192023642539,-0.0,0.0,3.9241427830287385,2.8527142116001674,0.0,0.0,0.3930639922618866,0.0,0.0,0.0,0.0,0.0,0.0,0.0,0.0,0.0,2889.0,0.0,0.0,0.006357014179229736,0.056800633668899536,0.3697671592235565
20.019765853881836,144.6887969970703,4.4400118781595665e-7,0.0,0.0,0.0,0.0,-0.0697947067934157,-0.0,0.0,3.9323571886335102,2.8609286172049386,0.17194999754428864,0.0,0.23264901340007782,0.0,0.0,0.0,0.0,0.0,0.0,0.0,0.0,0.0,2890.0,0.0,0.0,0.022461384534835815,0.016912788152694702,0.23939502239227295
19.461490631103516,144.01756286621094,4.439878864559432e-7,0.0,0.0,0.0,0.0,-0.4945675420589257,-0.0,0.0,3.942142840794155,2.870714405604771,0.40960100293159485,0.0,0.0,0.0,0.0,0.08914896845817566,1.6485584080219269,0.0,0.0,0.0,1.7377073764801025,0.0,2891.0,0.029875092208385468,1.7377073764801025,0.002984553575515747,0.22251182794570923,0.19282233715057373
20.1125431060791,132.89134216308594,4.439745850959298e-7,0.0,0.0,0.0,0.0,0.0,-0.0,0.0,3.9486428124564035,2.8772143772670202,0.43396899104118347,0.0,0.0,0.2636504027897075,0.0,0.0,0.0,0.0,0.0,0.0,0.0,0.0,2892.0,0.3060310184955597,0.0,0.05721229314804077,0.14289098978042603,0.25492191314697266
19.55426788330078,132.22010803222656,0.26364293694496155,0.0,0.0,0.0,0.0,-0.5992463167422156,-0.0,0.0,3.959428596496582,2.8879998888288227,0.4110499918460846,0.0,0.0,0.0,0.0,0.7441500425338745,1.9974876431010244,0.0,0.25836231436510104,0.0,3.0,0.0,2893.0,-0.2636350393295288,3.0,0.023468047380447388,0.7917395234107971,0.3051098585128784
20.777734756469727,97.5016860961914,7.92718037700979e-6,0.0,0.0,0.0,0.0,-0.4628544156890868,-0.0,0.0,3.970000076293945,2.898571504865374,0.42574799060821533,0.0,0.0,0.0,0.0,1.457152009010315,1.542847990989685,0.0,0.0,0.0,3.0,0.0,2894.0,1.1555616855621338,3.0,0.11555394530296326,0.9080501794815063,0.6181061267852783
22.369529724121094,92.08609008789062,7.926942998892628e-6,0.0,0.0,0.0,0.0,-0.2769822945985112,-0.0,0.0,3.9675714765276227,2.8961429050990515,0.5044289827346802,0.0,0.0,0.0,0.0,1.27777099609375,0.9232742786407471,0.0,0.0,0.0,2.201045274734497,0.0,2895.0,1.3715710639953613,2.201045274734497,0.5346130132675171,0.9333086609840393,0.4756062626838684
23.666528701782227,83.84496307373047,7.926705620775465e-6,0.0,0.0,0.0,0.0,0.0,-0.0,0.0,3.938499941144671,2.867071369716099,0.47740301489830017,0.0,0.0,0.36818305434125875,0.0,0.0,0.0,0.0,0.0,0.0,0.0,0.0,2896.0,0.42059698700904846,0.0,0.9909976720809937,0.7521260976791382,0.27683311700820923
23.290037155151367,83.17373657226562,0.36817994713783264,0.0,0.0,0.0,0.0,-0.017699649633471714,-0.0,0.0,3.898785672869001,2.8273571014404295,0.23464998602867126,0.1946680247783661,0.0,0.0,0.0,0.0,0.058998829767169525,0.0,0.16613746519380612,0.0,0.0,0.22513629496097565,2897.0,-0.3681689202785492,-0.22513629496097565,0.994165301322937,0.2618313431739807,0.466949999332428
22.549976348876953,94.7100830078125,1.1086652193625923e-5,0.0,0.0,0.0,0.0,-0.3089046332798251,-0.0,0.0,3.8666428974696565,2.7952141898018974,0.0,0.0,0.5446749925613403,0.0,0.0,0.0,0.48500707745552063,0.0,0.0,0.0,0.0,0.48500707745552063,2898.0,0.0,-0.48500707745552063,0.9458739757537842,0.34321004152297974,0.5707541108131409
22.173484802246094,111.31873321533203,1.1086320228059776e-5,0.0,0.0,0.0,0.0,-0.3394118652507405,-0.0,0.0,3.8535714285714286,2.782142857142857,0.0,0.0,0.7178270220756531,0.0,0.0,0.0,0.4135458171367645,0.0,0.0,0.0,0.0,0.4135458171367645,2899.0,0.0,-0.4135458171367645,0.9019888639450073,0.2249671220779419,0.704465925693512
21.614694595336914,132.71261596679688,1.1085988262493629e-5,0.0,0.0,0.0,0.0,-0.30965129771436395,-0.0,0.0,3.8428571701049803,2.771428462437221,0.0,0.0,0.6715520024299622,0.0,0.0,0.0,0.3606189489364624,0.0,0.0,0.0,0.0,0.3606189489364624,2900.0,0.0,-0.3606189489364624,0.598534107208252,0.2366907000541687,0.8200647234916687
20.87514877319336,151.20843505859375,1.1085656296927482e-5,0.0,0.0,0.0,0.0,-0.2619967743554419,-0.0,0.0,3.837285668509347,2.765857097080776,0.0,0.0,0.5440409779548645,0.0,0.0,0.0,0.3292815685272217,0.0,0.0,0.0,0.0,0.3292815685272217,2901.0,0.0,-0.3292815685272217,0.1293451189994812,0.3767034411430359,0.8636734485626221
20.135087966918945,158.18582153320312,1.1085324331361335e-5,0.0,0.0,0.0,0.0,-0.1357026064675093,-0.0,0.0,3.8381428854806083,2.7667143140520367,0.0,0.0,0.4523420035839081,0.0,0.0,0.0,0.0,0.0,0.0,0.0,0.0,0.0,2902.0,0.0,0.0,0.17530059814453125,0.16125115752220154,0.7094106674194336
19.94038200378418,157.51458740234375,1.1084992365795188e-5,0.0,0.0,0.0,0.0,-0.11921130296434157,-0.0,0.0,3.8408571788242885,2.769428471156529,0.0,0.0,0.39737099409103394,0.0,0.0,0.0,0.0,0.0,0.0,0.0,0.0,0.0,2903.0,0.0,0.0,0.14083105325698853,0.137964129447937,0.6559417843818665
19.745676040649414,156.84335327148438,1.108466040022904e-5,0.0,0.0,0.0,0.0,-0.10417020734827531,-0.0,0.0,3.8317143031529017,2.7602857317243306,0.0,0.0,0.34723401069641113,0.0,0.0,0.0,0.0,0.0,0.0,0.0,0.0,0.0,2904.0,0.0,0.0,0.188337504863739,0.06716671586036682,0.6112720370292664
19.732755661010742,147.35946655273438,1.1084328434662893e-5,0.0,0.0,0.0,0.0,-0.5509014080326313,-0.0,0.0,3.8187857491629464,2.747357177734375,0.0,0.0,0.27628400921821594,0.0,0.0,0.0,1.5600539445877075,0.0,0.0,0.0,1.5600539445877075,0.0,2905.0,0.0,1.5600539445877075,0.11871731281280518,0.24998125433921814,0.5989590883255005
20.24989128112793,146.688232421875,1.1083996469096746e-5,0.0,0.0,0.0,0.0,-0.5498032579741174,-0.0,0.0,3.796428625924247,2.725000054495675,0.0,0.0,0.24138900637626648,0.0,0.0,0.0,1.591288447380066,0.0,0.0,0.0,1.591288447380066,0.0,2906.0,0.0,1.591288447380066,0.09641158580780029,0.31956273317337036,0.6000986099243164
20.597797393798828,146.01699829101562,1.10836645035306e-5,0.0,0.0,0.0,0.0,-0.0664260041286946,-0.0,0.0,3.765571403503418,2.6941429683140345,0.0,0.0,0.22142000496387482,0.0,0.0,0.0,0.0,0.0,0.0,0.0,0.0,0.0,2907.0,0.0,0.0,0.4405779540538788,0.22473114728927612,0.5785456299781799
20.22130584716797,145.34576416015625,1.1083332537964452e-5,0.0,0.0,0.0,0.0,-0.681213909634506,-0.0,0.0,3.737000002179827,2.6655714307512555,0.0,0.0,0.20653900504112244,0.0,0.0,0.0,2.064173936843872,0.0,0.0,0.0,2.064173936843872,0.0,2908.0,0.0,2.064173936843872,0.3658332824707031,0.3640235662460327,0.7155232429504395
20.82010269165039,144.67453002929688,1.1083000572398305e-5,0.0,0.0,0.0,0.0,-0.06021180392153269,-0.0,0.0,3.716928563799177,2.6455001286097937,0.0,0.0,0.20070600509643555,0.0,0.0,0.0,0.0,0.0,0.0,0.0,0.0,0.0,2909.0,0.0,0.0,0.6672785878181458,0.29605233669281006,0.7052319049835205
20.26182746887207,144.0032958984375,1.1082668606832158e-5,0.0,0.0,0.0,0.0,-0.46964801776997245,-0.0,0.0,3.6971428189958844,2.625714383806501,0.0,0.0,0.21040700376033783,0.0,0.0,0.0,1.355086326599121,0.0,0.0,0.0,1.355086326599121,0.0,2910.0,0.0,1.355086326599121,0.3855445384979248,0.2910117506980896,0.7413735389709473
20.45504379272461,143.33206176757812,1.108233664126601e-5,0.0,0.0,0.0,0.0,-0.07166250334829094,-0.0,0.0,3.6687857219151088,2.597357014247349,0.0,0.0,0.23887500166893005,0.0,0.0,0.0,0.0,0.0,0.0,0.0,0.0,0.0,2911.0,0.0,0.0,0.2922552824020386,0.08434557914733887,0.6288487911224365
19.89676856994629,142.66082763671875,1.1082004675699864e-5,0.0,0.20686126649398773,0.0,0.0,-0.3099604677400585,-0.20686126649398773,0.0,3.641285705566406,2.569857134137835,0.0,0.0,0.3436639904975891,0.0,0.0,0.0,0.0,0.0,0.0,0.0,0.0,0.0,2912.0,0.0,0.0,0.2629857659339905,0.04986080527305603,0.546366274356842
18.79313850402832,133.6437225341797,1.1081672710133716e-5,0.0,0.0,0.0,0.0,-1.0026445220964941,-0.0,0.0,3.6222856521606444,2.550857216971261,0.0,0.0,0.3930639922618866,0.0,0.0,0.0,2.9490842819213867,0.0,0.0,0.0,2.9490842819213867,0.0,2913.0,0.0,2.9490842819213867,0.005991101264953613,0.2401622235774994,0.30830907821655273
20.200796127319336,132.9724884033203,1.108134074456757e-5,0.0,0.0,0.0,0.0,-0.09544471285520828,-0.0,0.0,3.6179285866873605,2.546500015258789,0.08644999563694,0.0,0.31814903020858765,0.0,0.0,0.0,0.0,0.0,0.0,0.0,0.0,0.0,2914.0,0.0,0.0,0.003015577793121338,0.14455550909042358,0.37350332736968994
20.187875747680664,126.97282409667969,1.1081008779001422e-5,0.0,0.0,0.0,0.0,-0.04064790469995749,-0.0,0.0,3.6254999433244977,2.5540713718959265,0.28404998779296875,0.0,0.13549301028251648,0.0,0.0,0.0,0.0,0.0,0.0,0.0,0.0,0.0,2915.0,0.0,0.0,0.0032121241092681885,0.2235473394393921,0.33836913108825684
20.08451271057129,121.30350494384766,1.1080676813435275e-5,0.0,0.0,0.0,0.0,0.0,-0.0,0.0,3.637428637913295,2.565999930245536,0.397381991147995,0.0,0.0,0.17940665057788863,0.0,0.0,0.0,0.0,0.0,0.0,0.0,0.0,2916.0,0.21361801028251648,0.0,0.13288670778274536,0.0752665102481842,0.3147106170654297
19.435344696044922,120.63227844238281,0.1794123500585556,0.0,0.0,0.0,0.0,-0.8933550325375794,-0.0,0.0,3.6488571984427316,2.577428490774972,0.4110499918460846,0.0,0.0,0.0,0.0,0.022150009870529175,2.977849990129471,0.0,0.0,0.0,3.0,0.0,2917.0,0.044950008392333984,3.0,0.20573443174362183,0.2557411789894104,0.4480906128883362
20.24689292907715,110.50104522705078,0.17940697073936462,0.0,0.0,0.0,0.0,-0.15733424100245186,-0.0,0.0,3.650785664149693,2.579357092721122,0.3828499913215637,0.04289799928665161,0.0,0.0,0.0,0.0,0.5244474491685036,0.0,0.13291554836338726,0.0,0.0,0.6573629975318909,2918.0,-0.17940159142017365,-0.6573629975318909,0.8464339375495911,0.07805830240249634,0.7646840214729309
19.14326286315918,142.34751892089844,5.394834715843899e-6,0.0,0.0,0.0,0.0,-0.9530229336231111,-0.0,0.0,3.6532142639160154,2.5817856924874443,0.23180000483989716,0.0,0.17674298584461212,0.0,0.0,0.0,3.0,0.0,0.0,0.0,3.0,0.0,2919.0,0.0,3.0,0.5177279710769653,0.37200748920440674,0.912115216255188
19.68358039855957,141.67628479003906,5.394672825786984e-6,0.0,0.0,0.0,0.0,-0.9526557391943813,-0.0,0.0,3.6655714307512555,2.5941428593226843,0.2479500025510788,0.0,0.17551900446414948,0.0,0.0,0.0,3.0,0.0,0.0,0.0,3.0,0.0,2920.0,0.0,3.0,0.5872818231582642,0.36298540234565735,0.9612103700637817
20.22945785522461,141.0050506591797,5.394510935730068e-6,0.0,0.0,0.0,0.0,-0.6461260277480285,-0.0,0.0,3.672785704476493,2.601357269287109,0.05889999866485596,0.0,0.3704180121421814,0.0,0.0,0.0,1.7833353281021118,0.0,0.0,0.0,1.7833353281021118,0.0,2921.0,0.0,1.7833353281021118,0.4900614321231842,0.3489057421684265,0.9326569437980652
20.74451446533203,131.027099609375,5.3943490456731524e-6,0.0,0.0,0.0,0.0,-0.3220813879204343,-0.0,0.0,3.672857093811035,2.6014286586216517,0.0,0.0,0.5446749925613403,0.0,0.0,0.0,0.528929591178894,0.0,0.0,0.0,0.0,0.528929591178894,2922.0,0.0,-0.528929591178894,0.7330987453460693,0.2736697196960449,0.854663610458374
20.549808502197266,156.7442626953125,5.394187155616237e-6,0.0,0.0,0.0,0.0,-0.4072752518365874,-0.0,0.0,3.6806428909301756,2.6092141832624165,0.0,0.0,0.7178270220756531,0.0,0.0,0.0,0.6397570967674255,0.0,0.0,0.0,0.0,0.6397570967674255,2923.0,0.0,-0.6397570967674255,0.2541433572769165,0.33828938007354736,0.9800602197647095
19.446693420410156,176.80770874023438,5.394025265559321e-6,0.0,0.0,0.0,0.0,-0.8296443494019634,-0.0,0.0,3.7253571374075753,2.653928702218192,0.0,0.0,0.6715520024299622,0.0,0.0,0.0,2.0939290523529053,0.0,0.0,0.0,2.0939290523529053,0.0,2924.0,0.0,2.0939290523529053,0.11797142028808594,0.24806267023086548,0.9471452236175537
20.240297317504883,168.61166381835938,5.393863375502406e-6,0.0,0.0,0.0,0.0,-0.1632122998719332,-0.0,0.0,3.767428616115025,2.6959999084472654,0.0,0.0,0.5440409779548645,0.0,0.0,0.0,0.0,0.0,0.0,0.0,0.0,0.0,2925.0,0.0,0.0,0.2424875795841217,0.1663438379764557,0.8319887518882751
20.045591354370117,167.9404296875,5.39370148544549e-6,0.0,0.0,0.0,0.0,-0.1357026064675093,-0.0,0.0,3.812857164655413,2.7414285932268414,0.0,0.0,0.4523420035839081,0.0,0.0,0.0,0.0,0.0,0.0,0.0,0.0,0.0,2926.0,0.0,0.0,0.03588029742240906,0.17505156993865967,0.8191305994987488
19.85088539123535,142.70138549804688,5.3935395953885745e-6,0.0,0.0,0.0,0.0,-0.8223129420404796,-0.0,0.0,3.8332856859479634,2.7618571145193918,0.0,0.0,0.39737099409103394,0.0,0.0,0.0,2.343672037124634,0.0,0.0,0.0,0.0,2.343672037124634,2927.0,0.0,-2.343672037124634,0.0015211999416351318,0.018750548362731934,0.9859262108802795
19.657207489013672,177.74627685546875,5.393377705331659e-6,0.0,0.0,0.0,0.0,-0.4489956557351604,-0.0,0.0,3.8373571940830775,2.765928486415318,0.0,0.0,0.34723401069641113,0.0,0.0,0.0,1.1494181156158447,0.0,0.0,0.0,1.1494181156158447,0.0,2928.0,0.0,1.1494181156158447,0.003273516893386841,0.188468337059021,0.8716356754302979
19.942325592041016,116.0378189086914,5.393215815274743e-6,0.0,0.0,0.0,0.0,-0.9828852418218137,-0.0,0.0,3.814857155936105,2.7434285845075337,0.0,0.0,0.27628400921821594,0.0,0.0,0.0,3.0,0.0,0.0,0.0,3.0,0.0,2929.0,0.0,3.0,0.10089406371116638,0.4899927079677582,0.4093247652053833
21.19111442565918,115.36659240722656,5.393053925217828e-6,0.0,0.0,0.0,0.0,-0.5290108086272394,-0.0,0.0,3.8107857840401786,2.739357212611607,0.0,0.0,0.24138900637626648,0.0,0.0,0.0,1.5219802856445312,0.0,0.0,0.0,1.5219802856445312,0.0,2930.0,0.0,1.5219802856445312,0.156110942363739,0.4461366534233093,0.2551840543746948
21.230667114257812,114.69536590576172,5.392892035160912e-6,0.0,0.0,0.0,0.0,-0.585925922728614,-0.0,0.0,3.8007856913975306,2.7293572562081474,0.0,0.0,0.22142000496387482,0.0,0.0,0.0,1.7316663265228271,0.0,0.0,0.0,1.7316663265228271,0.0,2931.0,0.0,1.7316663265228271,0.2768744230270386,0.4592183232307434,0.338528573513031
21.29607582092285,114.02413940429688,5.392730145103997e-6,0.0,0.0,0.0,0.0,-0.061961703974473537,-0.0,0.0,3.7862857546125137,2.7148570469447546,0.0,0.0,0.20653900504112244,0.0,0.0,0.0,0.0,0.0,0.0,0.0,0.0,0.0,2932.0,0.0,0.0,0.5026525855064392,0.32859480381011963,0.5235769152641296
20.192445755004883,113.35291290283203,5.392568255047081e-6,0.0,0.0,0.0,0.0,-0.9602118396843196,-0.0,0.0,3.7747142791748045,2.7032857077462333,0.0,0.0,0.20070600509643555,0.0,0.0,0.0,3.0,0.0,0.0,0.0,3.0,0.0,2933.0,0.0,3.0,0.297309935092926,0.5554963946342468,0.6891953945159912
21.059600830078125,112.68168640136719,5.3924063649901655e-6,0.0,0.0,0.0,0.0,-0.1445795787207116,-0.0,0.0,3.7646427971976144,2.693214362008231,0.0,0.0,0.21040700376033783,0.0,0.0,0.0,0.27152490615844727,0.0,0.0,0.0,0.0,0.27152490615844727,2934.0,0.0,-0.27152490615844727,0.4231128990650177,0.1347484588623047,0.6627297401428223
20.683624267578125,126.03484344482422,5.39224447493325e-6,0.0,0.0,0.0,0.0,-0.07166250334829094,-0.0,0.0,3.755000059945243,2.6835713522774833,0.0,0.0,0.23887500166893005,0.0,0.0,0.0,0.0,0.0,0.0,0.0,0.0,0.0,2935.0,0.0,0.0,0.02529338002204895,0.1250322461128235,0.639301061630249
20.48891830444336,117.8384017944336,5.392082584876334e-6,0.0,0.0,0.0,0.0,-0.10309920124607075,-0.0,0.0,3.7380713871547155,2.666642815726144,0.0,0.0,0.3436639904975891,0.0,0.0,0.0,0.0,0.0,0.0,0.0,0.0,0.0,2936.0,0.0,0.0,0.39300382137298584,0.010017752647399902,0.540657103061676
19.567073822021484,117.16717529296875,5.39192114956677e-6,0.0,0.0,0.0,0.0,-1.0125042423607589,-0.0,0.0,3.7013571058000836,2.6299285343715124,0.018050000071525574,0.0,0.3750140070915222,0.0,0.0,0.0,3.0,0.0,0.0,0.0,3.0,0.0,2937.0,0.0,3.0,0.0006088614463806152,0.45579826831817627,0.38362839818000793
21.037979125976562,86.30860900878906,5.391759714257205e-6,0.0,0.0,0.0,0.0,0.0,-0.0,0.0,3.6578571592058453,2.5864284515380858,0.40459901094436646,0.0,0.0,0.15511520628034248,0.0,0.13917019963264465,0.0,0.0,0.0,0.0,0.0,0.13917019963264465,2938.0,0.33440101146698,-0.13917019963264465,0.13621258735656738,0.005820900201797485,0.45339053869247437
20.29723358154297,92.54057312011719,0.15511594712734222,0.0,0.0,0.0,0.0,0.03578379472334218,-0.0,0.0,3.6350000381469725,2.5635713304792134,0.40960100293159485,0.0,0.0,0.0748005285859108,0.39759768755002056,1.0440242290496826,0.0,0.0,0.0,0.0,1.0440242290496826,0.0,2939.0,0.0748005285859108,1.0440242290496826,0.02298864722251892,0.27376437187194824,0.440180242061615
20.368806838989258,91.86934661865234,0.22990958392620087,0.0,0.0,0.0,0.0,0.0,-0.0,0.0,3.6393571036202568,2.567928532191685,0.397381991147995,0.0,0.0,0.23443364122806543,0.0,3.0,0.0,0.0,0.0,0.0,3.0,0.0,2940.0,1.3467804193496704,3.0,0.15766599774360657,0.8821719884872437,0.7389276623725891
21.69158172607422,78.41329956054688,0.4643293023109436,0.0,0.0,0.0,0.0,0.0,-0.0,0.0,3.661000061035156,2.589571489606585,0.4110499918460846,0.0,0.0,2.555114488263314,0.0,1.1987403631210327,0.0,0.0,0.0,0.0,0.0,1.1987403631210327,2941.0,4.027950286865234,-1.1987403631210327,0.6634032726287842,0.9412099719047546,0.7329797744750977
21.316064834594727,137.2748565673828,3.019353151321411,0.0,0.0,0.0,0.0,0.0,-0.0,0.0,3.674714306422642,2.6032855987548826,0.5495479702949524,0.0,0.0,0.10858589860538359,0.0,3.0,0.0,0.0,0.0,0.0,3.0,0.0,2942.0,3.3034520149230957,3.0,0.9504435062408447,0.9753010272979736,0.703874945640564
22.048355102539062,127.89791107177734,3.127845287322998,0.0,0.0,0.0,0.0,-0.06125793700448412,-0.0,0.0,3.6744286128452845,2.6030000414167134,0.4085429906845093,0.0,0.0,0.0,0.0,2.795806884765625,0.204193115234375,0.0,0.0,0.0,3.0,0.0,2943.0,2.9644570350646973,3.0,0.9839205145835876,0.9797024726867676,0.6253737807273865
22.961788177490234,118.66610717773438,3.127751588821411,0.0,0.0,0.0,0.0,0.0,-0.0,0.0,3.6696428026471817,2.5982142312186105,0.42346900701522827,0.0,0.0,0.9278511609418274,0.0,0.6142940521240234,0.0,0.0,0.0,0.0,0.0,0.6142940521240234,2944.0,1.6655309200286865,-0.6142940521240234,0.9931168556213379,0.8778020739555359,0.7123932242393494
22.03994369506836,133.98098754882812,4.05548095703125,0.0,0.0,0.0,0.0,-0.10634798234097076,-0.0,0.0,3.646071379525321,2.5746429443359373,0.42931801080703735,0.0,0.0,0.0,0.0,0.33448201417922974,0.35449326038360596,0.0,0.0,0.0,0.0,0.6889752745628357,2945.0,0.3746820092201233,-0.6889752745628357,0.9753172397613525,0.648372232913971,0.8520426750183105
21.390745162963867,156.3249053955078,4.055359363555908,0.0,0.0,0.0,0.0,0.0,-0.0,0.0,3.5769286291939872,2.5054999215262277,0.0,0.5446749925613403,0.0,0.0,0.0,0.0,0.0,0.0,0.2758219540119171,0.0,0.0,0.2758219540119171,2946.0,-4.055237770080566,-0.2758219540119171,0.9528238773345947,0.26730966567993164,0.9306809902191162
20.923362731933594,168.90704345703125,3.2180211544036865,0.0,0.0,0.0,0.0,0.0,-0.0,0.0,3.5385714394705636,2.467142868041992,0.0,0.7178270220756531,0.0,0.0,0.0,0.0,0.0,0.0,0.1398269534111023,0.0,0.0,0.1398269534111023,2947.0,-3.2179245948791504,-0.1398269534111023,0.8125041127204895,0.16102334856987,0.9678351283073425
20.18330192565918,174.85169982910156,2.3427937030792236,0.0,0.0,0.0,0.0,0.0,-0.0,0.0,3.535428537641253,2.4640001024518696,0.0,0.6715520024299622,0.0,0.0,0.0,0.0,0.0,0.0,0.0,0.0,0.0,0.0,2948.0,-2.3427233695983887,0.0,0.49562734365463257,0.22891247272491455,0.9628581404685974
19.716432571411133,174.1804656982422,1.657486915588379,0.0,0.0,0.0,0.0,-0.554224260071676,-0.0,0.0,3.511214338030134,2.4397857666015623,0.0,0.5440409779548645,0.0,0.0,0.0,0.0,1.8474141268292783,0.0,1.0802472920855166,0.0,2.927661418914795,0.0,2949.0,-1.6574372053146362,2.927661418914795,0.20582005381584167,0.3400239646434784,0.9542403221130371
20.700103759765625,173.5092315673828,4.9936104915104806e-5,0.0,0.0,0.0,0.0,-0.5808643482472231,-0.0,0.0,3.493857192993164,2.4224286215645927,0.0,0.0,0.4523420035839081,0.0,0.0,0.0,1.483872413635254,0.0,0.0,0.0,1.483872413635254,0.0,2950.0,0.0,1.483872413635254,0.10050022602081299,0.3475448489189148,0.9180525541305542
20.737709045410156,172.83799743652344,4.9934606067836285e-5,0.0,0.0,0.0,0.0,-0.680952975390472,-0.0,0.0,3.479142815726144,2.4077142442975727,0.0,0.0,0.39737099409103394,0.0,0.0,0.0,1.8724721670150757,0.0,0.0,0.0,1.8724721670150757,0.0,2951.0,0.0,1.8724721670150757,0.051655709743499756,0.3949708938598633,0.9000449180603027
20.974838256835938,164.64292907714844,4.993310722056776e-5,0.0,0.0,0.0,0.0,-0.6603286290299337,-0.0,0.0,3.44542852129255,2.373999949863979,0.0,0.0,0.34723401069641113,0.0,0.0,0.0,1.8538613319396973,0.0,0.0,0.0,1.8538613319396973,0.0,2952.0,0.0,1.8538613319396973,0.08417293429374695,0.4022219479084015,0.8314356803894043
21.01109504699707,163.97169494628906,4.993160837329924e-5,0.0,0.0,0.0,0.0,-0.887924739238608,-0.0,0.0,3.4060000828334265,2.334571511404855,0.0,0.0,0.27628400921821594,0.0,0.0,0.0,2.683465003967285,0.0,0.0,0.0,2.683465003967285,0.0,2953.0,0.0,2.683465003967285,0.10998290777206421,0.45558974146842957,0.8259583711624146
21.27793312072754,163.3004608154297,4.9930113164009526e-5,0.0,0.0,0.0,0.0,-0.07241670479046114,-0.0,0.0,3.383714348929269,2.3122857775006977,0.0,0.0,0.24138900637626648,0.0,0.0,0.0,0.0,0.0,0.0,0.0,0.0,0.0,2954.0,0.0,0.0,0.2686038911342621,0.39984092116355896,0.766443133354187
20.538387298583984,162.6292266845703,4.992861795471981e-5,0.0,0.0,0.0,0.0,-0.6648728500752776,-0.0,0.0,3.36557137625558,2.294142804827009,0.0,0.0,0.22142000496387482,0.0,0.0,0.0,1.9948227405548096,0.0,0.0,0.0,1.9948227405548096,0.0,2955.0,0.0,1.9948227405548096,0.34792399406433105,0.39743682742118835,0.8330939412117004
20.98716926574707,161.95799255371094,4.99271227454301e-5,0.0,0.0,0.0,0.0,-0.44669145034517577,-0.0,0.0,3.354714202880859,2.283285631452288,0.0,0.0,0.20653900504112244,0.0,0.0,0.0,1.2824324369430542,0.0,0.0,0.0,1.2824324369430542,0.0,2956.0,0.0,1.2824324369430542,0.6655837297439575,0.4148474335670471,0.8146580457687378
21.074222564697266,161.28675842285156,4.992562753614038e-5,0.0,0.0,0.0,0.0,-0.06021180392153269,-0.0,0.0,3.359357234409877,2.287928662981306,0.0,0.0,0.20070600509643555,0.0,0.0,0.0,0.0,0.0,0.0,0.0,0.0,0.0,2957.0,0.0,0.0,0.7565948367118835,0.35486745834350586,0.806869626045227
20.515947341918945,160.6155242919922,4.992413232685067e-5,0.0,0.0,0.0,0.0,-0.06312210363634829,-0.0,0.0,3.364499991280692,2.2930714198521205,0.0,0.0,0.21040700376033783,0.0,0.0,0.0,0.0,0.0,0.0,0.0,0.0,0.0,2958.0,0.0,0.0,0.6563884615898132,0.18344533443450928,0.6758210062980652
20.32124137878418,159.9442901611328,4.992263711756095e-5,0.0,0.0,0.0,0.0,-0.07166250334829094,-0.0,0.0,3.3635713849748883,2.292142813546317,0.0,0.0,0.23887500166893005,0.0,0.0,0.0,0.0,0.0,0.0,0.0,0.0,0.0,2959.0,0.0,0.0,0.27282288670539856,0.13977348804473877,0.5988398194313049
20.126535415649414,159.27305603027344,4.992114190827124e-5,0.0,0.0,0.0,0.0,-0.10309920124607075,-0.0,0.0,3.342357036045619,2.270928464617048,0.0,0.0,0.3436639904975891,0.0,0.0,0.0,0.0,0.0,0.0,0.0,0.0,0.0,2960.0,0.0,0.0,0.3318668603897095,0.05113133788108826,0.5584495663642883
19.386474609375,158.60182189941406,4.9919646698981524e-5,0.0,0.0,0.0,0.0,-1.0062342387928247,-0.0,0.0,3.3377856663295202,2.2663570949009486,0.03894999995827675,0.0,0.35411399602890015,0.0,0.0,0.0,3.0,0.0,0.0,0.0,3.0,0.0,2961.0,0.0,3.0,0.002707540988922119,0.8436006307601929,0.30028945207595825
19.966632843017578,79.27140045166016,4.991815148969181e-5,0.0,0.0,0.0,0.0,-0.11582844717615615,-0.0,0.0,3.3926429203578405,2.321214348929269,0.40459901094436646,0.0,0.0,0.0,0.0,0.0780009925365448,0.3860948085784912,0.0,0.0,0.0,0.0,0.464095801115036,2962.0,0.10340100526809692,-0.464095801115036,0.031891077756881714,0.02061644196510315,0.4129086136817932
19.044273376464844,86.0634536743164,4.9916656280402094e-5,0.0,0.0,0.0,0.0,-0.4754436681844254,-0.0,0.0,3.4568570818219864,2.385428510393415,0.40960100293159485,0.0,0.0,0.0,0.0,0.7085490226745605,1.5848121643066406,0.0,0.0,0.0,2.293361186981201,0.0,2963.0,0.0571632906794548,2.293361186981201,0.005718320608139038,0.13503703474998474,0.2386031150817871
19.6751708984375,85.39222717285156,4.991516107111238e-5,0.0,0.0,0.0,0.0,-0.3272346626613398,-0.0,0.0,3.493785803658622,2.42235723223005,0.397381991147995,0.0,0.0,0.0,0.0,1.9092178344726562,1.0907821655273438,0.0,0.0,0.0,3.0,0.0,2964.0,0.27073508501052856,3.0,0.027075499296188354,0.5572749376296997,0.4415271282196045
20.84041404724121,84.72100067138672,4.9913665861822665e-5,0.0,0.0,0.0,0.0,0.0,-0.0,0.0,3.544357109069824,2.472928673880441,0.4110499918460846,0.0,0.0,1.7246039916954032,0.0,3.0,0.0,0.0,0.0,0.0,3.0,0.0,2965.0,4.599999904632568,3.0,0.5970577001571655,0.9027892351150513,0.9080077409744263
22.211036682128906,49.762603759765625,1.724602222442627,0.0,0.0,0.0,0.0,0.0,-0.0,0.0,3.561571475437709,2.49014276776995,0.42574799060821533,0.0,0.0,1.0808443852024539,0.0,3.0,0.0,0.0,0.0,0.0,0.0,3.0,2966.0,4.341252326965332,-3.0,0.7590864300727844,0.8813681602478027,0.9637280702590942
21.926441192626953,154.98944091796875,2.8053624629974365,0.0,0.0,0.0,0.0,-0.04187793898097425,-0.0,0.0,3.556499971662249,2.4850714002336773,0.4085429906845093,0.0,0.0,0.0,0.0,2.8604068756103516,0.13959312438964844,0.0,0.0,0.0,3.0,0.0,2967.0,3.032456874847412,3.0,0.9812113046646118,0.9871828556060791,0.5876781344413757
23.150375366210938,154.31820678710938,2.8052783012390137,0.0,0.0,0.0,0.0,-0.0632981325506421,-0.0,0.0,3.546285711015974,2.4748570033482142,0.42346900701522827,0.0,0.0,0.0,0.0,1.728281021118164,0.21099376678466797,0.0,0.0,0.0,1.939274787902832,0.0,2968.0,1.8415310382843018,1.939274787902832,0.995567798614502,0.9610966444015503,0.6249309182167053
23.80546760559082,153.64697265625,2.805194139480591,0.0,0.0,0.0,0.0,0.0,-0.0,0.0,3.5196429116385324,2.4482143402099608,0.42931801080703735,0.0,0.0,0.413444400727883,0.0,0.0,0.0,0.0,0.0,0.0,0.0,0.0,2969.0,0.4666820168495178,0.0,0.998115062713623,0.7209494113922119,0.6659612655639648
23.42897605895996,152.97573852539062,3.2185420989990234,0.0,0.0,0.0,0.0,0.0,-0.0,0.0,3.4615001133510046,2.390071541922433,0.0,0.5446749925613403,0.0,0.0,0.0,0.0,0.0,0.0,1.940445065498352,0.0,0.0,1.940445065498352,2970.0,-3.2184455394744873,-1.940445065498352,0.6745805740356445,0.7184430360794067,0.8849210739135742
23.053485870361328,161.58544921875,0.6826848983764648,0.0,0.0,0.0,0.0,-0.10411429976664509,-0.0,0.0,3.4149286542619977,2.3435000828334265,0.0,0.6690110610993258,0.04881596097632723,0.0,0.0,0.0,0.29823169112205505,0.0,0.0,0.0,0.0,0.29823169112205505,2971.0,-0.6826644539833069,-0.29823169112205505,0.9377820491790771,0.1273631453514099,0.9157667756080627
22.313425064086914,166.52076721191406,2.0562985810101964e-5,0.0,0.0,0.0,0.0,-0.20146560873451236,-0.0,0.0,3.3913570949009486,2.3199285234723774,0.0,0.0,0.6715520024299622,0.0,0.0,0.0,0.0,0.0,0.0,0.0,0.0,0.0,2972.0,0.0,0.0,0.9185824394226074,0.20415043830871582,0.7678495645523071
22.300504684448242,165.8495330810547,2.056236917269416e-5,0.0,0.0,0.0,0.0,-0.1632122998719332,-0.0,0.0,3.372714396885463,2.3012858254568918,0.0,0.0,0.5440409779548645,0.0,0.0,0.0,0.0,0.0,0.0,0.0,0.0,0.0,2973.0,0.0,0.0,0.6738077402114868,0.23718109726905823,0.8510782122612
21.742229461669922,165.1782989501953,2.056175253528636e-5,0.0,0.0,0.0,0.0,-0.14209830729557282,-0.0,0.0,3.3629286084856305,2.2915000370570593,0.0,0.0,0.47366100549697876,0.0,0.0,0.0,0.0,0.0,0.0,0.0,0.0,0.0,2974.0,0.0,0.0,0.3761465847492218,0.3509405851364136,0.8288164138793945
21.1839542388916,164.50706481933594,2.0561135897878557e-5,0.0,0.0,0.0,0.0,-0.11921130296434157,-0.0,0.0,3.3559286390032086,2.2845000675746374,0.0,0.0,0.39737099409103394,0.0,0.0,0.0,0.0,0.0,0.0,0.0,0.0,0.0,2975.0,0.0,0.0,0.25056907534599304,0.32490450143814087,0.7945162653923035
20.989248275756836,153.92286682128906,2.0560519260470755e-5,0.0,0.0,0.0,0.0,-0.10733370313380952,-0.0,0.0,3.3342856815883093,2.2628571101597377,0.0,0.0,0.35777899622917175,0.0,0.0,0.0,0.0,0.0,0.0,0.0,0.0,0.0,2976.0,0.0,0.0,0.269900918006897,0.3800402581691742,0.7518309354782104
20.612756729125977,153.2516326904297,2.0559902623062953e-5,0.0,0.0,0.0,0.0,-0.9975114354495762,-0.0,0.0,3.314214379446847,2.242785808018276,0.0,0.0,0.32503798604011536,0.0,0.0,0.0,3.0,0.0,0.0,0.0,3.0,0.0,2977.0,0.0,3.0,0.14247265458106995,0.4946552515029907,0.8310537934303284
21.364093780517578,152.5803985595703,2.055928598565515e-5,0.0,0.0,0.0,0.0,-0.07962360400452617,-0.0,0.0,3.3141427176339286,2.242714146205357,0.0,0.0,0.26541200280189514,0.0,0.0,0.0,0.0,0.0,0.0,0.0,0.0,0.0,2978.0,0.0,0.0,0.5481576323509216,0.3577954173088074,0.6676518321037292
20.98760223388672,151.90916442871094,2.055866934824735e-5,0.0,0.0,0.0,0.0,-0.9664260398914815,-0.0,0.0,3.323357118879046,2.251928547450474,0.0,0.0,0.22142000496387482,0.0,0.0,0.0,3.0,0.0,0.0,0.0,3.0,0.0,2979.0,0.0,3.0,0.2837188243865967,0.585951566696167,0.8055700063705444
21.743053436279297,143.71401977539062,2.0558052710839547e-5,0.0,0.0,0.0,0.0,-0.061961703974473537,-0.0,0.0,3.326571546282087,2.2551429748535154,0.0,0.0,0.20653900504112244,0.0,0.0,0.0,0.0,0.0,0.0,0.0,0.0,0.0,2980.0,0.0,0.0,0.9113730192184448,0.34092918038368225,0.5987327694892883
21.366561889648438,143.04278564453125,2.0557436073431745e-5,0.0,0.0,0.0,0.0,-0.06021180392153269,-0.0,0.0,3.3096430097307477,2.2382144383021765,0.0,0.0,0.20070600509643555,0.0,0.0,0.0,0.0,0.0,0.0,0.0,0.0,0.0,2981.0,0.0,0.0,0.846991777420044,0.36950618028640747,0.7290785908699036
20.808286666870117,142.37155151367188,2.0556819436023943e-5,0.0,0.0,0.0,0.0,-0.06312210363634829,-0.0,0.0,3.2752142769949777,2.203785705566406,0.0,0.0,0.21040700376033783,0.0,0.0,0.0,0.0,0.0,0.0,0.0,0.0,0.0,2982.0,0.0,0.0,0.6758634448051453,0.30332809686660767,0.7290425300598145
20.431795120239258,141.7003173828125,2.055620279861614e-5,0.0,0.0,0.0,0.0,-0.07166250334829094,-0.0,0.0,3.254571315220424,2.1831427437918527,0.0,0.0,0.23887500166893005,0.0,0.0,0.0,0.0,0.0,0.0,0.0,0.0,0.0,2983.0,0.0,0.0,0.32216063141822815,0.20165693759918213,0.6601107716560364
20.0553035736084,141.02908325195312,2.055558616120834e-5,0.0,0.0,0.0,0.0,-0.10309920124607075,-0.0,0.0,3.250071334838867,2.178642763410296,0.0,0.0,0.3436639904975891,0.0,0.0,0.0,0.0,0.0,0.0,0.0,0.0,0.0,2984.0,0.0,0.0,0.10659587383270264,0.13066887855529785,0.5108830332756042
19.67881202697754,140.35784912109375,2.0554969523800537e-5,0.0,0.06124822542807351,0.0,0.0,-0.1349924270383287,-0.06124822542807351,0.0,3.243999971662249,2.1725714002336773,0.1472499966621399,0.0,0.2458139955997467,0.0,0.0,0.0,0.0,0.0,0.0,0.0,0.0,0.0,2985.0,0.0,0.0,0.07933896780014038,0.08465558290481567,0.3613888919353485
18.938751220703125,128.6564178466797,2.0554352886392735e-5,0.0,0.0,0.0,0.0,-0.38763901343500606,-0.0,0.0,3.2850714547293527,2.213642883300781,0.457179993391037,0.0,0.0,0.0,0.0,1.7078700065612793,1.2921299934387207,0.0,0.0,0.0,3.0,0.0,2986.0,0.3009047210216522,3.0,0.030089527368545532,0.6352595090866089,0.23670268058776855
19.676973342895508,77.63319396972656,2.0553736248984933e-5,0.0,0.0,0.0,0.0,0.0,-0.0,0.0,3.352000045776367,2.280571474347796,0.40960100293159485,0.0,0.0,1.5658914775438006,0.0,3.0,0.0,0.0,0.0,0.0,3.0,0.0,2987.0,2.650876045227051,3.0,0.26508665084838867,0.3530506491661072,0.510094940662384
20.26352882385254,76.90715026855469,1.5658650398254395,0.0,0.0,0.0,0.0,0.0,-0.0,0.0,3.3992142813546318,2.32778570992606,0.397381991147995,0.0,0.0,3.215496087667816,0.0,3.0,0.0,0.0,0.0,0.0,3.0,0.0,2988.0,4.599999904632568,3.0,0.7125594019889832,0.8579543828964233,0.8490544557571411
20.87133026123047,61.8901481628418,4.781217575073242,0.0,0.0,0.0,0.0,0.033890312342437334,-0.0,0.0,3.4577142987932477,2.3862857273646765,0.4110499918460846,0.0,0.0,4.599999904632568,0.37655899610086063,1.9437137842178345,0.0,0.0,0.0,0.0,0.0,1.9437137842178345,2989.0,4.599999904632568,-1.9437137842178345,0.9579050540924072,0.9208804368972778,0.8135830760002136
19.949485778808594,150.17137145996094,9.380936622619629,0.0,0.0,0.0,0.0,0.2761251522026067,-0.0,0.0,3.4917858123779295,2.4203572409493583,0.42574799060821533,0.0,0.0,0.47985216975212097,3.0680570028683616,3.0,0.0,0.0,0.0,0.0,3.0,0.0,2990.0,0.47985216975212097,3.0,0.9860758781433105,0.9845840334892273,0.5913170576095581
20.780729293823242,149.50013732910156,9.860492706298828,0.0,0.0,0.0,0.0,0.18854401518612302,-0.0,0.0,3.4996427263532364,2.428214154924665,0.4085429906845093,0.0,0.0,0.09204526990652084,2.094933335577687,3.0,0.0,0.0,0.0,0.0,3.0,0.0,2991.0,0.09204526990652084,3.0,0.9952508211135864,0.9885414838790894,0.5022987127304077
21.615509033203125,148.8289031982422,9.952239990234375,0.0,0.0,0.0,0.0,-0.2575407130535723,-0.0,0.0,3.491357203892299,2.4199286324637277,0.42346900701522827,0.0,0.0,0.0,0.0,2.141530990600586,0.8584690093994141,0.0,0.0,0.0,3.0,0.0,2992.0,0.018444497138261795,3.0,0.9970654249191284,0.9687538146972656,0.6729011535644531
22.44655990600586,148.1576690673828,9.95194149017334,0.0,0.0,0.0,0.0,0.016658198900174642,-0.0,0.0,3.46707147870745,2.3956429072788783,0.42931801080703735,0.0,0.0,0.029097039252519608,0.1850910841811113,0.0,0.0,0.0,0.0,0.0,0.0,0.0,2993.0,0.029097039252519608,0.0,0.9981008768081665,0.6212705373764038,0.7695314288139343
21.524715423583984,136.6082763671875,9.98073959350586,0.0,0.0,0.0,0.0,0.0,-0.0,0.0,3.4098572867257255,2.338428715297154,0.0,0.5446749925613403,0.0,0.0,0.0,0.0,0.0,0.0,0.0,0.0,0.0,0.0,2994.0,-4.599999904632568,0.0,0.9973487854003906,0.35539573431015015,0.7162110209465027
20.78465461730957,135.93704223632812,9.424666404724121,0.0,0.0,0.0,0.0,0.0,-0.0,0.0,3.336785670689174,2.2653570992606027,0.0,0.7313889861106873,0.0,0.0,0.0,0.0,0.0,0.0,0.3776542842388153,0.0,0.0,0.3776542842388153,2995.0,-4.599999904632568,-0.3776542842388153,0.9865604639053345,0.29539918899536133,0.7874029278755188
20.044593811035156,145.9825439453125,8.292740821838379,0.0,0.0,0.0,0.0,0.0,-0.0,0.0,3.2780000959123883,2.206571524483817,0.0,0.6715520024299622,0.0,0.0,0.0,0.0,0.0,0.0,2.4122602939605713,0.0,2.4122602939605713,0.0,2996.0,-4.599999904632568,2.4122602939605713,0.9425764083862305,0.26177433133125305,0.8313446044921875
20.308856964111328,143.25640869140625,5.145839214324951,0.0,0.0,0.0,0.0,0.0,-0.0,0.0,3.2359286172049386,2.164500045776367,0.0,0.5938349962234497,0.0,0.0,0.0,0.0,0.0,0.0,2.151867151260376,0.0,2.151867151260376,0.0,2997.0,-4.599999904632568,2.151867151260376,0.7809145450592041,0.35901790857315063,0.8807697296142578
20.795074462890625,134.88919067382812,2.344032049179077,0.0,0.0,0.0,0.0,-0.03527893799720597,-0.0,0.0,3.2128570556640623,2.141428484235491,0.0,0.4954180121421814,0.0,0.0,0.0,0.0,0.11759645531782326,0.0,1.801664284962328,0.0,1.9192607402801514,0.0,2998.0,-2.343961715698242,1.9192607402801514,0.6545500159263611,0.46860602498054504,0.7826855778694153
21.343015670776367,134.21795654296875,7.05650236341171e-5,0.0,0.0,0.0,0.0,-0.7433707353818697,-0.0,0.0,3.2069998604910714,2.1355712890625,0.0,0.0,0.39737099409103394,0.0,0.0,0.0,2.080531358718872,0.0,0.0,0.0,2.080531358718872,0.0,2999.0,0.0,2.080531358718872,0.25514471530914307,0.5208647847175598,0.7371301054954529
21.60430908203125,133.54672241210938,7.056290633045137e-5,0.0,0.0,0.0,0.0,-0.10417020734827531,-0.0,0.0,3.2245714460100445,2.1531428745814734,0.0,0.0,0.34723401069641113,0.0,0.0,0.0,0.0,0.0,0.0,0.0,0.0,0.0,3000.0,0.0,0.0,0.5202891826629639,0.4923000931739807,0.5793033242225647
