Temp_FH,Vol_HW,Soc_B,T_FH_plus,T_FH_minus,V_HW_plus,V_HW_minus,rewards,comfort,rewART,COP_FH,COP_HW,PV_DE,B_DE,GR_DE,PV_B,PV_GR,PV_HP,GR_HP,GR_B,B_HP,B_GR,HP_FH,HP_HW,index,B,HP,B_tar,FH_tar,HW_tar
21.5,100.0,5.0,0.0,0.0,0.0,0.0,0.0,-0.0,0.0,3.608500017438616,2.5370714460100445,0.0,0.24138900637626648,0.0,0.0,0.0,0.0,0.0,0.0,3.0,0.0,3.0,0.0,2.0,-4.599999904632568,3.0,0.9563757181167603,0.8486608266830444,0.03190073370933533
22.747333526611328,99.32877349853516,1.6924095153808594,0.0,0.0,0.0,0.0,0.0,-0.0,0.0,3.5983571461268835,2.526928438459124,0.0,0.22142000496387482,0.0,0.0,0.0,0.0,0.0,0.0,0.0,0.0,0.0,0.0,3.0,-1.6923587322235107,0.0,0.5632980465888977,0.43936192989349365,0.04672020673751831
22.37084197998047,98.65754699707031,1.4664267301559448,0.0,0.0,0.0,0.0,0.0,-0.0,0.0,3.587928581237793,2.5164998735700337,0.0,0.20653900504112244,0.0,0.0,0.0,0.0,0.0,0.0,0.0,0.0,0.0,0.0,4.0,-1.4663827419281006,0.0,0.496412456035614,0.3645230829715729,0.05151325464248657
21.99435043334961,97.98632049560547,1.2556350231170654,0.0,0.0,0.0,0.0,0.0,-0.0,0.0,3.5884999683925085,2.517071533203125,0.0,0.20070600509643555,0.0,0.0,0.0,0.0,0.0,0.0,0.0,0.0,0.0,0.0,5.0,-1.2555973529815674,0.0,0.424429714679718,0.3740883767604828,0.11770975589752197
21.43607521057129,97.31509399414062,1.0508015155792236,0.0,0.0,0.0,0.0,0.0,-0.0,0.0,3.596142850603376,2.5247142791748045,0.0,0.21046000719070435,0.0,0.0,0.0,0.0,0.0,0.0,0.0,0.0,0.0,0.0,6.0,-1.0507700443267822,0.0,0.39133089780807495,0.2774893641471863,0.18703019618988037
20.87779998779297,96.64386749267578,0.836021363735199,0.0,0.0,0.0,0.0,0.0,-0.0,0.0,3.6053571156093054,2.5339286804199217,0.0,0.2391349971294403,0.0,0.0,0.0,0.0,0.0,0.0,0.0,0.0,0.0,0.0,7.0,-0.8359962701797485,0.0,0.38910332322120667,0.19948366284370422,0.24586325883865356
20.31952476501465,95.97264099121094,0.5919883251190186,0.0,0.0,0.0,0.0,-0.8292426060273598,-0.0,0.0,3.6110713958740233,2.539642824445452,0.0,0.34427300095558167,0.0,0.0,0.0,0.0,2.764141910254068,0.0,0.23585808974593192,0.0,3.0,0.0,8.0,-0.5919705629348755,3.0,0.49332287907600403,0.4194744825363159,0.30639100074768066
20.840877532958984,70.7575454711914,1.783538937161211e-5,0.0,0.0,0.0,0.0,-0.06599550509434948,-0.0,0.0,3.6317142214093887,2.5602857862200055,0.17384999990463257,0.0,0.2199850082397461,0.0,0.0,0.0,0.0,0.0,0.0,0.0,0.0,0.0,9.0,0.0,0.0,0.5776951313018799,0.10144838690757751,0.16488823294639587
20.282602310180664,70.08631896972656,1.7834854588727467e-5,0.0,0.0,0.0,0.0,-0.7968867350374342,-0.0,0.0,3.687928553989955,2.616499982561384,0.4058389961719513,0.0,0.0,0.0,0.0,0.3437109887599945,2.6562890112400055,0.0,0.0,0.0,0.0,3.0,10.0,0.3831609785556793,-3.0,0.3500082194805145,0.01927998661994934,0.997688353061676
20.088890075683594,115.2358627319336,1.7834319805842824e-5,0.0,0.0,0.0,0.0,0.0,-0.0,0.0,3.712499972752162,2.641071537562779,0.4112839996814728,0.0,0.0,0.7616227035935594,0.0,0.0,0.0,0.0,0.0,0.0,0.0,0.0,11.0,0.8397160768508911,0.0,0.4705403745174408,0.07454952597618103,0.10016968846321106
19.804258346557617,54.51261901855469,0.7616177201271057,0.0,0.0,0.0,0.0,0.0,-0.0,0.0,3.726785741533552,2.6553570338657924,0.399042010307312,0.0,0.0,1.3238408394023509,0.0,0.0,0.0,0.0,0.0,0.0,0.0,0.0,12.0,1.4429579973220825,0.0,0.4819817841053009,0.0885961651802063,0.14980816841125488
19.337846755981445,53.84138870239258,2.0853960514068604,0.0,0.0,0.0,0.0,0.0,-0.0,0.0,3.7375,2.6660714285714286,0.4126780033111572,0.0,0.0,0.10091668086960226,0.0,1.8450957536697388,0.0,0.0,0.0,0.0,1.8450957536697388,0.0,13.0,2.072321891784668,1.8450957536697388,0.5379928350448608,0.1810750663280487,0.38485389947891235
19.905359268188477,53.17015838623047,2.1862471103668213,0.0,0.0,0.0,0.0,-0.04553303899498928,-0.0,0.0,3.7402142933436804,2.668785585675921,0.42735400795936584,0.0,0.0,0.0,0.0,2.152845859527588,0.15177679061889648,0.0,0.0,0.0,0.0,2.3046226501464844,14.0,2.2886459827423096,-2.3046226501464844,0.7299798727035522,0.528052031993866,0.8933255672454834
19.711660385131836,162.93016052246094,2.1861815452575684,0.0,0.0,0.0,0.0,-0.25268755963196554,-0.0,0.0,3.733000019618443,2.661571448189872,0.4101420044898987,0.0,0.0,0.0,0.0,2.157708168029785,0.8422918319702148,0.0,0.0,0.0,3.0,0.0,15.0,2.292858123779297,3.0,0.7725435495376587,0.8842016458511353,0.9868713617324829
21.379579544067383,162.25892639160156,2.1861159801483154,0.0,0.0,0.0,0.0,-0.4302447251576069,-0.0,0.0,3.712071364266532,2.6406429290771483,0.42344900965690613,0.0,0.0,0.0,0.0,1.5658509731292725,1.4341490268707275,0.0,0.0,0.0,3.0,0.0,16.0,1.670551061630249,3.0,0.8401765823364258,0.9724178314208984,0.9982829093933105
23.037090301513672,161.5876922607422,2.1860504150390625,0.0,0.0,0.0,0.0,-0.3378069922449978,-0.0,0.0,3.6742856979370115,2.6028572627476283,0.42343100905418396,0.0,0.0,0.0,0.0,0.48096898198127747,1.1260232627391815,0.0,0.0,0.0,1.606992244720459,0.0,17.0,0.5285689830780029,1.606992244720459,0.9127496480941772,0.98197340965271,0.9996921420097351
23.90985107421875,160.9164581298828,2.1859848499298096,0.0,0.0,0.0,0.0,0.0,-0.0,0.0,3.6092143195016044,2.537785611833845,0.034199997782707214,0.49795401096343994,0.0,0.0,0.0,0.0,0.0,0.0,0.4027268588542938,0.0,0.0,0.4027268588542938,18.0,-2.1859192848205566,-0.4027268588542938,0.9598101377487183,0.9821839332580566,0.9990482330322266
23.896930694580078,179.84579467773438,1.2668848037719727,0.0,0.0,0.0,0.0,0.0,-0.0,0.0,3.5738571166992186,2.5024285452706474,0.0,0.7052639722824097,0.0,0.0,0.0,0.0,0.0,0.0,0.0,0.0,0.0,0.0,19.0,-1.266846776008606,0.0,0.6357876062393188,0.24174663424491882,0.3915015459060669
23.489782333374023,168.63121032714844,0.5472112894058228,0.0,0.0,0.0,0.0,-0.04039771618849666,-0.0,0.0,3.561142866952079,2.4897141592843193,0.0,0.5362509521903007,0.1346590486107857,0.0,0.0,0.0,0.0,0.0,0.0,0.0,0.0,0.0,20.0,-0.5471948981285095,0.0,0.5232130885124207,0.23938709497451782,0.2373073399066925
23.084922790527344,167.95997619628906,1.645038901187945e-5,0.0,0.0,0.0,0.0,-0.16725691029456868,-0.0,0.0,3.5514286041259764,2.480000032697405,0.0,0.0,0.5575230121612549,0.0,0.0,0.0,0.0,0.0,0.0,0.0,0.0,0.0,21.0,0.0,0.0,0.4400463402271271,0.3373410701751709,0.2418702244758606
22.800010681152344,154.71041870117188,1.644989606575109e-5,0.0,0.0,0.0,0.0,-0.1407528039118766,-0.0,0.0,3.540857124328613,2.46942868913923,0.0,0.0,0.4691759943962097,0.0,0.0,0.0,0.0,0.0,0.0,0.0,0.0,0.0,22.0,0.0,0.0,0.38720226287841797,0.5346683263778687,0.27452322840690613
22.241735458374023,134.27096557617188,1.644940311962273e-5,0.0,0.0,0.0,0.0,-0.12252300868523136,-0.0,0.0,3.5229999814714703,2.451571546282087,0.0,0.0,0.4084100127220154,0.0,0.0,0.0,0.0,0.0,0.0,0.0,0.0,0.0,23.0,0.0,0.0,0.42377468943595886,0.593239426612854,0.1374104917049408
21.865243911743164,133.5997314453125,1.644891017349437e-5,0.0,0.0,0.0,0.0,-0.10638030296088452,-0.0,0.0,3.509571293422154,2.4381427219935827,0.0,0.0,0.3546009957790375,0.0,0.0,0.0,0.0,0.0,0.0,0.0,0.0,0.0,24.0,0.0,0.0,0.45353028178215027,0.5552034378051758,0.15951311588287354
21.306968688964844,100.71346282958984,1.6448417227366008e-5,0.0,0.0,0.0,0.0,-0.4555683287210588,-0.0,0.0,3.490357208251953,2.4189286368233818,0.0,0.0,0.27628400921821594,0.0,0.0,0.0,1.2422770261764526,0.0,0.0,0.0,1.2422770261764526,0.0,25.0,0.0,1.2422770261764526,0.3820989727973938,0.5525351166725159,0.08165350556373596
21.76266098022461,85.09020233154297,1.6447924281237647e-5,0.0,0.0,0.0,0.0,-0.5432595975502164,-0.0,0.0,3.464785657610212,2.3933570861816404,0.0,0.0,0.24138900637626648,0.0,0.0,0.0,1.5694762468338013,0.0,0.0,0.0,1.5694762468338013,0.0,26.0,0.0,1.5694762468338013,0.3665299713611603,0.6403740048408508,0.04985371232032776
22.201854705810547,84.41897583007812,1.6447431335109286e-5,0.0,0.0,0.0,0.0,-0.0664260041286946,-0.0,0.0,3.446714346749442,2.3752857753208705,0.0,0.0,0.22142000496387482,0.0,0.0,0.0,0.0,0.0,0.0,0.0,0.0,0.0,27.0,0.0,0.0,0.2625816762447357,0.516899585723877,0.07945629954338074
21.643579483032227,83.74774932861328,1.6446938388980925e-5,0.0,0.0,0.0,0.0,-0.061961703974473537,-0.0,0.0,3.417928641183036,2.3465000697544642,0.0,0.0,0.20653900504112244,0.0,0.0,0.0,0.0,0.0,0.0,0.0,0.0,0.0,28.0,0.0,0.0,0.21809318661689758,0.26717978715896606,0.060948461294174194
21.44887351989746,83.07652282714844,1.6446445442852564e-5,0.0,0.0,0.0,0.0,-0.06021180392153269,-0.0,0.0,3.404642868041992,2.333214296613421,0.0,0.0,0.20070600509643555,0.0,0.0,0.0,0.0,0.0,0.0,0.0,0.0,0.0,29.0,0.0,0.0,0.18968188762664795,0.1967030167579651,0.09646344184875488
21.254167556762695,82.4052963256836,1.6445952496724203e-5,0.0,0.0,0.0,0.0,-0.0631380046660901,-0.0,0.0,3.4029287065778457,2.3315001351492746,0.0,0.0,0.21046000719070435,0.0,0.0,0.0,0.0,0.0,0.0,0.0,0.0,0.0,30.0,0.0,0.0,0.24494951963424683,0.2792711555957794,0.20352381467819214
20.695892333984375,81.73406982421875,1.6445459550595842e-5,0.0,0.0,0.0,0.0,-0.0717405019895434,-0.0,0.0,3.404928697858538,2.3335001264299664,0.0,0.0,0.2391349971294403,0.0,0.0,0.0,0.0,0.0,0.0,0.0,0.0,0.0,31.0,0.0,0.0,0.25551873445510864,0.23868557810783386,0.25976699590682983
20.137617111206055,81.0628433227539,1.644496660446748e-5,0.0,0.0,0.0,0.0,-0.8517915557540068,-0.0,0.0,3.4093570164271765,2.337928444998605,0.0,0.0,0.34427300095558167,0.0,0.0,0.0,2.4950320720672607,0.0,0.0,0.0,2.4950320720672607,0.0,32.0,0.0,2.4950320720672607,0.3529958426952362,0.3347080945968628,0.2210761308670044
20.673524856567383,80.39161682128906,1.644447365833912e-5,0.0,0.0,0.0,0.0,0.0,-0.0,0.0,3.4374285561697824,2.3659999847412108,0.39383500814437866,0.0,0.0,0.5562136758339875,0.0,0.0,0.0,0.0,0.0,0.0,0.0,0.0,33.0,0.6181649565696716,0.0,0.5900776386260986,0.026766180992126465,0.13213098049163818
20.297033309936523,79.72039031982422,0.5562134385108948,0.0,0.0,0.0,0.0,0.03384440257480311,-0.0,0.0,3.550142914908273,2.4787142072405133,0.4058389961719513,0.0,0.0,2.0388529300689697,0.3760488876121313,0.0,0.0,0.0,0.0,0.0,0.0,0.0,34.0,2.0388529300689697,0.0,0.25950363278388977,0.02565830945968628,0.2297263741493225
19.920541763305664,79.04916381835938,2.5949885845184326,0.0,0.0,0.0,0.0,0.1176562879607106,-0.0,0.0,3.6194999694824217,2.5480713980538505,0.4112839996814728,0.0,0.0,0.0,1.3072919845581055,2.351223945617676,0.0,0.0,0.0,0.0,0.0,2.351223945617676,35.0,-2.5949108600616455,-2.351223945617676,0.17994454503059387,0.02424079179763794,0.9098129272460938
19.7258358001709,165.56814575195312,2.5949108600616455,0.0,0.0,0.0,0.0,0.23555485393404854,-0.0,0.0,3.675857080732073,2.60442864554269,0.544202983379364,0.0,0.0,1.6340930461883545,2.6172759468203535,1.2225792407989502,0.0,0.0,0.0,0.0,1.2225792407989502,0.0,36.0,1.6340930461883545,1.2225792407989502,0.4228973984718323,0.1926315426826477,0.9386268854141235
19.96314239501953,153.90280151367188,4.228877067565918,0.0,0.0,0.0,0.0,0.0,-0.0,0.0,3.7092142922537668,2.637785720825195,0.4423390030860901,0.0,0.0,2.792520977964614,0.0,3.0,0.0,0.0,0.0,0.0,3.0,0.0,37.0,4.599999904632568,3.0,0.892960786819458,0.8362089991569519,0.9642808437347412
21.256458282470703,149.27944946289062,7.0211873054504395,0.0,0.0,0.0,0.0,0.0,-0.0,0.0,3.7312143325805662,2.659785624912807,0.42735400795936584,0.0,0.0,2.274674068853301,0.0,3.0,0.0,0.0,0.0,0.0,3.0,0.0,38.0,2.806417465209961,3.0,0.9827574491500854,0.9984117150306702,0.9959923028945923
22.741806030273438,144.38967895507812,9.29558277130127,0.0,0.0,0.0,0.0,0.2186364093808957,-0.0,0.0,3.749999945504325,2.6785713740757533,0.4101420044898987,0.0,0.0,0.6754469275474548,2.429293244502623,2.2596828937530518,0.0,0.0,0.0,0.0,2.2596828937530518,0.0,39.0,0.6754469275474548,2.2596828937530518,0.9970999360084534,0.999994158744812,0.9999799132347107
23.999956130981445,143.71844482421875,9.970730781555176,0.0,0.0,0.0,0.0,0.2361347696093524,-0.0,0.0,3.7524999346051895,2.6810713631766183,0.42344900965690613,0.0,0.0,0.0,2.6237194538116455,0.7186315059661865,0.0,0.0,0.0,0.0,0.0,0.7186315059661865,40.0,-4.599999904632568,-0.7186315059661865,0.9892712831497192,0.9999992251396179,0.9999964237213135
23.807231903076172,179.99749755859375,9.97043228149414,0.0,0.0,0.0,0.0,0.04977536328835172,-0.0,0.0,3.721285765511649,2.6498570578438896,0.42343100905418396,0.0,0.0,0.0,0.5530595481395721,0.3649093210697174,0.0,0.0,0.0,0.0,0.3649093210697174,0.0,41.0,-4.599999904632568,0.3649093210697174,0.9885371923446655,0.9999996423721313,0.9999997019767761
23.999982833862305,170.8236846923828,9.970133781433105,0.0,0.0,0.0,0.0,0.0,-0.0,0.0,3.638785716465541,2.56735714503697,0.09120000153779984,0.4409540295600891,0.0,0.0,0.0,0.0,0.0,0.0,0.1993352472782135,0.0,0.0,0.1993352472782135,42.0,-4.599999904632568,-0.1993352472782135,0.9921366572380066,0.9996918439865112,0.9998061656951904
23.593002319335938,179.96707153320312,9.316497802734375,0.0,0.0,0.0,0.0,0.0,-0.0,0.0,3.60014283316476,2.5287142617361886,0.0,0.7052639722824097,0.0,0.0,0.0,0.0,0.0,0.0,0.0,0.0,0.0,0.0,43.0,-4.599999904632568,0.0,0.9660897254943848,0.8900961875915527,0.742630660533905
22.974777221679688,179.29583740234375,8.596583366394043,0.0,0.0,0.0,0.0,0.0,-0.0,0.0,3.582071386064802,2.5106429508754187,0.0,1.0569510459899902,0.0,0.0,0.0,0.0,0.0,0.0,0.0,0.0,0.0,0.0,44.0,-4.599999904632568,0.0,0.7646161317825317,0.4276881814002991,0.042299509048461914
22.41667366027832,157.56126403808594,7.517836570739746,0.0,0.0,0.0,0.0,0.0,-0.0,0.0,3.5696428298950194,2.498214394705636,0.0,0.5575230121612549,0.0,0.0,0.0,0.0,0.0,0.0,1.0708853006362915,0.0,1.0708853006362915,0.0,45.0,-4.599999904632568,1.0708853006362915,0.8865605592727661,0.7592763900756836,0.19925731420516968
22.796367645263672,145.0941619873047,5.856019973754883,0.0,0.0,0.0,0.0,0.0,-0.0,0.0,3.553857203892299,2.4824286324637277,0.0,0.4691759943962097,0.0,0.0,0.0,0.0,0.0,0.0,0.0,0.0,0.0,0.0,46.0,-4.599999904632568,0.0,0.9338626265525818,0.6952415704727173,0.22020429372787476
22.601661682128906,144.4229278564453,5.377107620239258,0.0,0.0,0.0,0.0,0.0,-0.0,0.0,3.534785761151995,2.4633570534842355,0.0,0.4084100127220154,0.0,0.0,0.0,0.0,0.0,0.0,0.0,0.0,0.0,0.0,47.0,-4.599999904632568,0.0,0.8919440507888794,0.5059234499931335,0.15822938084602356
22.043386459350586,133.40538024902344,4.960214138031006,0.0,0.0,0.0,0.0,0.0,-0.0,0.0,3.5165713991437637,2.4451429639543805,0.0,0.3546009957790375,0.0,0.0,0.0,0.0,0.0,0.0,1.4753471612930298,0.0,1.4753471612930298,0.0,48.0,-4.599999904632568,1.4753471612930298,0.933337926864624,0.6890268921852112,0.08611312508583069
22.445119857788086,123.97343444824219,3.092827320098877,0.0,0.0,0.0,0.0,0.0,-0.0,0.0,3.5008571624755858,2.4294285910470146,0.0,0.27628400921821594,0.0,0.0,0.0,0.0,0.0,0.0,0.0,0.0,0.0,0.0,49.0,-3.0927345752716064,0.0,0.8333356380462646,0.6219565868377686,0.11766019463539124
21.886844635009766,123.30220794677734,2.8108205795288086,0.0,0.0,0.0,0.0,0.0,-0.0,0.0,3.4950713566371374,2.423642785208566,0.0,0.24138900637626648,0.0,0.0,0.0,0.0,0.0,0.0,1.7166835069656372,0.0,1.7166835069656372,0.0,50.0,-2.8107364177703857,1.7166835069656372,0.8421971797943115,0.6820715069770813,0.050234824419021606
22.410343170166016,122.6309814453125,0.8127630949020386,0.0,0.0,0.0,0.0,0.0,-0.0,0.0,3.4862141745431083,2.4147856031145367,0.0,0.22142000496387482,0.0,0.0,0.0,0.0,0.0,0.0,0.0,0.0,0.0,0.0,51.0,-0.8127387166023254,0.0,0.33689361810684204,0.45002466440200806,0.12435907125473022
21.6702823638916,121.95975494384766,0.5868067145347595,0.0,0.0,0.0,0.0,0.0,-0.0,0.0,3.4810714176722937,2.409642846243722,0.0,0.20653900504112244,0.0,0.0,0.0,0.0,0.0,0.0,0.0,0.0,0.0,0.0,52.0,-0.5867891311645508,0.0,0.3763713240623474,0.27539390325546265,0.10636252164840698
21.11200714111328,121.28852844238281,0.37604135274887085,0.0,0.0,0.0,0.0,0.0,-0.0,0.0,3.475642830984933,2.404214259556362,0.0,0.20070600509643555,0.0,0.0,0.0,0.0,0.0,0.0,0.0,0.0,0.0,0.0,53.0,-0.3760300874710083,0.0,0.38432812690734863,0.29100602865219116,0.15248173475265503
20.371946334838867,120.61730194091797,0.17123417556285858,0.0,0.0,0.0,0.0,-0.012796669876165808,-0.0,0.0,3.468285642351423,2.3968570709228514,0.0,0.16780444263179817,0.04265556455890618,0.0,0.0,0.0,0.0,0.0,0.0,0.0,0.0,0.0,54.0,-0.1712290346622467,0.0,0.32836490869522095,0.14752107858657837,0.1729746162891388
19.813671112060547,119.94607543945312,5.155647158971988e-6,0.0,0.0,0.0,0.0,-0.6184885181382693,-0.0,0.0,3.45471431187221,2.3832857404436383,0.0,0.0,0.2391349971294403,0.0,0.0,0.0,1.822493314743042,0.0,0.0,0.0,1.822493314743042,0.0,55.0,0.0,1.822493314743042,0.35652318596839905,0.2036108374595642,0.2170913815498352
20.01803970336914,119.27484893798828,5.155492544872686e-6,0.0,0.0,0.0,0.0,-0.10328190439072849,-0.0,0.0,3.4454999106270927,2.374071339198521,0.0,0.0,0.34427300095558167,0.0,0.0,0.0,0.0,0.0,0.0,0.0,0.0,0.0,56.0,0.0,0.0,0.4708699584007263,0.09694623947143555,0.23592489957809448
19.45976448059082,110.5420913696289,5.155337930773385e-6,0.0,0.09851108708582501,0.0,0.0,-0.09851108708582501,-0.09851108708582501,0.0,3.4707142421177455,2.3992856706891743,0.39383500814437866,0.0,0.0,0.11305767160158098,0.0,0.0,0.0,0.0,0.0,0.0,0.0,0.0,57.0,0.14216500520706177,0.0,0.5218275189399719,0.049992918968200684,0.17386886477470398
18.9014892578125,109.87086486816406,0.11305943876504898,0.0,0.0,0.0,0.0,0.0,-0.0,0.0,3.5489286150251114,2.47750004359654,0.4058389961719513,0.0,0.0,0.5193158095820252,0.0,0.992746889591217,0.0,0.0,0.0,0.0,0.992746889591217,0.0,58.0,1.6241610050201416,0.992746889591217,0.34452518820762634,0.010689079761505127,0.1693759262561798
19.053430557250977,94.83988189697266,0.6323562860488892,0.0,0.0,0.0,0.0,0.10315730492352189,-0.0,0.0,3.58742858341762,2.5159998757498605,0.4112839996814728,0.0,0.0,0.8627399802207947,1.1461921858368485,0.7931268215179443,0.0,0.0,0.0,0.0,0.7931268215179443,0.0,59.0,0.8627399802207947,0.7931268215179443,0.14950662851333618,0.02094137668609619,0.513111412525177
19.104692459106445,84.28473663330078,1.495051383972168,0.0,0.0,0.0,0.0,0.2424947631121723,-0.0,0.0,3.6272857666015623,2.555857195172991,0.399042010307312,0.0,0.0,0.8966287970542908,2.694386042671346,1.0513445138931274,0.0,0.0,0.0,0.0,1.0513445138931274,0.0,60.0,0.8966287970542908,1.0513445138931274,0.23916500806808472,0.04822245240211487,0.8649482727050781
19.24109649658203,76.27660369873047,2.391608476638794,0.0,0.0,0.0,0.0,0.0,-0.0,0.0,3.683499962942941,2.6120713915143696,0.4126780033111572,0.0,0.0,3.5824834662550984,0.0,2.5361266136169434,0.0,0.0,0.0,0.0,2.5361266136169434,0.0,61.0,4.599999904632568,2.5361266136169434,0.8048929572105408,0.24737918376922607,0.9198302030563354
20.236881256103516,75.60537719726562,5.973912715911865,0.0,0.0,0.0,0.0,0.016148750237437698,-0.0,0.0,3.739714295523507,2.6682855878557477,0.42735400795936584,0.0,0.0,3.958970069885254,0.17943054393389346,3.0,0.0,0.0,0.0,0.0,3.0,0.0,62.0,3.958970069885254,3.0,0.9932852387428284,0.9648303985595703,0.9077765345573425
21.543262481689453,74.93415069580078,9.932584762573242,0.0,0.0,0.0,0.0,0.37505719311480756,-0.0,0.0,3.7727142878941127,2.7012857164655415,0.4101420044898987,0.0,0.0,0.056701142340898514,4.167301814532685,2.3899478912353516,0.0,0.0,0.0,0.0,0.0,2.3899478912353516,63.0,0.056701142340898514,-2.3899478912353516,0.9989256262779236,0.9994787573814392,0.9982367753982544
21.43996238708496,179.71595764160156,9.988986015319824,0.0,0.0,0.0,0.0,0.20241010843993,-0.0,0.0,3.776071493966239,2.7046429225376674,0.42344900965690613,0.0,0.0,0.0,2.2490010261535645,3.0,0.0,0.0,0.0,0.0,3.0,0.0,64.0,-4.599999904632568,3.0,0.9977786540985107,0.9999790787696838,0.9999513626098633
23.12627410888672,179.0447235107422,9.988686561584473,0.0,0.0,0.0,0.0,0.10630000720818844,-0.0,0.0,3.7349286215645927,2.663500050136021,0.42343100905418396,0.0,0.0,0.0,1.1811110973358154,1.5808079242706299,0.0,0.0,0.0,0.0,1.5808079242706299,0.0,65.0,-4.599999904632568,1.5808079242706299,0.990364134311676,0.9999977946281433,0.999997615814209
23.99997329711914,178.3734893798828,9.988387107849121,0.0,0.0,0.0,0.0,0.0,-0.0,0.0,3.6094286237444195,2.5380000523158484,0.36195001006126404,0.1702040135860443,0.0,0.0,0.0,0.0,0.0,0.0,0.046610184013843536,0.0,0.0,0.046610184013843536,66.0,-4.599999904632568,-0.046610184013843536,0.991946280002594,0.9996185302734375,0.9998304843902588
23.592992782592773,179.970947265625,9.766855239868164,0.0,0.0,0.0,0.0,0.0,-0.0,0.0,3.568071447099958,2.4966427394321986,0.0,0.7052639722824097,0.0,0.0,0.0,0.0,0.0,0.0,1.3214386701583862,0.0,1.3214386701583862,0.0,67.0,-4.599999904632568,1.3214386701583862,0.9764072895050049,0.9607082605361938,0.9270802140235901
23.803525924682617,179.29971313476562,7.69856071472168,0.0,0.0,0.0,0.0,0.0,-0.0,0.0,3.5732143402099608,2.5017857687813896,0.0,0.6709100008010864,0.0,0.0,0.0,0.0,0.0,0.0,0.0,0.0,0.0,0.0,68.0,-4.599999904632568,0.0,0.9382123947143555,0.6375642418861389,0.4935474395751953
23.245908737182617,170.51817321777344,7.0137481689453125,0.0,0.0,0.0,0.0,0.0,-0.0,0.0,3.570857129778181,2.499428558349609,0.0,0.5575230121612549,0.0,0.0,0.0,0.0,0.0,0.0,0.0,0.0,0.0,0.0,69.0,-4.599999904632568,0.0,0.8566713929176331,0.39292019605636597,0.14614737033843994
22.506362915039062,157.2087860107422,6.4446539878845215,0.0,0.0,0.0,0.0,0.0,-0.0,0.0,3.557499967302595,2.4860713958740233,0.0,0.4691759943962097,0.0,0.0,0.0,0.0,0.0,0.0,0.0,0.0,0.0,0.0,70.0,-4.599999904632568,0.0,0.8667771816253662,0.46873801946640015,0.11571639776229858
21.948087692260742,148.10565185546875,5.965723991394043,0.0,0.0,0.0,0.0,0.0,-0.0,0.0,3.5498570850917273,2.4784286499023436,0.0,0.4084100127220154,0.0,0.0,0.0,0.0,0.0,0.0,1.2395799160003662,0.0,1.2395799160003662,0.0,71.0,-4.599999904632568,1.2395799160003662,0.9291549921035767,0.6826891303062439,0.09832432866096497
22.41343116760254,139.95021057128906,4.283973217010498,0.0,0.0,0.0,0.0,0.0,-0.0,0.0,3.543142809186663,2.4717142377580914,0.0,0.3546009957790375,0.0,0.0,0.0,0.0,0.0,0.0,0.0,0.0,0.0,0.0,72.0,-4.283844947814941,0.0,0.9235358238220215,0.6434046030044556,0.11730629205703735
22.03693962097168,139.2789764404297,3.922017812728882,0.0,0.0,0.0,0.0,0.0,-0.0,0.0,3.5308571679251535,2.459428460257394,0.0,0.27628400921821594,0.0,0.0,0.0,0.0,0.0,0.0,1.5118281841278076,0.0,1.5118281841278076,0.0,73.0,-3.9219002723693848,1.5118281841278076,0.9014073610305786,0.6558771729469299,0.0919097363948822
22.27937126159668,138.6077423095703,2.097350597381592,0.0,0.0,0.0,0.0,0.0,-0.0,0.0,3.4987143925258093,2.4272858210972377,0.0,0.24138900637626648,0.0,0.0,0.0,0.0,0.0,0.0,0.0,0.0,0.0,0.0,74.0,-2.097287654876709,0.0,0.7087879180908203,0.46168026328086853,0.07041984796524048
21.90287971496582,137.93650817871094,1.8509798049926758,0.0,0.0,0.0,0.0,0.0,-0.0,0.0,3.4707142421177455,2.3992856706891743,0.0,0.22142000496387482,0.0,0.0,0.0,0.0,0.0,0.0,0.0,0.0,0.0,0.0,75.0,-1.8509242534637451,0.0,0.6759684681892395,0.37321120500564575,0.04723408818244934
21.52638816833496,137.26527404785156,1.6249922513961792,0.0,0.0,0.0,0.0,0.0,-0.0,0.0,3.4590715135846817,2.3876429421561105,0.0,0.20653900504112244,0.0,0.0,0.0,0.0,0.0,0.0,0.0,0.0,0.0,0.0,76.0,-1.624943494796753,0.0,0.5735180974006653,0.3180340528488159,0.08778196573257446
20.96811294555664,136.5940399169922,1.4141957759857178,0.0,0.0,0.0,0.0,0.0,-0.0,0.0,3.4494998931884764,2.378071321759905,0.0,0.20070600509643555,0.0,0.0,0.0,0.0,0.0,0.0,0.0,0.0,0.0,0.0,77.0,-1.4141533374786377,0.0,0.5062602162361145,0.15670782327651978,0.09117460250854492
20.59162139892578,135.9228057861328,1.209357500076294,0.0,0.0,0.0,0.0,0.0,-0.0,0.0,3.443571308680943,2.372142737252372,0.0,0.21046000719070435,0.0,0.0,0.0,0.0,0.0,0.0,0.0,0.0,0.0,0.0,78.0,-1.2093212604522705,0.0,0.46938052773475647,0.15185648202896118,0.1680956482887268
20.03334617614746,135.25157165527344,0.9945725798606873,0.0,0.0,0.0,0.0,0.0,-0.0,0.0,3.451571546282087,2.3801429748535154,0.0,0.2391349971294403,0.0,0.0,0.0,0.0,0.0,0.0,0.0,0.0,0.0,0.0,79.0,-0.9945427775382996,0.0,0.4670220613479614,0.12914419174194336,0.2208593785762787
19.47507095336914,127.05543518066406,0.7505347728729248,0.0,0.0,0.0,0.0,-0.7826313495296088,-0.0,0.0,3.4532857077462333,2.3818571363176617,0.0,0.34427300095558167,0.0,0.0,0.0,0.0,2.608771061435448,0.0,0.3912289385645522,0.0,3.0,0.0,80.0,-0.7505122423171997,3.0,0.5147613286972046,0.3449515700340271,0.20869320631027222
20.10720443725586,117.8409423828125,2.2603619072469883e-5,0.0,0.0,0.0,0.0,0.0,-0.0,0.0,3.478142820085798,2.4067142486572264,0.39383500814437866,0.0,0.0,0.28622367104654245,0.0,0.0,0.0,0.0,0.0,0.0,0.0,0.0,81.0,0.3281649947166443,0.0,0.6788642406463623,0.033710211515426636,0.12806576490402222
19.54892921447754,117.16971588134766,0.2862376868724823,0.0,0.0,0.0,0.0,0.0,-0.0,0.0,3.5750000272478375,2.503571319580078,0.4058389961719513,0.0,0.0,2.1383218799965107,0.0,0.0,0.0,0.0,0.0,0.0,0.0,0.0,82.0,2.3181610107421875,0.0,0.30542510747909546,0.008955001831054688,0.19518032670021057
19.17243766784668,104.55166625976562,2.4244868755340576,0.0,0.38583789982996564,0.0,0.0,-0.2228384786308496,-0.38583789982996564,0.0,3.6807856695992607,2.6093572344098774,0.4112839996814728,0.0,0.0,0.0,1.8111045360565186,1.4360616207122803,0.0,0.0,0.0,0.0,0.0,1.4360616207122803,83.0,-2.4244141578674316,-1.4360616207122803,0.1358504295349121,0.018365472555160522,0.7643161416053772
18.61416244506836,142.28868103027344,2.4244141578674316,0.0,0.0,0.0,0.0,0.13135870785384973,-0.0,0.0,3.798214312962123,2.726785605294364,0.399042010307312,0.0,0.0,0.0,1.4595410823822021,2.03641676902771,0.0,0.0,0.0,0.0,2.03641676902771,0.0,84.0,-2.4243414402008057,2.03641676902771,0.17853990197181702,0.04322293400764465,0.6415172815322876
19.21609878540039,114.914794921875,2.4243414402008057,0.0,0.0,0.0,0.0,0.0,-0.0,0.0,3.9153571265084404,2.843928691319057,0.4126780033111572,0.0,0.0,2.477036181022413,0.0,2.746434211730957,0.0,0.0,0.0,0.0,2.746434211730957,0.0,85.0,4.0789008140563965,2.746434211730957,0.6503212451934814,0.3632364571094513,0.9939792156219482
20.8161678314209,104.31331634521484,4.901230812072754,0.0,0.0,0.0,0.0,0.0,-0.0,0.0,3.9899285997663227,2.918500028337751,0.42735400795936584,0.0,0.0,2.883548296783374,0.0,3.0,0.0,0.0,0.0,0.0,3.0,0.0,86.0,4.599999904632568,3.0,0.9819638133049011,0.9876580238342285,0.993348240852356
22.416929244995117,103.64208984375,7.7845458984375,0.0,0.0,0.0,0.0,0.016879572650955615,-0.0,0.0,4.002214241027832,2.9307858058384486,0.4101420044898987,0.0,0.0,2.054248332977295,0.18755079232764205,1.3702353239059448,0.0,0.0,0.0,0.0,0.0,1.3702353239059448,87.0,2.054248332977295,-1.3702353239059448,0.9838764667510986,0.9999619722366333,0.9999315142631531
22.404008865356445,179.98712158203125,9.838499069213867,0.0,0.0,0.0,0.0,0.0,-0.0,0.0,3.9815000261579243,2.9100714547293527,0.42344900965690613,0.0,0.0,0.0,0.0,1.4347509145736694,0.0,0.0,1.2590957880020142,0.0,2.6938467025756836,0.0,88.0,-4.599999904632568,2.6938467025756836,0.9488128423690796,0.9999871253967285,0.9999803304672241
23.999919891357422,179.31588745117188,8.553450584411621,0.0,0.0,0.0,0.0,0.0,-0.0,0.0,3.924214308602469,2.85278560093471,0.42343100905418396,0.0,0.0,0.44990007300115487,0.0,0.02473727986216545,0.0,0.0,0.0,0.0,0.0,0.02473727986216545,89.0,0.5315690040588379,-0.02473727986216545,0.9842206239700317,0.9999997615814209,0.9999998211860657
23.98699951171875,179.998046875,9.003080368041992,0.0,0.0,0.0,0.0,0.0,-0.0,0.0,3.819571440560477,2.7481427328927177,0.07124999910593033,0.4609040319919586,0.0,0.0,0.0,0.0,0.0,0.0,0.6766380667686462,0.0,0.6766380667686462,0.0,90.0,-4.599999904632568,0.6766380667686462,0.9890388250350952,0.9996387958526611,0.9998296499252319
23.998178482055664,179.32681274414062,7.842088222503662,0.0,0.0,0.0,0.0,0.0,-0.0,0.0,3.7734999792916435,2.7020715441022602,0.0,0.7052639722824097,0.0,0.0,0.0,0.0,0.0,0.0,0.0,0.0,0.0,0.0,91.0,-4.599999904632568,0.0,0.9572969675064087,0.8976316452026367,0.8935598134994507
23.439903259277344,170.69210815429688,7.122217655181885,0.0,0.0,0.0,0.0,0.0,-0.0,0.0,3.7483571733747207,2.6769286019461496,0.0,0.6709100008010864,0.0,0.0,0.0,0.0,0.0,0.0,0.0,0.0,0.0,0.0,92.0,-4.599999904632568,0.0,0.9140723347663879,0.799105703830719,0.6026144623756409
23.062898635864258,154.25045776367188,6.437422752380371,0.0,0.0,0.0,0.0,0.0,-0.0,0.0,3.72478575025286,2.6533570425851005,0.0,0.5575230121612549,0.0,0.0,0.0,0.0,0.0,0.0,0.0,0.0,0.0,0.0,93.0,-4.599999904632568,0.0,0.8034791946411133,0.5797650218009949,0.19921875
22.687427520751953,106.50068664550781,5.868345737457275,0.0,0.0,0.0,0.0,0.0,-0.0,0.0,3.701571410042899,2.6301429748535154,0.0,0.4691759943962097,0.0,0.0,0.0,0.0,0.0,0.0,1.1001049280166626,0.0,1.1001049280166626,0.0,94.0,-4.599999904632568,1.1001049280166626,0.8855249285697937,0.7479970455169678,0.09356725215911865
22.73996925354004,105.82946014404297,4.266910552978516,0.0,0.0,0.0,0.0,0.0,-0.0,0.0,3.7003571101597377,2.6289285387311665,0.0,0.4084100127220154,0.0,0.0,0.0,0.0,0.0,0.0,1.303609848022461,0.0,1.303609848022461,0.0,95.0,-4.266782760620117,1.303609848022461,0.9057820439338684,0.8174132108688354,0.16239714622497559
23.087051391601562,96.01776885986328,2.519876003265381,0.0,0.0,0.0,0.0,0.0,-0.0,0.0,3.6978571210588727,2.6264285496303015,0.0,0.3546009957790375,0.0,0.0,0.0,0.0,0.0,0.0,1.153003454208374,0.0,0.0,1.153003454208374,96.0,-2.5198004245758057,-1.153003454208374,0.7134791612625122,0.6019655466079712,0.5147727131843567
22.892345428466797,102.3617172241211,0.9814746975898743,0.0,0.0,0.0,0.0,0.0,-0.0,0.0,3.6876428604125975,2.6162141527448384,0.0,0.27628400921821594,0.0,0.0,0.0,0.0,0.0,0.0,0.0,0.0,0.0,0.0,97.0,-0.9814452528953552,0.0,0.4281289577484131,0.5033190250396729,0.06746229529380798
22.515853881835938,101.69049072265625,0.6995312571525574,0.0,0.0,0.0,0.0,0.0,-0.0,0.0,3.6634285245622906,2.5920000893729074,0.0,0.24138900637626648,0.0,0.0,0.0,0.0,0.0,0.0,0.0,0.0,0.0,0.0,98.0,-0.6995102763175964,0.0,0.3804515302181244,0.679673433303833,0.10578387975692749
21.775793075561523,101.0192642211914,0.45320236682891846,0.0,0.0,0.0,0.0,0.0,-0.0,0.0,3.649285670689174,2.5778570992606027,0.0,0.22142000496387482,0.0,0.0,0.0,0.0,0.0,0.0,0.0,0.0,0.0,0.0,99.0,-0.45318877696990967,0.0,0.3746466040611267,0.42071670293807983,0.024348586797714233
21.581087112426758,100.34803771972656,0.22725677490234375,0.0,0.0,0.0,0.0,0.0,-0.0,0.0,3.6642143521990094,2.59278564453125,0.0,0.20653900504112244,0.0,0.0,0.0,0.0,0.0,0.0,0.0,0.0,0.0,0.0,100.0,-0.22724996507167816,0.0,0.27936381101608276,0.2636869549751282,0.030813127756118774
21.568166732788086,99.67681121826172,0.016502197831869125,0.0,0.0,0.0,0.0,-0.05536030368567731,-0.0,0.0,3.7036429268973214,2.63221435546875,0.0,0.016171666810246954,0.1845343382861886,0.0,0.0,0.0,0.0,0.0,0.0,0.0,0.0,0.0,101.0,-0.01650170236825943,0.0,0.2601371705532074,0.25500839948654175,0.1273917555809021
21.009891510009766,99.00558471679688,4.97311361868924e-7,0.0,0.0,0.0,0.0,-0.0631380046660901,-0.0,0.0,3.7356427873883926,2.6642142159598214,0.0,0.0,0.21046000719070435,0.0,0.0,0.0,0.0,0.0,0.0,0.0,0.0,0.0,102.0,0.0,0.0,0.27515727281570435,0.18047738075256348,0.16897696256637573
20.451616287231445,98.33435821533203,4.972964688931825e-7,0.0,0.0,0.0,0.0,-0.0717405019895434,-0.0,0.0,3.7397856848580497,2.6683572496686665,0.0,0.0,0.2391349971294403,0.0,0.0,0.0,0.0,0.0,0.0,0.0,0.0,0.0,103.0,0.0,0.0,0.272493839263916,0.09183907508850098,0.23465991020202637
20.075124740600586,97.66313171386719,4.972815759174409e-7,0.0,0.0,0.0,0.0,-1.0032819401535154,-0.0,0.0,3.708428600856236,2.6369998931884764,0.0,0.0,0.34427300095558167,0.0,0.0,0.0,3.0,0.0,0.0,0.0,3.0,0.0,104.0,0.0,3.0,0.44176071882247925,0.5401315689086914,0.20516037940979004
20.640287399291992,96.99190521240234,4.972666829416994e-7,0.0,0.0,0.0,0.0,-0.1033305060200096,-0.0,0.0,3.6504999705723353,2.579071535382952,0.049400001764297485,0.0,0.3444350063800812,0.0,0.0,0.0,0.0,0.0,0.0,0.0,0.0,0.0,105.0,0.0,0.0,0.8089655041694641,0.014676123857498169,0.16032886505126953
20.263795852661133,96.3206787109375,4.972517899659579e-7,0.0,0.0,0.0,0.0,-0.006326696528065057,-0.0,0.0,3.605857113429478,2.534428678240095,0.38475000858306885,0.0,0.021088987588882446,0.0,0.0,0.0,0.0,0.0,0.0,0.0,0.0,0.0,106.0,0.0,0.0,0.9144906401634216,0.0034539401531219482,0.08708652853965759
20.069089889526367,95.64945220947266,4.972368969902163e-7,0.0,0.0,0.0,0.0,0.0,-0.0,0.0,3.5843570709228514,2.51292849949428,0.4567109942436218,0.0,0.0,0.39311624815252344,0.0,0.0,0.0,0.0,0.0,0.0,0.0,0.0,107.0,0.4462890028953552,0.0,0.8057433366775513,0.010894775390625,0.040357112884521484
19.692598342895508,86.06795501708984,0.3931049704551697,0.0,0.0,0.0,0.0,0.0,-0.0,0.0,3.586928585597447,2.5154998779296873,0.399042010307312,0.0,0.0,1.0166107876273713,0.0,0.0,0.0,0.0,0.0,0.0,0.0,0.0,108.0,1.1129579544067383,0.0,0.5367408394813538,0.07485681772232056,0.054508715867996216
19.134323120117188,85.396728515625,1.4096734523773193,0.0,0.0,0.0,0.0,-0.4891434267816308,-0.0,0.0,3.596142850603376,2.5247142791748045,0.4126780033111572,0.0,0.0,0.0,0.0,1.369521975517273,1.630478024482727,0.0,0.0,0.0,3.0,0.0,109.0,1.4633220434188843,3.0,0.4640716314315796,0.2523841857910156,0.09407013654708862
20.012527465820312,84.72550201416016,1.4096311330795288,0.0,0.0,0.0,0.0,-0.5391462421077975,-0.0,0.0,3.5923571722848076,2.520928464617048,0.42735400795936584,0.0,0.0,0.0,0.0,1.2028459310531616,1.7971540689468384,0.0,0.0,0.0,3.0,0.0,110.0,1.2886459827423096,3.0,0.6234867572784424,0.4837977886199951,0.3838885426521301
21.25259780883789,84.05427551269531,1.4095888137817383,0.0,0.0,0.0,0.0,-0.6970026352803949,-0.0,0.0,3.570571436200823,2.4991427285330636,0.4101420044898987,0.0,0.0,0.0,0.0,0.6766579747200012,2.323342025279999,0.0,0.0,0.0,3.0,0.0,111.0,0.733858048915863,3.0,0.7020075917243958,0.7249317169189453,0.5817782282829285
22.482864379882812,79.60969543457031,1.4095464944839478,0.0,0.0,0.0,0.0,-0.058360426956829414,-0.0,0.0,3.546500015258789,2.4750714438302177,0.42344900965690613,0.0,0.0,0.0,0.0,0.3080509603023529,0.19453474879264832,0.0,0.0,0.0,0.0,0.5025857090950012,112.0,0.34655097126960754,-0.5025857090950012,0.6954038143157959,0.667655348777771,0.4940381348133087
21.924589157104492,99.044189453125,1.4095041751861572,0.0,0.0,0.0,0.0,-0.559562404337024,-0.0,0.0,3.5285714830671036,2.4571429116385324,0.42343100905418396,0.0,0.0,0.0,0.0,0.21116897463798523,1.8652079403400421,0.0,0.0,0.0,2.0763769149780273,0.0,113.0,0.24456897377967834,2.0763769149780273,0.7363907098770142,0.7294222116470337,0.5435901284217834
22.6470947265625,98.37296295166016,1.4094619750976562,0.0,0.0,0.0,0.0,0.0,-0.0,0.0,3.5024285452706474,2.430999973842076,0.09404999762773514,0.7471539974212646,0.0,0.0,0.0,0.0,0.0,0.0,0.0,0.0,0.0,0.0,114.0,-1.4094197750091553,0.0,0.609140157699585,0.6908910274505615,0.23269528150558472
22.27060317993164,80.7816390991211,0.6470405459403992,0.0,0.0,0.0,0.0,-0.17746690083725697,-0.0,0.0,3.4852141789027624,2.413785607474191,0.0,0.6340806464580737,0.591556312617854,0.0,0.0,0.0,0.0,0.0,0.0,0.0,0.0,0.0,115.0,-0.6470211744308472,0.0,0.4302005171775818,0.6303207278251648,0.046558380126953125
21.620920181274414,58.11384582519531,1.9490134945954196e-5,0.0,0.0,0.0,0.0,-1.1012730440009832,-0.0,0.0,3.474142837524414,2.4027142660958427,0.0,0.0,0.6709100008010864,0.0,0.0,0.0,3.0,0.0,0.0,0.0,3.0,0.0,116.0,0.0,3.0,0.5238962173461914,0.9461380839347839,0.03182297945022583
22.626523971557617,57.4426155090332,1.9489551050355658e-5,0.0,0.0,0.0,0.0,-1.0672569460573555,-0.0,0.0,3.4600001198904855,2.388571548461914,0.0,0.0,0.5575230121612549,0.0,0.0,0.0,3.0,0.0,0.0,0.0,3.0,0.0,117.0,0.0,3.0,0.5435034036636353,0.9288501143455505,0.09708714485168457
23.625247955322266,56.771385192871094,1.948896715475712e-5,0.0,0.0,0.0,0.0,-0.20327063265524803,-0.0,0.0,3.436928558349609,2.365499986921038,0.0,0.0,0.4691759943962097,0.0,0.0,0.0,0.20839275419712067,0.0,0.0,0.0,0.0,0.20839275419712067,118.0,0.0,-0.20839275419712067,0.32060590386390686,0.7993105053901672,0.28472450375556946
22.70340347290039,65.55400848388672,1.948838325915858e-5,0.0,0.0,0.0,0.0,-0.9548353157375367,-0.0,0.0,3.4022142682756695,2.3307856968470984,0.0,0.0,0.4084100127220154,0.0,0.0,0.0,2.77437424659729,0.0,0.0,0.0,2.77437424659729,0.0,119.0,0.0,2.77437424659729,0.4065176546573639,0.8394849300384521,0.21557283401489258
23.197410583496094,64.88278198242188,1.9487799363560043e-5,0.0,0.0,0.0,0.0,-0.27418672637886665,-0.0,0.0,3.358785574776786,2.2873570033482142,0.0,0.0,0.3546009957790375,0.0,0.0,0.0,0.5593547224998474,0.0,0.0,0.0,0.0,0.5593547224998474,120.0,0.0,-0.5593547224998474,0.25792691111564636,0.6461794972419739,0.3737841844558716
22.45734977722168,79.80355072021484,1.9487215467961505e-5,0.0,0.0,0.0,0.0,-0.08288520605902683,-0.0,0.0,3.319571576799665,2.2481430053710936,0.0,0.0,0.27628400921821594,0.0,0.0,0.0,0.0,0.0,0.0,0.0,0.0,0.0,121.0,0.0,0.0,0.3483477532863617,0.6544992327690125,0.260717511177063
21.535505294799805,79.13232421875,1.9486631572362967e-5,0.0,0.0,0.0,0.0,-0.972416740553248,-0.0,0.0,3.283142852783203,2.2117142813546318,0.0,0.0,0.24138900637626648,0.0,0.0,0.0,3.0,0.0,0.0,0.0,3.0,0.0,122.0,0.0,3.0,0.4555739164352417,0.6628377437591553,0.32840561866760254
21.909290313720703,78.46109771728516,1.948604767676443e-5,0.0,0.0,0.0,0.0,-0.0664260041286946,-0.0,0.0,3.24985716683524,2.1784285954066687,0.0,0.0,0.22142000496387482,0.0,0.0,0.0,0.0,0.0,0.0,0.0,0.0,0.0,123.0,0.0,0.0,0.3646056056022644,0.5768032073974609,0.25976964831352234
20.987445831298828,77.78987121582031,1.948546378116589e-5,0.0,0.0,0.0,0.0,-0.8976432948368096,-0.0,0.0,3.224142837524414,2.1527142660958427,0.0,0.0,0.20653900504112244,0.0,0.0,0.0,2.7856051921844482,0.0,0.0,0.0,2.7856051921844482,0.0,124.0,0.0,2.7856051921844482,0.42752349376678467,0.48255884647369385,0.22973138093948364
21.412778854370117,77.11864471435547,1.9484879885567352e-5,0.0,0.0,0.0,0.0,-0.7043007653673783,-0.0,0.0,3.209999847412109,2.138571275983538,0.0,0.0,0.20070600509643555,0.0,0.0,0.0,2.146963119506836,0.0,0.0,0.0,2.146963119506836,0.0,125.0,0.0,2.146963119506836,0.37561023235321045,0.5049421787261963,0.2336536943912506
21.524696350097656,76.44741821289062,1.9484295989968814e-5,0.0,0.0,0.0,0.0,-0.7122890457427111,-0.0,0.0,3.214285659790039,2.1428570883614677,0.0,0.0,0.21046000719070435,0.0,0.0,0.0,2.163836717605591,0.0,0.0,0.0,2.163836717605591,0.0,126.0,0.0,2.163836717605591,0.3725821375846863,0.5292291045188904,0.2619127631187439
21.646129608154297,75.77619171142578,1.9483712094370276e-5,0.0,0.0,0.0,0.0,-0.0717405019895434,-0.0,0.0,3.2247142246791296,2.153285653250558,0.0,0.0,0.2391349971294403,0.0,0.0,0.0,0.0,0.0,0.0,0.0,0.0,0.0,127.0,0.0,0.0,0.4210778474807739,0.5149512887001038,0.251426637172699
20.724285125732422,75.10496520996094,1.9483128198771738e-5,0.0,0.0,0.0,0.0,-0.6444436299579781,-0.0,0.0,3.2389286041259764,2.167500032697405,0.0,0.0,0.34427300095558167,0.0,0.0,0.0,1.8038723468780518,0.0,0.0,0.0,1.8038723468780518,0.0,128.0,0.0,1.8038723468780518,0.3663049638271332,0.3721264898777008,0.2746334671974182
20.86061668395996,64.98558044433594,1.94825443031732e-5,0.0,0.0,0.0,0.0,0.0,-0.0,0.0,3.2657857077462333,2.1943571363176617,0.39383500814437866,0.0,0.0,0.0637146896603582,0.0,0.0,0.0,0.0,0.0,0.0,0.0,0.0,129.0,0.08916500210762024,0.0,0.46003809571266174,0.37138140201568604,0.15017083287239075
20.120555877685547,64.3143539428711,0.06373225897550583,0.0,0.0,0.0,0.0,-0.6315867198144076,-0.0,0.0,3.3161427089146205,2.2447141374860493,0.4058389961719513,0.0,0.0,0.0,0.0,0.8947110176086426,2.1052889823913574,0.0,0.0,0.0,3.0,0.0,130.0,0.9631609916687012,3.0,0.331129789352417,0.42357367277145386,0.09135633707046509
20.690975189208984,63.643123626708984,0.06373035162687302,0.0,0.0,0.0,0.0,-0.3130912666754426,-0.0,0.0,3.3570714133126396,2.285642841884068,1.2514309883117676,0.0,0.0,0.0,0.0,0.7236189842224121,1.0436375141143799,0.0,0.0,0.0,0.0,1.767256498336792,131.0,0.8275690078735352,-1.767256498336792,0.20274600386619568,0.04153907299041748,0.5076195001602173
19.95091438293457,101.2171859741211,0.0637284442782402,0.0,0.0,0.0,0.0,0.0,-0.0,0.0,3.3955715179443358,2.3241429465157646,0.47059300541877747,0.0,0.0,1.4920569591046728,0.0,0.0,0.0,0.0,0.0,0.0,0.0,0.0,132.0,1.6274070739746094,0.0,0.3279580771923065,0.07791110873222351,0.3349418640136719
19.57442283630371,45.99846649169922,1.5557388067245483,0.0,0.0,0.0,0.0,0.0,-0.0,0.0,3.43499995640346,2.3635713849748883,0.5296559929847717,0.0,0.0,0.01234537625498433,0.0,2.401796579360962,0.0,0.0,0.0,0.0,0.0,2.401796579360962,133.0,2.179903984069824,-2.401796579360962,0.3735612630844116,0.07416468858718872,0.7213540077209473
19.01614761352539,135.4147186279297,1.5680371522903442,0.0,0.0,0.0,0.0,0.0,-0.0,0.0,3.4683570316859655,2.396928460257394,0.42735400795936584,0.0,0.0,0.11284183721818408,0.0,2.5250511169433594,0.0,0.0,0.0,0.0,2.5250511169433594,0.0,134.0,2.8016459941864014,2.5250511169433594,0.5194857120513916,0.19066771864891052,0.6189510226249695
19.953323364257812,65.09294891357422,1.68082857131958,0.0,0.0,0.0,0.0,-0.2506925682502015,-0.0,0.0,3.490499986921038,2.4190714154924664,0.4101420044898987,0.0,0.0,0.0,0.0,2.164358139038086,0.8356418609619141,0.0,0.0,0.0,0.0,3.0,135.0,2.2998580932617188,-3.0,0.5114213824272156,0.06365182995796204,0.8961142897605896
19.2132625579834,153.5017547607422,1.6807781457901,0.0,0.0,0.0,0.0,-0.5188797560882463,-0.0,0.0,3.4974285670689174,2.425999995640346,0.42344900965690613,0.0,0.0,0.0,0.0,1.270400881767273,1.729599118232727,0.0,0.0,0.0,3.0,0.0,136.0,1.359550952911377,3.0,0.5427319407463074,0.6434979438781738,0.038840919733047485
19.86526107788086,125.25997161865234,1.6807277202606201,0.0,0.0,0.0,0.0,-0.8585943354604364,-0.0,0.0,3.4846427917480467,2.4132142203194755,0.42343100905418396,0.0,0.0,0.0,0.0,0.13801899552345276,2.8619810044765472,0.0,0.0,0.0,3.0,0.0,137.0,0.16756901144981384,3.0,0.5153080224990845,0.7231597900390625,0.02745521068572998
20.69277572631836,116.09112548828125,1.6806772947311401,0.0,0.0,0.0,0.0,-0.5575619617635877,-0.0,0.0,3.4556429181780133,2.384214346749442,0.026600001379847527,0.5055540204048157,0.0,0.0,0.0,0.0,1.8585397986935561,0.0,1.1414602013064439,0.0,3.0,0.0,138.0,-1.6806268692016602,3.0,0.5189105868339539,0.7503149509429932,0.02283647656440735
21.59916114807129,115.4198989868164,5.0569076847750694e-5,0.0,0.0,0.0,0.0,-1.1115792358549115,-0.0,0.0,3.4274285997663223,2.356000028337751,0.0,0.0,0.7052639722824097,0.0,0.0,0.0,3.0,0.0,0.0,0.0,3.0,0.0,139.0,0.0,3.0,0.36596041917800903,0.9005087614059448,0.03199842572212219
22.037874221801758,114.74867248535156,5.0567559810588136e-5,0.0,0.0,0.0,0.0,-1.1012730440009832,-0.0,0.0,3.411000061035156,2.339571489606585,0.0,0.0,0.6709100008010864,0.0,0.0,0.0,3.0,0.0,0.0,0.0,3.0,0.0,140.0,0.0,3.0,0.3971090316772461,0.8223162889480591,0.05554184317588806
22.832763671875,114.07744598388672,5.056604277342558e-5,0.0,0.0,0.0,0.0,-0.9173648006663626,-0.0,0.0,3.4010001046316964,2.329571533203125,0.0,0.0,0.5575230121612549,0.0,0.0,0.0,2.500359535217285,0.0,0.0,0.0,2.500359535217285,0.0,141.0,0.0,2.500359535217285,0.3574789762496948,0.8009412288665771,0.2299935221672058
23.00469207763672,104.38056945800781,5.056452573626302e-5,0.0,0.0,0.0,0.0,-0.8471587100489408,-0.0,0.0,3.3952142987932477,2.3237857273646765,0.0,0.0,0.4691759943962097,0.0,0.0,0.0,2.3546862602233887,0.0,0.0,0.0,2.3546862602233887,0.0,142.0,0.0,2.3546862602233887,0.3423452377319336,0.8200556039810181,0.3040352463722229
23.100261688232422,103.70934295654297,5.0563008699100465e-5,0.0,0.0,0.0,0.0,-0.12252300868523136,-0.0,0.0,3.3921429225376674,2.320714351109096,0.0,0.0,0.4084100127220154,0.0,0.0,0.0,0.0,0.0,0.0,0.0,0.0,0.0,143.0,0.0,0.0,0.2823132872581482,0.7710322141647339,0.3311883807182312
21.996631622314453,103.03811645507812,5.056149166193791e-5,0.0,0.0,0.0,0.0,-1.0063803387236714,-0.0,0.0,3.3896429334368023,2.318214362008231,0.0,0.0,0.3546009957790375,0.0,0.0,0.0,3.0,0.0,0.0,0.0,3.0,0.0,144.0,0.0,3.0,0.4030270576477051,0.7628005743026733,0.22078275680541992
22.416400909423828,102.36688995361328,5.055997462477535e-5,0.0,0.0,0.0,0.0,-0.08288520605902683,-0.0,0.0,3.3863571166992186,2.3149285452706474,0.0,0.0,0.27628400921821594,0.0,0.0,0.0,0.0,0.0,0.0,0.0,0.0,0.0,145.0,0.0,0.0,0.3405599594116211,0.671576738357544,0.2672477960586548
21.2978458404541,101.69566345214844,5.055845758761279e-5,0.0,0.0,0.0,0.0,-0.972416740553248,-0.0,0.0,3.3838571275983536,2.3124285561697824,0.0,0.0,0.24138900637626648,0.0,0.0,0.0,3.0,0.0,0.0,0.0,3.0,0.0,146.0,0.0,3.0,0.4387497901916504,0.6808697581291199,0.23219093680381775
21.694421768188477,101.0244369506836,5.0556940550450236e-5,0.0,0.0,0.0,0.0,-0.9664260398914815,-0.0,0.0,3.381714357648577,2.3102857862200055,0.0,0.0,0.22142000496387482,0.0,0.0,0.0,3.0,0.0,0.0,0.0,3.0,0.0,147.0,0.0,3.0,0.3870490789413452,0.636387288570404,0.25951552391052246
22.082311630249023,100.35321044921875,5.055542351328768e-5,0.0,0.0,0.0,0.0,-0.061961703974473537,-0.0,0.0,3.3819285256522043,2.3104999542236326,0.0,0.0,0.20653900504112244,0.0,0.0,0.0,0.0,0.0,0.0,0.0,0.0,0.0,148.0,0.0,0.0,0.3587122857570648,0.60747230052948,0.24609112739562988
20.954662322998047,99.6819839477539,5.055390647612512e-5,0.0,0.0,0.0,0.0,-0.9602118396843196,-0.0,0.0,3.3892143249511717,2.3177857535226005,0.0,0.0,0.20070600509643555,0.0,0.0,0.0,3.0,0.0,0.0,0.0,3.0,0.0,149.0,0.0,3.0,0.43344175815582275,0.5516646504402161,0.2071869969367981
21.35797119140625,99.01075744628906,5.0552389438962564e-5,0.0,0.0,0.0,0.0,-0.963138040428877,-0.0,0.0,3.394428471156529,2.3229998997279577,0.0,0.0,0.21046000719070435,0.0,0.0,0.0,3.0,0.0,0.0,0.0,3.0,0.0,150.0,0.0,3.0,0.43372875452041626,0.6363917589187622,0.2379193902015686
21.765775680541992,98.33953094482422,5.055087240180001e-5,0.0,0.0,0.0,0.0,-0.9717405377523303,-0.0,0.0,3.3968570709228514,2.32542849949428,0.0,0.0,0.2391349971294403,0.0,0.0,0.0,3.0,0.0,0.0,0.0,3.0,0.0,151.0,0.0,3.0,0.5179830193519592,0.6348247528076172,0.22237002849578857
22.16756248474121,97.66830444335938,5.054935536463745e-5,0.0,0.0,0.0,0.0,-0.8013906290686368,-0.0,0.0,3.4005001068115233,2.329071535382952,0.0,0.0,0.34427300095558167,0.0,0.0,0.0,2.32702898979187,0.0,0.0,0.0,2.32702898979187,0.0,152.0,0.0,2.32702898979187,0.6133089065551758,0.6447458267211914,0.203044593334198
22.223712921142578,96.99707794189453,5.054783832747489e-5,0.0,0.0,0.0,0.0,0.0,-0.0,0.0,3.4257141658238,2.354285594395229,0.39383500814437866,0.0,0.0,0.025543692609119262,0.0,0.0,0.0,0.0,0.0,0.0,0.0,0.0,153.0,0.04816499352455139,0.0,0.6447080969810486,0.6350797414779663,0.120606929063797
21.088497161865234,96.32585144042969,0.0255934726446867,0.0,0.0,0.0,0.0,0.0,-0.0,0.0,3.527285657610212,2.4558570861816404,0.5079860091209412,0.0,0.0,1.4284126273644233,0.0,0.0,0.0,0.0,0.0,0.0,0.0,0.0,154.0,1.56101393699646,0.0,0.32923513650894165,0.4161839485168457,0.049921244382858276
19.969289779663086,84.77745819091797,1.4539625644683838,0.0,0.0,0.0,0.0,0.07947903072667328,-0.0,0.0,3.58242860521589,2.5109998975481305,0.4112839996814728,0.0,0.0,0.0,0.8831002712249756,2.9502155780792236,0.0,0.0,0.0,0.0,0.0,2.9502155780792236,155.0,-1.4539189338684082,-2.9502155780792236,0.12018492817878723,0.005555689334869385,0.9627779126167297
19.138336181640625,174.04254150390625,1.4539189338684082,0.0,0.0,0.0,0.0,0.26826023654702147,-0.0,0.0,3.6024285180228097,2.5310000828334265,0.399042010307312,0.0,0.0,0.7342709898948669,2.9806690580846067,1.91398286819458,0.0,0.0,0.0,0.0,1.91398286819458,0.0,156.0,0.7342709898948669,1.91398286819458,0.21881598234176636,0.08650779724121094,0.8873928785324097
19.432523727416992,156.3286895751953,2.188124418258667,0.0,0.0,0.0,0.0,0.0,-0.0,0.0,3.6099286215645927,2.538500050136021,0.4126780033111572,0.0,0.0,3.667867197851592,0.0,3.0,0.0,0.0,0.0,0.0,3.0,0.0,157.0,4.599999904632568,3.0,0.7262840270996094,0.34254515171051025,0.8599106073379517
20.13566017150879,155.65745544433594,5.855815887451172,0.0,0.0,0.0,0.0,0.0,-0.0,0.0,3.608928625924247,2.537500054495675,0.42735400795936584,0.0,0.0,3.4142183968333484,0.0,3.0,0.0,0.0,0.0,0.0,3.0,0.0,158.0,3.941222667694092,3.0,0.9797008037567139,0.9471332430839539,0.8324112892150879
21.019617080688477,154.98622131347656,9.269756317138672,0.0,0.0,0.0,0.0,0.1758733652385475,-0.0,0.0,3.6036428179059707,2.5322142464773996,0.4101420044898987,0.0,0.0,0.677189290523529,1.954148347348767,3.0,0.0,0.0,0.0,0.0,3.0,0.0,159.0,0.677189290523529,3.0,0.9946915507316589,0.9988570213317871,0.9966619610786438
22.446550369262695,134.0641632080078,9.946647644042969,0.0,0.0,0.0,0.0,0.09108911284519096,-0.0,0.0,3.5900714874267576,2.5186429159981865,0.42344900965690613,0.0,0.0,0.0,1.012101173400879,3.0,0.0,0.0,0.0,0.0,3.0,0.0,160.0,0.0018620083574205637,3.0,0.9948479533195496,0.9999345541000366,0.9993497729301453
23.685592651367188,133.39292907714844,9.946349143981934,0.0,0.0,0.0,0.0,0.09374801903947301,-0.0,0.0,3.562071473257882,2.4906427655901227,0.42343100905418396,0.0,0.0,0.0,1.04164457321167,0.9897246360778809,0.0,0.0,0.0,0.0,0.0,0.9897246360778809,161.0,-4.599999904632568,-0.9897246360778809,0.9910304546356201,0.9999955892562866,0.9999896287918091
23.490886688232422,179.99642944335938,9.946050643920898,0.0,0.0,0.0,0.0,0.0,-0.0,0.0,3.495357186453683,2.423928615025112,0.33249998092651367,0.19965404272079468,0.0,0.0,0.0,0.0,0.0,0.0,1.9130479097366333,0.0,1.9130479097366333,0.0,162.0,-4.599999904632568,1.9130479097366333,0.9744046926498413,0.9324906468391418,0.8431726694107056
23.662437438964844,179.3251953125,7.789999008178711,0.0,0.0,0.0,0.0,0.0,-0.0,0.0,3.4354999542236326,2.3640713827950615,0.0,0.7052639722824097,0.0,0.0,0.0,0.0,0.0,0.0,0.0,0.0,0.0,0.0,163.0,-4.599999904632568,0.0,0.8974499702453613,0.5047582983970642,0.15806907415390015
22.741106033325195,169.614013671875,7.070129871368408,0.0,0.0,0.0,0.0,0.0,-0.0,0.0,3.402071489606585,2.3306429181780133,0.0,0.6709100008010864,0.0,0.0,0.0,0.0,0.0,0.0,0.0,0.0,0.0,0.0,164.0,-4.599999904632568,0.0,0.8312931060791016,0.44976797699928284,0.059500277042388916
22.00104522705078,168.94277954101562,6.385336399078369,0.0,0.0,0.0,0.0,0.0,-0.0,0.0,3.381714357648577,2.3102857862200055,0.0,0.5575230121612549,0.0,0.0,0.0,0.0,0.0,0.0,0.0,0.0,0.0,0.0,165.0,-4.599999904632568,0.0,0.738700270652771,0.4895881712436676,0.044988930225372314
21.260984420776367,139.48687744140625,5.816260814666748,0.0,0.0,0.0,0.0,0.0,-0.0,0.0,3.3742857796805246,2.302857208251953,0.0,0.4691759943962097,0.0,0.0,0.0,0.0,0.0,0.0,3.0,0.0,3.0,0.0,166.0,-4.599999904632568,3.0,0.7750263214111328,0.6380214691162109,0.029131770133972168
22.039352416992188,128.7904052734375,2.276217222213745,0.0,0.0,0.0,0.0,-0.22814504781925202,-0.0,0.0,3.3769999367850168,2.305571365356445,0.0,0.4084100127220154,0.0,0.0,0.0,0.0,0.7604834625119423,0.0,1.8222158363467003,0.0,2.5826992988586426,0.0,167.0,-2.276149034500122,2.5826992988586426,0.7060707807540894,0.7578715085983276,0.10506230592727661
22.789342880249023,128.11917114257812,6.843887967988849e-5,0.0,0.0,0.0,0.0,-0.10638030296088452,-0.0,0.0,3.381785746983119,2.310357175554548,0.0,0.0,0.3546009957790375,0.0,0.0,0.0,0.0,0.0,0.0,0.0,0.0,0.0,168.0,0.0,0.0,0.19082188606262207,0.512448251247406,0.19312217831611633
22.04928207397461,127.44794464111328,6.843682785984129e-5,0.0,0.0,0.0,0.0,-0.08288520605902683,-0.0,0.0,3.37792854309082,2.306499971662249,0.0,0.0,0.27628400921821594,0.0,0.0,0.0,0.0,0.0,0.0,0.0,0.0,0.0,169.0,0.0,0.0,0.2737995386123657,0.5820395350456238,0.16556265950202942
21.127437591552734,126.77671813964844,6.843477603979409e-5,0.0,0.0,0.0,0.0,-0.9750312417757989,-0.0,0.0,3.3696427481515068,2.298214176722935,0.0,0.0,0.25010401010513306,0.0,0.0,0.0,3.0,0.0,0.0,0.0,3.0,0.0,170.0,0.0,3.0,0.38231003284454346,0.6150867938995361,0.15462493896484375
21.72193145751953,126.1054916381836,6.843272421974689e-5,0.0,0.0,0.0,0.0,-0.0664260041286946,-0.0,0.0,3.3530714307512555,2.2816428593226843,0.0,0.0,0.22142000496387482,0.0,0.0,0.0,0.0,0.0,0.0,0.0,0.0,0.0,171.0,0.0,0.0,0.2958464026451111,0.5128721594810486,0.16852903366088867
20.800086975097656,125.43426513671875,6.843067239969969e-5,0.0,0.0,0.0,0.0,-0.9619617397372604,-0.0,0.0,3.328214318411691,2.2567857469831196,0.0,0.0,0.20653900504112244,0.0,0.0,0.0,3.0,0.0,0.0,0.0,3.0,0.0,172.0,0.0,3.0,0.3951296806335449,0.4843814969062805,0.18516796827316284
21.19415283203125,124.7630386352539,6.842862057965249e-5,0.0,0.0,0.0,0.0,-0.06021180392153269,-0.0,0.0,3.3016427721296036,2.2302142007010324,0.0,0.0,0.20070600509643555,0.0,0.0,0.0,0.0,0.0,0.0,0.0,0.0,0.0,173.0,0.0,0.0,0.34168970584869385,0.3604671359062195,0.23925265669822693
20.272308349609375,116.56786346435547,6.842656875960529e-5,0.0,0.0,0.0,0.0,-0.9481368382031441,-0.0,0.0,3.2778570447649273,2.206428473336356,0.0,0.0,0.21046000719070435,0.0,0.0,0.0,2.949995994567871,0.0,0.0,0.0,2.949995994567871,0.0,174.0,0.0,2.949995994567871,0.36245596408843994,0.3601854741573334,0.20455598831176758
20.800912857055664,115.89663696289062,6.842451693955809e-5,0.0,0.0,0.0,0.0,-0.8864771867385368,-0.0,0.0,3.2636429377964564,2.1922143663678852,0.0,0.0,0.2391349971294403,0.0,0.0,0.0,2.7157888412475586,0.0,0.0,0.0,2.7157888412475586,0.0,175.0,0.0,2.7157888412475586,0.4033864140510559,0.44171738624572754,0.22586601972579956
21.208572387695312,115.22541046142578,6.842246511951089e-5,0.0,0.0,0.0,0.0,-1.0032819401535154,-0.0,0.0,3.258714348929269,2.1872857775006977,0.0,0.0,0.34427300095558167,0.0,0.0,0.0,3.0,0.0,0.0,0.0,3.0,0.0,176.0,0.0,3.0,0.516796886920929,0.6540675759315491,0.21066570281982422
21.57136344909668,114.55418395996094,6.842041329946369e-5,0.0,0.0,0.0,0.0,0.0,-0.0,0.0,3.2865000588553293,2.2150714874267576,0.4304429888725281,0.0,0.0,0.6143689215546999,0.0,0.0,0.0,0.0,0.0,0.0,0.0,0.0,177.0,0.6825570464134216,0.0,0.770866870880127,0.04714125394821167,0.06646224856376648
21.01308822631836,96.39053344726562,0.6144189238548279,0.0,0.0,0.0,0.0,0.16732556442185945,-0.0,0.0,3.368499973842076,2.2970714024135046,0.40821000933647156,0.0,0.0,1.390244960784912,1.8591727902668793,0.0,0.0,0.0,0.0,0.0,0.0,0.0,178.0,1.390244960784912,0.0,0.20046338438987732,0.2667211890220642,0.0995422899723053
20.091243743896484,95.71930694580078,2.004603862762451,0.0,0.0,0.0,0.0,0.33882049427167094,-0.0,0.0,3.4654287065778457,2.3940001351492746,0.4112839996814728,0.0,0.0,0.6582576632499695,3.764671859384877,0.6471527814865112,0.0,0.0,0.0,0.0,0.0,0.6471527814865112,179.0,0.6582576632499695,-0.6471527814865112,0.26628315448760986,0.14439761638641357,0.6547634601593018
19.259777069091797,124.7602310180664,2.6627817153930664,0.0,0.0,0.0,0.0,0.15805879167357878,-0.0,0.0,3.5608571733747207,2.4894286019461496,0.399042010307312,0.0,0.0,0.7861899733543396,1.7562086568021706,1.9502146244049072,0.0,0.0,0.0,0.0,1.9502146244049072,0.0,180.0,0.7861899733543396,1.9502146244049072,0.3448941707611084,0.14873921871185303,0.7537485361099243
19.743680953979492,124.08900451660156,3.4488682746887207,0.0,0.0,0.0,0.0,0.0,-0.0,0.0,3.6169999803815567,2.5455714089529855,0.4126780033111572,0.0,0.0,0.676355212977569,0.0,2.493863582611084,0.0,0.0,0.0,0.0,2.493863582611084,0.0,181.0,1.6427507400512695,2.493863582611084,0.5091589093208313,0.2894117832183838,0.5741903781890869
20.447044372558594,114.06510925292969,4.1250996589660645,0.0,0.0,0.0,0.0,-0.3333762420565378,-0.0,0.0,3.6608571461268835,2.589428438459124,0.42735400795936584,0.0,0.0,0.0,0.0,1.888745903968811,1.111254096031189,0.0,0.0,0.0,3.0,0.0,182.0,2.010645866394043,3.0,0.7480548620223999,0.8520160913467407,0.8122621178627014
21.718454360961914,113.39388275146484,4.12497615814209,0.0,0.0,0.0,0.0,-0.19397764976730514,-0.0,0.0,3.7099999836512976,2.638571548461914,0.4101420044898987,0.0,0.0,0.0,0.0,2.353407859802246,0.6465921401977539,0.0,0.0,0.0,3.0,0.0,183.0,2.4988579750061035,3.0,0.8486930131912231,0.9547977447509766,0.9478670954704285
22.829164505004883,112.72265625,4.124852657318115,0.0,0.0,0.0,0.0,0.0,-0.0,0.0,3.7288571221487863,2.657428686959403,0.42344900965690613,0.0,0.0,0.8864975851457473,0.0,0.6916614174842834,0.0,0.0,0.0,0.0,0.0,0.6916614174842834,184.0,1.7025508880615234,-0.6916614174842834,0.8424707055091858,0.9147956371307373,0.7956454753875732
21.907833099365234,147.30136108398438,5.011199951171875,0.0,0.0,0.0,0.0,-0.4842437012689782,-0.0,0.0,3.71707147870745,2.6456429072788783,0.42343100905418396,0.0,0.0,0.0,0.0,0.2206689417362213,1.6141456067562103,0.0,0.0,0.0,1.8348145484924316,0.0,185.0,0.2545689642429352,1.8348145484924316,0.7978189587593079,0.6018046140670776,0.12051188945770264
22.009008407592773,146.630126953125,5.011049747467041,0.0,0.0,0.0,0.0,0.0,-0.0,0.0,3.681857190813337,2.6104286193847654,0.0750500038266182,0.45710402727127075,0.0,0.0,0.0,0.0,0.0,0.0,0.0,0.0,0.0,0.0,186.0,-4.599999904632568,0.0,0.7234439253807068,0.558312177658081,0.05131521821022034
21.0871639251709,145.95889282226562,4.544480800628662,0.0,0.0,0.0,0.0,0.0,-0.0,0.0,3.6514285768781387,2.5799998692103796,0.0,0.7052639722824097,0.0,0.0,0.0,0.0,0.0,0.0,3.0,0.0,3.0,0.0,187.0,-4.544344425201416,3.0,0.547193169593811,0.6079806685447693,0.013706952333450317
21.990245819091797,134.1856689453125,0.7635763883590698,0.0,0.0,0.0,0.0,-0.8767883349028947,-0.0,0.0,3.6337857382638115,2.56235716683524,0.0,0.6709100008010864,0.0,0.0,0.0,0.0,2.9226276668748596,0.0,0.07737233312514036,0.0,3.0,0.0,188.0,-0.7635535001754761,3.0,0.41260820627212524,0.8617995977401733,0.051573336124420166
22.521820068359375,123.09846496582031,2.300056439707987e-5,0.0,0.0,0.0,0.0,-0.9477630991841579,-0.0,0.0,3.6232856478009903,2.551857212611607,0.0,0.0,0.5575230121612549,0.0,0.0,0.0,2.60168719291687,0.0,0.0,0.0,2.60168719291687,0.0,189.0,0.0,2.60168719291687,0.3686615228652954,0.8027976751327515,0.132741779088974
23.013973236083984,112.23249816894531,2.2999875000095926e-5,0.0,0.0,0.0,0.0,-0.1407528039118766,-0.0,0.0,3.6197856630597793,2.548357227870396,0.0,0.0,0.4691759943962097,0.0,0.0,0.0,0.0,0.0,0.0,0.0,0.0,0.0,190.0,0.0,0.0,0.3294202983379364,0.7578352093696594,0.2633054852485657
22.09212875366211,104.03665161132812,2.2999185603111982e-5,0.0,0.0,0.0,0.0,-1.0225230444480182,-0.0,0.0,3.6247857775006973,2.553357206072126,0.0,0.0,0.4084100127220154,0.0,0.0,0.0,3.0,0.0,0.0,0.0,3.0,0.0,191.0,0.0,3.0,0.4112503230571747,0.8444452285766602,0.11299297213554382
22.801437377929688,103.36542510986328,2.299849620612804e-5,0.0,0.0,0.0,0.0,-0.7565070959531095,-0.0,0.0,3.631071444920131,2.559642737252372,0.0,0.0,0.3546009957790375,0.0,0.0,0.0,2.1670892238616943,0.0,0.0,0.0,2.1670892238616943,0.0,192.0,0.0,2.1670892238616943,0.33261507749557495,0.7756302356719971,0.21312212944030762
22.878135681152344,102.69419860839844,2.2997806809144095e-5,0.0,0.0,0.0,0.0,-0.08288520605902683,-0.0,0.0,3.632428523472377,2.560999952043806,0.0,0.0,0.27628400921821594,0.0,0.0,0.0,0.0,0.0,0.0,0.0,0.0,0.0,193.0,0.0,0.0,0.2346232831478119,0.6319036483764648,0.16370034217834473
21.95629119873047,102.0229721069336,2.299711741216015e-5,0.0,0.0,0.0,0.0,-0.9617989117621928,-0.0,0.0,3.626357160295759,2.5549285888671873,0.0,0.0,0.24138900637626648,0.0,0.0,0.0,2.9646072387695312,0.0,0.0,0.0,2.9646072387695312,0.0,194.0,0.0,2.9646072387695312,0.35228124260902405,0.7294139862060547,0.12548521161079407
22.64705467224121,101.35174560546875,2.2996428015176207e-5,0.0,0.0,0.0,0.0,-0.0664260041286946,-0.0,0.0,3.6439999989100866,2.572571563720703,0.0,0.0,0.22142000496387482,0.0,0.0,0.0,0.0,0.0,0.0,0.0,0.0,0.0,195.0,0.0,0.0,0.25403982400894165,0.5888227820396423,0.1392170786857605
21.725210189819336,100.6805191040039,2.2995738618192263e-5,0.0,0.0,0.0,0.0,-0.061961703974473537,-0.0,0.0,3.6875714710780554,2.616142763410296,0.0,0.0,0.20653900504112244,0.0,0.0,0.0,0.0,0.0,0.0,0.0,0.0,0.0,196.0,0.0,0.0,0.3046186566352844,0.44388294219970703,0.11144542694091797
20.985149383544922,100.00929260253906,2.299504922120832e-5,0.0,0.0,0.0,0.0,-0.7578340116275939,-0.0,0.0,3.716785648890904,2.6453570774623327,0.0,0.0,0.20070600509643555,0.0,0.0,0.0,2.3254072666168213,0.0,0.0,0.0,2.3254072666168213,0.0,197.0,0.0,2.3254072666168213,0.38231682777404785,0.47195500135421753,0.13964742422103882
21.359760284423828,99.33806610107422,2.2994359824224375e-5,0.0,0.0,0.0,0.0,-0.0656715031731725,-0.0,0.0,3.7562857491629464,2.684857177734375,0.0,0.0,0.2189050018787384,0.0,0.0,0.0,0.0,0.0,0.0,0.0,0.0,0.0,198.0,0.0,0.0,0.3217986524105072,0.278778612613678,0.18064582347869873
20.619699478149414,98.66683959960938,2.299367042724043e-5,0.0,0.0,0.0,0.0,-0.7313617430671737,-0.0,0.0,3.771428598676409,2.6999998910086496,0.0,0.0,0.2391349971294403,0.0,0.0,0.0,2.198737382888794,0.0,0.0,0.0,2.198737382888794,0.0,199.0,0.0,2.198737382888794,0.38346630334854126,0.38834527134895325,0.21743181347846985
20.94171142578125,88.78499603271484,2.2992981030256487e-5,0.0,0.0,0.0,0.0,-0.1276485046803355,-0.0,0.0,3.7658570970807754,2.6944285256522043,0.0,0.0,0.4254949986934662,0.0,0.0,0.0,0.0,0.0,0.0,0.0,0.0,0.0,200.0,0.0,0.0,0.46809121966362,0.2408275008201599,0.1935640573501587
20.201650619506836,88.11376953125,2.2992291633272544e-5,0.0,0.0,0.0,0.0,-1.0420683380789875,-0.0,0.0,3.7384286063058036,2.667000034877232,0.0,0.0,0.47356098890304565,0.0,0.0,0.0,3.0,0.0,0.0,0.0,3.0,0.0,201.0,0.0,3.0,0.47564220428466797,0.5059712529182434,0.1784278154373169
20.78031349182129,78.3895492553711,2.29916022362886e-5,0.0,0.0,0.0,0.0,-0.12483959694066016,-0.0,0.0,3.7112142835344586,2.6397857121058874,0.10164999961853027,0.0,0.41613197326660156,0.0,0.0,0.0,0.0,0.0,0.0,0.0,0.0,0.0,202.0,0.0,0.0,0.48653391003608704,0.21632644534111023,0.12558633089065552
20.040252685546875,41.75800704956055,2.2990912839304656e-5,0.0,0.0,0.0,0.0,-0.862930233793664,-0.0,0.0,3.7001428059169226,2.628714370727539,0.4112839996814728,0.0,0.0,0.0,0.0,0.12356600165367126,2.8764339983463287,0.0,0.0,0.0,0.0,3.0,203.0,0.15171602368354797,-3.0,0.42802694439888,0.005343794822692871,0.9998016357421875
19.481977462768555,86.84217071533203,2.2990223442320712e-5,0.0,0.0,0.0,0.0,0.0,-0.0,0.0,3.7157142639160154,2.6442856924874443,0.44989800453186035,0.0,0.0,1.0691819685173414,0.0,0.0,0.0,0.0,0.0,0.0,0.0,0.0,204.0,1.1721019744873047,0.0,0.3999427258968353,0.037189096212387085,0.2060929536819458
19.105485916137695,57.78495788574219,1.0691728591918945,0.0,0.0,0.0,0.0,-0.01934151726331379,-0.0,0.0,3.754071453639439,2.6826427459716795,0.4126780033111572,0.0,0.0,0.0,0.0,2.521872043609619,0.06447172164916992,0.0,0.0,0.0,2.586343765258789,0.0,205.0,2.2057204246520996,2.586343765258789,0.3274863362312317,0.12790793180465698,0.3328489065170288
19.639524459838867,49.23445129394531,1.0691407918930054,0.0,0.0,0.0,0.0,-0.024526692411370732,-0.0,0.0,3.7865000588553293,2.7150714874267576,0.42735400795936584,0.0,0.0,0.0,0.0,2.8501458168029785,0.0817556381225586,0.0,0.0,0.0,2.931901454925537,0.0,206.0,3.022645950317383,2.931901454925537,0.5263460278511047,0.29486972093582153,0.409453809261322
20.474332809448242,48.5632209777832,1.0691087245941162,0.0,0.0,0.0,0.0,0.0,-0.0,0.0,3.8076428822108674,2.7362141745431083,0.4101420044898987,0.0,0.0,1.4823301007763234,0.0,0.6641262769699097,0.0,0.0,0.0,0.0,0.0,0.6641262769699097,207.0,2.3128581047058105,-0.6641262769699097,0.6850457787513733,0.6435585618019104,0.39215004444122314
19.734272003173828,82.74208068847656,2.5513622760772705,0.0,0.0,0.0,0.0,-0.5285697551000013,-0.0,0.0,3.8144999367850168,2.743071365356445,0.42344900965690613,0.0,0.0,0.0,0.0,1.2381008863449097,1.7618991136550903,0.0,0.0,0.0,3.0,0.0,208.0,1.32555091381073,3.0,0.5821837782859802,0.5754123330116272,0.08959001302719116
20.710737228393555,82.07085418701172,2.551285743713379,0.0,0.0,0.0,0.0,-0.7824993474284536,-0.0,0.0,3.804499980381557,2.7330714089529855,0.42343100905418396,0.0,0.0,0.0,0.0,0.3916689455509186,2.6083310544490814,0.0,0.0,0.0,3.0,0.0,209.0,0.43456897139549255,3.0,0.5816686749458313,0.6910871267318726,0.13395601511001587
21.864486694335938,68.38006591796875,2.5512092113494873,0.0,0.0,0.0,0.0,-0.28510327102459876,-0.0,0.0,3.765571403503418,2.6941429683140345,0.08170000463724136,0.4504540264606476,0.0,0.0,0.0,0.0,0.9503441989853769,0.0,2.049655801014623,0.0,3.0,0.0,210.0,-2.5511326789855957,3.0,0.624828577041626,0.8662634491920471,0.057806044816970825
22.909311294555664,67.7088394165039,7.678168185520917e-5,0.0,0.0,0.0,0.0,-0.893673991905608,-0.0,0.0,3.736142785208566,2.6647142137799946,0.0,0.0,0.7052639722824097,0.0,0.0,0.0,2.273649215698242,0.0,0.0,0.0,2.273649215698242,0.0,211.0,0.0,2.273649215698242,0.4451780319213867,0.8524395227432251,0.05069941282272339
23.262182235717773,67.03761291503906,7.677938265260309e-5,0.0,0.0,0.0,0.0,-0.8885612006410426,-0.0,0.0,3.7165714808872767,2.6451429094587056,0.0,0.0,0.6709100008010864,0.0,0.0,0.0,2.2909605503082275,0.0,0.0,0.0,2.2909605503082275,0.0,212.0,0.0,2.2909605503082275,0.4229413866996765,0.8871488571166992,0.07039135694503784
23.43572998046875,66.36638641357422,7.677708344999701e-5,0.0,0.0,0.0,0.0,-0.16725691029456868,-0.0,0.0,3.69007146017892,2.618642752511161,0.0,0.0,0.5575230121612549,0.0,0.0,0.0,0.0,0.0,0.0,0.0,0.0,0.0,213.0,0.0,0.0,0.3955055773258209,0.8388656377792358,0.16936057806015015
22.513885498046875,57.74557113647461,7.677478424739093e-5,0.0,0.0,0.0,0.0,-1.0407528396746635,-0.0,0.0,3.6579999378749304,2.5865715026855467,0.0,0.0,0.4691759943962097,0.0,0.0,0.0,3.0,0.0,0.0,0.0,3.0,0.0,214.0,0.0,3.0,0.5554158687591553,0.9356706738471985,0.09532403945922852
23.601709365844727,57.0743408203125,7.677248504478484e-5,0.0,0.0,0.0,0.0,-0.12252300868523136,-0.0,0.0,3.6256428582327707,2.554214150565011,0.0,0.0,0.4084100127220154,0.0,0.0,0.0,0.0,0.0,0.0,0.0,0.0,0.0,215.0,0.0,0.0,0.3383552134037018,0.7226332426071167,0.2309315800666809
23.225217819213867,48.87789535522461,7.677018584217876e-5,0.0,0.0,0.0,0.0,-0.10638030296088452,-0.0,0.0,3.5949285507202147,2.5235001155308314,0.0,0.0,0.3546009957790375,0.0,0.0,0.0,0.0,0.0,0.0,0.0,0.0,0.0,216.0,0.0,0.0,0.2838233411312103,0.7812829613685608,0.14409217238426208
22.666942596435547,48.2066650390625,7.676788663957268e-5,0.0,0.0,0.0,0.0,-0.16568862262124284,-0.0,0.0,3.561928558349609,2.490499986921038,0.0,0.0,0.27628400921821594,0.0,0.0,0.0,0.2760113775730133,0.0,0.0,0.0,0.0,0.2760113775730133,217.0,0.0,-0.2760113775730133,0.33312857151031494,0.6894787549972534,0.19847968220710754
22.108667373657227,51.75482940673828,7.67655874369666e-5,0.0,0.0,0.0,0.0,-0.8814850591216494,-0.0,0.0,3.5254999705723353,2.454071535382952,0.0,0.0,0.24138900637626648,0.0,0.0,0.0,2.696894407272339,0.0,0.0,0.0,2.696894407272339,0.0,218.0,0.0,2.696894407272339,0.4159380793571472,0.7589613199234009,0.14421921968460083
22.79479217529297,51.08359909057617,7.676328823436052e-5,0.0,0.0,0.0,0.0,-0.12735372542753698,-0.0,0.0,3.4825714111328123,2.411142839704241,0.0,0.0,0.22142000496387482,0.0,0.0,0.0,0.20309239625930786,0.0,0.0,0.0,0.0,0.20309239625930786,219.0,0.0,-0.20309239625930786,0.3787737190723419,0.6537207961082458,0.2487841248512268
21.872947692871094,59.80353927612305,7.676098903175443e-5,0.0,0.0,0.0,0.0,-0.061961703974473537,-0.0,0.0,3.426857212611607,2.355428641183036,0.0,0.0,0.20653900504112244,0.0,0.0,0.0,0.0,0.0,0.0,0.0,0.0,0.0,220.0,0.0,0.0,0.31596240401268005,0.5569095015525818,0.13000550866127014
21.13288688659668,59.13230895996094,7.675868982914835e-5,0.0,0.0,0.0,0.0,-0.2791596762005355,-0.0,0.0,3.374428558349609,2.302999986921038,0.0,0.0,0.20070600509643555,0.0,0.0,0.0,0.7298262119293213,0.0,0.0,0.0,0.0,0.7298262119293213,221.0,0.0,-0.7298262119293213,0.32618266344070435,0.4353829026222229,0.3674200773239136
20.392826080322266,78.7853012084961,7.675639062654227e-5,0.0,0.0,0.0,0.0,-0.8835711293844817,-0.0,0.0,3.3251429421561105,2.253714370727539,0.0,0.0,0.21046000719070435,0.0,0.0,0.0,2.7347769737243652,0.0,0.0,0.0,2.7347769737243652,0.0,222.0,0.0,2.7347769737243652,0.3024744391441345,0.40336182713508606,0.20929735898971558
21.016794204711914,78.11407470703125,7.675409142393619e-5,0.0,0.0,0.0,0.0,-0.0717405019895434,-0.0,0.0,3.2828572954450332,2.211428724016462,0.0,0.0,0.2391349971294403,0.0,0.0,0.0,0.0,0.0,0.0,0.0,0.0,0.0,223.0,0.0,0.0,0.32873934507369995,0.37449660897254944,0.24926412105560303
20.2767333984375,77.4428482055664,7.67517922213301e-5,0.0,0.0,0.0,0.0,-1.0032819401535154,-0.0,0.0,3.2464285714285714,2.175,0.0,0.0,0.34427300095558167,0.0,0.0,0.0,3.0,0.0,0.0,0.0,3.0,0.0,224.0,0.0,3.0,0.3812817335128784,0.5542111396789551,0.30227118730545044
20.633996963500977,69.24640655517578,7.674949301872402e-5,0.0,0.0,0.0,0.0,0.0,-0.0,0.0,3.2537857600620814,2.1823571886335102,0.39383500814437866,0.0,0.0,1.8065467566187863,0.0,0.0,0.0,0.0,0.0,0.0,0.0,0.0,225.0,1.961164951324463,0.0,0.22248411178588867,0.2242966890335083,0.09395113587379456
19.893936157226562,68.57518005371094,1.8065693378448486,0.0,0.0,0.0,0.0,0.3009247308283525,-0.0,0.0,3.3213571275983536,2.2499285561697824,0.4058389961719513,0.0,0.0,0.08213814347982407,3.343607854588945,1.2739384174346924,0.0,0.0,0.0,0.0,0.0,1.2739384174346924,226.0,0.08213814347982407,-1.2739384174346924,0.1888677477836609,0.07151734828948975,0.6429699063301086
19.335145950317383,122.8732681274414,1.888650894165039,0.0,0.49580671597828996,0.0,0.0,-0.027829347118865255,-0.49580671597828996,0.0,3.371714401245117,2.300285829816546,0.4213930070400238,0.0,0.0,0.17240257561206818,5.199748129643635,1.3136881589889526,0.0,0.0,0.0,0.0,0.0,1.3136881589889526,227.0,0.17240257561206818,-1.3136881589889526,0.20610234141349792,0.034554630517959595,0.8923131823539734
18.504192352294922,162.76820373535156,2.0609917640686035,0.0,0.0,0.0,0.0,0.23607026520588018,-0.0,0.0,3.4127142224993023,2.341285651070731,0.4557420015335083,0.0,0.0,2.2002525329589844,2.623002738274469,3.0,0.0,0.0,0.0,0.0,3.0,0.0,228.0,2.2002525329589844,3.0,0.42612141370773315,0.06343424320220947,0.908334493637085
19.11858367919922,149.02500915527344,4.2611165046691895,0.0,0.0,0.0,0.0,0.06355873286929302,-0.0,0.0,3.446428516932896,2.374999945504325,0.4292140007019043,0.0,0.0,4.599999904632568,0.7062080868677674,3.0,0.0,0.0,0.0,0.0,3.0,0.0,229.0,4.599999904632568,3.0,0.8950635194778442,0.35962051153182983,0.8194695711135864
19.74711799621582,137.9062042236328,8.86085033416748,0.0,0.0,0.0,0.0,0.35907012679882383,-0.0,0.0,3.468642861502511,2.39721429007394,0.42735400795936584,0.0,0.0,1.0935606956481934,3.9896677584721747,3.0,0.0,0.0,0.0,0.0,3.0,0.0,230.0,1.0935606956481934,3.0,0.9954380989074707,0.9474784731864929,0.3754766285419464
20.386676788330078,131.49464416503906,9.954113006591797,0.0,0.0,0.0,0.0,0.3778807995949188,-0.0,0.0,3.485857227870396,2.414428656441825,0.4101420044898987,0.0,0.0,0.02301355078816414,4.19867521737392,3.0,0.0,0.0,0.0,0.0,3.0,0.0,231.0,0.02301355078816414,3.0,0.9977096319198608,0.9879286289215088,0.4291178584098816
20.851682662963867,130.8234100341797,9.976827621459961,0.0,0.0,0.0,0.0,0.23019758146584574,-0.0,0.0,3.500214385986328,2.4287858145577568,0.42344900965690613,0.0,0.0,0.0,2.557750701904297,3.0,0.0,0.0,0.0,0.0,3.0,0.0,232.0,-4.599999904632568,3.0,0.9961333274841309,0.9944078922271729,0.8611778020858765
21.68671989440918,120.51297760009766,9.97652816772461,0.0,0.0,0.0,0.0,0.0,-0.0,0.0,3.4950713566371374,2.423642785208566,0.42343100905418396,0.0,0.0,0.0,0.0,2.9367189407348633,0.0,0.0,0.06328105926513672,0.0,3.0,0.0,233.0,-4.599999904632568,3.0,0.9818159937858582,0.9912700057029724,0.9121062755584717
22.519441604614258,112.31653594970703,9.91165828704834,0.0,0.0,0.0,0.0,0.0,-0.0,0.0,3.457642909458705,2.386214338030134,0.43129998445510864,0.10085403919219971,0.0,0.0,0.0,0.0,0.0,0.0,3.0,0.0,3.0,0.0,234.0,-4.599999904632568,3.0,0.9451743364334106,0.9288613796234131,0.35603421926498413
23.3353214263916,111.64530944824219,6.747319221496582,0.0,0.0,0.0,0.0,0.0,-0.0,0.0,3.4449999128069195,2.3735713413783484,0.0,0.7052639722824097,0.0,0.0,0.0,0.0,0.0,0.0,0.0,0.0,0.0,0.0,235.0,-4.599999904632568,0.0,0.8601514101028442,0.7782155275344849,0.14468079805374146
22.595260620117188,110.97408294677734,6.027481555938721,0.0,0.0,0.0,0.0,0.0,-0.0,0.0,3.4464999062674386,2.375071334838867,0.0,0.6709100008010864,0.0,0.0,0.0,0.0,0.0,0.0,1.1489484310150146,0.0,1.1489484310150146,0.0,236.0,-4.599999904632568,1.1489484310150146,0.7896347641944885,0.7261953949928284,0.048981428146362305
22.630962371826172,110.3028564453125,4.170358180999756,0.0,0.0,0.0,0.0,0.0,-0.0,0.0,3.431142752511161,2.3597141810825892,0.0,0.5575230121612549,0.0,0.0,0.0,0.0,0.0,0.0,0.0,0.0,0.0,0.0,237.0,-4.170233249664307,0.0,0.7822760939598083,0.6962626576423645,0.1382899284362793
22.254470825195312,75.13005065917969,3.601349115371704,0.0,0.0,0.0,0.0,0.0,-0.0,0.0,3.3908570970807754,2.3194285256522043,0.0,0.4691759943962097,0.0,0.0,0.0,0.0,0.0,0.0,3.0,0.0,3.0,0.0,238.0,-3.601241111755371,3.0,0.8295350670814514,0.8563574552536011,0.11900067329406738
23.22208023071289,57.50704574584961,0.06137184053659439,0.0,0.0,0.0,0.0,-0.10448022973608759,-0.0,0.0,3.358142798287528,2.2867142268589564,0.0,0.060142594107293945,0.34826741861472144,0.0,0.0,0.0,0.0,0.0,0.0,0.0,0.0,0.0,239.0,-0.06137000024318695,0.0,0.30790993571281433,0.7847126722335815,0.22575324773788452
22.66380500793457,56.8358154296875,1.847688622547139e-6,0.0,0.0,0.0,0.0,-0.6904478258072455,-0.0,0.0,3.3162857600620814,2.2448571886335102,0.0,0.0,0.3546009957790375,0.0,0.0,0.0,1.9468916654586792,0.0,0.0,0.0,1.9468916654586792,0.0,240.0,0.0,1.9468916654586792,0.37432920932769775,0.7784454226493835,0.22796761989593506
22.8922119140625,56.16458511352539,1.8476332570571685e-6,0.0,0.0,0.0,0.0,-0.13278501561423184,-0.0,0.0,3.2784284319196426,2.2069998604910714,0.0,0.0,0.27628400921821594,0.0,0.0,0.0,0.1663326919078827,0.0,0.0,0.0,0.0,0.1663326919078827,241.0,0.0,-0.1663326919078827,0.27040576934814453,0.605999231338501,0.26584652066230774
22.152151107788086,62.53352355957031,1.847577891567198e-6,0.0,0.0,0.0,0.0,-0.6394849584295326,-0.0,0.0,3.2526427132742746,2.181214141845703,0.0,0.0,0.24138900637626648,0.0,0.0,0.0,1.8902274370193481,0.0,0.0,0.0,1.8902274370193481,0.0,242.0,0.0,1.8902274370193481,0.3840542435646057,0.6668683290481567,0.23064476251602173
22.334325790405273,61.8622932434082,1.8475225260772277e-6,0.0,0.0,0.0,0.0,-0.0664260041286946,-0.0,0.0,3.2382144383021765,2.166785866873605,0.0,0.0,0.22142000496387482,0.0,0.0,0.0,0.0,0.0,0.0,0.0,0.0,0.0,243.0,0.0,0.0,0.3259908854961395,0.5433857440948486,0.20632612705230713
21.59426498413086,61.191062927246094,1.8474671605872572e-6,0.0,0.0,0.0,0.0,-0.061961703974473537,-0.0,0.0,3.240357208251953,2.1689286368233818,0.0,0.0,0.20653900504112244,0.0,0.0,0.0,0.0,0.0,0.0,0.0,0.0,0.0,244.0,0.0,0.0,0.33438634872436523,0.5051995515823364,0.17136150598526
20.854204177856445,60.519832611083984,1.8474117950972868e-6,0.0,0.0,0.0,0.0,-0.9602118396843196,-0.0,0.0,3.2369286128452845,2.1655000414167134,0.0,0.0,0.20070600509643555,0.0,0.0,0.0,3.0,0.0,0.0,0.0,3.0,0.0,245.0,0.0,3.0,0.4268754720687866,0.5045278072357178,0.25850653648376465
21.38897705078125,59.848602294921875,1.8473564296073164e-6,0.0,0.0,0.0,0.0,-0.10338605904126386,-0.0,0.0,3.2230000632149833,2.1515714917864117,0.0,0.0,0.21046000719070435,0.0,0.0,0.0,0.13416017591953278,0.0,0.0,0.0,0.0,0.13416017591953278,246.0,0.0,-0.13416017591953278,0.3720899224281311,0.5287044048309326,0.2794695198535919
20.467132568359375,64.71320343017578,1.847301064117346e-6,0.0,0.0,0.0,0.0,-0.9717405377523303,-0.0,0.0,3.2063570840018136,2.134928512573242,0.0,0.0,0.2391349971294403,0.0,0.0,0.0,3.0,0.0,0.0,0.0,3.0,0.0,247.0,0.0,3.0,0.3298643231391907,0.4987250864505768,0.2622219920158386
20.988147735595703,64.04197692871094,1.8472456986273755e-6,0.0,0.0,0.0,0.0,-0.10328190439072849,-0.0,0.0,3.204785701206752,2.133357129778181,0.0,0.0,0.34427300095558167,0.0,0.0,0.0,0.0,0.0,0.0,0.0,0.0,0.0,248.0,0.0,0.0,0.3460944592952728,0.26909685134887695,0.24711313843727112
20.429872512817383,63.37074661254883,1.847190333137405e-6,0.0,0.0,0.0,0.0,-0.05577982885757393,-0.0,0.0,3.255857140677316,2.1844285692487446,0.39383500814437866,0.0,0.0,0.0,0.0,1.0435149669647217,0.18593275547027588,0.0,0.0,0.0,0.0,1.2294477224349976,249.0,1.1191649436950684,-1.2294477224349976,0.18698731064796448,0.06691557168960571,0.37339574098587036
20.053380966186523,79.74140167236328,1.8471349676474347e-6,0.0,0.0,0.0,0.0,-0.09550173662113082,-0.0,0.0,3.3577141898018974,2.286285618373326,0.4058389961719513,0.0,0.0,0.0,0.0,2.6816608905792236,0.31833910942077637,0.0,0.0,0.0,0.0,3.0,250.0,1.7562075853347778,-3.0,0.17561793327331543,0.0009095072746276855,0.9996307492256165
19.495073318481445,105.12427520751953,1.8470796021574643e-6,0.0,0.0,0.0,0.0,0.13101784307348066,-0.0,0.0,3.4764286586216517,2.4050000871930806,0.4112839996814728,0.0,0.0,0.6138370633125305,1.4557536962346513,2.1102981567382812,0.0,0.0,0.0,0.0,0.0,2.1102981567382812,251.0,0.6138370633125305,-2.1102981567382812,0.06138089299201965,0.015583604574203491,0.8926758170127869
19.027690887451172,162.82620239257812,0.613820493221283,0.0,0.0,0.0,0.0,0.14614587633058418,-0.0,0.0,3.627857153756278,2.5564285823277064,1.0242329835891724,0.0,0.0,0.675431489944458,1.6238429412883795,1.1847087144851685,0.0,0.0,0.0,0.0,1.1847087144851685,0.0,252.0,0.675431489944458,1.1847087144851685,0.12892219424247742,0.041105955839157104,0.7388691902160645
19.205514907836914,140.82334899902344,1.2892132997512817,0.0,0.0,0.0,0.0,0.0,-0.0,0.0,3.755714225769043,2.6842857905796595,0.4126780033111572,0.0,0.0,1.7866040100682312,0.0,2.4971566200256348,0.0,0.0,0.0,0.0,2.4971566200256348,0.0,253.0,2.2216410636901855,2.4971566200256348,0.3510824143886566,0.19252771139144897,0.7985337376594543
19.962623596191406,140.15211486816406,3.0757250785827637,0.0,0.0,0.0,0.0,-0.037546207012582045,-0.0,0.0,3.811357171194894,2.7399285997663227,0.42735400795936584,0.0,0.0,0.0,0.0,2.8748459815979004,0.1251540184020996,0.0,0.0,0.0,3.0,0.0,254.0,3.0486459732055664,3.0,0.7022862434387207,0.830894410610199,0.9678800106048584
21.392650604248047,139.4808807373047,3.0756328105926514,0.0,0.0,0.0,0.0,-0.35756758680214773,-0.0,0.0,3.824428503853934,2.7529999324253627,0.4101420044898987,0.0,0.0,0.0,0.0,1.8081080913543701,1.1918919086456299,0.0,0.0,0.0,3.0,0.0,255.0,1.9248580932617188,3.0,0.6993018984794617,0.8207951784133911,0.8836908936500549
22.555368423461914,127.12701416015625,3.075540542602539,0.0,0.0,0.0,0.0,-0.06082016471307128,-0.0,0.0,3.8100714819771904,2.738642774309431,0.42344900965690613,0.0,0.0,0.0,0.0,0.779250979423523,0.2027338743209839,0.0,0.0,0.0,0.0,0.9819848537445068,256.0,0.8425509929656982,-0.9819848537445068,0.8190207481384277,0.9350277185440063,0.9877074360847473
22.178876876831055,178.03126525878906,3.0754482746124268,0.0,0.0,0.0,0.0,-0.0010593027297378654,-0.0,0.0,3.770428603036063,2.6989998953683036,0.41990000009536743,0.0,0.0035310089588165283,0.0,0.0,0.0,0.0,0.0,0.0,0.0,0.0,0.0,257.0,0.018568992614746094,0.0,0.8353686332702637,0.5321739315986633,0.5801163911819458
21.620601654052734,177.3600311279297,3.0753560066223145,0.0,0.0,0.0,0.0,0.0,-0.0,0.0,3.728285734994071,2.6568570273263115,0.013300000689923763,0.518854022026062,0.0,0.0,0.0,0.0,0.0,0.0,1.4008734226226807,0.0,1.4008734226226807,0.0,258.0,-3.075263738632202,1.4008734226226807,0.8364093899726868,0.6418678164482117,0.5475899577140808
22.20932388305664,168.45770263671875,1.1164170503616333,0.0,0.0,0.0,0.0,-0.7377500612585324,-0.0,0.0,3.7198571613856726,2.648428453717913,0.0,0.7052639722824097,0.0,0.0,0.0,0.0,2.4591667731432665,0.0,0.3887917916150343,0.0,2.847958564758301,0.0,259.0,-1.1163835525512695,2.847958564758301,0.4548385739326477,0.7389615774154663,0.05101025104522705
22.694793701171875,167.78646850585938,3.3638531022006646e-5,0.0,0.0,0.0,0.0,-0.20127300823819638,-0.0,0.0,3.7243571417672294,2.652928706577846,0.0,0.0,0.6709100008010864,0.0,0.0,0.0,0.0,0.0,0.0,0.0,0.0,0.0,260.0,0.0,0.0,0.4757344722747803,0.31556984782218933,0.14350125193595886
22.318302154541016,167.115234375,3.363752330187708e-5,0.0,0.0,0.0,0.0,-0.16725691029456868,-0.0,0.0,3.698357118879046,2.626928547450474,0.0,0.0,0.5575230121612549,0.0,0.0,0.0,0.0,0.0,0.0,0.0,0.0,0.0,261.0,0.0,0.0,0.46807000041007996,0.6020486354827881,0.1443532109260559
21.760026931762695,151.46270751953125,3.363651558174752e-5,0.0,0.0,0.0,0.0,-0.6580226980854142,-0.0,0.0,3.667785726274763,2.5963570186070033,0.0,0.0,0.4691759943962097,0.0,0.0,0.0,1.7242329120635986,0.0,0.0,0.0,1.7242329120635986,0.0,262.0,0.0,1.7242329120635986,0.5322962999343872,0.6664339303970337,0.12449705600738525
22.3321533203125,150.79147338867188,3.363550786161795e-5,0.0,0.0,0.0,0.0,-0.12252300868523136,-0.0,0.0,3.6439999989100866,2.572571563720703,0.0,0.0,0.4084100127220154,0.0,0.0,0.0,0.0,0.0,0.0,0.0,0.0,0.0,263.0,0.0,0.0,0.3675100803375244,0.5723312497138977,0.13537168502807617
21.77387809753418,150.1202392578125,3.363450014148839e-5,0.0,0.0,0.0,0.0,-0.4254898747003022,-0.0,0.0,3.632357134137835,2.5609285627092633,0.0,0.0,0.3546009957790375,0.0,0.0,0.0,1.0636985301971436,0.0,0.0,0.0,1.0636985301971436,0.0,264.0,0.0,1.0636985301971436,0.4990517795085907,0.5590355396270752,0.11702007055282593
21.795162200927734,112.10782623291016,3.3633492421358824e-5,0.0,0.0,0.0,0.0,-0.08288520605902683,-0.0,0.0,3.6307857513427733,2.559357179914202,0.0,0.0,0.27628400921821594,0.0,0.0,0.0,0.0,0.0,0.0,0.0,0.0,0.0,265.0,0.0,0.0,0.5097511410713196,0.3373338580131531,0.4404319226741791
21.236886978149414,59.4785041809082,3.363248470122926e-5,0.0,0.0,0.0,0.0,-0.9727752401540757,-0.0,0.0,3.044142804827009,1.9727142333984373,0.0,0.0,0.2425840049982071,0.0,0.0,0.0,3.0,0.0,0.0,0.0,3.0,0.0,266.0,0.0,3.0,0.4289953410625458,0.6130926609039307,0.1812448501586914
22.04847526550293,58.807273864746094,3.3631476981099695e-5,0.0,0.0,0.0,0.0,-0.06676290300539733,-0.0,0.0,3.0372142246791296,1.965785653250558,0.0,0.0,0.22254300117492676,0.0,0.0,0.0,0.0,0.0,0.0,0.0,0.0,0.0,267.0,0.0,0.0,0.27405208349227905,0.4934957027435303,0.12986528873443604
21.580577850341797,58.136043548583984,3.363046926097013e-5,0.0,0.0,0.0,0.0,-0.062288401515817604,-0.0,0.0,3.046642793927874,1.9752142224993023,0.0,0.0,0.20762799680233002,0.0,0.0,0.0,0.0,0.0,0.0,0.0,0.0,0.0,268.0,0.0,0.0,0.27240946888923645,0.4546874761581421,0.15964311361312866
21.022302627563477,57.464813232421875,3.3629461540840566e-5,0.0,0.0,0.0,0.0,-0.16733735868681876,-0.0,0.0,3.043214198521205,1.971785627092634,0.0,0.0,0.20176100730895996,0.0,0.0,0.0,0.3560301661491394,0.0,0.0,0.0,0.0,0.3560301661491394,269.0,0.0,-0.3560301661491394,0.42060521245002747,0.484744131565094,0.3141171634197235
20.100971221923828,70.25682830810547,3.3628453820711e-5,0.0,0.0,0.0,0.0,-0.9634503389775873,-0.0,0.0,3.049357223510742,1.9779286520821708,0.0,0.0,0.21150100231170654,0.0,0.0,0.0,3.0,0.0,0.0,0.0,3.0,0.0,270.0,0.0,3.0,0.378677099943161,0.38549357652664185,0.3334277272224426
20.55133628845215,62.06170654296875,3.362744610058144e-5,0.0,0.0,0.0,0.0,-0.9720015390515924,-0.0,0.0,3.0551427568708145,1.9837141854422433,0.0,0.0,0.2400050014257431,0.0,0.0,0.0,3.0,0.0,0.0,0.0,3.0,0.0,271.0,0.0,3.0,0.38758522272109985,0.6182734966278076,0.29912570118904114
20.822521209716797,61.39047622680664,3.362643838045187e-5,0.0,0.0,0.0,0.0,-0.7958209950058048,-0.0,0.0,3.0671427045549664,1.9957141331263952,0.0,0.0,0.3449360132217407,0.0,0.0,0.0,2.307800531387329,0.0,0.0,0.0,2.307800531387329,0.0,272.0,0.0,2.307800531387329,0.3356197774410248,0.4287431538105011,0.28293904662132263
21.143699645996094,54.81796646118164,3.362543066032231e-5,0.0,0.0,0.0,0.0,-0.05307690414098509,-0.0,0.0,3.106642804827009,2.0352142333984373,0.25270000100135803,0.0,0.176923006772995,0.0,0.0,0.0,0.0,0.0,0.0,0.0,0.0,0.0,273.0,0.0,0.0,0.45363950729370117,0.2791783809661865,0.16831183433532715
20.585424423217773,49.18793869018555,3.3624422940192744e-5,0.0,0.0,0.0,0.0,0.0,-0.0,0.0,3.1550714765276227,2.0836429050990515,0.6458380222320557,0.0,0.0,0.17332470635150798,0.0,0.0,0.0,0.0,0.0,0.0,0.0,0.0,274.0,0.22016197443008423,0.0,0.3305984139442444,0.13252854347229004,0.17353546619415283
20.117870330810547,20.548444747924805,0.1733531355857849,0.0,0.0,0.0,0.0,-0.49239147473937095,-0.0,0.0,3.2325714111328123,2.161142839704241,0.7683550119400024,0.0,0.0,0.0,0.0,1.358695149421692,1.641304850578308,0.0,0.0,0.0,0.0,3.0,275.0,1.4706450700759888,-3.0,0.27417218685150146,0.014374971389770508,0.9907333850860596
19.742019653320312,95.31932830810547,0.17334793508052826,0.0,0.0,0.0,0.0,0.053809576898933786,-0.0,0.0,3.34514285496303,2.2737142835344586,0.39886701107025146,0.0,0.0,1.8885691165924072,0.5978841402503676,1.1943873167037964,0.0,0.0,0.0,0.0,0.0,1.1943873167037964,276.0,1.8885691165924072,-1.1943873167037964,0.20618870854377747,0.08981090784072876,0.7920725345611572
19.457231521606445,146.7296905517578,2.0618553161621094,0.0,0.0,0.0,0.0,0.0,-0.0,0.0,3.4364285605294365,2.364999989100865,0.4125719964504242,0.0,0.0,3.277882563491403,0.0,3.0,0.0,0.0,0.0,0.0,3.0,0.0,277.0,4.599999904632568,3.0,0.8090337514877319,0.5868052840232849,0.9782335758209229
20.71854019165039,146.05845642089844,5.339577674865723,0.0,0.0,0.0,0.0,0.0,-0.0,0.0,3.4927858080182754,2.4213572365897043,0.4273020029067993,0.0,0.0,3.809943816904024,0.0,3.0,0.0,0.0,0.0,0.0,3.0,0.0,278.0,4.561376094818115,3.0,0.990092396736145,0.9835385084152222,0.9479016661643982
21.732017517089844,145.38722229003906,9.149247169494629,0.0,0.0,0.0,0.0,0.16335894533120957,-0.0,0.0,3.530999946594238,2.459571511404855,0.41009700298309326,0.0,0.0,0.8190874457359314,1.8150992483178645,3.0,0.0,0.0,0.0,0.0,3.0,0.0,279.0,0.8190874457359314,3.0,0.9968304634094238,0.9997793436050415,0.9965136051177979
22.944477081298828,144.7159881591797,9.968035697937012,0.0,0.0,0.0,0.0,0.2569324965820695,-0.0,0.0,3.559571484157017,2.4881427764892576,0.42232099175453186,0.0,0.0,0.0,2.854805290699005,0.7527737021446228,0.0,0.0,0.0,0.0,0.0,0.7527737021446228,280.0,-4.599999904632568,-0.7527737021446228,0.9930943250656128,0.9999712705612183,0.9997951984405518
22.56798553466797,179.96530151367188,9.967737197875977,0.0,0.0,0.0,0.0,0.0,-0.0,0.0,3.5599285670689174,2.488499995640346,0.417385995388031,0.0,0.0,0.0,0.0,1.8208138942718506,0.0,0.0,1.1791861057281494,0.0,3.0,0.0,281.0,-4.599999904632568,3.0,0.9878519177436829,0.9996578693389893,0.9994272589683533
23.7934627532959,179.2940673828125,8.764223098754883,0.0,0.0,0.0,0.0,-0.21470436710931295,-0.0,0.0,3.5241428920200892,2.452714320591518,0.5168240070343018,0.0,0.0,0.0,0.0,0.04177600145339966,0.7156811952590942,0.0,0.0,0.0,0.7574571967124939,0.0,282.0,0.07117599248886108,0.7574571967124939,0.9918348789215088,0.9998362064361572,0.9999487400054932
23.999164581298828,178.62283325195312,8.763959884643555,0.0,0.0,0.0,0.0,0.0,-0.0,0.0,3.447214344569615,2.3757857731410437,0.0,0.6819890141487122,0.0,0.0,0.0,0.0,0.0,0.0,0.0,0.0,0.0,0.0,283.0,-4.599999904632568,0.0,0.9750208854675293,0.9065605401992798,0.9114193916320801
23.440889358520508,177.95159912109375,8.067811012268066,0.0,0.0,0.0,0.0,0.0,-0.0,0.0,3.4057142530168805,2.3342856815883093,0.0,0.6540570259094238,0.0,0.0,0.0,0.0,0.0,0.0,0.0,0.0,0.0,0.0,284.0,-4.599999904632568,0.0,0.9325437545776367,0.5561090707778931,0.29114630818367004
22.882614135742188,169.7551727294922,7.400184154510498,0.0,0.0,0.0,0.0,0.0,-0.0,0.0,3.373857171194894,2.3024285997663227,0.0,0.5621299743652344,0.0,0.0,0.0,0.0,0.0,0.0,0.0,0.0,0.0,0.0,285.0,-4.599999904632568,0.0,0.9208802580833435,0.47315722703933716,0.17977625131607056
22.506122589111328,169.0839385986328,6.8263773918151855,0.0,0.0,0.0,0.0,0.0,-0.0,0.0,3.3535714285714286,2.282142857142857,0.0,0.49087101221084595,0.0,0.0,0.0,0.0,0.0,0.0,0.0,0.0,0.0,0.0,286.0,-4.599999904632568,0.0,0.8932064175605774,0.4063633680343628,0.13858658075332642
22.12963104248047,160.54200744628906,6.32529878616333,0.0,0.0,0.0,0.0,0.0,-0.0,0.0,3.3505000523158484,2.2790714808872767,0.0,0.4296489953994751,0.0,0.0,0.0,0.0,0.0,0.0,0.0,0.0,0.0,0.0,287.0,-4.599999904632568,0.0,0.9041850566864014,0.44084712862968445,0.09419453144073486
21.57135581970215,159.8707733154297,5.886704921722412,0.0,0.0,0.0,0.0,0.0,-0.0,0.0,3.341500091552734,2.270071520124163,0.0,0.3728249967098236,0.0,0.0,0.0,0.0,0.0,0.0,1.4215055704116821,0.0,1.4215055704116821,0.0,288.0,-4.599999904632568,1.4215055704116821,0.9480950236320496,0.6178318858146667,0.06581839919090271
22.089143753051758,149.8419647216797,4.055634021759033,0.0,0.0,0.0,0.0,0.0,-0.0,0.0,3.298500006539481,2.2270714351109095,0.0,0.2775129973888397,0.0,0.0,0.0,0.0,0.0,0.0,0.0,0.0,0.0,0.0,289.0,-4.055512428283691,0.0,0.905353844165802,0.5455597639083862,0.1293615698814392
21.530868530273438,149.1707305908203,3.7723443508148193,0.0,0.0,0.0,0.0,0.0,-0.0,0.0,3.258714348929269,2.1872857775006977,0.0,0.2425840049982071,0.0,0.0,0.0,0.0,0.0,0.0,1.7174774408340454,0.0,1.7174774408340454,0.0,290.0,-3.772231340408325,1.7174774408340454,0.9033406972885132,0.5987814664840698,0.06376504898071289
21.993892669677734,148.49949645996094,1.7722285985946655,0.0,0.0,0.0,0.0,0.0,-0.0,0.0,3.2312858581542967,2.1598572867257255,0.0,0.22254300117492676,0.0,0.0,0.0,0.0,0.0,0.0,0.0,0.0,0.0,0.0,291.0,-1.7721754312515259,0.0,0.6318843960762024,0.30932825803756714,0.10160374641418457
21.617401123046875,134.45848083496094,1.5450975894927979,0.0,0.0,0.0,0.0,0.0,-0.0,0.0,3.207571520124163,2.1361429486955914,0.0,0.20762799680233002,0.0,0.0,0.0,0.0,0.0,0.0,0.0,0.0,0.0,0.0,292.0,-1.5450512170791626,0.0,0.560407280921936,0.2309589982032776,0.0818777084350586
21.240909576416016,133.78724670410156,1.3331923484802246,0.0,0.0,0.0,0.0,0.0,-0.0,0.0,3.174857221330915,2.1034286499023436,0.0,0.20176100730895996,0.0,0.0,0.0,0.0,0.0,0.0,0.0,0.0,0.0,0.0,293.0,-1.333152413368225,0.0,0.49498942494392395,0.12383505702018738,0.09550929069519043
21.04620361328125,133.1160125732422,1.1272799968719482,0.0,0.0,0.0,0.0,0.0,-0.0,0.0,3.1281429835728236,2.0567144121442524,0.0,0.21150100231170654,0.0,0.0,0.0,0.0,0.0,0.0,0.0,0.0,0.0,0.0,294.0,-1.1272461414337158,0.0,0.4478791058063507,0.17808377742767334,0.20536106824874878
20.48792839050293,132.4447784423828,0.9114353060722351,0.0,0.0,0.0,0.0,0.0,-0.0,0.0,3.075214331490653,2.0037857600620814,0.0,0.2400050014257431,0.0,0.0,0.0,0.0,0.0,0.0,0.0,0.0,0.0,0.0,295.0,-0.911408007144928,0.0,0.5263223052024841,0.043216317892074585,0.24054673314094543
20.293222427368164,131.77354431152344,0.6665122509002686,0.0,0.0,0.0,0.0,-0.6202094445795528,-0.0,0.0,3.018428475516183,1.9469999040876118,0.06460000574588776,0.28033602237701416,0.0,0.0,0.0,0.0,2.0673647331154825,0.0,0.3728262973868368,0.0,2.4401910305023193,0.0,296.0,-0.6664922833442688,2.4401910305023193,0.5138400197029114,0.33160191774368286,0.23036903142929077
20.65799331665039,123.57710266113281,2.010024581977632e-5,0.0,0.0,0.0,0.0,0.0,-0.0,0.0,3.0297142573765345,1.9582856859479634,0.39451301097869873,0.0,0.0,2.0069782170855888,0.0,0.0,0.0,0.0,0.0,0.0,0.0,0.0,297.0,2.1764869689941406,0.0,0.7098641395568848,0.004470556974411011,0.129445880651474
20.554149627685547,122.90587615966797,2.0069382190704346,0.0,0.0,0.0,0.0,0.2551880037933976,-0.0,0.0,3.0860001155308314,2.0145715441022602,0.4468280076980591,0.0,0.0,0.0,2.8354220390319824,0.0,0.0,0.0,0.0,0.0,0.0,0.0,298.0,-2.006878137588501,0.0,0.19928863644599915,0.05015125870704651,0.5131374001502991
20.209566116333008,79.77715301513672,2.006878137588501,0.0,0.0,0.0,0.0,-0.09821520241956705,-0.0,0.0,3.1110713958740233,2.039642824445452,0.41108399629592896,0.0,0.0,0.0,0.0,2.6726160049438477,0.32738399505615234,0.0,0.0,0.0,0.0,3.0,299.0,0.4342455565929413,-3.0,0.2441093623638153,0.014002293348312378,0.968222975730896
19.956260681152344,135.97622680664062,2.0068180561065674,0.0,0.0,0.0,0.0,0.0,-0.0,0.0,3.1169285910470146,2.045500019618443,0.39886701107025146,0.0,0.0,2.167348829967125,0.0,1.213302493095398,0.0,0.0,0.0,0.0,1.213302493095398,0.0,300.0,2.6872708797454834,1.213302493095398,0.4694058895111084,0.24172639846801758,0.6510658264160156
20.208616256713867,135.30499267578125,4.174041748046875,0.0,0.0,0.0,0.0,0.0,-0.0,0.0,3.128071321759905,2.0566427503313336,0.4125719964504242,0.0,0.0,1.5909107422519355,0.0,3.0,0.0,0.0,0.0,0.0,3.0,0.0,301.0,4.599999904632568,3.0,0.8777329921722412,0.8534693717956543,0.8425502777099609
21.271547317504883,134.63375854492188,5.764779567718506,0.0,0.0,0.0,0.0,0.0,-0.0,0.0,3.1485001155308314,2.0770715441022602,0.4273020029067993,0.0,0.0,3.693569188479387,0.0,3.0,0.0,0.0,0.0,0.0,3.0,0.0,302.0,4.18914794921875,3.0,0.9953896999359131,0.9975874423980713,0.9898021817207336
22.49565315246582,133.9625244140625,9.458065032958984,0.0,0.0,0.0,0.0,0.33549633844831495,-0.0,0.0,3.1568570273263115,2.08542845589774,0.41009700298309326,0.0,0.0,0.5385746359825134,3.7277367976162568,3.0,0.0,0.0,0.0,0.0,3.0,0.0,303.0,0.5385746359825134,3.0,0.9996609687805176,0.999984622001648,0.9997596740722656
23.815414428710938,133.29129028320312,9.996339797973633,0.0,0.0,0.0,0.0,0.4592816276774089,-0.0,0.0,3.13721433367048,2.0657857622419087,0.42232099175453186,0.0,0.0,0.0,5.103128790855408,1.320250153541565,0.0,0.0,0.0,0.0,0.0,1.320250153541565,304.0,0.0010094235185533762,-1.320250153541565,0.9997318983078003,0.9999963045120239,0.9999606609344482
23.531307220458984,179.99179077148438,9.996040344238281,0.0,0.0,0.0,0.0,0.20461443381424121,-0.0,0.0,3.082214300973075,2.0107857295445033,0.417385995388031,0.0,0.0,0.0,2.273493528366089,1.825420618057251,0.0,0.0,0.0,0.0,1.825420618057251,0.0,305.0,-4.599999904632568,1.825420618057251,0.9967588186264038,0.9999531507492065,0.9999327659606934
23.9997501373291,166.52346801757812,9.99574089050293,0.0,0.0,0.0,0.0,0.04671472384251921,-0.0,0.0,2.9904285975864955,1.9190000261579243,0.5168240070343018,0.0,0.0,0.0,0.5190524458885193,0.3786734938621521,0.0,0.0,0.0,0.0,0.0,0.3786734938621521,306.0,-4.599999904632568,-0.3786734938621521,0.9928146600723267,0.9981099963188171,0.9986894130706787
23.532865524291992,179.78839111328125,9.995441436767578,0.0,0.0,0.0,0.0,0.0,-0.0,0.0,2.875999941144671,1.8045713697160992,0.0,0.6819890141487122,0.0,0.0,0.0,0.0,0.0,0.0,1.028327226638794,0.0,1.028327226638794,0.0,307.0,-4.599999904632568,1.028327226638794,0.9865868091583252,0.920194149017334,0.9148308038711548
23.600955963134766,179.11715698242188,8.24997329711914,0.0,0.0,0.0,0.0,0.0,-0.0,0.0,2.78692866734096,1.7155000959123887,0.0,0.6540570259094238,0.0,0.0,0.0,0.0,0.0,0.0,0.0,0.0,0.0,0.0,308.0,-4.599999904632568,0.0,0.9378385543823242,0.37906020879745483,0.2598276734352112
23.043193817138672,156.5854949951172,7.582340717315674,0.0,0.0,0.0,0.0,0.0,-0.0,0.0,2.7163573128836496,1.644928741455078,0.0,0.5621299743652344,0.0,0.0,0.0,0.0,0.0,0.0,0.0,0.0,0.0,0.0,309.0,-4.599999904632568,0.0,0.8765175342559814,0.3148344159126282,0.1293848156929016
22.303133010864258,135.21559143066406,7.008528709411621,0.0,0.0,0.0,0.0,0.0,-0.0,0.0,2.658071463448661,1.5866428920200892,0.0,0.49087101221084595,0.0,0.0,0.0,0.0,0.0,0.0,0.0,0.0,0.0,0.0,310.0,-4.599999904632568,0.0,0.8917995691299438,0.4310934245586395,0.0898018479347229
21.563072204589844,134.5443572998047,6.507444858551025,0.0,0.0,0.0,0.0,0.0,-0.0,0.0,2.6112858363560267,1.5398572649274556,0.0,0.4296489953994751,0.0,0.0,0.0,0.0,0.0,0.0,2.62203311920166,0.0,2.62203311920166,0.0,311.0,-4.599999904632568,2.62203311920166,0.8841841220855713,0.5336548686027527,0.08904683589935303
21.668258666992188,133.8731231689453,3.3933818340301514,0.0,0.0,0.0,0.0,0.0,-0.0,0.0,2.573357118879046,1.5019285474504747,0.0,0.3728249967098236,0.0,0.0,0.0,0.0,0.0,0.0,0.0,0.0,0.0,0.0,312.0,-3.393280029296875,0.0,0.785761296749115,0.4287746548652649,0.3140835762023926
20.746414184570312,123.78665161132812,3.0128579139709473,0.0,0.0,0.0,0.0,-0.09750029206034393,-0.0,0.0,2.536785616193499,1.4653570447649278,0.0,0.2775129973888397,0.0,0.0,0.0,0.0,0.32500096062010186,0.0,2.674999039379898,0.0,3.0,0.0,313.0,-3.0127675533294678,3.0,0.7680473327636719,0.4343869686126709,0.19878798723220825
21.147907257080078,123.11542510986328,9.058543218998238e-5,0.0,0.0,0.0,0.0,-0.07277520439128882,-0.0,0.0,2.495999962942941,1.4245713915143696,0.0,0.0,0.2425840049982071,0.0,0.0,0.0,0.0,0.0,0.0,0.0,0.0,0.0,314.0,0.0,0.0,0.28841277956962585,0.3735979497432709,0.2740590572357178
20.589632034301758,122.44419860839844,9.05827182577923e-5,0.0,0.0,0.0,0.0,-0.8651504145125699,-0.0,0.0,2.45307126726423,1.3816426958356587,0.0,0.0,0.22254300117492676,0.0,0.0,0.0,2.6612915992736816,0.0,0.0,0.0,2.6612915992736816,0.0,315.0,0.0,2.6612915992736816,0.32208043336868286,0.3294103741645813,0.41545969247817993
20.647037506103516,121.7729721069336,9.05800043256022e-5,0.0,0.0,0.0,0.0,-0.062288401515817604,-0.0,0.0,2.4102142333984373,1.3387856619698661,0.0,0.0,0.20762799680233002,0.0,0.0,0.0,0.0,0.0,0.0,0.0,0.0,0.0,316.0,0.0,0.0,0.2702438235282898,0.195365309715271,0.27573439478874207
20.088762283325195,121.10174560546875,9.057729039341211e-5,0.0,0.0,0.0,0.0,-0.06052830459786662,-0.0,0.0,2.3700716291155133,1.2986430576869417,0.0,0.0,0.20176100730895996,0.0,0.0,0.0,0.0,0.0,0.0,0.0,0.0,0.0,317.0,0.0,0.0,0.28947722911834717,0.19711780548095703,0.27005714178085327
19.499990463256836,120.4305191040039,9.057457646122202e-5,0.0,0.0,0.0,0.0,-0.9634503389775873,-0.0,0.0,2.3331429072788783,1.2617143358503071,0.0,0.0,0.21150100231170654,0.0,0.0,0.0,3.0,0.0,0.0,0.0,3.0,0.0,318.0,0.0,3.0,0.2953316569328308,0.2358120083808899,0.27354127168655396
19.90142250061035,119.75929260253906,9.057186252903193e-5,0.0,0.0,0.0,0.0,-0.9720015390515924,-0.0,0.0,2.2972855704171318,1.2258569989885606,0.0,0.0,0.2400050014257431,0.0,0.0,0.0,3.0,0.0,0.0,0.0,3.0,0.0,319.0,0.0,3.0,0.2572352886199951,0.39977818727493286,0.2659284472465515
20.195140838623047,119.08806610107422,9.056914859684184e-5,0.0,0.0,0.0,0.0,-0.9345108403567792,-0.0,0.0,2.2675712585449217,1.1961426871163505,0.22990000247955322,0.0,0.1150360107421875,0.0,0.0,0.0,3.0,0.0,0.0,0.0,3.0,0.0,320.0,0.0,3.0,0.23802080750465393,0.6275317072868347,0.30202123522758484
20.293703079223633,118.41683959960938,9.056643466465175e-5,0.0,0.0,0.0,0.0,0.09158076392734914,-0.0,0.0,2.320714351109096,1.249285779680525,0.39451301097869873,0.0,0.0,2.2945454120635986,1.017563962768493,0.0,0.0,0.0,0.0,0.0,0.0,0.0,321.0,2.2945454120635986,0.0,0.22946059703826904,0.09237909317016602,0.14340710639953613
19.917211532592773,117.74561309814453,2.294567108154297,0.0,0.0,0.0,0.0,0.28896707391990617,-0.0,0.0,2.420428630283901,1.3490000588553297,0.40608200430870056,0.0,0.0,1.8149657249450684,3.2107450106096422,1.1032671928405762,0.0,0.0,0.0,0.0,0.0,1.1032671928405762,322.0,1.8149657249450684,-1.1032671928405762,0.41095030307769775,0.1624351143836975,0.78217613697052
19.540206909179688,145.14625549316406,4.109409809112549,0.0,0.0,0.0,0.0,0.3145955985689917,-0.0,0.0,2.5118571145193918,1.4404285430908201,0.41108399629592896,0.0,0.0,3.6128273010253906,3.4955063729686815,0.9986507892608643,0.0,0.0,0.0,0.0,0.9986507892608643,0.0,323.0,3.6128273010253906,0.9986507892608643,0.7722207307815552,0.18081706762313843,0.9376063346862793
19.904069900512695,112.55455780029297,7.722005367279053,0.0,0.0,0.0,0.0,0.3453038066511481,-0.0,0.0,2.608285849434989,1.5368572780064174,0.39886701107025146,0.0,0.0,2.2191362380981445,3.83670865787632,3.0,0.0,0.0,0.0,0.0,3.0,0.0,324.0,2.2191362380981445,3.0,0.994111180305481,0.9307376146316528,0.6330699324607849
21.066864013671875,107.68865966796875,9.94084358215332,0.0,0.0,0.0,0.0,0.5431864675415342,-0.0,0.0,2.7046429225376674,1.6332143511090962,0.4125719964504242,0.0,0.0,0.05098291113972664,6.035404715255054,3.0,0.0,0.0,0.0,0.0,3.0,0.0,325.0,0.05098291113972664,3.0,0.9991796016693115,0.9969809055328369,0.8448282480239868
22.273019790649414,94.57551574707031,9.99152660369873,0.0,0.0,0.0,0.0,0.585152696383211,-0.0,0.0,2.8037144252232142,1.732285853794643,0.4273020029067993,0.0,0.0,0.0,6.5016961097717285,2.5710015296936035,0.0,0.0,0.0,0.0,0.0,2.5710015296936035,326.0,0.007408578414469957,-2.5710015296936035,0.9998905658721924,0.9999513626098633,0.995746374130249
22.263084411621094,179.3175048828125,9.991227149963379,0.0,0.0,0.0,0.0,0.5205603345680478,-0.0,0.0,2.8894284929547993,1.8179999215262277,0.41009700298309326,0.0,0.0,0.0,5.784003257751465,3.0,0.0,0.0,0.0,0.0,3.0,0.0,327.0,0.007868248969316483,3.0,0.9999065399169922,0.9999934434890747,0.9999021291732788
23.553396224975586,178.64627075195312,9.990927696228027,0.0,0.0,0.0,0.0,0.5151340536383011,-0.0,0.0,2.9427857535226005,1.871357182094029,0.42232099175453186,0.0,0.0,0.0,5.723711252212524,1.4482676982879639,0.0,0.0,0.0,0.0,1.4482676982879639,0.0,328.0,0.00756307365372777,1.4482676982879639,0.9998460412025452,0.9999983310699463,0.9999861717224121
23.999977111816406,177.97503662109375,9.990628242492676,0.0,0.0,0.0,0.0,0.4249985667565299,-0.0,0.0,2.9454999106270927,1.874071339198521,0.417385995388031,0.0,0.0,0.0,4.722205922007561,0.07495804131031036,0.0,0.0,0.0,0.0,0.0,0.07495804131031036,329.0,-4.599999904632568,-0.07495804131031036,0.9989960789680481,0.9999992847442627,0.9999986290931702
23.99003791809082,179.99786376953125,9.990328788757324,0.0,0.0,0.0,0.0,0.13363587633110033,-0.0,0.0,2.8884998866489955,1.8170713152204243,0.5168240070343018,0.0,0.0,0.0,1.4848429523408413,0.050333086401224136,0.0,0.0,0.0,0.0,0.050333086401224136,0.0,330.0,-4.599999904632568,0.050333086401224136,0.9950634241104126,0.9999861717224121,0.9999967813491821
23.999916076660156,179.32662963867188,9.990029335021973,0.0,0.0,0.0,0.0,0.0,-0.0,0.0,2.763928495134626,1.6924999237060545,0.0,0.6819890141487122,0.0,0.0,0.0,0.0,0.0,0.0,0.3028011918067932,0.0,0.0,0.3028011918067932,331.0,-4.599999904632568,-0.3028011918067932,0.9947044849395752,0.9911065101623535,0.9982059001922607
23.80620002746582,179.71102905273438,8.984871864318848,0.0,0.0,0.0,0.0,0.0,-0.0,0.0,2.690857151576451,1.6194285801478792,0.0,0.6540570259094238,0.0,0.0,0.0,0.0,0.0,0.0,0.3351479470729828,0.0,0.3351479470729828,0.0,332.0,-4.599999904632568,0.3351479470729828,0.9952340126037598,0.9861100912094116,0.996889591217041
23.93053436279297,179.039794921875,7.9752397537231445,0.0,0.0,0.0,0.0,0.0,-0.0,0.0,2.636714335850307,1.565285764421736,0.0,0.5621299743652344,0.0,0.0,0.0,0.0,0.0,0.0,0.0,0.0,0.0,0.0,333.0,-4.599999904632568,0.0,0.9914972186088562,0.8785669803619385,0.9826366901397705
23.918603897094727,161.73638916015625,7.401415824890137,0.0,0.0,0.0,0.0,0.0,-0.0,0.0,2.5868570600237164,1.5154284885951448,0.0,0.49087101221084595,0.0,0.0,0.0,0.0,0.0,0.0,0.38715896010398865,0.0,0.0,0.38715896010398865,334.0,-4.599999904632568,-0.38715896010398865,0.9934810400009155,0.6753569841384888,0.9519939422607422
23.905683517456055,172.31710815429688,6.505271911621094,0.0,0.0,0.0,0.0,0.0,-0.0,0.0,2.5475714002336773,1.4761428288051057,0.0,0.4296489953994751,0.0,0.0,0.0,0.0,0.0,0.0,0.0,0.0,0.0,0.0,335.0,-4.599999904632568,0.0,0.9896354079246521,0.20731514692306519,0.873144268989563
23.892763137817383,171.6458740234375,6.0666728019714355,0.0,0.0,0.0,0.0,0.0,-0.0,0.0,2.5372142246791296,1.465785653250558,0.0,0.3728249967098236,0.0,0.0,0.0,0.0,0.0,0.0,0.0,0.0,0.0,0.0,336.0,-4.599999904632568,0.0,0.9881318807601929,0.12793242931365967,0.8345375061035156
23.87984275817871,158.9998016357422,5.686068534851074,0.0,0.0,0.0,0.0,0.0,-0.0,0.0,2.5651427132742746,1.493714141845703,0.0,0.2775129973888397,0.0,0.0,0.0,0.0,0.0,0.0,0.0,0.0,0.0,0.0,337.0,-4.599999904632568,0.0,0.9832533597946167,0.05909329652786255,0.8404190540313721
23.50335121154785,158.3285675048828,5.4027299880981445,0.0,0.0,0.0,0.0,0.0,-0.0,0.0,2.598642839704241,1.52721426827567,0.0,0.7857840061187744,0.0,0.0,0.0,0.0,0.0,0.0,0.0,0.0,0.0,0.0,338.0,-4.599999904632568,0.0,0.9121226072311401,0.20002871751785278,0.42648330330848694
23.49043083190918,112.81620025634766,4.600771427154541,0.0,0.0,0.0,0.0,0.0,-0.0,0.0,2.6224285670689174,1.5509999956403462,0.0,0.22254300117492676,0.0,0.0,0.0,0.0,0.0,0.0,0.2641944885253906,0.0,0.0,0.2641944885253906,339.0,-4.599999904632568,-0.2641944885253906,0.9715883731842041,0.15465766191482544,0.6250335574150085
23.11393928527832,120.00345611572266,4.103977680206299,0.0,0.0,0.0,0.0,0.0,-0.0,0.0,2.6371429443359373,1.5657143729073661,0.0,0.20762799680233002,0.0,0.0,0.0,0.0,0.0,0.0,0.0,0.0,0.0,0.0,340.0,-4.103854656219482,0.0,0.950434148311615,0.18757259845733643,0.5614397525787354
22.5556640625,119.33222961425781,3.891995668411255,0.0,0.0,0.0,0.0,0.0,-0.0,0.0,2.6498570578438896,1.5784284864153184,0.0,0.20176100730895996,0.0,0.0,0.0,0.0,0.0,0.0,0.0,0.0,0.0,0.0,341.0,-3.891879081726074,0.0,0.9341053366661072,0.25190624594688416,0.40245261788368225
21.99738883972168,118.66100311279297,3.686006546020508,0.0,0.0,0.0,0.0,0.0,-0.0,0.0,2.643071528843471,1.5716429574149,0.0,0.21150100231170654,0.0,0.0,0.0,0.0,0.0,0.0,0.0,0.0,0.0,0.0,342.0,-3.6858959197998047,0.0,0.9093781113624573,0.20452773571014404,0.34806495904922485
21.62089729309082,117.98977661132812,3.4700851440429688,0.0,0.0,0.0,0.0,0.0,-0.0,0.0,2.617857197352818,1.5464286259242463,0.0,0.2400050014257431,0.0,0.0,0.0,0.0,0.0,0.0,0.0,0.0,0.0,0.0,343.0,-3.4699811935424805,0.0,0.8898619413375854,0.2170116901397705,0.32750964164733887
21.24440574645996,117.31855010986328,3.225085496902466,0.0,0.0,0.0,0.0,0.0,-0.0,0.0,2.609142793927874,1.5377142224993028,0.08170000463724136,0.26323601603507996,0.0,0.0,0.0,0.0,0.0,0.0,0.0,0.0,0.0,0.0,344.0,-3.2249886989593506,0.0,0.8145623207092285,0.4066842198371887,0.2937989830970764
20.686100006103516,103.82878875732422,2.9563887119293213,0.0,0.0,0.0,0.0,-0.34864627316181895,-0.0,0.0,2.6588572910853796,1.587428719656808,0.39451301097869873,0.0,0.0,0.0,0.0,0.5963369607925415,1.162154197692871,0.0,0.0,0.0,1.7584911584854126,0.0,345.0,0.6484869718551636,1.7584911584854126,0.6828808784484863,0.3478568196296692,0.1675584614276886
20.739269256591797,84.27293395996094,2.9563000202178955,0.0,0.0,0.0,0.0,-0.37344959074058437,-0.0,0.0,2.7870000566755024,1.7155714852469313,0.40608200430870056,0.0,0.0,0.0,0.0,1.755168080329895,1.244831919670105,0.0,0.0,0.0,3.0,0.0,346.0,1.5285427570343018,3.0,0.4484812617301941,0.45279645919799805,0.08487674593925476
21.071575164794922,74.82132720947266,2.9562113285064697,0.0,0.0,0.0,0.0,0.14715033827114024,-0.0,0.0,2.9401427132742746,1.868714141845703,0.41108399629592896,0.0,0.0,1.6462161540985107,1.6350036286298084,0.0,0.0,0.0,0.0,0.0,0.0,0.0,347.0,1.6462161540985107,0.0,0.4602397382259369,0.3820192217826843,0.30134475231170654
20.5132999420166,74.15010070800781,4.60228967666626,0.0,0.0,0.0,0.0,0.0,-0.0,0.0,3.113642774309431,2.042214202880859,0.39886701107025146,0.0,0.0,2.428276185566574,0.0,3.0,0.0,0.0,0.0,0.0,3.0,0.0,348.0,4.37952995300293,3.0,0.8981789350509644,0.7783092856407166,0.8193598985671997
21.901517868041992,73.47887420654297,7.030354976654053,0.0,0.0,0.0,0.0,0.1992448173477582,-0.0,0.0,3.2817142486572264,2.210285677228655,0.4125719964504242,0.0,0.0,2.9409141540527344,2.213831127924486,2.2861640453338623,0.0,0.0,0.0,0.0,0.0,2.2861640453338623,349.0,2.9409141540527344,-2.2861640453338623,0.9971239566802979,0.9967566728591919,0.9357339143753052
21.706811904907227,169.7154998779297,9.970970153808594,0.0,0.0,0.0,0.0,0.3750297000587469,-0.0,0.0,3.3971429007393974,2.325714329310826,0.4273020029067993,0.0,0.0,0.010242898017168045,4.166996336156289,3.0,0.0,0.0,0.0,0.0,3.0,0.0,350.0,0.010242898017168045,3.0,0.9981182813644409,0.9996540546417236,0.9750823378562927
22.677249908447266,169.0442657470703,9.980914115905762,0.0,0.0,0.0,0.0,0.1667612732856483,-0.0,0.0,3.457571520124163,2.3861429486955914,0.41009700298309326,0.0,0.0,0.0,1.852902889251709,3.0,0.0,0.0,0.0,0.0,3.0,0.0,351.0,-4.599999904632568,3.0,0.9934612512588501,0.9998729825019836,0.9985277056694031
23.674880981445312,160.2969207763672,9.98061466217041,0.0,0.0,0.0,0.0,0.35951303060952894,-0.0,0.0,3.5022143772670202,2.4307858058384486,0.42232099175453186,0.0,0.0,0.0,3.9945889115333557,0.436640202999115,0.0,0.0,0.0,0.0,0.0,0.436640202999115,352.0,-4.599999904632568,-0.436640202999115,0.9968363046646118,0.9999858736991882,0.999891996383667
23.116605758666992,179.98080444335938,9.980315208435059,0.0,0.0,0.0,0.0,0.007640412460995675,-0.0,0.0,3.52957147870745,2.4581429072788783,0.417385995388031,0.0,0.0,0.0,0.08489346504211426,2.379070520401001,0.0,0.0,0.0,0.0,2.379070520401001,0.0,353.0,-4.599999904632568,2.379070520401001,0.9896117448806763,0.99993896484375,0.9999074935913086
23.999679565429688,179.3095703125,9.980015754699707,0.0,0.0,0.0,0.0,0.013502072274849532,-0.0,0.0,3.5288571766444616,2.457428468976702,0.5168240070343018,0.0,0.0,0.0,0.15002301335334778,0.15395298600196838,0.0,0.0,0.0,0.0,0.0,0.15395298600196838,354.0,-4.599999904632568,-0.15395298600196838,0.9879826307296753,0.9967424869537354,0.9986591339111328
23.441404342651367,179.78353881835938,9.979716300964355,0.0,0.0,0.0,0.0,0.0,-0.0,0.0,3.4959285736083983,2.424500002179827,0.0,0.6819890141487122,0.0,0.0,0.0,0.0,0.0,0.0,0.0,0.0,0.0,0.0,355.0,-4.599999904632568,0.0,0.950032114982605,0.6783187985420227,0.9111605882644653
22.883129119873047,99.04010009765625,9.283531188964844,0.0,0.0,0.0,0.0,0.0,-0.0,0.0,3.4834286281040736,2.4120000566755024,0.0,0.6540570259094238,0.0,0.0,0.0,0.0,0.0,0.0,2.6792471408843994,0.0,2.6792471408843994,0.0,356.0,-4.599999904632568,2.6792471408843994,0.958296537399292,0.944962739944458,0.2997443974018097
23.72479820251465,98.3688735961914,5.88202428817749,0.0,0.0,0.0,0.0,0.0,-0.0,0.0,3.415142822265625,2.3437142508370536,0.0,0.5621299743652344,0.0,0.0,0.0,0.0,0.0,0.0,0.2957151234149933,0.0,0.0,0.2957151234149933,357.0,-4.599999904632568,-0.2957151234149933,0.957285463809967,0.9432448744773865,0.5686955451965332
23.34830665588379,110.98937225341797,5.006522178649902,0.0,0.0,0.0,0.0,0.0,-0.0,0.0,3.318357140677316,2.2469285692487446,0.0,0.49087101221084595,0.0,0.0,0.0,0.0,0.0,0.0,0.0,0.0,0.0,0.0,358.0,-4.599999904632568,0.0,0.8806191682815552,0.6170392036437988,0.21699103713035583
22.79003143310547,110.31814575195312,4.50549840927124,0.0,0.0,0.0,0.0,0.0,-0.0,0.0,3.239571380615234,2.168142809186663,0.0,0.4296489953994751,0.0,0.0,0.0,0.0,0.0,0.0,0.0,0.0,0.0,0.0,359.0,-4.505363464355469,0.0,0.919277548789978,0.681354284286499,0.19866794347763062
22.41353988647461,109.64691925048828,4.066958904266357,0.0,0.0,0.0,0.0,0.0,-0.0,0.0,3.1919285365513392,2.120499965122768,0.0,0.3728249967098236,0.0,0.0,0.0,0.0,0.0,0.0,0.0,0.0,0.0,0.0,360.0,-4.066836833953857,0.0,0.9071040153503418,0.6643041968345642,0.1661301851272583
22.03704833984375,100.57923889160156,3.6864147186279297,0.0,0.0,0.0,0.0,0.0,-0.0,0.0,3.1191427503313336,2.0477141789027624,0.0,0.2775129973888397,0.0,0.0,0.0,0.0,0.0,0.0,1.42642343044281,0.0,1.42642343044281,0.0,361.0,-3.6863040924072266,1.42642343044281,0.9048571586608887,0.6655911207199097,0.10761457681655884
22.327939987182617,99.90801239013672,1.947645664215088,0.0,0.0,0.0,0.0,0.0,-0.0,0.0,3.0295000893729074,1.9580715179443358,0.0,0.2425840049982071,0.0,0.0,0.0,0.0,0.0,0.0,0.0,0.0,0.0,0.0,362.0,-1.947587251663208,0.0,0.629013180732727,0.550040066242218,0.19526982307434082
21.769664764404297,99.23678588867188,1.7000600099563599,0.0,0.0,0.0,0.0,0.0,-0.0,0.0,2.9594287327357702,1.8880001613071986,0.0,0.22254300117492676,0.0,0.0,0.0,0.0,0.0,0.0,0.0,0.0,0.0,0.0,363.0,-1.7000089883804321,0.0,0.6033610105514526,0.49839791655540466,0.09206020832061768
21.393173217773438,98.56555938720703,1.472931146621704,0.0,0.0,0.0,0.0,0.0,-0.0,0.0,2.9108572823660714,1.8394287109374998,0.0,0.21530300378799438,0.0,0.0,0.0,0.0,0.0,0.0,0.0,0.0,0.0,0.0,364.0,-1.4728870391845703,0.0,0.570959210395813,0.41647300124168396,0.2103177309036255
20.653112411499023,97.89433288574219,1.2531965970993042,0.0,0.0,0.0,0.0,-0.30360446985745776,-0.0,0.0,2.8690713609967915,1.7976427895682203,0.0,0.20176100730895996,0.0,0.0,0.0,0.0,1.0120148593110017,0.0,1.0263347691374847,0.0,2.0383496284484863,0.0,365.0,-1.2531590461730957,2.0383496284484863,0.5202268958091736,0.35805851221084595,0.20757588744163513
20.7902774810791,97.22310638427734,3.766480222111568e-5,0.0,0.0,0.0,0.0,-0.06345030321480039,-0.0,0.0,2.8339998517717633,1.7625712803431917,0.0,0.0,0.21150100231170654,0.0,0.0,0.0,0.0,0.0,0.0,0.0,0.0,0.0,366.0,0.0,0.0,0.2567930221557617,0.2565477192401886,0.25242969393730164
20.23200225830078,96.5518798828125,3.766367444768548e-5,0.0,0.0,0.0,0.0,-0.47047177783535954,-0.0,0.0,2.8094285692487446,1.7379999978201734,0.0,0.0,0.2400050014257431,0.0,0.0,0.0,1.3282341957092285,0.0,0.0,0.0,1.3282341957092285,0.0,367.0,0.0,1.3282341957092285,0.2585863471031189,0.24669572710990906,0.2799062132835388
20.233463287353516,95.88065338134766,3.766254667425528e-5,0.0,0.0,0.0,0.0,-0.9410658420549156,-0.0,0.0,2.8146429879324777,1.743214416503906,0.20804999768733978,0.0,0.13688601553440094,0.0,0.0,0.0,3.0,0.0,0.0,0.0,3.0,0.0,368.0,0.0,3.0,0.2989078164100647,0.6560960412025452,0.303508996963501
20.39642333984375,95.20942687988281,3.766141890082508e-5,0.0,0.0,0.0,0.0,0.07131872115155993,-0.0,0.0,2.94471435546875,1.8732857840401786,0.39451301097869873,0.0,0.0,1.708930492401123,0.7924301720406395,0.0,0.0,0.0,0.0,0.0,0.0,0.0,369.0,1.708930492401123,0.0,0.1708938181400299,0.2342546582221985,0.08895543217658997
19.656362533569336,94.53820037841797,1.7089169025421143,0.0,0.08369771883627664,0.0,0.0,0.334343890533763,-0.08369771883627664,0.0,3.0689999171665736,1.9975713457380024,0.40608200430870056,0.0,0.0,0.0,4.644906401634216,0.6927114725112915,0.0,0.0,0.0,0.0,0.0,0.6927114725112915,370.0,0.0063163829036056995,-0.6927114725112915,0.17152032256126404,0.09022516012191772,0.6275390982627869
18.916301727294922,120.40434265136719,1.7088656425476074,0.0,0.0,0.0,0.0,0.3475583014525986,-0.0,0.0,3.1639286586216517,2.0925000871930806,0.41108399629592896,0.0,0.0,1.6469197273254395,3.861758598123868,1.8945764303207397,0.0,0.0,0.0,0.0,1.8945764303207397,0.0,371.0,1.6469197273254395,1.8945764303207397,0.33557552099227905,0.05143746733665466,0.9111002087593079
19.257171630859375,113.62459564208984,3.355684757232666,0.0,0.0,0.0,0.0,0.07270253433145066,-0.0,0.0,3.2394286019461496,2.168000030517578,0.39886701107025146,0.0,0.0,4.599999904632568,0.8078058728174744,3.0,0.0,0.0,0.0,0.0,3.0,0.0,372.0,4.599999904632568,3.0,0.9072754383087158,0.3206692337989807,0.9441988468170166
20.52020835876465,110.83245086669922,7.955446243286133,0.0,0.0,0.0,0.0,0.29787577669788395,-0.0,0.0,3.2999286106654577,2.228500039236886,0.4125719964504242,0.0,0.0,2.0099282264709473,3.3097305891649507,3.0,0.0,0.0,0.0,0.0,3.0,0.0,373.0,2.0099282264709473,3.0,0.9965344667434692,0.9864991307258606,0.6974769830703735
21.628684997558594,110.16122436523438,9.965075492858887,0.0,0.0,0.0,0.0,0.22634734522083058,-0.0,0.0,3.335285677228655,2.2638571058000836,0.4823800027370453,0.0,0.0,0.0,2.514970302581787,3.0,0.0,0.0,0.0,0.0,3.0,0.0,374.0,-4.599999904632568,3.0,0.9938156604766846,0.9988972544670105,0.9304960370063782
22.75307273864746,101.96478271484375,9.964776992797852,0.0,0.0,0.0,0.0,0.12785942259307026,-0.0,0.0,3.345285633632115,2.2738570622035437,0.4424610137939453,0.0,0.0,0.0,1.420660138130188,1.680378794670105,0.0,0.0,0.0,0.0,0.0,1.680378794670105,375.0,-4.599999904632568,-1.680378794670105,0.9843026399612427,0.999346911907196,0.9660840630531311
22.013011932373047,174.571533203125,9.964478492736816,0.0,0.0,0.0,0.0,0.0,-0.0,0.0,3.333214296613421,2.261785725184849,0.42232099175453186,0.0,0.0,0.0,0.0,1.7503288984298706,0.0,0.0,1.2496711015701294,0.0,3.0,0.0,376.0,-4.599999904632568,3.0,0.9724283814430237,0.9999462366104126,0.9998102188110352
23.500036239624023,173.90029907226562,8.689043045043945,0.0,0.0,0.0,0.0,-0.3423593359136312,-0.0,0.0,3.2851428440638952,2.2137142726353236,0.417385995388031,0.0,0.0,0.0,0.0,0.620963990688324,1.1411977410316467,0.0,0.0,0.0,1.7621617317199707,0.0,377.0,0.675614058971405,1.7621617317199707,0.9826831817626953,0.9983806610107422,0.9993349313735962
23.99188804626465,173.22906494140625,8.688782691955566,0.0,0.0,0.0,0.0,0.0,-0.0,0.0,3.225642830984933,2.154214259556362,0.21564999222755432,0.30117401480674744,0.0,0.0,0.0,0.0,0.0,0.0,0.0,0.0,0.0,0.0,378.0,-4.599999904632568,0.0,0.9714245796203613,0.7902799248695374,0.7808346748352051
23.070043563842773,172.55783081054688,8.381211280822754,0.0,0.0,0.0,0.0,0.0,-0.0,0.0,3.1764286041259764,2.105000032697405,0.0,0.6819890141487122,0.0,0.0,0.0,0.0,0.0,0.0,0.0,0.0,0.0,0.0,379.0,-4.599999904632568,0.0,0.9386798143386841,0.6437619924545288,0.24431875348091125
22.511768341064453,164.07968139648438,7.6850738525390625,0.0,0.0,0.0,0.0,0.0,-0.0,0.0,3.1525000980922155,2.081071526663644,0.0,0.6540570259094238,0.0,0.0,0.0,0.0,0.0,0.0,0.0,0.0,0.0,0.0,380.0,-4.599999904632568,0.0,0.768463134765625,0.395445317029953,0.041475653648376465
21.77170753479004,133.5414276123047,7.017458438873291,0.0,0.0,0.0,0.0,0.0,-0.0,0.0,3.143214307512556,2.071785736083984,0.0,0.5621299743652344,0.0,0.0,0.0,0.0,0.0,0.0,0.0,0.0,0.0,0.0,381.0,-4.599999904632568,0.0,0.7797133922576904,0.42242568731307983,0.05354568362236023
21.031646728515625,86.6489486694336,6.443663120269775,0.0,0.0,0.0,0.0,0.0,-0.0,0.0,3.1411429268973214,2.06971435546875,0.0,0.49087101221084595,0.0,0.0,0.0,0.0,0.0,0.0,3.0,0.0,3.0,0.0,382.0,-4.599999904632568,3.0,0.8442412614822388,0.7514323592185974,0.037933677434921265
21.705101013183594,77.76666259765625,2.8814635276794434,0.0,0.0,0.0,0.0,-0.18176993022297896,-0.0,0.0,3.143571526663644,2.0721429552350727,0.0,0.4296489953994751,0.0,0.0,0.0,0.0,0.6058997433336373,0.0,2.3941002566663627,0.0,3.0,0.0,383.0,-2.8813772201538086,3.0,0.7634326815605164,0.8137195706367493,0.18648329377174377
22.01607894897461,77.0954360961914,8.679333404870704e-5,0.0,0.0,0.0,0.0,-1.0118475392201542,-0.0,0.0,3.146928460257394,2.0754998888288227,0.0,0.0,0.3728249967098236,0.0,0.0,0.0,3.0,0.0,0.0,0.0,3.0,0.0,384.0,0.0,3.0,0.39957162737846375,0.738934338092804,0.20919883251190186
22.692136764526367,76.42420959472656,8.679072925588116e-5,0.0,0.0,0.0,0.0,-0.09629480997899398,-0.0,0.0,3.144785690307617,2.073357118879046,0.0,0.0,0.2775129973888397,0.0,0.0,0.0,0.043469689786434174,0.0,0.0,0.0,0.0,0.043469689786434174,385.0,0.0,-0.043469689786434174,0.30938825011253357,0.5899584293365479,0.3592711091041565
21.770292282104492,77.48146057128906,8.678812446305528e-5,0.0,0.0,0.0,0.0,-0.6651969503441224,-0.0,0.0,3.1368571145193918,2.06542854309082,0.0,0.0,0.2425840049982071,0.0,0.0,0.0,1.9747390747070312,0.0,0.0,0.0,1.9747390747070312,0.0,386.0,0.0,1.9747390747070312,0.3498367667198181,0.6282405257225037,0.15105777978897095
22.14118766784668,76.81023406982422,8.67855196702294e-5,0.0,0.0,0.0,0.0,-0.06676290300539733,-0.0,0.0,3.1267857687813896,2.055357197352818,0.0,0.0,0.22254300117492676,0.0,0.0,0.0,0.0,0.0,0.0,0.0,0.0,0.0,387.0,0.0,0.0,0.22232472896575928,0.3393028974533081,0.04228249192237854
22.128267288208008,76.13900756835938,8.678291487740353e-5,0.0,0.0,0.0,0.0,-0.062288401515817604,-0.0,0.0,3.1162858145577568,2.044857243129185,0.0,0.0,0.20762799680233002,0.0,0.0,0.0,0.0,0.0,0.0,0.0,0.0,0.0,388.0,0.0,0.0,0.17268478870391846,0.21473896503448486,0.1039237380027771
22.115346908569336,67.9437484741211,8.678031008457765e-5,0.0,0.0,0.0,0.0,-0.06052830459786662,-0.0,0.0,3.101856994628906,2.030428423200335,0.0,0.0,0.20176100730895996,0.0,0.0,0.0,0.0,0.0,0.0,0.0,0.0,0.0,389.0,0.0,0.0,0.16290885210037231,0.177333801984787,0.09321814775466919
22.102426528930664,67.27252197265625,8.677770529175177e-5,0.0,0.0,0.0,0.0,-0.06345030321480039,-0.0,0.0,3.081428473336356,2.0099999019077845,0.0,0.0,0.21150100231170654,0.0,0.0,0.0,0.0,0.0,0.0,0.0,0.0,0.0,390.0,0.0,0.0,0.21626728773117065,0.29315245151519775,0.2175012230873108
21.544151306152344,66.6012954711914,8.67751004989259e-5,0.0,0.0,0.0,0.0,-0.1540515141308907,-0.0,0.0,3.0582141331263952,1.9867855616978236,0.0,0.0,0.2400050014257431,0.0,0.0,0.0,0.2735000252723694,0.0,0.0,0.0,0.0,0.2735000252723694,391.0,0.0,-0.2735000252723694,0.2517578601837158,0.11610284447669983,0.3522064685821533
21.349445343017578,76.35111999511719,8.677249570610002e-5,0.0,0.0,0.0,0.0,-1.0006308446578505,-0.0,0.0,3.036571448189872,1.9651428767613002,0.009499999694526196,0.0,0.33543601632118225,0.0,0.0,0.0,3.0,0.0,0.0,0.0,3.0,0.0,392.0,0.0,3.0,0.47905442118644714,0.6883032917976379,0.24552643299102783
21.612272262573242,75.67989349365234,8.676989091327414e-5,0.0,0.0,0.0,0.0,0.0,-0.0,0.0,3.0345714569091795,1.9631428854806083,0.39451301097869873,0.0,0.0,0.13008224382852518,0.0,0.0,0.0,0.0,0.0,0.0,0.0,0.0,393.0,0.16048699617385864,0.0,0.8396036028862,0.03185969591140747,0.12837576866149902
21.326160430908203,75.0086669921875,0.13016511499881744,0.0,0.0,0.0,0.0,0.0,-0.0,0.0,3.042142813546317,1.9707142421177455,0.40608200430870056,0.0,0.0,1.0804676242354958,0.0,0.0,0.0,0.0,0.0,0.0,0.0,0.0,394.0,1.1819180250167847,0.0,0.766554594039917,0.05516764521598816,0.032438039779663086
20.8592586517334,74.33744049072266,1.2105964422225952,0.0,0.0,0.0,0.0,-0.2127851570759276,-0.0,0.0,3.05264276776995,1.9812141963413783,0.41108399629592896,0.0,0.0,0.0,0.0,2.2907161712646484,0.7092838287353516,0.0,0.0,0.0,0.0,3.0,395.0,1.4032279253005981,-3.0,0.2613794207572937,0.018722116947174072,0.9754078388214111
20.60584259033203,117.39279174804688,1.2105602025985718,0.0,0.0,0.0,0.0,0.09595229816446721,-0.0,0.0,3.0716429574148996,2.000214385986328,0.39886701107025146,0.0,0.0,0.8297324776649475,1.0661365615429348,1.896830439567566,0.0,0.0,0.0,0.0,0.0,1.896830439567566,396.0,0.8297324776649475,-1.896830439567566,0.20402628183364868,0.08429333567619324,0.7400037050247192
19.774375915527344,138.39866638183594,2.040231466293335,0.0,0.0,0.0,0.0,0.0,-0.0,0.0,3.0925714765276227,2.0211429050990515,0.4125719964504242,0.0,0.0,2.1876814218965137,0.0,3.0,0.0,0.0,0.0,0.0,3.0,0.0,397.0,4.599999904632568,3.0,0.6758994460105896,0.4466037154197693,0.6878464221954346
20.335594177246094,137.72743225097656,4.227786064147949,0.0,0.0,0.0,0.0,0.0,-0.0,0.0,3.09442868913923,2.0230001177106587,0.4730199873447418,0.0,0.0,3.084306049771328,0.0,1.916329026222229,0.0,0.0,0.0,0.0,0.0,1.916329026222229,398.0,3.427762508392334,-1.916329026222229,0.7655518651008606,0.2520350217819214,0.8742001056671143
19.59553337097168,159.87008666992188,7.311872959136963,0.0,0.0,0.0,0.0,0.0,-0.0,0.0,3.079142924717494,2.007714353288923,0.41009700298309326,0.0,0.0,0.8894998151331492,0.0,3.0,0.0,0.0,0.0,0.0,3.0,0.0,399.0,1.7922487258911133,3.0,0.910409152507782,0.5589520931243896,0.5731678009033203
20.42287254333496,110.05294799804688,8.201127052307129,0.0,0.0,0.0,0.0,-0.1685613937601005,-0.0,0.0,3.0606430053710936,1.9892144339425224,0.42232099175453186,0.0,0.0,0.0,0.0,2.438128709793091,0.5618712902069092,0.0,0.0,0.0,3.0,0.0,400.0,1.2706074714660645,3.0,0.9471704959869385,0.8643245697021484,0.1430988609790802
20.87831687927246,109.38172149658203,8.200881004333496,0.0,0.0,0.0,0.0,-0.535015818874669,-0.0,0.0,3.041785866873605,1.9703572954450337,0.417385995388031,0.0,0.0,0.0,0.0,1.216614007949829,1.783385992050171,0.0,0.0,0.0,3.0,0.0,401.0,0.928243100643158,3.0,0.9129093885421753,0.7716246843338013,0.07994213700294495
21.507061004638672,108.71049499511719,8.200634956359863,0.0,0.0,0.0,0.0,-0.8235724716811355,-0.0,0.0,3.010928508213588,1.9394999367850168,0.5168240070343018,0.0,0.0,0.0,0.0,0.058875977993011475,2.7452414631843567,0.0,0.0,0.0,2.804117441177368,0.0,402.0,0.0891759991645813,2.804117441177368,0.8670625686645508,0.643049955368042,0.058891117572784424
22.215234756469727,98.34131622314453,8.20038890838623,0.0,0.0,0.0,0.0,0.0,-0.0,0.0,2.9518571036202568,1.8804285321916852,0.0,0.6819890141487122,0.0,0.0,0.0,0.0,0.0,0.0,2.5310606956481934,0.0,2.5310606956481934,0.0,403.0,-4.599999904632568,2.5310606956481934,0.882108211517334,0.7555348873138428,0.04655197262763977
22.777658462524414,97.67008972167969,4.921619415283203,0.0,0.0,0.0,0.0,0.0,-0.0,0.0,2.8957856859479634,1.8243571145193918,0.0,0.6858599781990051,0.0,0.0,0.0,0.0,0.0,0.0,0.0,0.0,0.0,0.0,404.0,-4.599999904632568,0.0,0.8408702611923218,0.7192474007606506,0.08376643061637878
22.401166915893555,96.99886322021484,4.221635818481445,0.0,0.0,0.0,0.0,0.0,-0.0,0.0,2.8483572823660714,1.7769287109374998,0.0,0.5621299743652344,0.0,0.0,0.0,0.0,0.0,0.0,1.6722174882888794,0.0,1.6722174882888794,0.0,405.0,-4.2215094566345215,1.6722174882888794,0.7646722197532654,0.7114735841751099,0.08096185326576233
22.55735206604004,88.25859069824219,1.9416313171386719,0.0,0.0,0.0,0.0,-0.04201018832332574,-0.0,0.0,2.802285548618862,1.7308569771902906,0.0,0.49087101221084595,0.0,0.0,0.0,0.0,0.140033955513303,0.0,1.4118704844128445,0.0,1.5519044399261475,0.0,406.0,-1.941573143005371,1.5519044399261475,0.7130979299545288,0.7666414976119995,0.22160539031028748
22.833192825317383,87.58736419677734,5.8397436077939346e-5,0.0,0.0,0.0,0.0,-0.12889470374165768,-0.0,0.0,2.749428558349609,1.677999986921038,0.0,0.0,0.4296489953994751,0.0,0.0,0.0,0.0,0.0,0.0,0.0,0.0,0.0,407.0,0.0,0.0,0.26977601647377014,0.5759535431861877,0.35818517208099365
22.456701278686523,86.9161376953125,5.8395686210133135e-5,0.0,0.0,0.0,0.0,-0.11184750345736738,-0.0,0.0,2.693642970493862,1.6222143990652906,0.0,0.0,0.3728249967098236,0.0,0.0,0.0,0.0,0.0,0.0,0.0,0.0,0.0,408.0,0.0,0.0,0.2785700559616089,0.5511494278907776,0.3338109850883484
21.898426055908203,86.24491119384766,5.8393936342326924e-5,0.0,0.0,0.0,0.0,-0.24372691586521888,-0.0,0.0,2.642428479875837,1.5709999084472654,0.0,0.0,0.2775129973888397,0.0,0.0,0.0,0.5349100232124329,0.0,0.0,0.0,0.0,0.5349100232124329,409.0,0.0,-0.5349100232124329,0.3440898656845093,0.44350138306617737,0.510573148727417
20.976581573486328,101.68978881835938,5.839218647452071e-5,0.0,0.0,0.0,0.0,-0.7548127757435141,-0.0,0.0,2.598285620553153,1.5268570491245814,0.0,0.0,0.2425840049982071,0.0,0.0,0.0,2.273458480834961,0.0,0.0,0.0,2.273458480834961,0.0,410.0,0.0,2.273458480834961,0.34871673583984375,0.42452001571655273,0.34334075450897217
21.12258529663086,101.01856231689453,5.83904366067145e-5,0.0,0.0,0.0,0.0,-0.06676290300539733,-0.0,0.0,2.5604999542236326,1.4890713827950615,0.0,0.0,0.22254300117492676,0.0,0.0,0.0,0.0,0.0,0.0,0.0,0.0,0.0,411.0,0.0,0.0,0.2884540557861328,0.31913143396377563,0.28375154733657837
20.56431007385254,100.34733581542969,5.838868673890829e-5,0.0,0.0,0.0,0.0,-0.062288401515817604,-0.0,0.0,2.5254998343331474,1.4540712629045762,0.0,0.0,0.20762799680233002,0.0,0.0,0.0,0.0,0.0,0.0,0.0,0.0,0.0,412.0,0.0,0.0,0.33766424655914307,0.2953348755836487,0.3065333366394043
19.824249267578125,99.67610931396484,5.838693687110208e-5,0.0,0.0,0.0,0.0,-0.8435219384639225,-0.0,0.0,2.492071369716099,1.4206427982875276,0.0,0.0,0.20176100730895996,0.0,0.0,0.0,2.609978675842285,0.0,0.0,0.0,2.609978675842285,0.0,413.0,0.0,2.609978675842285,0.3225920796394348,0.24832531809806824,0.2423391342163086
20.24161148071289,99.0048828125,5.838518700329587e-5,0.0,0.0,0.0,0.0,-0.9634503389775873,-0.0,0.0,2.4646428789411274,1.3932143075125563,0.0,0.0,0.21150100231170654,0.0,0.0,0.0,3.0,0.0,0.0,0.0,3.0,0.0,414.0,0.0,3.0,0.29571762681007385,0.3232059180736542,0.304668664932251
20.610641479492188,98.33365631103516,5.838343713548966e-5,0.0,0.0,0.0,0.0,-0.0720015032888055,-0.0,0.0,2.4427857535226005,1.3713571820940293,0.0,0.0,0.2400050014257431,0.0,0.0,0.0,0.0,0.0,0.0,0.0,0.0,0.0,415.0,0.0,0.0,0.20768585801124573,0.17819848656654358,0.3161401152610779
20.234149932861328,97.66242980957031,5.8381687267683446e-5,0.0,0.0,0.0,0.0,-0.5733338092102125,-0.0,0.0,2.4332855224609373,1.3618569510323661,0.19474999606609344,0.0,0.15018601715564728,0.0,0.0,0.0,1.760926604270935,0.0,0.0,0.0,1.760926604270935,0.0,416.0,0.0,1.760926604270935,0.29970961809158325,0.26372313499450684,0.31842750310897827
20.318599700927734,82.12415313720703,5.8379937399877235e-5,0.0,0.0,0.0,0.0,0.030159449233491804,-0.0,0.0,2.5146429334368023,1.4432143620082307,0.39451301097869873,0.0,0.0,1.8694301843643188,0.3351049648514919,0.0,0.0,0.0,0.0,0.0,0.0,0.0,417.0,1.8694301843643188,0.0,0.1869458556175232,0.22895857691764832,0.0948362946510315
19.760324478149414,81.45292663574219,1.8694325685501099,0.0,0.0,0.0,0.0,0.26469321484379293,-0.0,0.0,2.643071528843471,1.5716429574149,0.40608200430870056,0.0,0.0,0.834346354007721,2.9410354867540827,1.8254586458206177,0.0,0.0,0.0,0.0,0.0,1.8254586458206177,418.0,0.834346354007721,-1.8254586458206177,0.2703748941421509,0.10243082046508789,0.7237792611122131
19.383832931518555,135.80276489257812,2.703697919845581,0.0,0.0,0.0,0.0,0.3266806156055116,-0.0,0.0,2.783142852783203,1.7117142813546318,0.41108399629592896,0.0,0.0,2.4889094829559326,3.6297843293696714,1.7936774492263794,0.0,0.0,0.0,0.0,0.0,1.7936774492263794,419.0,2.4889094829559326,-1.7936774492263794,0.5192577242851257,0.06741183996200562,0.9385951161384583
19.00779151916504,170.17330932617188,5.1924519538879395,0.0,0.0,0.0,0.0,0.14011511123664175,-0.0,0.0,2.896428462437221,1.8249998910086496,0.39886701107025146,0.0,0.0,4.453413009643555,1.5568344455699314,3.0,0.0,0.0,0.0,0.0,3.0,0.0,420.0,4.453413009643555,3.0,0.9645835161209106,0.6348779201507568,0.8149516582489014
19.936649322509766,169.5020751953125,9.645575523376465,0.0,0.0,0.0,0.0,0.5169989088131148,-0.0,0.0,2.9710714612688336,1.8996428898402624,0.4125719964504242,0.0,0.0,0.3361363112926483,5.744431863619283,3.0,0.0,0.0,0.0,0.0,3.0,0.0,421.0,0.3361363112926483,3.0,0.9981682300567627,0.9891904592514038,0.4442492723464966
20.715356826782227,168.83084106445312,9.981412887573242,0.0,0.0,0.0,0.0,0.5453466789359981,-0.0,0.0,3.0275000980922155,1.956071526663644,0.4273020029067993,0.0,0.0,0.013024765998125076,6.059407062174896,3.0,0.0,0.0,0.0,0.0,3.0,0.0,422.0,0.013024765998125076,3.0,0.9994407892227173,0.9987332820892334,0.8058237433433533
21.51945686340332,168.15960693359375,9.99413776397705,0.0,0.0,0.0,0.0,0.5155158071133118,-0.0,0.0,3.0666429792131695,1.9952144077845984,0.41009700298309326,0.0,0.0,0.0,5.72795295715332,3.0,0.0,0.0,0.0,0.0,3.0,0.0,423.0,0.004139382857829332,3.0,0.9998247623443604,0.9999502897262573,0.9983994960784912
22.704740524291992,167.48837280273438,9.9938383102417,0.0,0.0,0.0,0.0,0.3757346833336084,-0.0,0.0,3.086071504865374,2.0146429334368023,0.42232099175453186,0.0,0.0,0.0,4.174829483032227,3.0,0.0,0.0,0.0,0.0,3.0,0.0,424.0,0.003560502314940095,3.0,0.9997369050979614,0.9999844431877136,0.9997084140777588
23.716981887817383,166.817138671875,9.993538856506348,0.0,0.0,0.0,0.0,0.3884140925339118,-0.0,0.0,3.070857129778181,1.9994285583496092,0.417385995388031,0.0,0.0,0.0,4.315711796283722,0.5574519038200378,0.0,0.0,0.0,0.0,0.0,0.5574519038200378,425.0,-4.599999904632568,-0.5574519038200378,0.9989999532699585,0.9999948740005493,0.9999882578849792
23.522275924682617,179.99620056152344,9.993239402770996,0.0,0.0,0.0,0.0,0.0,-0.0,0.0,3.0089999062674386,1.937571334838867,0.5168240070343018,0.0,0.0,0.0,0.0,1.7194759845733643,0.0,0.0,0.5256946086883545,0.0,2.2451705932617188,0.0,426.0,-4.599999904632568,2.2451705932617188,0.9901595115661621,0.9954745769500732,0.9935482740402222
23.977357864379883,166.44000244140625,9.45653247833252,0.0,0.0,0.0,0.0,0.0,-0.0,0.0,2.8849999019077845,1.8135713304792134,0.01615000143647194,0.6658390164375305,0.0,0.0,0.0,0.0,0.0,0.0,0.6273696422576904,0.0,0.0,0.6273696422576904,427.0,-4.599999904632568,-0.6273696422576904,0.988457441329956,0.9360039830207825,0.9707076549530029
23.600866317749023,175.31130981445312,8.136688232421875,0.0,0.0,0.0,0.0,0.0,-0.0,0.0,2.788285609654018,1.7168570382254469,0.0,0.6540570259094238,0.0,0.0,0.0,0.0,0.0,0.0,0.0,0.0,0.0,0.0,428.0,-4.599999904632568,0.0,0.9475336074829102,0.40660911798477173,0.1961742341518402
22.86080551147461,174.64007568359375,7.469058990478516,0.0,0.0,0.0,0.0,0.0,-0.0,0.0,2.7111428941999165,1.6397143227713453,0.0,0.5621299743652344,0.0,0.0,0.0,0.0,0.0,0.0,0.0,0.0,0.0,0.0,429.0,-4.599999904632568,0.0,0.8924421072006226,0.3291679322719574,0.10269680619239807
22.120744705200195,163.70989990234375,6.89525032043457,0.0,0.0,0.0,0.0,0.0,-0.0,0.0,2.6425712585449217,1.5711426871163505,0.0,1.0771600008010864,0.0,0.0,0.0,0.0,0.0,0.0,0.0,0.0,0.0,0.0,430.0,-4.599999904632568,0.0,0.7234767079353333,0.4835194945335388,0.018355131149291992
21.562469482421875,140.3948516845703,5.795933723449707,0.0,0.0,0.0,0.0,0.0,-0.0,0.0,2.584571511404855,1.5131429399762837,0.0,0.8678960204124451,0.0,0.0,0.0,0.0,0.0,0.0,0.0,0.0,0.0,0.0,431.0,-4.599999904632568,0.0,0.7684463262557983,0.4529474079608917,0.04025039076805115
21.004194259643555,120.07329559326172,4.910178184509277,0.0,0.0,0.0,0.0,0.0,-0.0,0.0,2.533142852783203,1.4617142813546318,0.0,0.9616810083389282,0.0,0.0,0.0,0.0,0.0,0.0,0.0,0.0,0.0,0.0,432.0,-4.599999904632568,0.0,0.773894190788269,0.3015902042388916,0.11657854914665222
20.445919036865234,95.62567138671875,3.92875337600708,0.0,0.0,0.0,0.0,0.0,-0.0,0.0,2.4896427699497767,1.4182141985212056,0.0,0.2775129973888397,0.0,0.0,0.0,0.0,0.0,0.0,3.0,0.0,3.0,0.0,433.0,-3.928635597229004,3.0,0.9029844999313354,0.7467992305755615,0.052109986543655396
21.55333709716797,94.9544448852539,0.5843349099159241,0.0,0.0,0.0,0.0,0.0,-0.0,0.0,2.4603573390415736,1.3889287676130024,0.0,0.2425840049982071,0.0,0.0,0.0,0.0,0.0,0.0,0.0,0.0,0.0,0.0,434.0,-0.5843173861503601,0.0,0.39565137028694153,0.3947145640850067,0.35313695669174194
20.99506187438965,94.28321838378906,0.3367901146411896,0.0,0.0,0.0,0.0,0.0,-0.0,0.0,2.4416429792131695,1.370214407784598,0.0,0.22254300117492676,0.0,0.0,0.0,0.0,0.0,0.0,0.0,0.0,0.0,0.0,435.0,-0.33678001165390015,0.0,0.3426832854747772,0.3109899163246155,0.2269684076309204
20.61857032775879,93.61199188232422,0.10970213264226913,0.0,0.0,0.0,0.0,-0.030036942988249063,-0.0,0.0,2.4389285496303015,1.3674999782017299,0.0,0.10750485748670258,0.10012313931562744,0.0,0.0,0.0,0.0,0.0,0.0,0.0,0.0,0.0,436.0,-0.10969884693622589,0.0,0.29181644320487976,0.26876217126846313,0.2006569802761078
20.24207878112793,92.94076538085938,3.300508296888438e-6,0.0,0.0,0.0,0.0,-0.594844460282502,-0.0,0.0,2.4538570949009486,1.3824285234723774,0.0,0.0,0.20176100730895996,0.0,0.0,0.0,1.7810537815093994,0.0,0.0,0.0,1.7810537815093994,0.0,437.0,0.0,1.7810537815093994,0.29377907514572144,0.2678770124912262,0.2527139186859131
20.339370727539062,92.26953887939453,3.3004093893396202e-6,0.0,0.0,0.0,0.0,-0.06345030321480039,-0.0,0.0,2.46707147870745,1.3956429072788783,0.0,0.0,0.21150100231170654,0.0,0.0,0.0,0.0,0.0,0.0,0.0,0.0,0.0,438.0,0.0,0.0,0.2111036479473114,0.19923293590545654,0.26867997646331787
19.962879180908203,91.59831237792969,3.3003104817908024e-6,0.0,0.0,0.0,0.0,-0.9720015390515924,-0.0,0.0,2.469785635811942,1.3983570643833705,0.0,0.0,0.2400050014257431,0.0,0.0,0.0,3.0,0.0,0.0,0.0,3.0,0.0,439.0,0.0,3.0,0.23849213123321533,0.3073897361755371,0.2780894637107849
20.516006469726562,90.92708587646484,3.3002115742419846e-6,0.0,0.0,0.0,0.0,-0.060445808785987154,-0.0,0.0,2.4683573041643414,1.3969287327357698,0.14344999194145203,0.0,0.2014860212802887,0.0,0.0,0.0,0.0,0.0,0.0,0.0,0.0,0.0,440.0,0.0,0.0,0.3247491121292114,0.16445723176002502,0.2950904369354248
20.139514923095703,90.255859375,3.300112666693167e-6,0.0,0.0,0.0,0.0,0.0,-0.0,0.0,2.5340714590890068,1.4626428876604356,0.39451301097869873,0.0,0.0,1.2668332251107586,0.0,0.0,0.0,0.0,0.0,0.0,0.0,0.0,441.0,1.3814870119094849,0.0,0.5758004188537598,0.02163556218147278,0.13713869452476501
20.035186767578125,89.58463287353516,1.266798496246338,0.0,0.0,0.0,0.0,0.2601693315779624,-0.0,0.0,2.680214146205357,1.6087855747767854,0.40608200430870056,0.0,0.0,0.28771647810935974,2.890770121128476,1.36380934715271,0.0,0.0,0.0,0.0,0.0,1.36380934715271,442.0,0.28771647810935974,-1.36380934715271,0.15544849634170532,0.08396542072296143,0.6378117799758911
19.56780433654785,122.04796600341797,1.5544683933258057,0.0,0.0,0.0,0.0,0.25893093819458396,-0.0,0.0,2.820571572440011,1.74914300101144,0.41108399629592896,0.0,0.0,2.016258716583252,2.8770101957400342,1.966648817062378,0.0,0.0,0.0,0.0,0.0,1.966648817062378,443.0,2.016258716583252,-1.966648817062378,0.3570697009563446,0.06951701641082764,0.9440718293190002
19.28316879272461,171.04957580566406,3.570620059967041,0.0,0.0,0.0,0.0,0.09134152812231502,-0.0,0.0,2.946428516932896,1.874999945504325,0.39886701107025146,0.0,0.0,4.599999904632568,1.0149057873682557,3.0,0.0,0.0,0.0,0.0,3.0,0.0,444.0,4.599999904632568,3.0,0.9169071912765503,0.48197099566459656,0.9000306129455566
20.11201286315918,170.3783416748047,8.170374870300293,0.0,0.0,0.0,0.0,0.38253829308649057,-0.0,0.0,3.049357223510742,1.9779286520821708,0.4125719964504242,0.0,0.0,1.8002629280090332,4.250425140945336,3.0,0.0,0.0,0.0,0.0,3.0,0.0,445.0,1.8002629280090332,3.0,0.9970607757568359,0.9816034436225891,0.5967096090316772
20.8360652923584,169.7071075439453,9.970338821411133,0.0,0.0,0.0,0.0,0.5442933261275744,-0.0,0.0,3.1344285147530693,2.0629999433244977,0.4273020029067993,0.0,0.0,0.024494607001543045,6.047703143011443,3.0,0.0,0.0,0.0,0.0,3.0,0.0,446.0,0.024494607001543045,3.0,0.9994803667068481,0.9993283748626709,0.9681179523468018
21.9609375,161.51065063476562,9.99453353881836,0.0,0.0,0.0,0.0,0.49302928074433416,-0.0,0.0,3.199285725184849,2.127857153756278,0.41009700298309326,0.0,0.0,0.0,5.478102684020996,3.0,0.0,0.0,0.0,0.0,3.0,0.0,447.0,0.003941018600016832,3.0,0.9998444318771362,0.9999828338623047,0.9997106790542603
23.297809600830078,160.83941650390625,9.994234085083008,0.0,0.0,0.0,0.0,0.44718896247457945,-0.0,0.0,3.2421427590506418,2.17071418762207,0.42232099175453186,0.0,0.0,0.0,4.96876585483551,1.8441132307052612,0.0,0.0,0.0,0.0,1.8441132307052612,0.0,448.0,0.0021700451616197824,1.8441132307052612,0.9996373653411865,0.9999898672103882,0.9999718070030212
23.999935150146484,142.2431640625,9.993934631347656,0.0,0.0,0.0,0.0,0.2165437202885713,-0.0,0.0,3.252571323939732,2.181142752511161,0.417385995388031,0.0,0.0,0.0,2.406041145324707,0.9186227321624756,0.0,0.0,0.0,0.0,0.0,0.9186227321624756,449.0,-4.599999904632568,-0.9186227321624756,0.9967606067657471,0.9999995231628418,0.9999986886978149
23.987014770507812,179.99786376953125,9.993635177612305,0.0,0.0,0.0,0.0,0.0,-0.0,0.0,3.2284286499023436,2.1570000784737724,0.5168240070343018,0.0,0.0,0.0,0.0,0.021825969219207764,0.0,0.0,0.5891577005386353,0.0,0.610983669757843,0.0,450.0,-4.599999904632568,0.610983669757843,0.9946185350418091,0.99965500831604,0.9999185800552368
23.998260498046875,179.32662963867188,9.392171859741211,0.0,0.0,0.0,0.0,0.0,-0.0,0.0,3.175,2.1035714285714286,0.0,0.6819890141487122,0.0,0.0,0.0,0.0,0.0,0.0,0.0,0.0,0.0,0.0,451.0,-4.599999904632568,0.0,0.9874776005744934,0.9700725674629211,0.9859069585800171
23.622732162475586,169.27847290039062,8.696003913879395,0.0,0.0,0.0,0.0,0.0,-0.0,0.0,3.1444998604910714,2.0730712890625,0.0,0.6540570259094238,0.0,0.0,0.0,0.0,0.0,0.0,0.0,0.0,0.0,0.0,452.0,-4.599999904632568,0.0,0.9634928703308105,0.6288637518882751,0.44348472356796265
23.064945220947266,168.60723876953125,8.028358459472656,0.0,0.0,0.0,0.0,0.0,-0.0,0.0,3.134714344569615,2.0632857731410437,0.0,0.5621299743652344,0.0,0.0,0.0,0.0,0.0,0.0,0.0,0.0,0.0,0.0,453.0,-4.599999904632568,0.0,0.9446024894714355,0.40407928824424744,0.19577959179878235
22.598562240600586,167.93600463867188,7.454533100128174,0.0,0.0,0.0,0.0,0.0,-0.0,0.0,3.1080714089529855,2.036642837524414,0.0,0.49087101221084595,0.0,0.0,0.0,0.0,0.0,0.0,0.0,0.0,0.0,0.0,454.0,-4.599999904632568,0.0,0.9037900567054749,0.31331387162208557,0.12699097394943237
22.040287017822266,156.2265167236328,6.953435897827148,0.0,0.0,0.0,0.0,0.0,-0.0,0.0,3.0865715026855467,2.0151429312569755,0.0,0.4296489953994751,0.0,0.0,0.0,0.0,0.0,0.0,0.0,0.0,0.0,0.0,455.0,-4.599999904632568,0.0,0.9088796377182007,0.40812140703201294,0.10982143878936768
21.664798736572266,93.7651138305664,6.5148234367370605,0.0,0.0,0.0,0.0,0.0,-0.0,0.0,3.0756429399762832,2.004214368547712,0.0,0.3728249967098236,0.0,0.0,0.0,0.0,0.0,0.0,3.0,0.0,3.0,0.0,456.0,-4.599999904632568,3.0,0.984740138053894,0.9339853525161743,0.07395657896995544
23.035917282104492,93.09388732910156,3.073073148727417,0.0,0.0,0.0,0.0,0.0,-0.0,0.0,3.0674285343715124,1.9959999629429408,0.0,0.2775129973888397,0.0,0.0,0.0,0.0,0.0,0.0,0.0,0.0,0.0,0.0,457.0,-3.072981119155884,0.0,0.8639034628868103,0.467041939496994,0.15905773639678955
22.841211318969727,92.42266082763672,2.7898130416870117,0.0,0.0,0.0,0.0,0.0,-0.0,0.0,3.835785675048828,2.7643571036202568,0.0,0.21376900374889374,0.0,0.0,0.0,0.0,0.0,0.0,0.0,0.0,0.0,0.0,458.0,-2.789729356765747,0.0,0.03832203149795532,0.7311694025993347,0.22555777430534363
22.282936096191406,90.56396484375,2.5716042518615723,0.0,0.0,0.0,0.0,0.0,-0.0,0.0,3.828928620474679,2.7574999128069195,0.0,0.1956239938735962,0.0,0.0,0.0,0.0,0.0,0.0,0.474008172750473,0.0,0.0,0.474008172750473,459.0,-2.5715272426605225,-0.474008172750473,0.07765358686447144,0.5035362243652344,0.5539047122001648
21.906444549560547,108.62283325195312,1.8882495164871216,0.0,0.0,0.0,0.0,0.0,-0.0,0.0,3.812071473257882,2.7406427655901227,0.0,0.1819709986448288,0.0,0.0,0.0,0.0,0.0,0.0,0.09088032692670822,0.0,0.0,0.09088032692670822,460.0,-1.888192892074585,-0.09088032692670822,0.022120654582977295,0.32057470083236694,0.5795637369155884
21.529953002929688,112.72827911376953,1.6097815036773682,0.0,0.0,0.0,0.0,0.0,-0.0,0.0,3.809214265005929,2.737785829816546,0.0,0.17693200707435608,0.0,0.0,0.0,0.0,0.0,0.0,0.47039124369621277,0.0,0.0,0.47039124369621277,461.0,-1.6097332239151,-0.47039124369621277,0.04657715559005737,0.2989516854286194,0.7297310829162598
21.153461456298828,136.7550506591797,0.9492191076278687,0.0,0.0,0.0,0.0,0.0,-0.0,0.0,3.8132142475673128,2.7417858123779295,0.0,0.18479299545288086,0.0,0.0,0.0,0.0,0.0,0.0,0.056893620640039444,0.0,0.0,0.056893620640039444,462.0,-0.9491906762123108,-0.056893620640039444,0.0995057225227356,0.24651890993118286,0.744233250617981
20.595186233520508,139.0753936767578,0.7025790810585022,0.0,0.0,0.0,0.0,0.0,-0.0,0.0,3.821428516932896,2.749999945504325,0.0,0.2110850065946579,0.0,0.0,0.0,0.0,0.0,0.0,0.0,0.0,0.0,0.0,463.0,-0.7025580406188965,0.0,0.14856082201004028,0.07917395234107971,0.7276467680931091
20.21869468688965,138.40415954589844,0.48717162013053894,0.0,0.0,0.0,0.0,-0.4020673760520747,-0.0,0.0,3.844571467808315,2.7731428963797433,0.09689999371767044,0.21234402060508728,0.0,0.0,0.0,0.0,1.3402245335845109,0.0,0.2650698132248763,0.0,1.6052943468093872,0.0,464.0,-0.48715701699256897,1.6052943468093872,0.7613614201545715,0.2808799147605896,0.7956752181053162
20.40438461303711,76.1331558227539,1.465587683924241e-5,0.0,0.0,0.0,0.0,0.0,-0.0,0.0,3.89957150050572,2.8281429290771483,0.351065993309021,0.0,0.0,0.6566539293180469,0.0,0.10652901232242584,0.0,0.0,0.0,0.0,0.0,0.10652901232242584,465.0,0.6869415640830994,-0.10652901232242584,0.06869262456893921,0.04385840892791748,0.3827611207962036
20.21013069152832,81.23986053466797,0.6566488742828369,0.0,0.0,0.0,0.0,0.14502276142619075,-0.0,0.0,4.0087857382638115,2.93735716683524,0.35998600721359253,0.0,0.0,0.0,1.6113638877868652,3.0,0.0,0.0,0.0,0.0,3.0,0.0,466.0,-0.656629204750061,3.0,0.054192811250686646,0.5180452466011047,0.7249977588653564
21.518184661865234,80.56863403320312,0.656629204750061,0.0,0.0,0.0,0.0,0.3096629154834723,-0.0,0.0,4.108357102530343,3.03692866734096,0.3635280132293701,0.0,0.0,1.6341723203659058,3.440698787485293,1.6466002464294434,0.0,0.0,0.0,0.0,0.0,1.6466002464294434,467.0,1.6341723203659058,-1.6466002464294434,0.22907716035842896,0.7481094002723694,0.973755955696106
21.17263412475586,175.7990264892578,2.2907328605651855,0.0,0.0,0.0,0.0,0.05345506105445843,-0.0,0.0,4.137000029427664,3.065571321759905,0.3520059883594513,0.0,0.0,3.9487133026123047,0.5939450756248013,3.0,0.0,0.0,0.0,0.0,3.0,0.0,468.0,3.9487133026123047,3.0,0.6239416003227234,0.9204360842704773,0.9986110925674438
22.71954345703125,167.13046264648438,6.239259243011475,0.0,0.0,0.0,0.0,0.17967086685090874,-0.0,0.0,4.14992858341762,3.0785001482282364,0.36357200145721436,0.0,0.0,3.7448835372924805,1.9963428063550221,2.3602259159088135,0.0,0.0,0.0,0.0,2.3602259159088135,0.0,469.0,3.7448835372924805,2.3602259159088135,0.9984112977981567,0.9991103410720825,0.999954342842102
23.99553680419922,159.00767517089844,9.983843803405762,0.0,0.0,0.0,0.0,0.6686397684526227,-0.0,0.0,4.156357165745327,3.084928458077567,0.37676000595092773,0.0,0.0,0.0,7.4293301701545715,0.414259135723114,0.0,0.0,0.0,0.0,0.0,0.414259135723114,470.0,0.005237061996012926,-0.414259135723114,0.9989051222801208,0.9999958872795105,0.9999990463256836
23.986114501953125,179.9979248046875,9.98354434967041,0.0,0.0,0.0,0.0,0.6523092820909058,-0.0,0.0,4.148214285714285,3.0767857142857142,0.3611670136451721,0.0,0.0,0.014612633734941483,7.247880336111387,0.33039185404777527,0.0,0.0,0.0,0.0,0.33039185404777527,0.0,471.0,0.014612633734941483,0.33039185404777527,0.9998127222061157,0.9999997019767761,0.9999998807907104
23.999982833862305,179.32669067382812,9.997857093811035,0.0,0.0,0.0,0.0,0.5801942162904782,-0.0,0.0,4.128999928065708,3.0575713566371374,0.37240099906921387,0.0,0.0,0.0,6.446601890897638,0.022896743440740806,0.0,0.0,0.0,0.0,0.0,0.022896743440740806,472.0,0.0002731869462877512,-0.022896744310855865,0.9998100399971008,0.9999999403953552,1.0
23.806278228759766,179.99807739257812,9.997557640075684,0.0,0.0,0.0,0.0,0.3539829122939968,-0.0,0.0,4.075714329310825,3.0042857578822546,0.3644320070743561,0.0,0.0,0.0,3.9331431573551576,0.6329250150996761,0.0,0.0,0.0,0.0,0.6329250150996761,0.0,473.0,-4.599999904632568,0.6329250335693359,0.9994693398475647,1.0,1.0
23.999984741210938,171.4747772216797,9.997258186340332,0.0,0.0,0.0,0.0,0.17208173033251128,-0.0,0.0,3.9646428789411274,2.893214307512556,0.4492720067501068,0.0,0.0,0.0,1.9120190739631653,0.16570895910263062,0.0,0.0,0.0,0.0,0.0,0.16570895910263062,474.0,-4.599999904632568,-0.16570895910263062,0.9996898174285889,0.9999999403953552,1.0
23.71554946899414,179.99807739257812,9.99695873260498,0.0,0.0,0.0,0.0,0.0,-0.0,0.0,3.783642850603376,2.7122142791748045,0.3543500006198883,0.2393690049648285,0.0,0.0,0.0,0.0,0.0,0.0,1.3768818378448486,0.0,1.3768818378448486,0.0,475.0,-4.599999904632568,1.3768818378448486,0.9996968507766724,0.9999954104423523,1.0
23.999961853027344,158.61708068847656,8.34747314453125,0.0,0.0,0.0,0.0,0.0,-0.0,0.0,3.6373571123395645,2.5659285409109933,0.0,0.5670509934425354,0.0,0.0,0.0,0.0,0.0,0.0,0.44813045859336853,0.0,0.0,0.44813045859336853,476.0,-4.599999904632568,-0.44813045859336853,0.9980025291442871,0.9998437166213989,0.9999999403953552
23.624134063720703,179.99806213378906,7.311354637145996,0.0,0.0,0.0,0.0,0.0,-0.0,0.0,3.563071468898228,2.4916427612304686,0.0,0.4981609880924225,0.0,0.0,0.0,0.0,0.0,0.0,1.3725392818450928,0.0,1.3725392818450928,0.0,477.0,-4.599999904632568,1.3725392818450928,0.961887776851654,0.9963482022285461,0.9999853372573853
23.981725692749023,179.3268280029297,5.40231466293335,0.0,0.0,0.0,0.0,0.0,-0.0,0.0,3.5094999040876114,2.43807133265904,0.0,0.45346799492836,0.0,0.0,0.0,0.0,0.0,0.0,0.33861732482910156,0.0,0.0,0.33861732482910156,478.0,-4.599999904632568,-0.33861732482910156,0.7015984058380127,0.9628593325614929,0.9991786479949951
23.605234146118164,179.86666870117188,4.593926429748535,0.0,0.0,0.0,0.0,0.0,-0.0,0.0,3.485285840715681,2.413857269287109,0.0,0.40605100989341736,0.0,0.0,0.0,0.0,0.0,0.0,0.0,0.0,0.0,0.0,479.0,-4.5937886238098145,0.0,0.12007001042366028,0.7885388731956482,0.5767856240272522
22.86517333984375,179.1954345703125,4.1794633865356445,0.0,0.0,0.0,0.0,0.0,-0.0,0.0,3.478500039236886,2.407071467808315,0.0,0.3171739876270294,0.0,0.0,0.0,0.0,0.0,0.0,0.0,0.0,0.0,0.0,480.0,-4.179337978363037,0.0,0.06910437345504761,0.6841553449630737,0.08193469047546387
22.125112533569336,171.00039672851562,3.855700969696045,0.0,0.0,0.0,0.0,0.0,-0.0,0.0,3.476928656441825,2.4055000850132533,0.0,0.24729099869728088,0.0,0.0,0.0,0.0,0.0,0.0,0.0,0.0,0.0,0.0,481.0,-3.8555853366851807,0.0,0.06250053644180298,0.5927489995956421,0.052651047706604004
21.385051727294922,170.32916259765625,3.603255271911621,0.0,0.0,0.0,0.0,0.0,-0.0,0.0,3.4783572605678015,2.40692868913923,0.0,0.21376900374889374,0.0,0.0,0.0,0.0,0.0,0.0,2.2807047367095947,0.0,2.2807047367095947,0.0,482.0,-3.603147268295288,2.2807047367095947,0.17779803276062012,0.5669944882392883,0.061975181102752686
21.834957122802734,169.65792846679688,1.0578422546386719,0.0,0.0,0.0,0.0,0.0,-0.0,0.0,3.4827855791364395,2.4113570077078683,0.0,0.1956239938735962,0.0,0.0,0.0,0.0,0.0,0.0,0.0,0.0,0.0,0.0,483.0,-1.0578105449676514,0.0,0.013923168182373047,0.16081440448760986,0.19757622480392456
21.276681900024414,168.9866943359375,0.858200192451477,0.0,0.0,0.0,0.0,0.0,-0.0,0.0,3.4957857949393136,2.424357223510742,0.0,0.1819709986448288,0.0,0.0,0.0,0.0,0.0,0.0,0.0,0.0,0.0,0.0,484.0,-0.8581744432449341,0.0,0.033283501863479614,0.07879072427749634,0.4320056438446045
20.900190353393555,168.31546020507812,0.6724953651428223,0.0,0.0,0.0,0.0,0.0,-0.0,0.0,3.5024285452706474,2.430999973842076,0.0,0.17693200707435608,0.0,0.0,0.0,0.0,0.0,0.0,0.0,0.0,0.0,0.0,485.0,-0.6724752187728882,0.0,0.03951135277748108,0.04567825794219971,0.6590347290039062
20.887269973754883,167.64422607421875,0.4919377565383911,0.0,0.0,0.0,0.0,0.0,-0.0,0.0,3.491142763410296,2.419714191981724,0.0,0.18479299545288086,0.0,0.0,0.0,0.0,0.0,0.0,0.0,0.0,0.0,0.0,486.0,-0.4919230043888092,0.0,0.051040977239608765,0.045964330434799194,0.7462248206138611
20.692564010620117,166.97299194335938,0.3033643960952759,0.0,0.0,0.0,0.0,0.0,-0.0,0.0,3.4780714307512555,2.4066428593226843,0.0,0.2110850065946579,0.0,0.0,0.0,0.0,0.0,0.0,0.0,0.0,0.0,0.0,487.0,-0.30335530638694763,0.0,0.11045625805854797,0.06285727024078369,0.6918884515762329
20.134288787841797,166.3017578125,0.08796890079975128,0.0,0.0,0.0,0.0,0.0,-0.0,0.0,3.5182856968470984,2.4468571254185267,0.3092440068721771,0.0,0.0,0.492014892140503,0.0,0.0,0.0,0.0,0.0,0.0,0.0,0.0,488.0,0.5447559356689453,0.0,0.20220476388931274,0.03242558240890503,0.6147476434707642
19.575498580932617,147.71905517578125,0.5799664258956909,0.0,0.0,0.0,0.0,0.23371058890903593,-0.0,0.0,3.57542849949428,2.5039999280657086,0.351065993309021,0.0,0.0,0.0,2.5967841148376465,0.0,0.0,0.0,0.0,0.0,0.0,0.0,489.0,-0.5799490213394165,0.0,0.03387176990509033,0.03934121131896973,0.6125284433364868
19.259916305541992,147.04782104492188,0.5799490213394165,0.0,0.0,0.0,0.0,0.20427780582728336,-0.0,0.0,3.6375000272478375,2.566071319580078,0.35998600721359253,0.0,0.0,0.0,2.2697532176971436,2.199111223220825,0.0,0.0,0.0,0.0,2.199111223220825,0.0,490.0,-0.5799316167831421,2.199111223220825,0.028256744146347046,0.21686053276062012,0.8824957609176636
20.084287643432617,134.357666015625,0.5799316167831421,0.0,0.0,0.0,0.0,0.20489830669163267,-0.0,0.0,3.683999960763114,2.6125713893345424,0.4260939955711365,0.0,0.0,0.2170291692018509,2.2766476711975474,3.0,0.0,0.0,0.0,0.0,3.0,0.0,491.0,0.2170291692018509,3.0,0.07969307899475098,0.48644354939460754,0.9319490194320679
21.305652618408203,133.68643188476562,0.7969368696212769,0.0,0.0,0.0,0.0,0.00968704147163774,-0.0,0.0,3.719999940054757,2.648571504865374,0.4152370095252991,0.0,0.0,3.442572593688965,0.10763378557534331,3.0,0.0,0.0,0.0,0.0,3.0,0.0,492.0,3.442572593688965,3.0,0.4239479601383209,0.8705886602401733,0.990851640701294
22.574186325073242,124.33809661865234,4.239382266998291,0.0,0.0,0.0,0.0,0.14731264720596718,-0.0,0.0,3.743214280264718,2.671785845075335,0.3765510022640228,0.0,0.0,4.599999904632568,1.6368070610956726,1.098914384841919,0.0,0.0,0.0,0.0,0.0,1.098914384841919,493.0,4.599999904632568,-1.098914384841919,0.9959650039672852,0.9946936964988708,0.9998537302017212
22.561779022216797,179.9746856689453,8.839117050170898,0.0,0.0,0.0,0.0,0.2623965417889139,-0.0,0.0,3.740142904009138,2.6687141963413783,0.3960829973220825,0.0,0.0,1.0887503623962402,2.915516899283462,2.584630250930786,0.0,0.0,0.0,0.0,2.584630250930786,0.0,494.0,1.0887503623962402,2.584630250930786,0.992783784866333,0.9999798536300659,0.9999847412109375
23.9998836517334,179.30345153808594,9.927569389343262,0.0,0.0,0.0,0.0,0.48329289795923186,-0.0,0.0,3.7227142333984373,2.651285661969866,0.3611670136451721,0.0,0.0,0.0,5.36992066167295,0.026862213388085365,0.0,0.0,0.0,0.0,0.0,0.026862213388085365,495.0,-4.599999904632568,-0.026862213388085365,0.9758177399635315,0.9999998807907104,0.9999999403953552
23.987953186035156,179.99806213378906,9.927271842956543,0.0,0.0,0.0,0.0,0.30567429816828073,-0.0,0.0,3.6940000534057615,2.6225713457380024,0.4102570116519928,0.0,0.0,0.0,3.396380820838573,0.36956199112736954,0.0,0.0,0.0,0.0,0.36956199112736954,0.0,496.0,-4.599999904632568,0.3695620000362396,0.990376353263855,1.0,1.0
23.999984741210938,171.77183532714844,9.926974296569824,0.0,0.0,0.0,0.0,0.16720080543801086,-0.0,0.0,3.653785651070731,2.5823570796421595,0.3644320070743561,0.0,0.0,0.03160901740193367,1.8577865794453943,0.3333272512512488,0.0,0.0,0.0,0.0,0.0,0.3333272512512488,497.0,0.03160901740193367,-0.3333272635936737,0.9958553314208984,0.9999998807907104,1.0
23.987577438354492,179.99807739257812,9.958284378051758,0.0,0.0,0.0,0.0,0.04544419194452902,-0.0,0.0,3.6025714329310827,2.531142861502511,0.4492720067501068,0.0,0.0,0.030946213752031326,0.5049354259216594,0.04686476290225983,0.0,0.0,0.0,0.0,0.04686476290225983,0.0,498.0,0.030946213752031326,0.04686476290225983,0.9989200830459595,0.9999991655349731,1.0
23.999980926513672,179.32684326171875,9.988930702209473,0.0,0.0,0.0,0.0,0.0,-0.0,0.0,3.551285689217704,2.47985725402832,0.097850002348423,0.4958690106868744,0.0,0.0,0.0,0.0,0.0,0.0,0.2548109292984009,0.0,0.0,0.2548109292984009,499.0,-4.599999904632568,-0.2548109292984009,0.9990565180778503,0.9999924302101135,0.9999999403953552
23.259920120239258,179.99806213378906,9.222654342651367,0.0,0.0,0.0,0.0,0.0,-0.0,0.0,3.522285679408482,2.450857107979911,0.0,0.5670509934425354,0.0,0.0,0.0,0.0,0.0,0.0,1.7664563655853271,0.0,1.7664563655853271,0.0,500.0,-4.599999904632568,1.7664563655853271,0.9984359741210938,0.9997047185897827,0.9999998807907104
23.99850845336914,179.3268280029297,6.8413190841674805,0.0,0.0,0.0,0.0,0.0,-0.0,0.0,3.5194999967302594,2.4480712890625,0.0,0.4981609880924225,0.0,0.0,0.0,0.0,0.0,0.0,0.19549861550331116,0.0,0.0,0.19549861550331116,501.0,-4.599999904632568,-0.19549861550331116,0.951550304889679,0.990025520324707,0.9999989867210388
23.803802490234375,179.99790954589844,6.13331937789917,0.0,0.0,0.0,0.0,0.0,-0.0,0.0,3.5231428963797433,2.4517143249511717,0.0,0.45346799492836,0.0,0.0,0.0,0.0,0.0,0.0,0.0,0.0,0.0,0.0,502.0,-4.599999904632568,0.0,0.171245276927948,0.5645378828048706,0.9999845623970032
23.790882110595703,179.32667541503906,5.670426845550537,0.0,0.0,0.0,0.0,0.0,-0.0,0.0,3.5351428440638952,2.4637142726353236,0.0,0.7963470220565796,0.0,0.0,0.0,0.0,0.0,0.0,0.0,0.0,0.0,0.0,503.0,-4.599999904632568,0.0,0.7885088920593262,0.9263830184936523,0.981662929058075
23.596176147460938,168.82818603515625,4.857682228088379,0.0,0.0,0.0,0.0,0.0,-0.0,0.0,3.548357091631208,2.476928656441825,0.0,0.3171739876270294,0.0,0.0,0.0,0.0,0.0,0.0,0.2998466491699219,0.0,0.0,0.2998466491699219,504.0,-4.599999904632568,-0.2998466491699219,0.005566209554672241,0.47293901443481445,0.96783846616745
23.401470184326172,174.85223388671875,4.22794246673584,0.0,0.0,0.0,0.0,0.0,-0.0,0.0,3.5606428691319056,2.489214161464146,0.0,0.24729099869728088,0.0,0.0,0.0,0.0,0.0,0.0,0.0,0.0,0.0,0.0,505.0,-4.227815628051758,0.0,0.00022798776626586914,0.3769195079803467,0.795352578163147
23.206764221191406,171.4542694091797,3.9754855632781982,0.0,0.0,0.0,0.0,0.0,-0.0,0.0,3.5731428146362303,2.501714379446847,0.0,0.21376900374889374,0.0,0.0,0.0,0.0,0.0,0.0,0.0,0.0,0.0,0.0,506.0,-3.9753663539886475,0.0,0.0037821829319000244,0.5998498797416687,0.22802284359931946
22.648488998413086,164.87637329101562,3.7572412490844727,0.0,0.0,0.0,0.0,0.0,-0.0,0.0,3.5818570818219864,2.510428510393415,0.0,0.1956239938735962,0.0,0.0,0.0,0.0,0.0,0.0,0.0,0.0,0.0,0.0,507.0,-3.7571287155151367,0.0,0.004860043525695801,0.5828709006309509,0.24476099014282227
22.090213775634766,164.20513916015625,3.557518243789673,0.0,0.0,0.0,0.0,0.0,-0.0,0.0,3.579357092721122,2.50792852129255,0.0,0.1819709986448288,0.0,0.0,0.0,0.0,0.0,0.0,0.0,0.0,0.0,0.0,508.0,-3.5574116706848145,0.0,0.035660743713378906,0.608700156211853,0.3115549683570862
21.35015296936035,163.53390502929688,3.371732473373413,0.0,0.0,0.0,0.0,0.0,-0.0,0.0,3.5616428647722516,2.490214157104492,0.0,0.17693200707435608,0.0,0.0,0.0,0.0,0.0,0.0,0.0,0.0,0.0,0.0,509.0,-3.371631383895874,0.0,0.103060781955719,0.3933292329311371,0.5390770435333252
20.79187774658203,162.8626708984375,3.191093921661377,0.0,0.0,0.0,0.0,0.0,-0.0,0.0,3.5342142377580914,2.4627856663295202,0.0,0.18479299545288086,0.0,0.0,0.0,0.0,0.0,0.0,1.5292433500289917,0.0,1.5292433500289917,0.0,510.0,-3.1909983158111572,1.5292433500289917,0.3772117495536804,0.37250691652297974,0.556248664855957
20.862518310546875,162.19143676757812,1.4420340061187744,0.0,0.0,0.0,0.0,0.0,-0.0,0.0,3.511214338030134,2.4397857666015623,0.0,0.2110850065946579,0.0,0.0,0.0,0.0,0.0,0.0,0.0,0.0,0.0,0.0,511.0,-1.4419907331466675,0.0,0.12481534481048584,0.1425524353981018,0.7288022041320801
20.304243087768555,161.52020263671875,1.2266043424606323,0.0,0.0,0.0,0.0,0.0,-0.0,0.0,3.511214338030134,2.4397857666015623,0.3092440068721771,0.0,0.0,0.041410878510589555,0.0,0.0,0.0,0.0,0.0,0.0,0.0,0.0,512.0,0.06075599789619446,0.0,0.17711293697357178,0.13850778341293335,0.7195435166358948
19.56418228149414,160.84896850585938,1.267977237701416,0.0,0.0,0.0,0.0,0.0,-0.0,0.0,3.5278571810041153,2.456428473336356,0.351065993309021,0.0,0.0,0.7154333277708815,0.0,0.0,0.0,0.0,0.0,0.0,0.0,0.0,513.0,0.7869340181350708,0.0,0.23140621185302734,0.03282523155212402,0.4963776469230652
19.00590705871582,150.48379516601562,1.9833511114120483,0.0,0.0,0.0,0.0,-0.1810006750027604,-0.0,0.0,3.537928526742118,2.466500091552734,0.35998600721359253,0.0,0.0,0.0,0.0,0.8607639670372009,0.6033355593681335,0.0,0.0,0.0,1.4640995264053345,0.0,514.0,0.07073792070150375,1.4640995264053345,0.20540589094161987,0.04492560029029846,0.4552210569381714
19.224613189697266,149.81256103515625,1.9832916259765625,0.0,0.0,0.0,0.0,0.03756150782597109,-0.0,0.0,3.561214256286621,2.4897858210972377,0.40860098600387573,0.0,0.0,0.0,0.41735005378723145,1.0977990627288818,0.0,0.0,0.0,0.0,1.0977990627288818,0.0,515.0,-1.9832321405410767,1.0977990627288818,0.11753463745117188,0.08680969476699829,0.5435907244682312
19.434032440185547,141.6168670654297,1.9832321405410767,0.0,0.0,0.0,0.0,0.0,-0.0,0.0,3.598500061035156,2.527071489606585,0.406917005777359,0.0,0.0,0.0,0.0,2.7043330669403076,0.0,0.0,0.2956669330596924,0.0,3.0,0.0,516.0,-1.9831726551055908,3.0,0.11195164918899536,0.39287254214286804,0.8429782390594482
20.67738151550293,133.42042541503906,1.6814807653427124,0.0,0.0,0.0,0.0,0.0,-0.0,0.0,3.6415713991437637,2.5701429639543805,0.36357200145721436,0.0,0.0,1.1324661284556896,0.0,3.0,0.0,0.0,0.0,0.0,3.0,0.0,517.0,1.8016918897628784,3.0,0.3483142554759979,0.8200328946113586,0.9944555759429932
22.30316734313965,112.90413665771484,2.8138625621795654,0.0,0.0,0.0,0.0,0.0,-0.0,0.0,3.6638571330479213,2.592428697858538,0.37676000595092773,0.0,0.0,2.809741232244164,0.0,1.4092566967010498,0.0,0.0,0.0,0.0,0.0,1.4092566967010498,518.0,4.521239757537842,-1.4092566967010498,0.9322488307952881,0.9968825578689575,0.999881386756897
22.290246963500977,179.97909545898438,5.623435020446777,0.0,0.0,0.0,0.0,0.0,-0.0,0.0,3.6746429170880996,2.6032142094203405,0.3611670136451721,0.0,0.0,0.9383822433001114,0.0,3.0,0.0,0.0,0.0,0.0,3.0,0.0,519.0,3.695690631866455,3.0,0.9319095611572266,0.9999607801437378,0.999992847442627
23.93190574645996,173.78245544433594,6.561620712280273,0.0,0.0,0.0,0.0,0.014877170709997035,-0.0,0.0,3.681857190813337,2.6104286193847654,0.37240099906921387,0.0,0.0,2.967276096343994,0.16530188364073117,0.13756439089775085,0.0,0.0,0.0,0.0,0.0,0.13756439089775085,520.0,2.967276096343994,-0.13756439089775085,0.952886700630188,0.9999997615814209,1.0
23.91898536682129,179.99807739257812,9.528611183166504,0.0,0.0,0.0,0.0,0.14164307579484067,-0.0,0.0,3.6755713871547155,2.604142815726144,0.3644320070743561,0.0,0.0,0.41458937525749207,1.5738118282006783,0.16855570673942566,0.0,0.0,0.0,0.0,0.16855570673942566,0.0,521.0,0.41458937525749207,0.16855570673942566,0.9943170547485352,0.9999998807907104,1.0
23.999984741210938,170.16696166992188,9.942902565002441,0.0,0.0,0.0,0.0,0.04117826806804613,-0.0,0.0,3.6527142660958427,2.581285694667271,0.4492720067501068,0.0,0.0,0.052985627204179764,0.4575362755054623,0.2864746999528087,0.0,0.0,0.0,0.0,0.0,0.2864746999528087,522.0,0.052985627204179764,-0.28647470474243164,0.9995858073234558,0.9999996423721313,1.0
23.807262420654297,179.99807739257812,9.995588302612305,0.0,0.0,0.0,0.0,0.0,-0.0,0.0,3.59478577205113,2.5233570643833705,0.1928499937057495,0.4008690118789673,0.0,0.0,0.0,0.0,0.0,0.0,1.2250847816467285,0.0,1.2250847816467285,0.0,523.0,-4.599999904632568,1.2250847816467285,0.9993681907653809,0.9999935626983643,1.0
23.99995231628418,179.32684326171875,8.336201667785645,0.0,0.0,0.0,0.0,0.0,-0.0,0.0,3.518928609575544,2.4474999019077845,0.0,0.5670509934425354,0.0,0.0,0.0,0.0,0.0,0.0,0.3239814043045044,0.0,0.0,0.3239814043045044,524.0,-4.599999904632568,-0.3239814043045044,0.9988082051277161,0.9991217851638794,1.0
23.987545013427734,179.99807739257812,7.426762104034424,0.0,0.0,0.0,0.0,0.0,-0.0,0.0,3.489571380615234,2.418142809186663,0.0,0.4981609880924225,0.0,0.0,0.0,0.0,0.0,0.0,0.014474020976136585,0.0,0.0,0.014474020976136585,525.0,-4.599999904632568,-0.014474021270871162,0.8713296055793762,0.9495620131492615,1.0
23.975614547729492,179.99807739257812,6.903458118438721,0.0,0.0,0.0,0.0,0.0,-0.0,0.0,3.4655000959123883,2.394071524483817,0.0,0.45346799492836,0.0,0.0,0.0,0.0,0.0,0.0,0.014617555774748325,0.0,0.0,0.014617555774748325,526.0,-4.599999904632568,-0.014617555774748325,0.3455829620361328,0.6693544387817383,0.9999994039535522
23.96269416809082,179.99798583984375,6.4256272315979,0.0,0.0,0.0,0.0,0.0,-0.0,0.0,3.4474999019077845,2.3760713304792134,0.0,0.40605100989341736,0.0,0.0,0.0,0.0,0.0,0.0,0.0,0.0,0.0,0.0,527.0,-4.599999904632568,0.0,0.8484222292900085,0.9474651217460632,0.9997355937957764
23.58620262145996,156.1244659423828,6.011109352111816,0.0,0.0,0.0,0.0,0.0,-0.0,0.0,3.4259286063058036,2.354500034877232,0.0,0.3171739876270294,0.0,0.0,0.0,0.0,0.0,0.0,0.6802718043327332,0.0,0.0,0.6802718043327332,528.0,-4.599999904632568,-0.6802718043327332,0.17626267671585083,0.7654879093170166,0.9932068586349487
23.2097110748291,178.9111785888672,4.993157863616943,0.0,0.0,0.0,0.0,0.0,-0.0,0.0,3.4128572736467633,2.341428702218192,0.0,0.24729099869728088,0.0,0.0,0.0,0.0,0.0,0.0,0.0,0.0,0.0,0.0,529.0,-4.599999904632568,0.0,0.0339277982711792,0.6716172695159912,0.45286720991134644
22.65143585205078,165.9674072265625,4.740677833557129,0.0,0.0,0.0,0.0,0.0,-0.0,0.0,3.391285705566406,2.319857134137835,0.0,0.21376900374889374,0.0,0.0,0.0,0.0,0.0,0.0,0.0,0.0,0.0,0.0,530.0,-4.599999904632568,0.0,0.02349311113357544,0.6005010008811951,0.1284296214580536
22.09316062927246,165.29617309570312,4.5224103927612305,0.0,0.0,0.0,0.0,0.0,-0.0,0.0,3.36014278956822,2.2887142181396483,0.0,0.1956239938735962,0.0,0.0,0.0,0.0,0.0,0.0,0.0,0.0,0.0,0.0,531.0,-4.522274971008301,0.0,0.04860556125640869,0.5449866652488708,0.14912578463554382
21.53488540649414,164.62493896484375,4.322664260864258,0.0,0.0,0.0,0.0,0.0,-0.0,0.0,3.3309998648507255,2.259571293422154,0.0,0.1819709986448288,0.0,0.0,0.0,0.0,0.0,0.0,1.9541374444961548,0.0,1.9541374444961548,0.0,532.0,-4.322534561157227,1.9541374444961548,0.32505184412002563,0.5542448163032532,0.231224924325943
21.771209716796875,160.94461059570312,2.142897605895996,0.0,0.0,0.0,0.0,0.0,-0.0,0.0,3.311857169015067,2.2404285975864955,0.0,0.17693200707435608,0.0,0.0,0.0,0.0,0.0,0.0,0.0,0.0,0.0,0.0,533.0,-2.1428334712982178,0.0,0.03023281693458557,0.2832978665828705,0.5487465262413025
21.212934494018555,155.75860595703125,1.9622958898544312,0.0,0.0,0.0,0.0,0.0,-0.0,0.0,3.298500006539481,2.2270714351109095,0.0,0.18479299545288086,0.0,0.0,0.0,0.0,0.0,0.0,0.0,0.0,0.0,0.0,534.0,-1.962237000465393,0.0,0.12420660257339478,0.3288039565086365,0.5644240975379944
20.47287368774414,155.08737182617188,1.7736784219741821,0.0,0.0,0.0,0.0,0.0,-0.0,0.0,3.294142804827009,2.2227142333984373,0.0,0.2110850065946579,0.0,0.0,0.0,0.0,0.0,0.0,0.0,0.0,0.0,0.0,535.0,-1.7736252546310425,0.0,0.3617202341556549,0.12295585870742798,0.6536659598350525
19.91459846496582,145.83999633789062,1.5582388639450073,0.0,0.0,0.0,0.0,0.0,-0.0,0.0,3.3544286455426895,2.2830000741141183,0.3092440068721771,0.0,0.0,0.2695058523417657,0.0,0.0,0.0,0.0,0.0,0.0,0.0,0.0,536.0,0.30575600266456604,0.0,0.4825343191623688,0.061528682708740234,0.5484458804130554
19.53810691833496,116.50236511230469,1.8276898860931396,0.0,0.0,0.0,0.0,0.14803957089102762,-0.0,0.0,3.4412857600620814,2.3698571886335102,0.351065993309021,0.0,0.0,0.0,1.6448839902877808,0.0,0.0,0.0,0.0,0.0,0.0,0.0,537.0,-1.8276350498199463,0.0,0.10866332054138184,0.08030974864959717,0.3138379156589508
19.1616153717041,103.02919006347656,1.8276350498199463,0.0,0.0,0.0,0.0,0.07781975172517674,-0.0,0.0,3.515428624834333,2.4439999171665736,0.35998600721359253,0.0,0.0,0.0,0.86466383934021,3.0,0.0,0.0,0.0,0.0,3.0,0.0,538.0,-1.827580213546753,3.0,0.06519529223442078,0.3528949022293091,0.6659876108169556
20.27566146850586,89.34037780761719,1.827580213546753,0.0,0.0,0.0,0.0,0.22503206001941078,-0.0,0.0,3.593785776410784,2.5223570687430246,0.3635280132293701,0.0,0.0,0.23041339218616486,2.5003560237274502,3.0,0.0,0.0,0.0,0.0,3.0,0.0,539.0,0.23041339218616486,3.0,0.20579636096954346,0.6404311656951904,0.8790345191955566
21.516374588012695,88.66915130615234,2.057931900024414,0.0,0.0,0.0,0.0,0.1025090779047143,-0.0,0.0,3.675642912728446,2.6042142050606865,0.3520059883594513,0.0,0.0,4.599999904632568,1.138989663978058,1.8036772012710571,0.0,0.0,0.0,0.0,0.0,1.8036772012710571,540.0,4.599999904632568,-1.8036772012710571,0.85297691822052,0.9058606624603271,0.988012433052063
21.140398025512695,178.08006286621094,6.657732009887695,0.0,0.0,0.0,0.0,0.18502523926805792,-0.0,0.0,3.7541428429739816,2.6827144077845984,0.36357200145721436,0.0,0.0,3.307246685028076,2.0558358284841547,3.0,0.0,0.0,0.0,0.0,3.0,0.0,541.0,3.307246685028076,3.0,0.9964948892593384,0.9981430768966675,0.9990732669830322
22.453271865844727,177.40882873535156,9.964679718017578,0.0,0.0,0.0,0.0,0.4816068077599777,-0.0,0.0,3.822571427481515,2.7511429922921318,0.37676000595092773,0.0,0.0,0.029532868415117264,5.351186327614553,2.7197179794311523,0.0,0.0,0.0,0.0,2.7197179794311523,0.0,542.0,0.029532868415117264,2.7197179794311523,0.9994182586669922,0.999962568283081,0.9999828934669495
23.999797821044922,168.63723754882812,9.993912696838379,0.0,0.0,0.0,0.0,0.5486021239441309,-0.0,0.0,3.868071365356445,2.796642793927874,0.41938498616218567,0.0,0.0,0.0,6.095578670501709,0.2243361473083496,0.0,0.0,0.0,0.0,0.0,0.2243361473083496,543.0,-4.599999904632568,-0.2243361473083496,0.9989345073699951,0.9999997615814209,0.9999997615814209
23.805091857910156,179.998046875,9.993613243103027,0.0,0.0,0.0,0.0,0.2660217043575993,-0.0,0.0,3.883428519112723,2.8119999476841517,0.37240099906921387,0.0,0.0,0.0,2.955796480178833,0.9800524711608887,0.0,0.0,0.0,0.0,0.9800524711608887,0.0,544.0,-4.599999904632568,0.9800524711608887,0.9949100017547607,1.0,1.0
23.999984741210938,179.32681274414062,9.993313789367676,0.0,0.0,0.0,0.0,0.1441109618334733,-0.0,0.0,3.8706428800310406,2.799214172363281,0.3644320070743561,0.0,0.0,0.0,1.6012327820062637,0.16518531739711761,0.0,0.0,0.0,0.0,0.0,0.16518531739711761,545.0,-4.599999904632568,-0.16518531739711761,0.9989917278289795,0.9999998807907104,1.0
23.259923934936523,179.99807739257812,9.993014335632324,0.0,0.0,0.0,0.0,0.0,-0.0,0.0,3.834285681588309,2.7628571101597377,0.4492720067501068,0.0,0.0,0.0,0.0,0.3601279556751251,0.0,0.0,2.213340014219284,0.0,2.573467969894409,0.0,546.0,-4.599999904632568,2.573467969894409,0.9986756443977356,0.9999980330467224,0.9999996423721313
23.999975204467773,179.32684326171875,7.734272480010986,0.0,0.0,0.0,0.0,0.0,-0.0,0.0,3.7671429225376674,2.695714351109096,0.21660000085830688,0.3771190047264099,0.0,0.0,0.0,0.0,0.0,0.0,0.025967319981948817,0.0,0.0,0.025967319981948817,547.0,-4.599999904632568,-0.025967320427298546,0.9983022212982178,0.9999473094940186,1.0
23.9870548248291,179.99807739257812,7.32274055480957,0.0,0.0,0.0,0.0,0.0,-0.0,0.0,3.7112142835344586,2.6397857121058874,0.0,0.5670509934425354,0.0,0.0,0.0,0.0,0.0,0.0,1.6753458976745605,0.0,1.6753458976745605,0.0,548.0,-4.599999904632568,1.6753458976745605,0.9932318925857544,0.9995719790458679,0.9999929070472717
23.997844696044922,153.81283569335938,5.034429550170898,0.0,0.0,0.0,0.0,0.0,-0.0,0.0,3.737642914908273,2.6662142072405133,0.0,0.4981609880924225,0.0,0.0,0.0,0.0,0.0,0.0,0.521939754486084,0.0,0.0,0.521939754486084,549.0,-4.599999904632568,-0.521939754486084,0.87550950050354,0.9920958876609802,0.9989479780197144
23.076000213623047,179.8297576904297,3.9933907985687256,0.0,0.0,0.0,0.0,0.0,-0.0,0.0,3.757428523472377,2.685999952043806,0.0,0.45346799492836,0.0,0.0,0.0,0.0,0.0,0.0,2.7133560180664062,0.0,2.7133560180664062,0.0,550.0,-3.9932711124420166,2.7133560180664062,0.4034120440483093,0.936691164970398,0.5971629619598389
23.683441162109375,169.79443359375,0.7619149684906006,0.0,0.0,0.0,0.0,0.0,-0.0,0.0,3.7431428909301756,2.6717141832624165,0.0,0.40605100989341736,0.0,0.0,0.0,0.0,0.0,0.0,0.0,0.0,0.0,0.0,551.0,-0.7618921399116516,0.0,0.001621931791305542,0.3571459949016571,0.06809911131858826
23.125165939331055,169.12319946289062,0.34756678342819214,0.0,0.0,0.0,0.0,0.0,-0.0,0.0,3.7369286128452845,2.6655000414167134,0.0,0.3171739876270294,0.0,0.0,0.0,0.0,0.0,0.0,0.0,0.0,0.0,0.0,552.0,-0.34755635261535645,0.0,0.003954589366912842,0.43545013666152954,0.08771365880966187
22.38510513305664,157.63197326660156,0.02391914650797844,0.0,0.0,0.0,0.0,-0.06715528499552723,-0.0,0.0,3.7606428146362303,2.689214379446847,0.0,0.023440057607227338,0.22385094109005355,0.0,0.0,0.0,0.0,0.0,0.0,0.0,0.0,0.0,553.0,-0.023918429389595985,0.0,0.007796436548233032,0.24761706590652466,0.1347346007823944
21.82682991027832,144.22616577148438,7.208220722532133e-7,0.0,0.0,0.0,0.0,-0.06413070367299323,-0.0,0.0,3.7733572006225584,2.7019284929547993,0.0,0.0,0.21376900374889374,0.0,0.0,0.0,0.0,0.0,0.0,0.0,0.0,0.0,554.0,0.0,0.0,0.00810667872428894,0.10397613048553467,0.07866209745407104
21.632123947143555,143.554931640625,7.208004717540462e-7,0.0,0.0,0.0,0.0,-0.05868720049409859,-0.0,0.0,3.7869285311017715,2.7155000959123883,0.0,0.0,0.1956239938735962,0.0,0.0,0.0,0.0,0.0,0.0,0.0,0.0,0.0,555.0,0.0,0.0,0.012726426124572754,0.07905983924865723,0.2171625792980194
21.43741798400879,142.88369750976562,7.20778871254879e-7,0.0,0.0,0.0,0.0,-0.054591301762711986,-0.0,0.0,3.8041428974696565,2.7327141898018974,0.0,0.0,0.1819709986448288,0.0,0.0,0.0,0.0,0.0,0.0,0.0,0.0,0.0,556.0,0.0,0.0,0.018403083086013794,0.07068008184432983,0.47735968232154846
21.242712020874023,142.21246337890625,7.207572707557119e-7,0.0,0.0,0.0,0.0,-0.08320589992228733,-0.0,0.0,3.8464285441807338,2.7750001089913505,0.0,0.0,0.2773529887199402,0.0,0.0,0.0,0.0,0.0,0.0,0.0,0.0,0.0,557.0,0.0,0.0,0.19219768047332764,0.15748590230941772,0.6560359597206116
20.684436798095703,131.59368896484375,7.207356702565448e-7,0.0,0.0,0.0,0.0,-0.09823165553735302,-0.0,0.0,3.9068571635654994,2.83542845589774,0.0,0.0,0.23891299962997437,0.0,0.0,0.0,0.08852583914995193,0.0,0.0,0.0,0.0,0.08852583914995193,558.0,0.0,-0.08852583914995193,0.262613981962204,0.12022209167480469,0.7233638763427734
20.126161575317383,135.73629760742188,7.207140697573777e-7,0.0,0.0,0.0,0.0,-0.0922892145232046,-0.0,0.0,3.9203571047101704,2.8489286695207867,0.0,0.0,0.22377300262451172,0.0,0.0,0.0,0.0838577002286911,0.0,0.0,0.0,0.0,0.0838577002286911,559.0,0.0,-0.0838577002286911,0.23720696568489075,0.15411192178726196,0.7478043437004089
19.38610076904297,139.6467742919922,7.206924692582106e-7,0.0,0.17217479863367657,0.0,0.0,-0.21364800119891747,-0.17217479863367657,0.0,3.864571380615234,2.793142809186663,0.17100000381469727,0.0,0.13824400305747986,0.0,0.0,0.0,0.0,0.0,0.0,0.0,0.0,0.0,560.0,0.0,0.0,0.36052125692367554,0.047821253538131714,0.6954727172851562
18.82782554626465,127.3354263305664,7.206708687590435e-7,0.0,0.0,0.0,0.0,-0.45891069209220703,-0.0,0.0,3.8524285180228097,2.7810000828334265,0.351065993309021,0.0,0.0,0.0,0.0,0.6293339133262634,1.5297022461891174,0.0,0.0,0.0,2.159036159515381,0.0,561.0,0.680933952331543,2.159036159515381,0.17533183097839355,0.06697919964790344,0.49901145696640015
19.334880828857422,126.66419982910156,7.206492682598764e-7,0.0,0.13250239645473982,0.0,0.0,0.03879366479450799,-0.13250239645473982,0.0,3.8994999749319894,2.828071539742606,0.35998600721359253,0.0,0.0,0.32361993193626404,1.903289418176231,0.0,0.0,0.0,0.0,0.0,0.0,0.0,562.0,0.32361993193626404,0.0,0.03235906362533569,0.05284076929092407,0.5789870023727417
18.86749839782715,125.99297332763672,0.32361096143722534,0.0,0.0,0.0,0.0,0.13853949694152584,-0.0,0.0,3.952428490774972,2.880999919346401,0.3635280132293701,0.0,0.0,0.0,1.539327621459961,2.8927440643310547,0.0,0.0,0.0,0.0,2.8927440643310547,0.0,563.0,-0.32360124588012695,2.8927440643310547,0.03004559874534607,0.22322261333465576,0.8990757465362549
20.116098403930664,125.32174682617188,0.32360124588012695,0.0,0.0,0.0,0.0,0.37013017093181927,-0.0,0.0,4.025928579057966,2.9545001438685827,0.3520059883594513,0.0,0.0,0.4997498095035553,4.11255712796131,2.790787935256958,0.0,0.0,0.0,0.0,0.0,2.790787935256958,564.0,0.4997498095035553,-2.790787935256958,0.08233210444450378,0.2851313352584839,0.9996404051780701
19.832530975341797,179.9405517578125,0.8233263492584229,0.0,0.0,0.0,0.0,0.20057701194843028,-0.0,0.0,4.111714308602469,3.04028560093471,0.4535300135612488,0.0,0.0,3.03950572013855,2.2286332889778055,3.0,0.0,0.0,0.0,0.0,3.0,0.0,565.0,3.03950572013855,3.0,0.38628020882606506,0.7185173034667969,0.9991761445999146
21.306806564331055,125.73014068603516,3.8627161979675293,0.0,0.0,0.0,0.0,0.04396092438125724,-0.0,0.0,4.199214335850307,3.1277857644217355,0.3876180052757263,0.0,0.0,4.599999904632568,0.4884546765284119,3.0,0.0,0.0,0.0,0.0,3.0,0.0,566.0,4.599999904632568,3.0,0.9954228401184082,0.9934794306755066,0.9998912811279297
23.002756118774414,125.05891418457031,8.462462425231934,0.0,0.0,0.0,0.0,0.440105951965001,-0.0,0.0,4.267071396963937,3.1956429617745536,0.3611670136451721,0.0,0.0,1.5363764762878418,4.8900657443169395,0.9073865413665771,0.0,0.0,0.0,0.0,0.0,0.9073865413665771,567.0,1.5363764762878418,-0.9073865413665771,0.9998809099197388,0.9999772906303406,0.999998152256012
22.99281883239746,179.99778747558594,9.998538970947266,0.0,0.0,0.0,0.0,0.3503213409838136,-0.0,0.0,4.28500006539481,3.213571493966239,0.37240099906921387,0.0,0.0,0.0,3.8924590349197388,1.8683394193649292,0.0,0.0,0.0,0.0,1.8683394193649292,0.0,568.0,-4.599999904632568,1.8683394193649292,0.9991046190261841,0.9999997615814209,0.9999998807907104
23.999984741210938,179.32655334472656,9.998239517211914,0.0,0.0,0.0,0.0,0.24479753662775136,-0.0,0.0,4.24021429334368,3.1687858581542967,0.3644320070743561,0.0,0.0,0.0,2.719972413033247,0.02209540084004402,0.0,0.0,0.0,0.0,0.0,0.02209540084004402,569.0,-4.599999904632568,-0.02209540084004402,0.9951271414756775,1.0,1.0
23.807750701904297,179.99807739257812,9.997940063476562,0.0,0.0,0.0,0.0,0.0,-0.0,0.0,4.161142839704241,3.0897142682756695,0.4492720067501068,0.0,0.0,0.0,0.0,0.6954779624938965,0.0,0.0,0.06768113374710083,0.0,0.7631590962409973,0.0,570.0,-4.599999904632568,0.7631590962409973,0.9993218183517456,0.9999997615814209,1.0
23.999984741210938,179.32684326171875,9.928580284118652,0.0,0.0,0.0,0.0,0.0,-0.0,0.0,4.0688571384974885,2.9974285670689174,0.12825000286102295,0.48260802030563354,0.0,0.0,0.0,0.0,0.0,0.0,0.5904018643219339,0.0,0.0,0.5904018643219339,571.0,-4.599999904632568,-0.5904018878936768,0.999793529510498,0.9999959468841553,1.0
23.44219970703125,179.99807739257812,8.833407402038574,0.0,0.0,0.0,0.0,0.0,-0.0,0.0,3.989142772129604,2.9177142007010324,0.0,0.5670509934425354,0.0,0.0,0.0,0.0,0.0,0.0,1.5579843521118164,0.0,1.5579843521118164,0.0,572.0,-4.599999904632568,1.5579843521118164,0.9984585046768188,0.9998929500579834,0.9999996423721313
23.99945068359375,171.8018798828125,6.664803981781006,0.0,0.0,0.0,0.0,0.0,-0.0,0.0,3.945000049046108,2.8735713413783484,0.0,0.4981609880924225,0.0,0.0,0.0,0.0,0.0,0.0,0.16090036928653717,0.0,0.0,0.16090036928653717,573.0,-4.599999904632568,-0.16090036928653717,0.8922345638275146,0.9890449047088623,0.9999980330467224
23.715335845947266,179.9977569580078,5.992112636566162,0.0,0.0,0.0,0.0,0.0,-0.0,0.0,3.8956429072788783,2.824214335850307,0.0,0.45346799492836,0.0,0.0,0.0,0.0,0.0,0.0,0.0,0.0,0.0,0.0,574.0,-4.599999904632568,0.0,0.33723708987236023,0.9157677888870239,0.9995651841163635
23.430744171142578,179.32652282714844,5.529224395751953,0.0,0.0,0.0,0.0,0.0,-0.0,0.0,3.8559286390032086,2.7845000675746374,0.0,0.40605100989341736,0.0,0.0,0.0,0.0,0.0,0.0,0.0,0.0,0.0,0.0,575.0,-4.599999904632568,0.0,0.18307584524154663,0.8682475090026855,0.8636117577552795
22.872468948364258,178.65528869628906,5.1147332191467285,0.0,0.0,0.0,0.0,0.0,-0.0,0.0,3.811928558349609,2.740499986921038,0.0,0.3171739876270294,0.0,0.0,0.0,0.0,0.0,0.0,1.3497323989868164,0.0,1.3497323989868164,0.0,576.0,-4.599999904632568,1.3497323989868164,0.08709651231765747,0.7808372378349304,0.10695448517799377
22.904170989990234,177.9840545654297,3.413706064224243,0.0,0.0,0.0,0.0,0.0,-0.0,0.0,3.7709999901907785,2.6995715550013952,0.0,0.24729099869728088,0.0,0.0,0.0,0.0,0.0,0.0,2.222790002822876,0.0,2.222790002822876,0.0,577.0,-3.4136037826538086,2.222790002822876,0.1746498942375183,0.8479323387145996,0.32417771220207214
23.239646911621094,145.53822326660156,0.8931885361671448,0.0,0.0,0.0,0.0,0.0,-0.0,0.0,3.740142904009138,2.6687141963413783,0.0,0.21376900374889374,0.0,0.0,0.0,0.0,0.0,0.0,0.0,0.0,0.0,0.0,578.0,-0.8931617736816406,0.0,0.003690779209136963,0.7206003069877625,0.13280725479125977
22.136016845703125,144.8669891357422,0.6750366687774658,0.0,0.0,0.0,0.0,0.0,-0.0,0.0,3.7172142573765345,2.6457856859479634,0.0,0.1956239938735962,0.0,0.0,0.0,0.0,0.0,0.0,0.0,0.0,0.0,0.0,579.0,-0.6750164031982422,0.0,0.01206117868423462,0.34498828649520874,0.22429311275482178
21.39595603942871,144.1957550048828,0.47540611028671265,0.0,0.0,0.0,0.0,0.0,-0.0,0.0,3.696071434020996,2.624642726353237,0.0,0.1819709986448288,0.0,0.0,0.0,0.0,0.0,0.0,0.0,0.0,0.0,0.0,580.0,-0.47539186477661133,0.0,0.03201669454574585,0.10577329993247986,0.4750736951828003
21.01946449279785,143.52452087402344,0.28971272706985474,0.0,0.0,0.0,0.0,0.0,-0.0,0.0,3.671285711015974,2.5998572758265905,0.0,0.17693200707435608,0.0,0.0,0.0,0.0,0.0,0.0,0.0,0.0,0.0,0.0,581.0,-0.2897040545940399,0.0,0.05544602870941162,0.06652817130088806,0.6564525365829468
20.824758529663086,142.85328674316406,0.10916659235954285,0.0,0.0,0.0,0.0,-0.023343886782700607,-0.0,0.0,3.6436429159981865,2.572214344569615,0.0,0.10698004260255445,0.07781295285032641,0.0,0.0,0.0,0.0,0.0,0.0,0.0,0.0,0.0,582.0,-0.1091633215546608,0.0,0.28052079677581787,0.08028501272201538,0.7401249408721924
20.448266983032227,127.48070526123047,3.2856075904419413e-6,0.0,0.0,0.0,0.0,-0.0886708719500251,-0.0,0.0,3.6264999389648436,2.5550713675362724,0.0,0.0,0.2110850065946579,0.0,0.0,0.0,0.08448455482721329,0.0,0.0,0.0,0.0,0.08448455482721329,583.0,0.0,-0.08448455482721329,0.1360485851764679,0.032125651836395264,0.6934452056884766
20.25356101989746,130.94931030273438,3.2855091376404744e-6,0.0,0.0,0.0,0.0,-0.02237820714228178,-0.0,0.0,3.6448570796421595,2.5734285082135884,0.23464998602867126,0.0,0.07459402084350586,0.0,0.0,0.0,0.0,0.0,0.0,0.0,0.0,0.0,584.0,0.0,0.0,0.17660874128341675,0.019382119178771973,0.6277735233306885
19.967449188232422,130.278076171875,3.2854106848390074e-6,0.0,0.0,0.0,0.0,0.023784858444597216,-0.0,0.0,3.707928603036063,2.6364998953683036,0.351065993309021,0.0,0.0,1.1304866075515747,0.26427618393718455,0.0,0.0,0.0,0.0,0.0,0.0,0.0,585.0,1.1304866075515747,0.0,0.11304599046707153,0.05123838782310486,0.38860440254211426
19.470582962036133,101.60505676269531,1.1304559707641602,0.0,0.0,0.0,0.0,0.25519495607971676,-0.0,0.0,3.818714359828404,2.7472857883998327,0.35998600721359253,0.0,0.0,0.0,2.8354992866516113,2.694514751434326,0.0,0.0,0.0,0.0,2.694514751434326,0.0,586.0,-1.1304221153259277,2.694514751434326,0.0507940948009491,0.3398897051811218,0.8864809274673462
20.699432373046875,100.93383026123047,1.1304221153259277,0.0,0.0,0.0,0.0,0.3981007048877148,-0.0,0.0,3.893214307512556,2.821785736083984,0.4017370045185089,0.0,0.0,1.56376314163208,4.423340813883502,1.3853952884674072,0.0,0.0,0.0,0.0,0.0,1.3853952884674072,587.0,1.56376314163208,-1.3853952884674072,0.2694155275821686,0.650334894657135,0.970230221748352
20.323925018310547,175.2349090576172,2.6941044330596924,0.0,0.0,0.0,0.0,0.12826539826458455,-0.0,0.0,3.9389999389648436,2.8675713675362724,0.3649429976940155,0.0,0.0,2.564695119857788,1.4251709785663018,3.0,0.0,0.0,0.0,0.0,3.0,0.0,588.0,2.564695119857788,3.0,0.5258769392967224,0.8677248954772949,0.9930589199066162
21.691511154174805,166.83338928222656,5.258641719818115,0.0,0.0,0.0,0.0,0.0,-0.0,0.0,3.988857214791434,2.9174286433628627,0.44078001379966736,0.0,0.0,3.9010071178554426,0.0,3.0,0.0,0.0,0.0,0.0,3.0,0.0,589.0,4.561378479003906,3.0,0.9819989800453186,0.9968819618225098,0.9998759031295776
23.475074768066406,166.1621551513672,9.159374237060547,0.0,0.0,0.0,0.0,0.573981129707087,-0.0,0.0,4.0356428418840675,2.964214270455497,0.37676000595092773,0.0,0.0,0.8356356024742126,6.377567601012977,0.8850327134132385,0.0,0.0,0.0,0.0,0.8850327134132385,0.0,590.0,0.8356356024742126,0.8850327134132385,0.9994980096817017,0.999988853931427,0.9999972581863403
23.999929428100586,165.4909210205078,9.994709968566895,0.0,0.0,0.0,0.0,0.6717751503408043,-0.0,0.0,4.061142866952078,2.9897141592843193,0.3611670136451721,0.0,0.0,0.0,7.46416774392128,0.39596542716026306,0.0,0.0,0.0,0.0,0.0,0.39596542716026306,591.0,0.003986794967204332,-0.39596542716026306,0.9998667240142822,0.9999991655349731,0.9999998807907104
23.989028930664062,179.99806213378906,9.994410514831543,0.0,0.0,0.0,0.0,0.6055114680964265,-0.0,0.0,4.061999947684152,2.99057137625558,0.37240099906921387,0.0,0.0,0.0,6.727904666385571,0.034194599666674826,0.0,0.0,0.0,0.0,0.034194599666674826,0.0,592.0,0.003301102900877595,0.03419459983706474,0.9997681379318237,0.9999999403953552,1.0
23.999984741210938,179.3268280029297,9.994111061096191,0.0,0.0,0.0,0.0,0.38325217937535294,-0.0,0.0,4.029999950953892,2.958571515764509,0.3644320070743561,0.0,0.0,0.0,4.258357210191201,0.023660497633506295,0.0,0.0,0.0,0.0,0.0,0.023660497633506295,593.0,-4.599999904632568,-0.02366049773991108,0.9991965293884277,1.0,1.0
23.80832862854004,179.99807739257812,9.99381160736084,0.0,0.0,0.0,0.0,0.09431795899613328,-0.0,0.0,3.964285659790039,2.8928570883614677,0.4492720067501068,0.0,0.0,0.0,1.047977238893509,0.33720073103904724,0.0,0.0,0.0,0.0,0.33720073103904724,0.0,594.0,-4.599999904632568,0.33720073103904724,0.9991756081581116,0.9999997615814209,1.0
23.999984741210938,179.32684326171875,9.993512153625488,0.0,0.0,0.0,0.0,0.0,-0.0,0.0,3.8657856804983957,2.7943572453090124,0.3610000014305115,0.23271900415420532,0.0,0.0,0.0,0.0,0.0,0.0,0.025050654225651975,0.0,0.0,0.025050654225651975,595.0,-4.599999904632568,-0.025050655007362366,0.9997605085372925,0.9999880790710449,1.0
23.98908805847168,179.99807739257812,9.73019027709961,0.0,0.0,0.0,0.0,0.0,-0.0,0.0,3.740499986921038,2.6690714154924664,0.0,0.5670509934425354,0.0,0.0,0.0,0.0,0.0,0.0,0.03180178627371788,0.0,0.03180178627371788,0.0,596.0,-4.599999904632568,0.03180178627371788,0.9989523887634277,0.9992108345031738,1.0
23.99603843688965,179.32684326171875,9.118843078613281,0.0,0.0,0.0,0.0,0.0,-0.0,0.0,3.6479285921369278,2.5764998844691687,0.0,0.4981609880924225,0.0,0.0,0.0,0.0,0.0,0.0,0.22862584580136555,0.0,0.0,0.22862584580136555,597.0,-4.599999904632568,-0.2286258488893509,0.9965445399284363,0.9814860224723816,1.0
23.984121322631836,179.99807739257812,8.376973152160645,0.0,0.0,0.0,0.0,0.0,-0.0,0.0,3.580571392604283,2.5091429574148996,0.0,0.45346799492836,0.0,0.0,0.0,0.0,0.0,0.0,0.29500719904899597,0.0,0.0,0.29500719904899597,598.0,-4.599999904632568,-0.29500719904899597,0.9641338586807251,0.8544410467147827,1.0
23.973207473754883,179.99807739257812,7.61299467086792,0.0,0.0,0.0,0.0,0.0,-0.0,0.0,3.53500006539481,2.463571493966239,0.0,0.40605100989341736,0.0,0.0,0.0,0.0,0.0,0.0,0.01419807504862547,0.0,0.0,0.01419807504862547,599.0,-4.599999904632568,-0.01419807504862547,0.3543235659599304,0.8304842710494995,0.9999973773956299
23.779504776000977,179.99765014648438,7.183953762054443,0.0,0.0,0.0,0.0,0.0,-0.0,0.0,3.500999941144671,2.429571369716099,0.0,0.3171739876270294,0.0,0.0,0.0,0.0,0.0,0.0,0.0,0.0,0.0,0.0,600.0,-4.599999904632568,0.0,0.6032974720001221,0.9161108732223511,0.9974308013916016
23.22222900390625,168.33544921875,6.860101222991943,0.0,0.0,0.0,0.0,0.0,-0.0,0.0,3.480500030517578,2.4090714590890068,0.0,0.24729099869728088,0.0,0.0,0.0,0.0,0.0,0.0,0.26639825105667114,0.0,0.0,0.26639825105667114,601.0,-4.599999904632568,-0.26639825105667114,0.0021539926528930664,0.27953746914863586,0.9998378157615662
23.211299896240234,179.9721221923828,6.335738658905029,0.0,0.0,0.0,0.0,0.0,-0.0,0.0,3.478785596575056,2.407357025146484,0.0,0.21376900374889374,0.0,0.0,0.0,0.0,0.0,0.0,0.0,0.0,0.0,0.0,602.0,-4.599999904632568,0.0,0.00036281347274780273,0.27943962812423706,0.9992541074752808
23.20136833190918,179.30088806152344,6.1174235343933105,0.0,0.0,0.0,0.0,0.0,-0.0,0.0,3.4715000697544642,2.400071498325893,0.0,0.1956239938735962,0.0,0.0,0.0,0.0,0.0,0.0,0.025804515928030014,0.0,0.0,0.025804515928030014,603.0,-4.599999904632568,-0.025804515928030014,0.00011199712753295898,0.3815126419067383,0.9988707900047302
23.1904354095459,179.81739807128906,5.891299247741699,0.0,0.0,0.0,0.0,0.0,-0.0,0.0,3.454357092721122,2.38292852129255,0.0,0.1819709986448288,0.0,0.0,0.0,0.0,0.0,0.0,0.0,0.0,0.0,0.0,604.0,-4.599999904632568,0.0,6.264448165893555e-5,0.38952377438545227,0.9988521933555603
23.17949867248535,179.1461639404297,5.705443382263184,0.0,0.0,0.0,0.0,0.0,-0.0,0.0,3.432499967302595,2.3610713958740233,0.0,0.17693200707435608,0.0,0.0,0.0,0.0,0.0,0.0,0.030546829104423523,0.0,0.0,0.030546829104423523,605.0,-4.599999904632568,-0.030546829104423523,9.509921073913574e-5,0.43884408473968506,0.9991251826286316
23.168563842773438,179.8581085205078,5.493565559387207,0.0,0.0,0.0,0.0,0.0,-0.0,0.0,3.3924998692103796,2.321071297781808,0.0,0.18479299545288086,0.0,0.0,0.0,0.0,0.0,0.0,0.0,0.0,0.0,0.0,606.0,-4.599999904632568,0.0,0.00033599138259887695,0.505141019821167,0.9985029697418213
23.157630920410156,179.18687438964844,5.304841995239258,0.0,0.0,0.0,0.0,0.0,-0.0,0.0,3.3425714765276227,2.2711429050990515,0.0,0.2110850065946579,0.0,0.0,0.0,0.0,0.0,0.0,0.017024103552103043,0.0,0.0,0.017024103552103043,607.0,-4.599999904632568,-0.017024103552103043,0.0028286874294281006,0.5137908458709717,0.9953691959381104
23.147693634033203,179.25714111328125,5.071925640106201,0.0,0.0,0.0,0.0,0.07699103490440291,-0.0,0.0,3.321714346749442,2.2502857753208705,0.3092440068721771,0.0,0.0,0.0,0.8554558753967285,0.0,0.0,0.0,0.0,0.0,0.0,0.0,608.0,-4.599999904632568,0.0,0.2503296434879303,0.309204638004303,0.44120121002197266
23.13477325439453,178.58590698242188,5.071773529052734,0.0,0.0,0.0,0.0,0.30390606434393297,-0.0,0.0,3.3377856663295202,2.2663570949009486,0.351065993309021,0.0,0.0,0.0,3.3767337799072266,0.0,0.0,0.0,0.0,0.0,0.0,0.0,609.0,-4.599999904632568,0.0,0.22877156734466553,0.7656809091567993,0.5643453598022461
23.124839782714844,161.3607177734375,5.071621417999268,0.0,0.0,0.0,0.0,0.3846246512432598,-0.0,0.0,3.368642752511161,2.2972141810825892,0.35998600721359253,0.0,0.0,0.0,4.273606896400452,1.0550073385238647,0.0,0.0,0.0,0.0,1.0550073385238647,0.0,610.0,-4.599999904632568,1.0550073385238647,0.21561896800994873,0.9292094707489014,0.9824787974357605
23.646032333374023,55.2044792175293,5.071469306945801,0.0,0.0,0.0,0.0,0.0,-0.0,0.0,3.401285661969866,2.3298570905412945,0.3635280132293701,0.0,0.0,3.506606728137399,0.0,2.796651601791382,0.0,0.0,0.0,0.0,0.0,2.796651601791382,611.0,4.599999904632568,-2.796651601791382,0.9929400682449341,0.9658627510070801,0.9244124293327332
23.27153778076172,167.90406799316406,8.577818870544434,0.0,0.0,0.0,0.0,0.3767671159766783,-0.0,0.0,3.4374285561697824,2.3659999847412108,0.3520059883594513,0.0,0.0,1.3202786445617676,4.186300955932444,1.7648200988769531,0.0,0.0,0.0,0.0,1.7648200988769531,0.0,612.0,1.3202786445617676,1.7648200988769531,0.9898067116737366,0.9975647330284119,0.9988176822662354
23.987808227539062,135.0962371826172,9.89780044555664,0.0,0.0,0.0,0.0,0.626327299973108,-0.0,0.0,3.4733572823660714,2.4019287109375,0.36357200145721436,0.0,0.0,0.09962507337331772,6.959191668856548,0.9887773990631104,0.0,0.0,0.0,0.0,0.0,0.9887773990631104,613.0,0.09962507337331772,-0.9887773990631104,0.9997395873069763,0.9999600648880005,0.9998383522033691
23.764299392700195,179.97222900390625,9.997125625610352,0.0,0.0,0.0,0.0,0.7028932808155408,-0.0,0.0,3.4987857818603514,2.42735721043178,0.37676000595092773,0.0,0.0,0.0,7.8099247217178345,0.8145660161972046,0.0,0.0,0.0,0.0,0.8145660161972046,0.0,614.0,0.0022701809648424387,0.8145660161972046,0.999936580657959,0.9999966621398926,0.9999935626983643
23.999967575073242,179.30099487304688,9.996826171875,0.0,0.0,0.0,0.0,0.7443602487246854,-0.0,0.0,3.5052857535226005,2.433857182094029,0.3611670136451721,0.0,0.0,0.0,8.27066877298057,0.029314251616597176,0.0,0.0,0.0,0.0,0.0,0.029314251616597176,615.0,0.0028423855546861887,-0.029314251616597176,0.9999638795852661,0.9999995827674866,0.9999997615814209
23.989076614379883,179.998046875,9.996526718139648,0.0,0.0,0.0,0.0,0.650081446559561,-0.0,0.0,3.495714405604771,2.4242858341762,0.37240099906921387,0.0,0.0,0.0,7.223126609952583,0.03962210830913526,0.0,0.0,0.0,0.0,0.03962210830913526,0.0,616.0,0.003125626826658845,0.03962210938334465,0.9999622106552124,0.9999999403953552,1.0
23.999984741210938,179.32681274414062,9.996227264404297,0.0,0.0,0.0,0.0,0.43111603088504313,-0.0,0.0,3.470285633632115,2.3988570622035437,0.3644320070743561,0.0,0.0,0.0,4.790177740255793,0.468440614541571,0.0,0.0,0.0,0.0,0.0,0.468440614541571,617.0,0.002377946162596345,-0.46844062209129333,0.9998575448989868,0.9999998807907104,1.0
23.99012565612793,179.99807739257812,9.995927810668945,0.0,0.0,0.0,0.0,0.2326131607844764,-0.0,0.0,3.426142774309431,2.354714202880859,0.4492720067501068,0.0,0.0,0.0,2.5845904699782714,0.03938742957312037,0.0,0.0,0.0,0.0,0.03938742957312037,0.0,618.0,0.000997025752440095,0.039387430995702744,0.999689519405365,0.9999999403953552,1.0
23.999984741210938,179.32684326171875,9.995628356933594,0.0,0.0,0.0,0.0,-0.08640913710630471,-0.0,0.0,3.350642830984933,2.279214259556362,0.5889999866485596,0.0,0.0047190189361572266,0.0,0.0,0.0,0.2833114266395569,0.0,0.0,0.0,0.0,0.2833114266395569,619.0,0.00346513488329947,-0.2833114266395569,0.9999063014984131,0.9999964237213135,1.0
23.900230407714844,179.99807739257812,9.995328903198242,0.0,0.0,0.0,0.0,0.0,-0.0,0.0,3.258071572440011,2.18664300101144,0.0,0.5670509934425354,0.0,0.0,0.0,0.0,0.0,0.0,0.40645238757133484,0.0,0.40645238757133484,0.0,620.0,-4.599999904632568,0.40645238757133484,0.9999537467956543,0.9998316764831543,1.0
23.999143600463867,113.40291595458984,9.001688003540039,0.0,0.0,0.0,0.0,0.0,-0.0,0.0,3.234500013078962,2.1630714416503904,0.0,0.4981609880924225,0.0,0.0,0.0,0.0,0.0,0.0,2.1222686047204746,0.0,0.0,2.1222686047204746,621.0,-4.599999904632568,-2.1222686767578125,0.9999464750289917,0.9921740293502808,1.0
23.9887638092041,179.99807739257812,6.327590465545654,0.0,0.0,0.0,0.0,0.0,-0.0,0.0,3.2213572910853796,2.149928719656808,0.0,0.45346799492836,0.0,0.0,0.0,0.0,0.0,0.0,0.016263442113995552,0.0,0.0,0.016263442113995552,622.0,-4.599999904632568,-0.016263442113995552,0.2695572078227997,0.7051461338996887,0.9999958276748657
23.978879928588867,179.99740600585938,5.848097324371338,0.0,0.0,0.0,0.0,0.0,-0.0,0.0,3.2152142660958427,2.143785694667271,0.0,0.40605100989341736,0.0,0.0,0.0,0.0,0.0,0.0,0.0,0.0,0.0,0.0,623.0,-4.599999904632568,0.0,0.025030851364135742,0.37507280707359314,0.9999077320098877
23.967971801757812,179.326171875,5.433596611022949,0.0,0.0,0.0,0.0,0.0,-0.0,0.0,3.2152142660958427,2.143785694667271,0.0,0.3171739876270294,0.0,0.0,0.0,0.0,0.0,0.0,0.0,0.0,0.0,0.0,624.0,-4.599999904632568,0.0,0.003102809190750122,0.46845343708992004,0.9952294826507568
23.77426528930664,178.65493774414062,5.109796524047852,0.0,0.0,0.0,0.0,0.0,-0.0,0.0,3.217285646711077,2.1458570752825055,0.0,0.24729099869728088,0.0,0.0,0.0,0.0,0.0,0.0,0.5856463313102722,0.0,0.0,0.5856463313102722,625.0,-4.599999904632568,-0.5856463313102722,0.002537846565246582,0.4184763729572296,0.998231053352356
23.76134490966797,179.7150421142578,4.259732723236084,0.0,0.0,0.0,0.0,0.0,-0.0,0.0,3.2197142464773996,2.148285675048828,0.0,0.21376900374889374,0.0,0.0,0.0,0.0,0.0,0.0,0.0,0.0,0.0,0.0,626.0,-4.2596049308776855,0.0,8.314847946166992e-5,0.3024899363517761,0.9248154163360596
23.568635940551758,179.04380798339844,4.04148006439209,0.0,0.0,0.0,0.0,0.0,-0.0,0.0,3.2218570164271765,2.150428444998605,0.0,0.1956239938735962,0.0,0.0,0.0,0.0,0.0,0.0,0.0,0.0,0.0,0.0,627.0,-4.041358947753906,0.0,3.6209821701049805e-5,0.33765286207199097,0.9076495170593262
23.374923706054688,178.37257385253906,3.8417484760284424,0.0,0.0,0.0,0.0,0.0,-0.0,0.0,3.2239286695207867,2.1525000980922155,0.0,0.1819709986448288,0.0,0.0,0.0,0.0,0.0,0.0,0.0,0.0,0.0,0.0,628.0,-3.8416333198547363,0.0,9.953975677490234e-6,0.27977657318115234,0.9853150844573975
23.363988876342773,177.7013397216797,3.655954122543335,0.0,0.0,0.0,0.0,0.0,-0.0,0.0,3.2238570077078683,2.1524284362792967,0.0,0.17693200707435608,0.0,0.0,0.0,0.0,0.0,0.0,0.0,0.0,0.0,0.0,629.0,-3.6558444499969482,0.0,8.860230445861816e-5,0.6144612431526184,0.9689408540725708
23.049224853515625,177.0301055908203,3.475306987762451,0.0,0.0,0.0,0.0,0.0,-0.0,0.0,3.223285620553153,2.1518570491245814,0.0,0.18479299545288086,0.0,0.0,0.0,0.0,0.0,0.0,0.0,0.0,0.0,0.0,630.0,-3.475202798843384,0.0,0.00036513805389404297,0.6848989725112915,0.9787658452987671
22.76464080810547,176.35887145996094,3.286644220352173,0.0,0.0,0.0,0.0,0.0,-0.0,0.0,3.2255714416503904,2.1541428702218193,0.0,0.2110850065946579,0.0,0.0,0.0,0.0,0.0,0.0,0.04934196546673775,0.0,0.0,0.04934196546673775,631.0,-3.286545753479004,-0.04934196546673775,0.001138538122177124,0.47162172198295593,0.9857998490333557
22.752708435058594,177.72605895996094,3.0208117961883545,0.0,0.0,0.0,0.0,0.0,-0.0,0.0,3.2907855987548826,2.2193570273263115,0.3092440068721771,0.0,0.0,0.0,0.0,1.0169559717178345,0.0,0.0,1.3435684442520142,0.0,2.3605244159698486,0.0,632.0,-3.020721197128296,2.3605244159698486,0.1737833023071289,0.8355720043182373,0.47173792123794556
23.177845001220703,169.24755859375,1.649774193763733,0.0,0.0,0.0,0.0,0.3363105850466541,-0.0,0.0,3.3585714067731582,2.287142835344587,0.351065993309021,0.0,0.0,0.0,3.736783981323242,0.0,0.0,0.0,0.0,0.0,0.0,0.0,633.0,-1.6497247219085693,0.0,0.030197471380233765,0.5667163729667664,0.7100868225097656
23.165916442871094,168.57632446289062,1.6497247219085693,0.0,0.0,0.0,0.0,0.5094129657278804,-0.0,0.0,3.4272141592843193,2.3557855878557477,0.35998600721359253,0.0,0.0,0.0,5.660143613815308,0.5035207271575928,0.0,0.0,0.0,0.0,0.5035207271575928,0.0,634.0,-1.6496752500534058,0.5035207271575928,0.14796462655067444,0.8825706243515015,0.9822841286659241
23.412837982177734,167.90509033203125,1.6496752500534058,0.0,0.0,0.0,0.0,0.2681609250806174,-0.0,0.0,3.490499986921038,2.4190714154924664,0.3635280132293701,0.0,0.0,4.599999904632568,2.979565597434479,0.27172935009002686,0.0,0.0,0.0,0.0,0.0,0.27172935009002686,635.0,4.599999904632568,-0.27172935009002686,0.7549393177032471,0.9536510705947876,0.9990131258964539
23.399917602539062,179.84017944335938,6.24948787689209,0.0,0.0,0.0,0.0,0.33987196827699045,-0.0,0.0,3.5425714220319473,2.471142850603376,0.3520059883594513,0.0,0.0,3.7412285804748535,3.7763549029599424,1.4780588150024414,0.0,0.0,0.0,0.0,1.4780588150024414,0.0,636.0,3.7412285804748535,1.4780588150024414,0.9990686178207397,0.9985260963439941,0.9998141527175903
23.99261474609375,169.6749267578125,9.990416526794434,0.0,0.0,0.0,0.0,0.8017945841884244,-0.0,0.0,3.589642878941127,2.518214307512556,0.36357200145721436,0.0,0.0,0.0,8.908828005194664,0.2275998741388321,0.0,0.0,0.0,0.0,0.0,0.2275998741388321,637.0,0.007337052840739489,-0.2275998741388321,0.9997723698616028,0.9999787211418152,0.9999836683273315
23.98167610168457,179.99546813964844,9.990117073059082,0.0,0.0,0.0,0.0,0.8160970478134949,-0.0,0.0,3.631000055585589,2.5595713479178293,0.37676000595092773,0.0,0.0,0.0,9.067744255065918,0.055495262145996094,0.0,0.0,0.0,0.0,0.055495262145996094,0.0,638.0,0.00927015021443367,0.055495262145996094,0.9999357461929321,0.9999973773956299,0.9999984502792358
23.999971389770508,179.32423400878906,9.98981761932373,0.0,0.0,0.0,0.0,0.7799771453022991,-0.0,0.0,3.6582142421177455,2.5867856706891743,0.3611670136451721,0.0,0.0,0.010003525763750076,8.66641203683654,0.027112774550914764,0.0,0.0,0.0,0.0,0.0,0.027112774550914764,639.0,0.010003525763750076,-0.027112774550914764,0.9999790787696838,0.9999995231628418,0.9999998211860657
23.987051010131836,179.998046875,9.999521255493164,0.0,0.0,0.0,0.0,0.6568499650597733,-0.0,0.0,3.6696428026471817,2.5982142312186105,0.37240099906921387,0.0,0.0,0.0,7.298332365089236,0.04516586489123216,0.0,0.0,0.0,0.0,0.04516586489123216,0.0,640.0,0.00010629394091665745,0.04516586661338806,0.9999597668647766,0.9999997615814209,1.0
23.999984741210938,164.99615478515625,9.999221801757812,0.0,0.0,0.0,0.0,0.4532850995218755,-0.0,0.0,3.6640714372907364,2.592642865862165,0.3644320070743561,0.0,0.0,0.0,5.036500705533495,0.31521772021723754,0.0,0.0,0.0,0.0,0.0,0.31521772021723754,641.0,-4.599999904632568,-0.3152177333831787,0.9998660087585449,1.0,1.0
23.987064361572266,179.99807739257812,9.998922348022461,0.0,0.0,0.0,0.0,0.2398383273969592,-0.0,0.0,3.636571420942034,2.565142985752651,0.4492720067501068,0.0,0.0,0.0,2.6648700926258067,0.04555790687065327,0.0,0.0,0.0,0.0,0.04555790687065327,0.0,642.0,-4.599999904632568,0.045557908713817596,0.9996746778488159,1.0,1.0
23.999984741210938,179.32684326171875,9.99862289428711,0.0,0.0,0.0,0.0,0.00033969175496574274,-0.0,0.0,3.5227142878941127,2.4512857164655415,0.5937190055847168,0.0,0.0,0.0,0.003774352532994102,0.028556637304652382,0.0,0.0,0.0,0.0,0.0,0.028556637304652382,643.0,-4.599999904632568,-0.028556637465953827,0.9994181394577026,0.9999971389770508,1.0
23.441709518432617,179.99807739257812,9.998323440551758,0.0,0.0,0.0,0.0,0.0,-0.0,0.0,3.395714296613421,2.324285725184849,0.0,0.5670509934425354,0.0,0.0,0.0,0.0,0.0,0.0,1.1144047975540161,0.0,1.1144047975540161,0.0,644.0,-4.599999904632568,1.1144047975540161,0.9998428821563721,0.9996839761734009,1.0
23.99840545654297,163.3650360107422,8.282303810119629,0.0,0.0,0.0,0.0,0.0,-0.0,0.0,3.3694285801478796,2.298000008719308,0.0,0.4981609880924225,0.0,0.0,0.0,0.0,0.0,0.0,0.3926451504230499,0.0,0.0,0.3926451504230499,645.0,-4.599999904632568,-0.3926451504230499,0.983763575553894,0.9746318459510803,1.0
23.987470626831055,179.99807739257812,7.373096942901611,0.0,0.0,0.0,0.0,0.0,-0.0,0.0,3.3607855660574777,2.289356994628906,0.0,0.472478985786438,0.0,0.0,0.0,0.0,0.0,0.0,0.6112942099571228,0.0,0.0,0.6112942099571228,646.0,-4.599999904632568,-0.6112942099571228,0.9818494319915771,0.92098468542099,0.9999997615814209
23.976539611816406,179.998046875,6.267017841339111,0.0,0.0,0.0,0.0,0.0,-0.0,0.0,3.3532855987548826,2.2818570273263115,0.0,0.4102729856967926,0.0,0.0,0.0,0.0,0.0,0.0,0.0,0.0,0.0,0.0,647.0,-4.599999904632568,0.0,0.09088379144668579,0.4255938231945038,0.9999786615371704
23.96461296081543,172.65660095214844,5.848196506500244,0.0,0.0,0.0,0.0,0.0,-0.0,0.0,3.349642835344587,2.2782142639160154,0.0,0.3994159996509552,0.0,0.0,0.0,0.0,0.0,0.0,0.4659458100795746,0.0,0.0,0.4659458100795746,648.0,-4.599999904632568,-0.4659458100795746,0.03338354825973511,0.35461628437042236,0.9997742176055908
23.952682495117188,179.96194458007812,4.965025424957275,0.0,0.0,0.0,0.0,0.0,-0.0,0.0,3.3543572562081474,2.282928684779576,0.0,0.24729099869728088,0.0,0.0,0.0,0.0,0.0,0.0,0.0,0.0,0.0,0.0,649.0,-4.599999904632568,0.0,7.644295692443848e-5,0.28195637464523315,0.9984806776046753
23.940750122070312,174.15467834472656,4.712546348571777,0.0,0.0,0.0,0.0,0.0,-0.0,0.0,3.3650713784354074,2.2936428070068358,0.0,0.21376900374889374,0.0,0.0,0.0,0.0,0.0,0.0,0.14261113107204437,0.0,0.0,0.14261113107204437,650.0,-4.599999904632568,-0.14261113107204437,2.282857894897461e-5,0.24041590094566345,0.9984904527664185
23.92782974243164,179.7565460205078,4.3487629890441895,0.0,0.0,0.0,0.0,0.0,-0.0,0.0,3.378499930245536,2.3070713588169642,0.0,0.1956239938735962,0.0,0.0,0.0,0.0,0.0,0.0,0.0,0.0,0.0,0.0,651.0,-4.3486328125,0.0,1.341104507446289e-5,0.4236161410808563,0.984523594379425
23.733123779296875,179.08531188964844,4.149022102355957,0.0,0.0,0.0,0.0,0.0,-0.0,0.0,3.4033570425851005,2.331928471156529,0.0,0.1819709986448288,0.0,0.0,0.0,0.0,0.0,0.0,0.025980927050113678,0.0,0.0,0.025980927050113678,652.0,-4.148897647857666,-0.025980927050113678,3.7848949432373047e-6,0.36309781670570374,0.9973618984222412
23.720203399658203,179.57598876953125,3.9367082118988037,0.0,0.0,0.0,0.0,0.0,-0.0,0.0,3.4300713675362724,2.358642796107701,0.0,0.17693200707435608,0.0,0.0,0.0,0.0,0.0,0.0,0.0,0.0,0.0,0.0,653.0,-3.9365901947021484,0.0,1.3142824172973633e-5,0.6007661819458008,0.9948601722717285
23.525497436523438,178.90475463867188,3.7560527324676514,0.0,0.0,0.0,0.0,0.0,-0.0,0.0,3.4430713108607702,2.3716427394321986,0.0,0.18479299545288086,0.0,0.0,0.0,0.0,0.0,0.0,0.02949950471520424,0.0,0.0,0.02949950471520424,654.0,-3.7559401988983154,-0.02949950471520424,3.281235694885254e-5,0.5413814783096313,0.9973573684692383
23.512577056884766,179.57525634765625,3.537280797958374,0.0,0.0,0.0,0.0,0.0,-0.0,0.0,3.4417857578822546,2.370357186453683,0.0,0.2110850065946579,0.0,0.0,0.0,0.0,0.0,0.0,0.24887879192829132,0.0,0.24887879192829132,0.0,655.0,-3.537174701690674,0.24887879192829132,0.8718056678771973,0.9258369207382202,0.9922442436218262
23.629169464111328,105.25467681884766,3.067837953567505,0.0,0.0,0.0,0.0,0.0,-0.0,0.0,3.478000041416713,2.4065714699881418,0.3092440068721771,0.0,0.0,0.0,0.0,0.8241058588027954,0.0,0.0,0.33669424057006836,0.0,1.1608000993728638,0.0,656.0,-3.0677459239959717,1.1608000993728638,0.1308256983757019,0.9352998733520508,0.24024081230163574
23.676483154296875,104.58345031738281,2.7241907119750977,0.0,0.0,0.0,0.0,0.042100031145415995,-0.0,0.0,3.5865713664463588,2.5151429312569755,0.351065993309021,0.0,0.0,0.0,0.4677780866622925,1.9551559686660767,0.0,0.0,0.0,0.0,0.0,1.9551559686660767,657.0,-2.724108934402466,-1.9551559686660767,0.26399827003479004,0.893837571144104,0.7006289958953857
23.663562774658203,132.09872436523438,2.724108934402466,0.0,0.0,0.0,0.0,0.2257766569277957,-0.0,0.0,3.759071431841169,2.687642996651786,0.35998600721359253,0.0,0.0,0.0,2.508629322052002,2.6356849670410156,0.0,0.0,0.0,0.0,0.0,2.6356849670410156,658.0,-2.724027156829834,-2.6356849670410156,0.19547832012176514,0.9577838182449341,0.9768437147140503
23.349863052368164,176.29307556152344,2.724027156829834,0.0,0.0,0.0,0.0,0.17375574539150676,-0.0,0.0,3.84514285496303,2.7737142835344586,0.3635280132293701,0.0,0.0,0.0,1.930619239807129,1.1971025466918945,0.0,0.0,0.0,0.0,1.1971025466918945,0.0,659.0,-2.723945379257202,1.1971025466918945,0.07504189014434814,0.9391270875930786,0.8916788101196289
23.695619583129883,175.62184143066406,2.723945379257202,0.0,0.0,0.0,0.0,0.11074392364374137,-0.0,0.0,3.8092857905796595,2.7378572191510884,0.36076200008392334,0.0,0.0,0.0,1.2304879426956177,0.0,0.0,0.0,0.0,0.0,0.0,0.0,660.0,-2.7238636016845703,0.0,0.0560266375541687,0.9305416345596313,0.9221180081367493
23.502910614013672,174.9506072998047,2.7238636016845703,0.0,0.0,0.0,0.0,0.052551887039493234,-0.0,0.0,3.763571412222726,2.6921429770333427,0.4329800009727478,0.0,0.0,0.0,0.583909809589386,0.8270601630210876,0.0,0.0,0.0,0.0,0.8270601630210876,0.0,661.0,-2.7237818241119385,0.8270601630210876,0.02824804186820984,0.9917833209037781,0.9981570243835449
23.958900451660156,164.8739776611328,2.7237818241119385,0.0,0.0,0.0,0.0,0.11402256500900254,-0.0,0.0,3.7982857022966656,2.7268572671072824,0.37676000595092773,0.0,0.0,0.0,1.2669172883033752,0.3019227385520935,0.0,0.0,0.0,0.0,0.0,0.3019227385520935,662.0,-2.7237000465393066,-0.3019227385520935,0.05507969856262207,0.9997118711471558,0.9999619722366333
23.94900894165039,179.9919891357422,2.7237000465393066,0.0,0.0,0.0,0.0,0.11024151299826355,-0.0,0.0,3.862357085091727,2.7909286499023436,0.3611670136451721,0.0,0.0,0.0,1.224905602633953,0.10777724534273148,0.0,0.0,0.0,0.0,0.10777724534273148,0.0,663.0,-2.723618268966675,0.10777724534273148,0.20253044366836548,0.9999103546142578,0.9999966621398926
23.999536514282227,179.3207550048828,2.723618268966675,0.0,0.0,0.0,0.0,0.0,-0.0,0.0,3.942857142857143,2.8714285714285714,0.37240099906921387,0.0,0.0,1.1834462098140364,0.0,0.24305087327957153,0.0,0.0,0.0,0.0,0.0,0.24305087327957153,664.0,1.54659903049469,-0.24305087327957153,0.8183187246322632,0.9999018907546997,0.9999974966049194
23.776363372802734,179.9976806640625,3.906947374343872,0.0,0.0,0.0,0.0,0.0,-0.0,0.0,4.015642929077148,2.944214357648577,0.3644320070743561,0.0,0.0,1.702718560456617,0.0,0.691100001335144,0.0,0.0,0.0,0.0,0.691100001335144,0.0,665.0,2.5755679607391357,0.691100001335144,0.9873291254043579,0.9999910593032837,0.9999997615814209
23.99993896484375,179.32644653320312,5.609497547149658,0.0,0.0,0.0,0.0,0.0,-0.0,0.0,4.059499958583286,2.9880713871547155,0.4492720067501068,0.0,0.0,0.18245710012780592,0.0,0.8883471488952637,0.0,0.0,0.0,0.0,0.0,0.8883471488952637,666.0,1.1547279357910156,-0.8883471488952637,0.9983329772949219,0.9999638795852661,0.9999999403953552
23.808256149291992,179.99807739257812,5.791780948638916,0.0,0.0,0.0,0.0,0.0,-0.0,0.0,4.058642877851214,2.9872141701834543,0.12065000087022781,0.4730690121650696,0.0,0.0,0.0,0.0,0.0,0.0,0.9298767447471619,0.0,0.9298767447471619,0.0,667.0,-4.599999904632568,0.9298767447471619,0.9813100099563599,0.9998125433921814,0.9999969005584717
23.999046325683594,179.32684326171875,4.360073089599609,0.0,0.0,0.0,0.0,0.0,-0.0,0.0,4.049071393694197,2.977642822265625,0.0,0.5670509934425354,0.0,0.0,0.0,0.0,0.0,0.0,0.023386038839817047,0.0,0.0,0.023386038839817047,668.0,-4.359942436218262,-0.023386038839817047,0.5490751266479492,0.9671223163604736,0.9999562501907349
23.987611770629883,179.99107360839844,3.7574737071990967,0.0,0.0,0.0,0.0,0.0,-0.0,0.0,3.981642804827009,2.9102142333984373,0.0,0.4981609880924225,0.0,0.0,0.0,0.0,0.0,0.0,0.0,0.0,0.0,0.0,669.0,-3.7573609352111816,0.0,0.0785423219203949,0.8983787298202515,0.9947142601013184
23.792905807495117,179.31983947753906,3.2490487098693848,0.0,0.0,0.0,0.0,0.0,-0.0,0.0,3.895928600856236,2.8244998931884764,0.0,0.45346799492836,0.0,0.0,0.0,0.0,0.0,0.0,0.0,0.0,0.0,0.0,670.0,-3.2489511966705322,0.0,0.03607913851737976,0.8100355863571167,0.7113432288169861
23.234630584716797,178.6486053466797,2.786242723464966,0.0,0.0,0.0,0.0,0.0,-0.0,0.0,3.8515000479561943,2.7800714765276227,0.0,0.40605100989341736,0.0,0.0,0.0,0.0,0.0,0.0,0.0,0.0,0.0,0.0,671.0,-2.7861592769622803,0.0,0.03236779570579529,0.7622334957122803,0.10525810718536377
22.312786102294922,177.9773712158203,2.3718338012695312,0.0,0.0,0.0,0.0,0.0,-0.0,0.0,3.796000017438616,2.7245714460100445,0.0,0.3171739876270294,0.0,0.0,0.0,0.0,0.0,0.0,0.0,0.0,0.0,0.0,672.0,-2.371762752532959,0.0,0.02675384283065796,0.49745863676071167,0.03425920009613037
21.7545108795166,168.97634887695312,2.0481255054473877,0.0,0.0,0.0,0.0,0.0,-0.0,0.0,3.736000006539481,2.6645714351109095,0.0,0.24729099869728088,0.0,0.0,0.0,0.0,0.0,0.0,0.0,0.0,0.0,0.0,673.0,-2.0480639934539795,0.0,0.0577695369720459,0.39082133769989014,0.08838522434234619
21.19623565673828,159.57382202148438,1.79573392868042,0.0,0.0,0.0,0.0,0.0,-0.0,0.0,3.685999952043806,2.614571380615234,0.0,0.21376900374889374,0.0,0.0,0.0,0.0,0.0,0.0,0.0,0.0,0.0,0.0,674.0,-1.795680046081543,0.0,0.1040748655796051,0.3424195647239685,0.09272393584251404
20.63796043395996,158.902587890625,1.5775549411773682,0.0,0.0,0.0,0.0,0.0,-0.0,0.0,3.652928570338658,2.5815001351492746,0.0,0.1956239938735962,0.0,0.0,0.0,0.0,0.0,0.0,0.0,0.0,0.0,0.0,675.0,-1.5775076150894165,0.0,0.29905465245246887,0.25752687454223633,0.22120526432991028
20.07968521118164,158.23135375976562,1.3778972625732422,0.0,0.0,0.0,0.0,0.0,-0.0,0.0,3.6365000316074916,2.565071323939732,0.0,0.1819709986448288,0.0,0.0,0.0,0.0,0.0,0.0,0.0,0.0,0.0,0.0,676.0,-1.377855896949768,0.0,0.6153821349143982,0.09293335676193237,0.367606520652771
19.884979248046875,157.56011962890625,1.1921768188476562,0.0,0.0,0.0,0.0,0.0,-0.0,0.0,3.6160713740757533,2.544642802647182,0.0,0.17693200707435608,0.0,0.0,0.0,0.0,0.0,0.0,0.0,0.0,0.0,0.0,677.0,-1.192141056060791,0.0,0.6107643842697144,0.07531395554542542,0.4967302680015564
19.508487701416016,156.88888549804688,1.011603593826294,0.0,0.0,0.0,0.0,0.0,-0.0,0.0,3.6012142181396483,2.529785646711077,0.0,0.18479299545288086,0.0,0.0,0.0,0.0,0.0,0.0,0.0,0.0,0.0,0.0,678.0,-1.011573314666748,0.0,0.6020615696907043,0.045713067054748535,0.5599497556686401
19.131996154785156,156.2176513671875,0.8230146169662476,0.0,0.0,0.0,0.0,-0.04182134464690607,-0.0,0.0,3.5935714721679686,2.5221429007393974,0.0,0.2110850065946579,0.0,0.0,0.0,0.0,0.13940447661691735,0.0,0.5954450359601395,0.0,0.7348495125770569,0.0,679.0,-0.8229899406433105,0.7348495125770569,0.516671895980835,0.030326247215270996,0.5848786234855652
19.151615142822266,155.54641723632812,2.4792898329906166e-5,0.0,0.22487574012541245,0.0,0.0,-0.22487574012541245,-0.22487574012541245,0.0,3.6781429018293106,2.6067141941615515,0.3092440068721771,0.0,0.0,0.9286537494202776,0.0,0.0,0.0,0.0,0.0,0.0,0.0,0.0,680.0,1.0137559175491333,0.0,0.1728682518005371,0.010111898183822632,0.6127346754074097
18.775123596191406,154.87518310546875,0.9286506772041321,0.0,0.0,0.0,0.0,0.03501755039036658,-0.0,0.0,3.8044285910470146,2.733000019618443,0.351065993309021,0.0,0.0,0.0,0.3890838623046875,3.0,0.0,0.0,0.0,0.0,3.0,0.0,681.0,-0.928622841835022,3.0,0.09231692552566528,0.2822112739086151,0.4031839370727539
19.383485794067383,129.06179809570312,0.928622841835022,0.0,0.0,0.0,0.0,0.2316342585590875,-0.0,0.0,3.9867856979370115,2.9153569902692524,0.35998600721359253,0.0,0.0,0.0,2.573713779449463,3.0,0.0,0.0,0.0,0.0,3.0,0.0,682.0,-0.9285950064659119,3.0,0.07960373163223267,0.5800478458404541,0.6968162655830383
20.073909759521484,104.9610824584961,0.9285950064659119,0.0,0.0,0.0,0.0,0.27020021707306535,-0.0,0.0,4.208714294433594,3.1372857230050224,0.5459619760513306,0.0,0.0,0.9227814674377441,3.0022243955498076,3.0,0.0,0.0,0.0,0.0,3.0,0.0,683.0,0.9227814674377441,3.0,0.1851346492767334,0.6365362405776978,0.8176183104515076
20.864200592041016,93.49467468261719,1.8513209819793701,0.0,0.0,0.0,0.0,0.03870147686549561,-0.0,0.0,4.33042847769601,3.2589999062674386,0.3520059883594513,0.0,0.0,4.599999904632568,0.4300163754419861,3.0,0.0,0.0,0.0,0.0,3.0,0.0,684.0,4.599999904632568,3.0,0.7404285669326782,0.8924423456192017,0.9806067943572998
22.072834014892578,92.82344818115234,6.451127529144287,0.0,0.0,0.0,0.0,0.3180313335000011,-0.0,0.0,4.407714244297573,3.336285672869001,0.36357200145721436,0.0,0.0,3.532038688659668,3.53368120250159,1.3592747449874878,0.0,0.0,0.0,0.0,0.0,1.3592747449874878,685.0,3.532038688659668,-1.3592747449874878,0.9983136057853699,0.9986740350723267,0.9945311546325684
21.150989532470703,179.12306213378906,9.982867240905762,0.0,0.0,0.0,0.0,0.4422396108122765,-0.0,0.0,4.457642909458706,3.386214338030134,0.37676000595092773,0.0,0.0,0.011287171393632889,4.913773062958134,3.0,0.0,0.0,0.0,0.0,3.0,0.0,686.0,0.011287171393632889,3.0,0.999412477016449,0.9998890161514282,0.9993404150009155
22.235084533691406,178.4518280029297,9.993854522705078,0.0,0.0,0.0,0.0,0.10396200052595093,-0.0,0.0,4.454071399143764,3.3826426914760046,0.3611670136451721,0.0,0.0,0.0,1.1551332473754883,3.0,0.0,0.0,0.0,0.0,3.0,0.0,687.0,-4.599999904632568,3.0,0.9963977932929993,0.9999959468841553,0.9999661445617676
23.135786056518555,177.7805938720703,9.993555068969727,0.0,0.0,0.0,0.0,0.0,-0.0,0.0,4.422071402413504,3.350642830984933,0.37240099906921387,0.0,0.0,0.0,0.0,1.9113991260528564,0.0,0.0,0.7812185287475586,0.0,2.692617654800415,0.0,688.0,-4.599999904632568,2.692617654800415,0.994455099105835,0.9999995827674866,0.9999992251396179
23.999982833862305,177.10935974121094,9.196117401123047,0.0,0.0,0.0,0.0,0.052852760611123574,-0.0,0.0,4.436142866952078,3.3647141592843193,0.3644320070743561,0.0,0.0,0.7165312170982361,0.5872528490084866,0.1810608310010496,0.0,0.0,0.0,0.0,0.0,0.1810608310010496,689.0,0.7165312170982361,-0.18106083571910858,0.9912618398666382,0.9999998807907104,1.0
23.80527687072754,179.99807739257812,9.912351608276367,0.0,0.0,0.0,0.0,0.0,-0.0,0.0,4.39985705784389,3.328428486415318,0.4492720067501068,0.0,0.0,0.05859918112363971,0.0,0.3145829141139984,0.0,0.0,0.0,0.0,0.3145829141139984,0.0,690.0,0.06929536908864975,0.3145829141139984,0.9981616735458374,0.9999977946281433,1.0
23.99997329711914,179.32684326171875,9.970651626586914,0.0,0.0,0.0,0.0,0.0,-0.0,0.0,4.341142872401646,3.269714300973075,0.1472499966621399,0.4464690089225769,0.0,0.0,0.0,0.0,0.0,0.0,0.021408744156360626,0.0,0.0,0.021408744156360626,691.0,-4.599999904632568,-0.021408744156360626,0.9997967481613159,0.9999971985816956,1.0
23.62348175048828,179.99807739257812,9.492940902709961,0.0,0.0,0.0,0.0,0.0,-0.0,0.0,4.330571528843471,3.2591429574148996,0.0,0.5670509934425354,0.0,0.0,0.0,0.0,0.0,0.0,1.998386263847351,0.0,1.998386263847351,0.0,692.0,-4.599999904632568,1.998386263847351,0.9976493716239929,0.9999549388885498,0.9999991059303284
23.999759674072266,156.77293395996094,6.874941825866699,0.0,0.0,0.0,0.0,0.0,-0.0,0.0,4.179785673958914,3.108357238769531,0.0,0.4981609880924225,0.0,0.0,0.0,0.0,0.0,0.0,0.5272000432014465,0.0,0.0,0.5272000432014465,693.0,-4.599999904632568,-0.5272000432014465,0.9826055765151978,0.9991222620010376,0.9999893307685852
23.25969886779785,179.99636840820312,5.828480243682861,0.0,0.0,0.0,0.0,0.0,-0.0,0.0,4.109357098170689,3.037928662981306,0.0,0.45346799492836,0.0,0.0,0.0,0.0,0.0,0.0,0.0,0.0,0.0,0.0,694.0,-4.599999904632568,0.0,0.3410019874572754,0.8043789267539978,0.9969861507415771
23.064992904663086,171.19354248046875,5.365596771240234,0.0,0.0,0.0,0.0,0.0,-0.0,0.0,4.118071365356445,3.046642793927874,0.0,0.40605100989341736,0.0,0.0,0.0,0.0,0.0,0.0,0.0,0.0,0.0,0.0,695.0,-4.599999904632568,0.0,0.08973008394241333,0.7102774977684021,0.7779214978218079
22.688501358032227,170.52230834960938,4.951110363006592,0.0,0.0,0.0,0.0,0.0,-0.0,0.0,4.16150005885533,3.0900714874267576,0.0,0.3171739876270294,0.0,0.0,0.0,0.0,0.0,0.0,0.0,0.0,0.0,0.0,696.0,-4.599999904632568,0.0,0.02035456895828247,0.586175799369812,0.21613585948944092
22.312009811401367,169.85107421875,4.62732458114624,0.0,0.0,0.0,0.0,0.0,-0.0,0.0,4.1877857753208705,3.116357203892299,0.0,0.24729099869728088,0.0,0.0,0.0,0.0,0.0,0.0,0.0,0.0,0.0,0.0,697.0,-4.599999904632568,0.0,0.009503334760665894,0.5682819485664368,0.18572646379470825
21.935518264770508,169.17984008789062,4.3748555183410645,0.0,0.0,0.0,0.0,0.0,-0.0,0.0,4.1680714198521205,3.096642848423549,0.0,0.21376900374889374,0.0,0.0,0.0,0.0,0.0,0.0,0.0,0.0,0.0,0.0,698.0,-4.374724388122559,0.0,0.007595241069793701,0.2039957046508789,0.38739022612571716
21.922597885131836,157.35842895507812,4.156599044799805,0.0,0.0,0.0,0.0,0.0,-0.0,0.0,4.112785693577358,3.041357258387974,0.0,0.1956239938735962,0.0,0.0,0.0,0.0,0.0,0.0,1.21036696434021,0.0,1.21036696434021,0.0,699.0,-4.156474590301514,1.21036696434021,0.04473945498466492,0.6222069263458252,0.2493470311164856
22.111019134521484,156.68719482421875,2.721832752227783,0.0,0.0,0.0,0.0,0.0,-0.0,0.0,4.054499980381557,2.9830714089529855,0.0,0.1819709986448288,0.0,0.0,0.0,0.0,0.0,0.0,0.0,0.0,0.0,0.0,700.0,-2.7217512130737305,0.0,0.0038609206676483154,0.42944562435150146,0.7469852566719055
21.734527587890625,156.01596069335938,2.536072015762329,0.0,0.0,0.0,0.0,0.0,-0.0,0.0,3.995499965122768,2.9240713936941964,0.0,0.23916499316692352,0.0,0.0,0.0,0.0,0.0,0.0,0.0,0.0,0.0,0.0,701.0,-2.5359959602355957,0.0,0.02464085817337036,0.3874203562736511,0.7874315977096558
21.358036041259766,155.3447265625,2.291957378387451,0.0,0.0,0.0,0.0,0.0,-0.0,0.0,3.908142852783203,2.8367142813546318,0.0,0.18479299545288086,0.0,0.0,0.0,0.0,0.0,0.0,0.0,0.0,0.0,0.0,702.0,-2.29188871383667,0.0,0.05645191669464111,0.4153994023799896,0.8129818439483643
20.799760818481445,154.67349243164062,2.103330135345459,0.0,0.0,0.0,0.0,0.0,-0.0,0.0,3.840428570338658,2.7690001351492746,0.0,0.2110850065946579,0.0,0.0,0.0,0.0,0.0,0.0,0.0,0.0,0.0,0.0,703.0,-2.103267192840576,0.0,0.15061983466148376,0.132683664560318,0.8385640382766724
20.60505485534668,145.45835876464844,1.8878806829452515,0.0,0.0,0.0,0.0,0.0,-0.0,0.0,3.840928568158831,2.7694998604910714,0.2393999993801117,0.06984400749206543,0.0,0.0,0.0,0.0,0.0,0.0,0.0,0.0,0.0,0.0,704.0,-1.8878240585327148,0.0,0.216871976852417,0.1727936565876007,0.7200913429260254
20.04677963256836,144.78712463378906,1.8165568113327026,0.0,0.0,0.0,0.0,0.1033230661013174,-0.0,0.0,3.8952142987932477,2.8237857273646765,0.351065993309021,0.0,0.0,0.0,1.1480339765548706,0.0,0.0,0.0,0.0,0.0,0.0,0.0,705.0,-1.816502332687378,0.0,0.1478666365146637,0.12346577644348145,0.40262460708618164
19.306718826293945,144.1158905029297,1.816502332687378,0.0,0.0,0.0,0.0,0.0,-0.0,0.0,3.9882856913975306,2.9168572562081474,0.4368399977684021,0.0,0.0,0.0,0.0,2.6516098976135254,0.0,0.0,0.029115915298461914,0.0,2.6807258129119873,0.0,706.0,-1.8164478540420532,2.6807258129119873,0.06431964039802551,0.2340797483921051,0.4774650037288666
20.17038345336914,133.08372497558594,1.786738634109497,0.0,0.0,0.0,0.0,0.19737197537199366,-0.0,0.0,4.076500020708357,3.005071313040597,0.3635280132293701,0.0,0.0,0.0,2.193021774291992,3.0,0.0,0.0,0.0,0.0,3.0,0.0,707.0,-1.7866851091384888,3.0,0.10904529690742493,0.667431116104126,0.9344913363456726
21.537399291992188,104.02800750732422,1.7866851091384888,0.0,0.0,0.0,0.0,0.13186834699594432,-0.0,0.0,4.1547142573765345,3.083285685947963,0.3520059883594513,0.0,0.0,4.599999904632568,1.4652037390665589,1.2703627347946167,0.0,0.0,0.0,0.0,0.0,1.2703627347946167,708.0,4.599999904632568,-1.2703627347946167,0.7522242069244385,0.9297433495521545,0.9904800653457642
20.980127334594727,178.4748992919922,6.386493682861328,0.0,0.0,0.0,0.0,0.14919910810131956,-0.0,0.0,4.225285748073032,3.1538570404052733,0.36357200145721436,0.0,0.0,3.545600414276123,1.6577677360448941,3.0,0.0,0.0,0.0,0.0,3.0,0.0,709.0,3.545600414276123,3.0,0.9932064414024353,0.9974284172058105,0.999502420425415
22.505014419555664,177.8036651611328,9.931796073913574,0.0,0.0,0.0,0.0,0.48770312923980647,-0.0,0.0,4.297071402413504,3.225642830984933,0.37676000595092773,0.0,0.0,0.0664944276213646,5.418923227562738,2.9040143489837646,0.0,0.0,0.0,0.0,2.9040143489837646,0.0,710.0,0.0664944276213646,2.9040143489837646,0.9998260140419006,0.9999675154685974,0.9999758005142212
23.99982261657715,168.447265625,9.997990608215332,0.0,0.0,0.0,0.0,0.6784559662406385,-0.0,0.0,4.3651427677699495,3.2937141963413783,0.3611670136451721,0.0,0.0,0.0,7.538399025797844,0.19348402321338654,0.0,0.0,0.0,0.0,0.0,0.19348402321338654,711.0,0.0017838070634752512,-0.19348402321338654,0.9999744892120361,0.9999995827674866,0.9999983310699463
23.169384002685547,179.997802734375,9.99769115447998,0.0,0.0,0.0,0.0,0.31238984921692453,-0.0,0.0,4.416571426391601,3.34514285496303,0.37240099906921387,0.0,0.0,0.0,3.4709980487823486,2.9196507930755615,0.0,0.0,0.0,0.0,2.9196507930755615,0.0,712.0,0.0009789059404283762,2.9196507930755615,0.9998639822006226,0.9999994039535522,0.9999971389770508
23.999980926513672,179.32656860351562,9.997391700744629,0.0,0.0,0.0,0.0,0.40044055041943205,-0.0,0.0,4.44085715157645,3.3694285801478796,0.3644320070743561,0.0,0.0,0.0,4.449339095503092,0.020779427140951157,0.0,0.0,0.0,0.0,0.0,0.020779427140951157,713.0,-4.599999904632568,-0.020779427140951157,0.9997283220291138,1.0,1.0
23.44170570373535,179.99807739257812,9.997092247009277,0.0,0.0,0.0,0.0,0.047653899403722805,-0.0,0.0,4.432642882210867,3.361214447021484,0.4492720067501068,0.0,0.0,0.0,0.5294877290725708,1.6793404817581177,0.0,0.0,0.0,0.0,1.6793404817581177,0.0,714.0,-4.599999904632568,1.6793404817581177,0.9996529221534729,0.9999998807907104,1.0
23.999984741210938,179.32684326171875,9.996792793273926,0.0,0.0,0.0,0.0,-0.1692532946991748,-0.0,0.0,4.337142889840262,3.265714318411691,0.583299994468689,0.0,0.010419011116027832,0.0,0.0,0.0,0.5537586154628168,0.0,0.0,0.0,0.0,0.5537586154628168,715.0,0.0024380276445299387,-0.5537586212158203,0.9999200701713562,0.9999972581863403,1.0
23.624008178710938,179.99807739257812,9.996493339538574,0.0,0.0,0.0,0.0,0.0,-0.0,0.0,4.2549999237060545,3.1835713522774833,0.0,0.6084210276603699,0.0,0.0,0.0,0.0,0.0,0.0,1.1785331964492798,0.0,1.1785331964492798,0.0,716.0,-4.599999904632568,1.1785331964492798,0.9994146823883057,0.9999461770057678,1.0
23.99971580505371,179.32684326171875,8.172825813293457,0.0,0.0,0.0,0.0,0.0,-0.0,0.0,4.22478575025286,3.1533570425851005,0.0,0.5544440150260925,0.0,0.0,0.0,0.0,0.0,0.0,0.022198209539055824,0.0,0.0,0.022198209539055824,717.0,-4.599999904632568,-0.022198209539055824,0.9869825839996338,0.9986667633056641,0.9999997615814209
23.62322425842285,179.998046875,7.584187984466553,0.0,0.0,0.0,0.0,0.0,-0.0,0.0,4.183642877851214,3.1122141701834543,0.0,0.47393500804901123,0.0,0.0,0.0,0.0,0.0,0.0,1.0838159322738647,0.0,1.0838159322738647,0.0,718.0,-4.599999904632568,1.0838159322738647,0.9384078979492188,0.985378623008728,0.9999841451644897
23.926877975463867,171.3170166015625,5.994466304779053,0.0,0.0,0.0,0.0,0.0,-0.0,0.0,4.135857118879046,3.064428547450474,0.0,0.40605100989341736,0.0,0.0,0.0,0.0,0.0,0.0,0.12747345864772797,0.0,0.0,0.12747345864772797,719.0,-4.599999904632568,-0.12747345864772797,0.41297948360443115,0.96574866771698,0.988370418548584
23.186817169189453,178.13734436035156,5.44989013671875,0.0,0.0,0.0,0.0,0.0,-0.0,0.0,4.084785679408482,3.013357107979911,0.0,0.3171739876270294,0.0,0.0,0.0,0.0,0.0,0.0,0.0,0.0,0.0,0.0,720.0,-4.599999904632568,0.0,0.11847943067550659,0.8351112604141235,0.6833873987197876
22.628541946411133,167.14869689941406,5.126089572906494,0.0,0.0,0.0,0.0,0.0,-0.0,0.0,4.038571439470564,2.967142868041992,0.0,0.24729099869728088,0.0,0.0,0.0,0.0,0.0,0.0,0.0,0.0,0.0,0.0,721.0,-4.599999904632568,0.0,0.006986111402511597,0.6225389242172241,0.41702866554260254
22.252050399780273,166.4774627685547,4.873605728149414,0.0,0.0,0.0,0.0,0.0,-0.0,0.0,3.9377857753208705,2.8663572038922993,0.0,0.2131669968366623,0.0,0.0,0.0,0.0,0.0,0.0,1.8390617370605469,0.0,1.8390617370605469,0.0,722.0,-4.599999904632568,1.8390617370605469,0.6851439476013184,0.7923696637153625,0.5733344554901123
22.961833953857422,127.40673065185547,2.779411554336548,0.0,0.0,0.0,0.0,0.0,-0.0,0.0,3.9065714699881418,2.83514289855957,0.0,0.19505299627780914,0.0,0.0,0.0,0.0,0.0,0.0,0.5211893916130066,0.0,0.0,0.5211893916130066,723.0,-2.7793281078338623,-0.5211893916130066,0.00025007128715515137,0.41940563917160034,0.8442232608795166
22.767127990722656,155.07379150390625,2.048490524291992,0.0,0.0,0.0,0.0,0.0,-0.0,0.0,3.881000055585589,2.8095713479178293,0.0,0.18143300712108612,0.0,0.0,0.0,0.0,0.0,0.0,0.16804227232933044,0.0,0.0,0.16804227232933044,724.0,-2.048429012298584,-0.16804227232933044,0.00010076165199279785,0.36876463890075684,0.8966182470321655
22.57242202758789,163.45700073242188,1.691832423210144,0.0,0.0,0.0,0.0,0.0,-0.0,0.0,3.8474285398210797,2.7760001046316964,0.0,0.17640900611877441,0.0,0.0,0.0,0.0,0.0,0.0,0.0,0.0,0.0,0.0,725.0,-1.691781759262085,0.0,0.0008000731468200684,0.5513311624526978,0.7787188291549683
22.01414680480957,162.7857666015625,1.5117778778076172,0.0,0.0,0.0,0.0,0.0,-0.0,0.0,3.8182143620082307,2.7467857905796595,0.0,0.1840440034866333,0.0,0.0,0.0,0.0,0.0,0.0,0.0,0.0,0.0,0.0,726.0,-1.511732578277588,0.0,0.02071318030357361,0.5845677852630615,0.814413845539093
21.274085998535156,154.5893096923828,1.3239381313323975,0.0,0.0,0.0,0.0,0.0,-0.0,0.0,3.8099285670689174,2.738499995640346,0.13109999895095825,0.07842400670051575,0.0,0.0,0.0,0.0,0.0,0.0,0.0,0.0,0.0,0.0,727.0,-1.323898434638977,0.0,0.0531841516494751,0.280737042427063,0.8204477429389954
20.715810775756836,153.91807556152344,1.243876338005066,0.0,0.0,0.0,0.0,0.05154258013137564,-0.0,0.0,3.8891427993774412,2.817714364188058,0.30623799562454224,0.0,0.0,0.8544784188270569,0.5726952892793293,0.0,0.0,0.0,0.0,0.0,0.0,0.0,728.0,0.8544784188270569,0.0,0.20983248949050903,0.05248701572418213,0.4587288498878479
20.52210235595703,120.09117889404297,2.0982918739318848,0.0,0.0,0.0,0.0,0.0,-0.0,0.0,4.056642886570522,2.9852141789027624,0.34728100895881653,0.0,0.0,0.7923496925071731,0.0,2.8854992389678955,0.0,0.0,0.0,0.0,0.0,2.8854992389678955,729.0,1.088271141052246,-2.8854992389678955,0.31865328550338745,0.2917357087135315,0.9945806264877319
20.145610809326172,179.1309814453125,2.890554904937744,0.0,0.0,0.0,0.0,0.2156944684739475,-0.0,0.0,4.158142852783203,3.0867142813546318,0.402195006608963,0.0,0.0,0.0,2.3966050148010254,3.0,0.0,0.0,0.0,0.0,3.0,0.0,730.0,-2.8904683589935303,3.0,0.10425108671188354,0.6933861374855042,0.9088512063026428
21.458499908447266,162.1947784423828,2.8904683589935303,0.0,0.0,0.0,0.0,0.2245778534773589,-0.0,0.0,4.202857099260603,3.131428527832031,0.41805499792099,0.0,0.0,0.15399284660816193,2.495309284772397,3.0,0.0,0.0,0.0,0.0,3.0,0.0,731.0,0.15399284660816193,3.0,0.3044431209564209,0.9172801971435547,0.9590823650360107
22.7915096282959,161.52354431152344,3.04436993598938,0.0,0.0,0.0,0.0,0.0,-0.0,0.0,4.263000025068011,3.191571589878627,0.3781130015850067,0.0,0.0,4.266816665723695,0.0,2.7036426067352295,0.0,0.0,0.0,0.0,2.7036426067352295,0.0,732.0,4.599999904632568,2.7036426067352295,0.9068914651870728,0.992418646812439,0.999006450176239
23.962078094482422,152.91793823242188,7.310967445373535,0.0,0.0,0.0,0.0,0.3132641067822238,-0.0,0.0,4.31542854309082,3.243999971662249,0.3568120002746582,0.0,0.0,2.6374945640563965,3.4807120209581206,1.0037049055099487,0.0,0.0,0.0,0.0,0.0,1.0037049055099487,733.0,2.6374945640563965,-1.0037049055099487,0.9948431849479675,0.9994056820869446,0.999951958656311
23.525678634643555,179.99038696289062,9.948163986206055,0.0,0.0,0.0,0.0,0.5243761741619224,-0.0,0.0,4.353928647722517,3.282500076293945,0.37003299593925476,0.0,0.0,0.0,5.826401472091675,1.022615671157837,0.0,0.0,0.0,0.0,1.022615671157837,0.0,734.0,-4.599999904632568,1.022615671157837,0.9880868196487427,0.9999065399169922,0.9999957084655762
23.9995174407959,129.099853515625,9.94786548614502,0.0,0.0,0.0,0.0,0.5240163825285681,-0.0,0.0,4.38721433367048,3.3157857622419082,0.3545230031013489,0.0,0.0,0.05057569220662117,5.822403787594335,0.8109649419784546,0.0,0.0,0.0,0.0,0.0,0.8109649419784546,735.0,0.05057569220662117,-0.8109649419784546,0.9998410940170288,0.9999991655349731,0.9999993443489075
23.62302589416504,179.99798583984375,9.998141288757324,0.0,0.0,0.0,0.0,0.3988538838508813,-0.0,0.0,4.3944284711565285,3.3229998997279577,0.40768301486968994,0.0,0.0,0.0,4.431709468364716,0.8672574162483215,0.0,0.0,0.0,0.0,0.8672574162483215,0.0,736.0,-4.599999904632568,0.8672574162483215,0.9975873231887817,0.9999999403953552,1.0
23.999984741210938,179.32675170898438,9.997841835021973,0.0,0.0,0.0,0.0,0.32711689331938815,-0.0,0.0,4.366714286804199,3.2952855791364395,0.3550240099430084,0.0,0.0,0.0,3.634631859138608,0.02124406211078167,0.0,0.0,0.0,0.0,0.0,0.02124406211078167,737.0,-4.599999904632568,-0.02124406211078167,0.9988545775413513,1.0,1.0
23.623493194580078,179.99807739257812,9.997542381286621,0.0,0.0,0.0,0.0,0.11336479074675115,-0.0,0.0,4.30957134791783,3.2381427764892576,0.4322409927845001,0.0,0.0,0.0,1.2596086859703064,0.6024003624916077,0.0,0.0,0.0,0.0,0.6024003624916077,0.0,738.0,-4.599999904632568,0.6024003624916077,0.9993899464607239,0.9999997615814209,1.0
23.999984741210938,171.21377563476562,9.99724292755127,0.0,0.0,0.0,0.0,0.01586145482353003,-0.0,0.0,4.232785715375628,3.1613570077078683,0.5608029961585999,0.0,0.0,0.0,0.17623837292194366,0.1559586375951767,0.0,0.0,0.0,0.0,0.0,0.1559586375951767,739.0,-4.599999904632568,-0.1559586375951767,0.9995198249816895,0.999998927116394,1.0
23.259923934936523,179.99807739257812,9.996943473815918,0.0,0.0,0.0,0.0,0.0,-0.0,0.0,4.1289285387311665,3.057499967302595,0.02944999933242798,0.48685401678085327,0.0,0.0,0.0,0.0,0.0,0.0,1.2720814943313599,0.0,1.2720814943313599,0.0,740.0,-4.599999904632568,1.2720814943313599,0.9999784231185913,0.9983897805213928,1.0
23.991933822631836,91.66715240478516,8.201865196228027,0.0,0.0,0.0,0.0,0.0,-0.0,0.0,4.041214207240513,2.969785635811942,0.0,0.44597598910331726,0.0,0.0,0.0,0.0,0.0,0.0,1.7189308052047454,0.0,0.0,1.7189308052047454,741.0,-4.599999904632568,-1.7189308404922485,0.9999537467956543,0.9650797843933105,1.0
23.980005264282227,179.99807739257812,5.9925971031188965,0.0,0.0,0.0,0.0,0.0,-0.0,0.0,3.976642826625279,2.9052142551967077,0.0,0.4291419982910156,0.0,0.0,0.0,0.0,0.0,0.0,0.012034243904054165,0.0,0.0,0.012034243904054165,742.0,-4.599999904632568,-0.012034243904054165,0.0568484365940094,0.30850332975387573,0.9999954700469971
23.968074798583984,179.99734497070312,5.542251110076904,0.0,0.0,0.0,0.0,0.0,-0.0,0.0,3.931214278084891,2.8597855704171318,0.0,0.42292600870132446,0.0,0.0,0.0,0.0,0.0,0.0,0.0,0.0,0.0,0.0,743.0,-4.599999904632568,0.0,0.005247712135314941,0.1820463240146637,0.9998485445976257
23.956144332885742,179.32611083984375,5.110540866851807,0.0,0.0,0.0,0.0,0.0,-0.0,0.0,3.893999998910086,2.822571563720703,0.0,0.3358609974384308,0.0,0.0,0.0,0.0,0.0,0.0,0.21690255403518677,0.0,0.0,0.21690255403518677,744.0,-4.599999904632568,-0.21690255403518677,0.0010389983654022217,0.19780731201171875,0.9987949728965759
23.9442138671875,179.80526733398438,4.546360015869141,0.0,0.0,0.0,0.0,0.0,-0.0,0.0,3.8659285954066682,2.794500023978097,0.0,0.24664999544620514,0.0,0.0,0.0,0.0,0.0,0.0,0.0,0.0,0.0,0.0,745.0,-4.5462236404418945,0.0,9.834766387939453e-6,0.21854138374328613,0.9969556331634521
23.931293487548828,179.134033203125,4.2945475578308105,0.0,0.0,0.0,0.0,0.0,-0.0,0.0,3.828571401323591,2.7571429661342077,0.0,0.2131669968366623,0.0,0.0,0.0,0.0,0.0,0.0,0.01658841222524643,0.0,0.0,0.01658841222524643,746.0,-4.294418811798096,-0.01658841222524643,5.692243576049805e-6,0.21561068296432495,0.9958865642547607
23.918373107910156,179.33993530273438,4.059981346130371,0.0,0.0,0.0,0.0,0.0,-0.0,0.0,3.8039285932268414,2.7325000217982702,0.0,0.19505299627780914,0.0,0.0,0.0,0.0,0.0,0.0,0.0,0.0,0.0,0.0,747.0,-4.059859752655029,0.0,1.6033649444580078e-5,0.5792020559310913,0.9917781352996826
23.72366714477539,171.1448516845703,3.8608319759368896,0.0,0.0,0.0,0.0,0.0,-0.0,0.0,3.7938571112496513,2.722428676060268,0.0,0.18143300712108612,0.0,0.0,0.0,0.0,0.0,0.0,0.1636785864830017,0.0,0.0,0.1636785864830017,748.0,-3.8607163429260254,-0.1636785864830017,5.632638931274414e-6,0.5910313725471497,0.9938831925392151
23.528961181640625,179.01939392089844,3.5085721015930176,0.0,0.0,0.0,0.0,0.0,-0.0,0.0,3.7708570752825055,2.6994285038539343,0.0,0.17640900611877441,0.0,0.0,0.0,0.0,0.0,0.0,0.018014175817370415,0.0,0.0,0.018014175817370415,749.0,-3.508466958999634,-0.018014175817370415,1.0699033737182617e-5,0.6594262719154358,0.9955166578292847
23.33425521850586,179.28074645996094,3.310081958770752,0.0,0.0,0.0,0.0,0.0,-0.0,0.0,3.744214275905064,2.672785840715681,0.0,0.1840440034866333,0.0,0.0,0.0,0.0,0.0,0.0,0.0,0.0,0.0,0.0,750.0,-3.3099827766418457,0.0,0.00012138485908508301,0.8522018194198608,0.9881526827812195
22.957763671875,178.60951232910156,3.1221883296966553,0.0,0.0,0.0,0.0,0.0,-0.0,0.0,3.7378570829119,2.6664286477225168,0.20614999532699585,0.0033740103244781494,0.0,0.0,0.0,0.0,0.0,0.0,1.9721224308013916,0.0,1.9721224308013916,0.0,751.0,-3.1220946311950684,1.9721224308013916,0.009015083312988281,0.9010460376739502,0.9582724571228027
23.50521469116211,167.9044647216797,1.1063425540924072,0.0,0.0,0.0,0.0,0.11984059332534362,-0.0,0.0,3.7828571592058453,2.7114284515380858,0.30623799562454224,0.0,0.0,0.0,1.3315620422363281,0.0,0.0,0.0,0.0,0.0,0.0,0.0,752.0,-1.106309413909912,0.0,0.07776749134063721,0.21209177374839783,0.28726109862327576
23.310508728027344,167.2332305908203,1.106309413909912,0.0,0.0,0.0,0.0,0.2757752470791523,-0.0,0.0,3.8462142399379182,2.774785668509347,0.34728100895881653,0.0,0.0,0.0,3.06416916847229,0.0,0.0,0.0,0.0,0.0,0.0,0.0,753.0,-1.106276273727417,0.0,0.026882588863372803,0.4834742546081543,0.5112245082855225
23.115802764892578,166.56199645996094,1.106276273727417,0.0,0.0,0.0,0.0,0.3820115893691036,-0.0,0.0,3.905571474347796,2.834142902919224,0.5981490015983582,0.0,0.0,0.0,4.244572877883911,0.2787282466888428,0.0,0.0,0.0,0.0,0.0,0.2787282466888428,754.0,-1.1062431335449219,-0.2787282466888428,0.04395914077758789,0.809013843536377,0.943317174911499
22.921096801757812,170.9288330078125,1.1062431335449219,0.0,0.0,0.0,0.0,0.3764166189365861,-0.0,0.0,3.94235714503697,2.8709285736083983,0.35659199953079224,0.0,0.0,0.0,4.182406544685364,0.48460137844085693,0.0,0.0,0.0,0.0,0.48460137844085693,0.0,755.0,-1.1062099933624268,0.48460137844085693,0.026710301637649536,0.8389521241188049,0.9904832243919373
23.194746017456055,161.85305786132812,1.1062099933624268,0.0,0.0,0.0,0.0,0.08808746877143299,-0.0,0.0,4.002642849513462,2.931214141845703,0.3721640110015869,0.0,0.0,3.469513177871704,0.9787495752318929,1.4918171167373657,0.0,0.0,0.0,0.0,1.4918171167373657,0.0,756.0,3.469513177871704,1.4918171167373657,0.45756930112838745,0.9791475534439087,0.9990643262863159
23.895721435546875,151.3136749267578,4.575585842132568,0.0,0.0,0.0,0.0,0.08763569665771993,-0.0,0.0,4.061857169015067,2.9904285975864955,0.38031598925590515,0.0,0.0,4.599999904632568,0.9737298854784546,0.5118270516395569,0.0,0.0,0.0,0.0,0.0,0.5118270516395569,757.0,4.599999904632568,-0.5118270516395569,0.934109091758728,0.9993147850036621,0.9999866485595703
23.882801055908203,179.99594116210938,9.175311088562012,0.0,0.0,0.0,0.0,0.49241113880563653,-0.0,0.0,4.1104286193847654,3.0390000479561943,0.42816799879074097,0.0,0.0,0.0,5.471234440803528,0.21099793910980225,0.0,0.0,0.0,0.0,0.21099793910980225,0.0,758.0,-4.599999904632568,0.21099793910980225,0.8810803294181824,0.9999977350234985,0.9999992847442627
23.99997329711914,170.45138549804688,9.175036430358887,0.0,0.0,0.0,0.0,0.4103637625730221,-0.0,0.0,4.15028566632952,3.0788570949009486,0.3545230031013489,0.0,0.0,0.7039150595664978,4.559596999558248,0.17304912209510803,0.0,0.0,0.0,0.0,0.0,0.17304912209510803,759.0,0.7039150595664978,-0.17304912209510803,0.9878921508789062,0.9999997615814209,0.9999998807907104
23.80525016784668,179.99806213378906,9.878655433654785,0.0,0.0,0.0,0.0,0.3372468691863099,-0.0,0.0,4.175714302062988,3.104285866873605,0.36533498764038086,0.0,0.0,0.0,3.7471871376037598,0.6146774291992188,0.0,0.0,0.0,0.0,0.6146774291992188,0.0,760.0,-4.599999904632568,0.6146774291992188,0.9873461127281189,1.0,1.0
23.999984741210938,179.3268280029297,9.878358840942383,0.0,0.0,0.0,0.0,0.28994274999909025,-0.0,0.0,4.190357153756278,3.1189285823277064,0.3550240099430084,0.0,0.0,0.09079309552907944,3.221585855072357,0.022444013224266333,0.0,0.0,0.0,0.0,0.0,0.022444013224266333,761.0,0.09079309552907944,-0.022444013506174088,0.9969122409820557,1.0,1.0
23.837421417236328,179.99807739257812,9.968852996826172,0.0,0.0,0.0,0.0,0.12353932994518622,-0.0,0.0,4.186142866952078,3.1147141592843193,0.4322409927845001,0.0,0.0,0.02811475470662117,1.372659112524033,0.7105114459991455,0.0,0.0,0.0,0.0,0.7105114459991455,0.0,762.0,0.02811475470662117,0.7105114459991455,0.9996938109397888,0.9999998807907104,1.0
23.999984741210938,161.56765747070312,9.996667861938477,0.0,0.0,0.0,0.0,0.009469655014646408,-0.0,0.0,4.146714292253767,3.075285720825195,0.5608029961585999,0.0,0.0,0.0,0.10521838068962097,0.323878675699234,0.0,0.0,0.0,0.0,0.0,0.323878675699234,763.0,0.002726037288084626,-0.323878675699234,0.9999364018440247,0.9999991059303284,1.0
23.71687126159668,179.99807739257812,9.996368408203125,0.0,0.0,0.0,0.0,0.0,-0.0,0.0,4.0276428767613,2.9562143053327286,0.028499998152256012,0.48780402541160583,0.0,0.0,0.0,0.0,0.0,0.0,0.4755685031414032,0.0,0.4755685031414032,0.0,764.0,-4.599999904632568,0.4755685031414032,0.999772310256958,0.9985924959182739,1.0
23.99294662475586,167.63136291503906,9.013065338134766,0.0,0.0,0.0,0.0,0.0,-0.0,0.0,3.9403571537562776,2.8689285823277064,0.0,0.44597598910331726,0.0,0.0,0.0,0.0,0.0,0.0,0.23696616291999817,0.0,0.0,0.23696616291999817,765.0,-4.599999904632568,-0.23696616291999817,0.9919366836547852,0.9900535345077515,1.0
23.800582885742188,179.99807739257812,8.315936088562012,0.0,0.0,0.0,0.0,0.0,-0.0,0.0,3.8857143402099608,2.8142857687813896,0.0,0.4291419982910156,0.0,0.0,0.0,0.0,0.0,0.0,0.16807833313941956,0.0,0.0,0.16807833313941956,766.0,-4.599999904632568,-0.16807833313941956,0.9441262483596802,0.9425548315048218,0.9999998807907104
23.607397079467773,179.99806213378906,7.706296443939209,0.0,0.0,0.0,0.0,0.0,-0.0,0.0,3.843285642351423,2.7718570709228514,0.0,0.42292600870132446,0.0,0.0,0.0,0.0,0.0,0.0,0.012593992985785007,0.0,0.0,0.012593992985785007,767.0,-4.599999904632568,-0.012593992985785007,0.4108637273311615,0.7908027768135071,0.9999889135360718
23.41368865966797,179.99630737304688,7.2616705894470215,0.0,0.0,0.0,0.0,0.0,-0.0,0.0,3.8087856565202984,2.737357221330915,0.0,0.3358609974384308,0.0,0.0,0.0,0.0,0.0,0.0,0.0,0.0,0.0,0.0,768.0,-4.599999904632568,0.0,0.010265082120895386,0.20776164531707764,0.9999747276306152
23.402753829956055,179.3250732421875,6.918747901916504,0.0,0.0,0.0,0.0,0.0,-0.0,0.0,3.775928579057966,2.7044998713902064,0.0,0.24664999544620514,0.0,0.0,0.0,0.0,0.0,0.0,0.025761758908629417,0.0,0.0,0.025761758908629417,769.0,-4.599999904632568,-0.025761758908629417,0.0006237626075744629,0.23495414853096008,0.9999496936798096
23.389833450317383,179.99002075195312,6.640577793121338,0.0,0.0,0.0,0.0,0.0,-0.0,0.0,3.743857192993164,2.6724286215645927,0.0,0.2131669968366623,0.0,0.0,0.0,0.0,0.0,0.0,0.0,0.0,0.0,0.0,770.0,-4.599999904632568,0.0,0.0002816319465637207,0.21781611442565918,0.9999195337295532
23.37691307067871,179.31878662109375,6.422867774963379,0.0,0.0,0.0,0.0,0.0,-0.0,0.0,3.714571489606585,2.6431429181780133,0.0,0.19505299627780914,0.0,0.0,0.0,0.0,0.0,0.0,0.023184316232800484,0.0,0.0,0.023184316232800484,771.0,-4.599999904632568,-0.023184316232800484,0.0002779364585876465,0.6141985654830933,0.9989043474197388
23.182207107543945,179.82276916503906,6.199990749359131,0.0,0.0,0.0,0.0,0.0,-0.0,0.0,3.688499941144671,2.617071369716099,0.0,0.18143300712108612,0.0,0.0,0.0,0.0,0.0,0.0,0.0,0.0,0.0,0.0,772.0,-4.599999904632568,0.0,0.0001875460147857666,0.6105031967163086,0.9976639747619629
22.98750114440918,179.1515350341797,6.014674663543701,0.0,0.0,0.0,0.0,0.0,-0.0,0.0,3.6655714307512555,2.5941428593226843,0.0,0.17640900611877441,0.0,0.0,0.0,0.0,0.0,0.0,0.8665584921836853,0.0,0.8665584921836853,0.0,773.0,-4.599999904632568,0.8665584921836853,0.0016921162605285645,0.817497968673706,0.991192102432251
23.087474822998047,178.4803009033203,4.950273513793945,0.0,0.0,0.0,0.0,0.0,-0.0,0.0,3.6468572071620398,2.57542849949428,0.0,0.1840440034866333,0.0,0.0,0.0,0.0,0.0,0.0,2.0827414989471436,0.0,2.0827414989471436,0.0,774.0,-4.599999904632568,2.0827414989471436,0.002942413091659546,0.933706521987915,0.9768999814987183
23.66851806640625,177.80906677246094,2.637148141860962,0.0,0.0,0.0,0.0,0.0,-0.0,0.0,3.6794999803815567,2.6080714089529855,0.19474999606609344,0.40324801206588745,0.0,0.0,0.0,0.0,0.0,0.0,0.0,0.0,0.0,0.0,775.0,-2.6370689868927,0.0,0.06273838877677917,0.7065258026123047,0.6336065530776978
23.29202651977539,165.54165649414062,2.2256038188934326,0.0,0.0,0.0,0.0,0.08121852924176251,-0.0,0.0,3.8258571079799104,2.7544285365513392,0.9206219911575317,0.0,0.0,0.0,0.9024280309677124,0.0,0.0,0.0,0.0,0.0,0.0,0.0,776.0,-2.225537061691284,0.0,0.21937841176986694,0.7204418182373047,0.2255125641822815
22.370182037353516,136.19296264648438,2.225537061691284,0.0,0.0,0.0,0.0,0.21906089854724292,-0.0,0.0,3.9705000741141183,2.8990715026855467,0.34728100895881653,0.0,0.0,0.0,2.4340097904205322,1.3996593952178955,0.0,0.0,0.0,0.0,1.3996593952178955,0.0,777.0,-2.2254703044891357,1.3996593952178955,0.058970361948013306,0.7653903961181641,0.5784246325492859
22.826936721801758,135.521728515625,2.2254703044891357,0.0,0.0,0.0,0.0,0.4708653061282856,-0.0,0.0,4.078214318411691,3.006785746983119,0.35456401109695435,0.0,0.0,0.0,5.231836318969727,0.6598491668701172,0.0,0.0,0.0,0.0,0.0,0.6598491668701172,778.0,-2.2254035472869873,-0.6598491668701172,0.1742132306098938,0.8707151412963867,0.9556376934051514
22.604167938232422,172.90011596679688,2.2254035472869873,0.0,0.0,0.0,0.0,0.16943071353559874,-0.0,0.0,4.147857066563198,3.076428495134626,0.35659199953079224,0.0,0.0,3.2350547313690186,1.8825633341161803,2.2630677223205566,0.0,0.0,0.0,0.0,2.2630677223205566,0.0,779.0,3.2350547313690186,2.2630677223205566,0.546042799949646,0.9547609090805054,0.9980663657188416
23.773788452148438,172.2288818359375,5.460294723510742,0.0,0.0,0.0,0.0,0.31681603651434054,-0.0,0.0,4.209428596496582,3.1379998888288223,0.40207400918006897,0.0,0.0,4.496932506561279,3.520177903734062,0.27179181575775146,0.0,0.0,0.0,0.0,0.0,0.27179181575775146,780.0,4.496932506561279,-0.27179181575775146,0.9957196712493896,0.9981335401535034,0.9999367594718933
23.580673217773438,179.9879608154297,9.956928253173828,0.0,0.0,0.0,0.0,0.6620384831350474,-0.0,0.0,4.263000025068011,3.191571589878627,0.9499139785766602,0.0,0.0,0.030390221625566483,7.35598256134399,0.8590931296348572,0.0,0.0,0.0,0.0,0.8590931296348572,0.0,781.0,0.030390221625566483,0.8590931296348572,0.9987288117408752,0.9998563528060913,0.9999793767929077
23.999267578125,155.1419677734375,9.987018585205078,0.0,0.0,0.0,0.0,0.7058002619741162,-0.0,0.0,4.308285794939314,3.236857223510742,0.5302309989929199,0.0,0.0,0.010745484381914139,7.8422245098017145,0.6767293810844421,0.0,0.0,0.0,0.0,0.0,0.6767293810844421,782.0,0.010745484381914139,-0.6767293810844421,0.999773383140564,0.9999784231185913,0.9999984502792358
23.989225387573242,179.9978485107422,9.997464179992676,0.0,0.0,0.0,0.0,0.7220695910198627,-0.0,0.0,4.339571489606585,3.2681429181780133,0.3545230031013489,0.0,0.0,0.0,8.022994818165898,0.02998274378478527,0.0,0.0,0.0,0.0,0.02998274378478527,0.0,783.0,-4.599999904632568,0.02998274378478527,0.9996488094329834,0.9999833106994629,0.9999999403953552
23.999900817871094,130.1843719482422,9.997164726257324,0.0,0.0,0.0,0.0,0.5444710879448467,-0.0,0.0,4.35321420942034,3.281785637991769,0.36533498764038086,0.0,0.0,0.0,6.049678274157499,0.8021369495363488,0.0,0.0,0.0,0.0,0.0,0.8021369495363488,784.0,0.0022844860795885324,-0.8021369576454163,0.9999419450759888,0.9999996423721313,1.0
23.99003791809082,179.9980926513672,9.996865272521973,0.0,0.0,0.0,0.0,0.45978662531368714,-0.0,0.0,4.348214231218611,3.276785659790039,0.3550240099430084,0.0,0.0,0.0,5.108739875257015,0.027236439287662506,0.0,0.0,0.0,0.0,0.027236439287662506,0.0,785.0,-4.599999904632568,0.027236439287662506,0.9994829893112183,1.0,1.0
23.999984741210938,171.80165100097656,9.996565818786621,0.0,0.0,0.0,0.0,0.2460303142293774,-0.0,0.0,4.327928488595145,3.2564999171665736,0.4322409927845001,0.0,0.0,0.0,2.7336699408516214,0.1419890481010152,0.0,0.0,0.0,0.0,0.0,0.1419890481010152,786.0,0.0001244137529283762,-0.14198905229568481,0.9996659755706787,0.9999999403953552,1.0
23.990652084350586,179.99807739257812,9.99626636505127,0.0,0.0,0.0,0.0,0.0436391252129076,-0.0,0.0,4.268714305332729,3.1972857339041574,0.5608029961585999,0.0,0.0,0.0,0.4848791304975748,0.02781791053712368,0.0,0.0,0.0,0.0,0.02781791053712368,0.0,787.0,0.002744157100096345,0.02781791053712368,0.9998980164527893,0.9999970197677612,1.0
23.999969482421875,179.32684326171875,9.995966911315918,0.0,0.0,0.0,0.0,0.0,-0.0,0.0,4.121071352277483,3.0496427808489117,0.05415000021457672,0.4621540307998657,0.0,0.0,0.0,0.0,0.0,0.0,0.022953664466792336,0.0,0.0,0.022953664466792336,788.0,-4.599999904632568,-0.022953664883971214,0.9991059303283691,0.9982023239135742,1.0
23.992341995239258,179.99807739257812,9.5006742477417,0.0,0.0,0.0,0.0,0.0,-0.0,0.0,4.099357141767229,3.0279287065778457,0.0,0.44597598910331726,0.0,0.0,0.0,0.0,0.0,0.0,0.1782790523320901,0.0,0.0,0.1782790523320901,789.0,-4.599999904632568,-0.1782790571451187,0.9963338375091553,0.9449461698532104,1.0
23.983837127685547,179.99807739257812,8.86341381072998,0.0,0.0,0.0,0.0,0.0,-0.0,0.0,4.102714211600167,3.0312856401715957,0.0,0.4291419982910156,0.0,0.0,0.0,0.0,0.0,0.0,0.011546337977051735,0.0,0.0,0.011546337977051735,790.0,-4.599999904632568,-0.011546337977051735,0.7754639983177185,0.5784606337547302,1.0
23.973957061767578,179.99807739257812,8.413479804992676,0.0,0.0,0.0,0.0,0.0,-0.0,0.0,4.074928501674107,3.003499930245536,0.0,0.42292600870132446,0.0,0.0,0.0,0.0,0.0,0.0,0.17411494255065918,0.0,0.0,0.17411494255065918,791.0,-4.599999904632568,-0.17411494255065918,0.624140202999115,0.35935282707214355,1.0
23.963050842285156,179.99807739257812,7.804020404815674,0.0,0.0,0.0,0.0,0.0,-0.0,0.0,4.0260714939662385,2.9546429225376674,0.0,0.3358609974384308,0.0,0.0,0.0,0.0,0.0,0.0,0.0,0.0,0.0,0.0,792.0,-4.599999904632568,0.0,0.10360541939735413,0.8923155665397644,0.9999845027923584
23.589082717895508,179.32684326171875,7.461081504821777,0.0,0.0,0.0,0.0,0.0,-0.0,0.0,3.999428558349609,2.927999986921038,0.0,0.3551830053329468,0.0,0.0,0.0,0.0,0.0,0.0,0.16772796213626862,0.0,0.0,0.16772796213626862,793.0,-4.599999904632568,-0.16772796213626862,0.012116819620132446,0.33961135149002075,0.9999873638153076
23.578163146972656,179.99606323242188,6.927291393280029,0.0,0.0,0.0,0.0,0.0,-0.0,0.0,3.976642826625279,2.9052142551967077,0.0,0.2131669968366623,0.0,0.0,0.0,0.0,0.0,0.0,0.0,0.0,0.0,0.0,794.0,-4.599999904632568,0.0,0.0009200572967529297,0.556902289390564,0.9999344348907471
23.384458541870117,179.3248291015625,6.709572792053223,0.0,0.0,0.0,0.0,0.0,-0.0,0.0,3.95471431187221,2.8832857404436383,0.0,0.19505299627780914,0.0,0.0,0.0,0.0,0.0,0.0,0.023386705666780472,0.0,0.0,0.023386705666780472,795.0,-4.599999904632568,-0.023386705666780472,0.0002943873405456543,0.6518380641937256,0.9996793270111084
23.19074821472168,179.94677734375,6.486480712890625,0.0,0.0,0.0,0.0,0.0,-0.0,0.0,3.930571365356445,2.859142793927874,0.0,0.18143300712108612,0.0,0.0,0.0,0.0,0.0,0.0,0.012798355892300606,0.0,0.0,0.012798355892300606,796.0,-4.599999904632568,-0.012798355892300606,6.93202018737793e-5,0.4133341312408447,0.999870240688324
23.180810928344727,179.97731018066406,6.288096904754639,0.0,0.0,0.0,0.0,0.0,-0.0,0.0,3.911000061035156,2.839571489606585,0.0,0.17640900611877441,0.0,0.0,0.0,0.0,0.0,0.0,0.0,0.0,0.0,0.0,797.0,-4.599999904632568,0.0,9.837746620178223e-5,0.4701930582523346,0.9998398423194885
23.169876098632812,179.3060760498047,6.107904434204102,0.0,0.0,0.0,0.0,0.0,-0.0,0.0,3.9107142312186105,2.839285659790039,0.0,0.1840440034866333,0.0,0.0,0.0,0.0,0.0,0.0,0.023582953959703445,0.0,0.0,0.023582953959703445,798.0,-4.599999904632568,-0.023582953959703445,0.0004951357841491699,0.5661813616752625,0.9995056390762329
23.158939361572266,179.91897583007812,5.8958635330200195,0.0,0.0,0.0,0.0,0.0021758403123092796,-0.0,0.0,3.9137142181396483,2.842285646711077,0.209524005651474,0.0,0.0,0.0,0.02417600154876709,0.0,0.0,0.0,0.0,0.0,0.0,0.0,799.0,-4.599999904632568,0.0,0.008638650178909302,0.575828492641449,0.9953540563583374
23.148006439208984,179.24774169921875,5.895686626434326,0.0,0.0,0.0,0.0,0.0,-0.0,0.0,3.9890713827950615,2.91764281136649,0.30623799562454224,0.0,0.0,1.4799586679489494,0.0,0.0,0.0,0.0,0.0,0.0,0.0,0.0,800.0,1.605762004852295,0.0,0.8334628343582153,0.7915129065513611,0.4596518278121948
22.95528793334961,138.3125457763672,7.375424385070801,0.0,0.0,0.0,0.0,0.33382973462976734,-0.0,0.0,4.090785653250558,3.0193570818219864,0.34728100895881653,0.0,0.0,0.0,3.709218978881836,0.0,0.0,0.0,0.0,0.0,0.0,0.0,801.0,-4.599999904632568,0.0,0.522869348526001,0.7263593673706055,0.4290279150009155
22.88227081298828,122.20464324951172,7.3752031326293945,0.0,0.0,0.0,0.0,0.37877021461885707,-0.0,0.0,4.299500002179827,3.2280714307512555,0.35456401109695435,0.0,0.0,0.0,4.208557605743408,1.43137788772583,0.0,0.0,0.0,0.0,0.0,1.43137788772583,802.0,-4.599999904632568,-1.43137788772583,0.6113048195838928,0.8255548477172852,0.9368029832839966
22.751371383666992,169.8865509033203,7.374981880187988,0.0,0.0,0.0,0.0,0.4835144546440781,-0.0,0.0,4.435499954223633,3.3640713827950615,0.35659199953079224,0.0,0.0,0.0,5.372382402420044,1.5708253383636475,0.0,0.0,0.0,0.0,1.5708253383636475,0.0,803.0,-4.599999904632568,1.5708253383636475,0.6883836984634399,0.9452084898948669,0.9975425004959106
23.72602653503418,138.44618225097656,7.374760627746582,0.0,0.0,0.0,0.0,0.39331958220944746,-0.0,0.0,4.512428501674107,3.440999930245536,0.3451870083808899,0.0,0.0,1.8737378120422363,4.370217232791304,0.6391683220863342,0.0,0.0,0.0,0.0,0.0,0.6391683220863342,804.0,1.8737378120422363,-0.6391683220863342,0.924846887588501,0.997125506401062,0.9997283220291138
23.62628936767578,179.95462036132812,9.248221397399902,0.0,0.0,0.0,0.0,0.4845666155868043,-0.0,0.0,4.567928532191685,3.496499960763114,0.3568120002746582,0.0,0.0,0.0,5.384073078632355,0.5566651225090027,0.0,0.0,0.0,0.0,0.5566651225090027,0.0,805.0,-4.599999904632568,0.5566651225090027,0.38863515853881836,0.9999837875366211,0.9999914169311523
23.99990463256836,179.28338623046875,9.247943878173828,0.0,0.0,0.0,0.0,0.5015621493756469,-0.0,0.0,4.571214348929269,3.4997857775006973,0.4588890075683594,0.0,0.0,0.0,5.572912327945232,0.020648367702960968,0.0,0.0,0.0,0.0,0.0,0.020648367702960968,806.0,-4.599999904632568,-0.020648367702960968,0.7278269529342651,0.999998927116394,0.9999997615814209
23.993152618408203,179.998046875,9.247666358947754,0.0,0.0,0.0,0.0,0.39014775389116846,-0.0,0.0,4.4819286346435545,3.4105000632149833,0.4223720133304596,0.0,0.0,0.0,4.3349746987223625,0.020203180611133575,0.0,0.0,0.0,0.0,0.020203180611133575,0.0,807.0,-4.599999904632568,0.020203180611133575,0.7414555549621582,0.9999997615814209,1.0
23.999984741210938,170.22650146484375,9.24738883972168,0.0,0.0,0.0,0.0,0.24082218709171277,-0.0,0.0,4.400999968392508,3.329571533203125,0.40814000368118286,0.0,0.0,0.3108782470226288,2.675801866143178,0.47293546477469994,0.0,0.0,0.0,0.0,0.0,0.47293546477469994,808.0,0.3108782470226288,-0.4729354679584503,0.9558236598968506,0.9999997615814209,1.0
23.993234634399414,179.99807739257812,9.55798053741455,0.0,0.0,0.0,0.0,0.19847207360767868,-0.0,0.0,4.333857073102679,3.262428501674107,0.3933579921722412,0.0,0.0,0.3349442183971405,2.205245087050404,0.020767282110925517,0.0,0.0,0.0,0.0,0.020767282110925517,0.0,809.0,0.3349442183971405,0.02076728269457817,0.9892895221710205,1.0,1.0
23.999984741210938,179.32684326171875,9.892627716064453,0.0,0.0,0.0,0.0,0.08508727965586463,-0.0,0.0,4.240857206072127,3.1694286346435545,0.4322409927845001,0.0,0.0,0.09737154096364975,0.9454141432637289,0.02208615028274771,0.0,0.0,0.0,0.0,0.0,0.02208615028274771,810.0,0.09737154096364975,-0.02208615094423294,0.9989969730377197,0.9999995231628418,1.0
23.991758346557617,179.99807739257812,9.989699363708496,0.0,0.0,0.0,0.0,0.0,-0.0,0.0,4.147071511404855,3.0756429399762832,0.35339999198913574,0.2074030041694641,0.0,0.0,0.0,0.0,0.0,0.0,0.027012836188077927,0.0,0.027012836188077927,0.0,811.0,-4.599999904632568,0.027012836188077927,0.9999219179153442,0.9999855756759644,1.0
23.99991226196289,157.56565856933594,9.75020694732666,0.0,0.0,0.0,0.0,0.0,-0.0,0.0,4.076857103620257,3.005428532191685,0.0009500000160187483,0.5153540372848511,0.0,0.0,0.0,0.0,0.0,0.0,0.528928190816244,0.0,0.0,0.528928190816244,812.0,-4.599999904632568,-0.5289282202720642,0.9998546838760376,0.9987634420394897,1.0
23.93045425415039,179.99807739257812,8.68435287475586,0.0,0.0,0.0,0.0,0.0,-0.0,0.0,4.03264285496303,2.9612142835344586,0.0,0.44597598910331726,0.0,0.0,0.0,0.0,0.0,0.0,0.020188085734844208,0.0,0.0,0.020188085734844208,813.0,-4.599999904632568,-0.020188085734844208,0.9541335105895996,0.8961740732192993,1.0
23.920059204101562,179.99807739257812,8.208429336547852,0.0,0.0,0.0,0.0,0.0,-0.0,0.0,4.001642853873117,2.930214146205357,0.0,0.4291419982910156,0.0,0.0,0.0,0.0,0.0,0.0,0.17277891814611301,0.0,0.0,0.17277891814611301,814.0,-4.599999904632568,-0.17277891933918,0.8630409836769104,0.5802102088928223,1.0
23.909149169921875,179.99807739257812,7.593996524810791,0.0,0.0,0.0,0.0,0.0,-0.0,0.0,3.9715000697544642,2.900071498325893,0.0,0.42292600870132446,0.0,0.0,0.0,0.0,0.0,0.0,0.01206299290060997,0.0,0.0,0.01206299290060997,815.0,-4.599999904632568,-0.01206299290060997,0.2735133767127991,0.7535445094108582,0.9999979734420776
23.71444320678711,179.9977569580078,7.14991569519043,0.0,0.0,0.0,0.0,0.0,-0.0,0.0,3.9565713882446287,2.8851429530552455,0.0,0.3358609974384308,0.0,0.0,0.0,0.0,0.0,0.0,0.01212210115045309,0.0,0.0,0.01212210115045309,816.0,-4.599999904632568,-0.01212210115045309,0.004876255989074707,0.15646851062774658,0.9999948740005493
23.704504013061523,179.99725341796875,6.7946271896362305,0.0,0.0,0.0,0.0,0.0,-0.0,0.0,3.9572143009730745,2.8857857295445033,0.0,0.24664999544620514,0.0,0.0,0.0,0.0,0.0,0.0,0.012110026553273201,0.0,0.0,0.012110026553273201,817.0,-4.599999904632568,-0.012110026553273201,0.000257343053817749,0.1791866421699524,0.9999884366989136
23.69158363342285,179.99623107910156,6.530390739440918,0.0,0.0,0.0,0.0,0.0,-0.0,0.0,3.9670714787074495,2.8956429072788783,0.0,0.26610198616981506,0.0,0.0,0.0,0.0,0.0,0.0,0.0,0.0,0.0,0.0,818.0,-4.599999904632568,0.0,0.0007129311561584473,0.23021048307418823,0.9999662041664124
23.67866325378418,171.79978942871094,6.258670330047607,0.0,0.0,0.0,0.0,0.0,-0.0,0.0,3.9857143129621235,2.914285605294364,0.0,0.19505299627780914,0.0,0.0,0.0,0.0,0.0,0.0,0.158224955201149,0.0,0.0,0.158224955201149,819.0,-4.599999904632568,-0.158224955201149,0.00013184547424316406,0.6357138752937317,0.9998356103897095
23.483957290649414,179.97177124023438,5.898005962371826,0.0,0.0,0.0,0.0,0.0,-0.0,0.0,3.9997857775006977,2.928357206072126,0.0,0.18143300712108612,0.0,0.0,0.0,0.0,0.0,0.0,0.7913916110992432,0.0,0.7913916110992432,0.0,820.0,-4.599999904632568,0.7913916110992432,0.9748803377151489,0.9713020324707031,0.9998992681503296
23.856494903564453,109.8251953125,4.905180931091309,0.0,0.0,0.0,0.0,0.0,-0.0,0.0,4.013642937796456,2.9422143663678852,0.0,0.17640900611877441,0.0,0.0,0.0,0.0,0.0,0.0,1.387008786201477,0.0,0.0,1.387008786201477,821.0,-4.599999904632568,-1.387008786201477,0.0005410611629486084,0.644198477268219,0.9999496936798096
23.84357452392578,179.99002075195312,3.3097574710845947,0.0,0.0,0.0,0.0,0.0,-0.0,0.0,4.0292856488909035,2.9578570774623327,0.0,0.1840440034866333,0.0,0.0,0.0,0.0,0.0,0.0,0.0,0.0,0.0,0.0,822.0,-3.3096582889556885,0.0,1.901388168334961e-5,0.8324759006500244,0.9973245859146118
23.648868560791016,179.31878662109375,3.121863842010498,0.0,0.0,0.0,0.0,0.0,-0.0,0.0,4.043785721915109,2.9723572867257255,0.08644999563694,0.123074010014534,0.0,0.0,0.0,0.0,0.0,0.0,0.0,0.0,0.0,0.0,823.0,-3.121770143508911,0.0,0.000398784875869751,0.9202108383178711,0.9864037036895752
23.272377014160156,178.64755249023438,2.9961884021759033,0.0,0.0,0.0,0.0,0.0,-0.0,0.0,4.079142924717495,3.007714353288923,0.30623799562454224,0.0,0.0,0.0,0.0,0.23051202297210693,0.0,0.0,2.155915379524231,0.0,2.386427402496338,0.0,824.0,-2.996098518371582,2.386427402496338,0.03759479522705078,0.9621468782424927,0.7590164542198181
23.810718536376953,177.976318359375,0.7962509393692017,0.0,0.0,0.0,0.0,0.0,-0.0,0.0,4.098071452549526,3.0266428811209543,0.34728100895881653,0.0,0.0,0.5096676329625893,0.0,0.0,0.0,0.0,0.0,0.0,0.0,0.0,825.0,0.5657190084457397,0.0,0.264418363571167,0.3878061771392822,0.27992933988571167
23.43520164489746,150.68357849121094,1.3058794736862183,0.0,0.0,0.0,0.0,0.0,-0.0,0.0,4.1105713980538505,3.039142826625279,0.35456401109695435,0.0,0.0,0.5109092501895134,0.0,0.0,0.0,0.0,0.0,0.0,0.0,0.0,826.0,0.5674359798431396,0.0,0.2979561686515808,0.40023383498191833,0.13847124576568604
23.000255584716797,142.48814392089844,1.8167343139648438,0.0,0.0,0.0,0.0,0.08008272628646862,-0.0,0.0,4.116428593226841,3.0450000217982702,0.35659199953079224,0.0,0.0,0.0,0.8898079991340637,0.0,0.0,0.0,0.0,0.0,0.0,0.0,827.0,-1.816679835319519,0.0,0.11103779077529907,0.31172746419906616,0.31743764877319336
22.806217193603516,141.81690979003906,1.816679835319519,0.0,0.0,0.0,0.0,0.07047780746045139,-0.0,0.0,4.121571350097656,3.050142778669085,0.3451870083808899,0.0,0.0,0.0,0.7830866873264313,0.4515763223171234,0.0,0.0,0.0,0.0,0.0,0.4515763223171234,828.0,-1.8166253566741943,-0.4515763223171234,0.033543914556503296,0.647096574306488,0.9222676753997803
22.795297622680664,167.5609130859375,1.8166253566741943,0.0,0.0,0.0,0.0,0.0,-0.0,0.0,4.116357203892299,3.0449286324637277,0.3568120002746582,0.0,0.0,0.0,0.0,1.186937928199768,0.0,0.0,0.5156054496765137,0.0,1.7025433778762817,0.0,829.0,-1.8165708780288696,1.7025433778762817,0.04978618025779724,0.9488425850868225,0.9915986061096191
23.744197845458984,166.88967895507812,1.2904586791992188,0.0,0.0,0.0,0.0,0.06614321729159277,-0.0,0.0,4.115071378435408,3.0436428070068358,0.4440380036830902,0.0,0.0,0.13407404720783234,0.734924578166694,0.3676270544528961,0.0,0.0,0.0,0.0,0.0,0.3676270544528961,830.0,0.13407404720783234,-0.3676270544528961,0.1424502730369568,0.9949015378952026,0.9993281364440918
23.46061134338379,179.8905792236328,1.424489974975586,0.0,0.0,0.0,0.0,0.0,-0.0,0.0,4.13178574698312,3.060357175554548,0.4155080020427704,0.0,0.0,0.5939520987238609,0.0,0.884118378162384,0.0,0.0,0.0,0.0,0.884118378162384,0.0,831.0,1.102419376373291,0.884118378162384,0.252687931060791,0.9991306066513062,0.9999810457229614
23.995637893676758,170.2986297607422,2.0183815956115723,0.0,0.0,0.0,0.0,0.0,-0.0,0.0,4.161000061035156,3.089571489606585,0.36533498764038086,0.0,0.0,1.6126772455327796,0.0,0.1750260591506958,0.0,0.0,0.0,0.0,0.0,0.1750260591506958,832.0,1.9356651306152344,-0.1750260591506958,0.6675941944122314,0.9999381899833679,0.9999995231628418
23.983720779418945,179.9980010986328,3.6309499740600586,0.0,0.0,0.0,0.0,0.0,-0.0,0.0,4.17457139151437,3.103142820085798,0.3550240099430084,0.0,0.0,1.4725737806165462,0.0,0.04329969733953476,0.0,0.0,0.0,0.0,0.04329969733953476,0.0,833.0,1.645975947380066,0.04329969733953476,0.9450880289077759,0.9999886751174927,1.0
23.999927520751953,179.32676696777344,5.103370666503906,0.0,0.0,0.0,0.0,0.0,-0.0,0.0,4.167357117789132,3.095928682599749,0.4322409927845001,0.0,0.0,0.7719922953220673,0.0,0.022611776366829872,0.0,0.0,0.0,0.0,0.0,0.022611776366829872,834.0,0.8757590055465698,-0.022611776366829872,0.992002010345459,0.9999892115592957,1.0
23.99105453491211,179.99807739257812,5.875186920166016,0.0,0.0,0.0,0.0,0.0,-0.0,0.0,4.133142825535366,3.061714390345982,0.5110999941825867,0.049703001976013184,0.0,0.0,0.0,0.0,0.0,0.0,0.03269428387284279,0.0,0.03269428387284279,0.0,835.0,-4.599999904632568,0.03269428387284279,0.9967180490493774,0.9998836517333984,1.0
23.99940299987793,169.56263732910156,5.7909345626831055,0.0,0.0,0.0,0.0,0.0,-0.0,0.0,4.063499941144671,2.992071369716099,0.024700000882148743,0.8105140328407288,0.0,0.0,0.0,0.0,0.0,0.0,0.3627161979675293,0.0,0.0,0.3627161979675293,836.0,-4.599999904632568,-0.3627161979675293,0.9913478493690491,0.9990156888961792,0.9999978542327881
23.89863395690918,179.99774169921875,4.593623161315918,0.0,0.0,0.0,0.0,0.0,-0.0,0.0,4.002999932425363,2.9315713609967915,0.0,0.44597598910331726,0.0,0.0,0.0,0.0,0.0,0.0,0.0,0.0,0.0,0.0,837.0,-4.593485355377197,0.0,0.2049528956413269,0.9484792351722717,0.9990679025650024
23.61454963684082,179.32650756835938,4.138421535491943,0.0,0.0,0.0,0.0,0.0,-0.0,0.0,3.957571383884975,2.8861429486955914,0.0,0.4291419982910156,0.0,0.0,0.0,0.0,0.0,0.0,0.0,0.0,0.0,0.0,838.0,-4.1382975578308105,0.0,0.047684431076049805,0.7227047681808472,0.9419348239898682
23.421857833862305,169.0720977783203,3.7004106044769287,0.0,0.0,0.0,0.0,0.0,-0.0,0.0,3.9203571047101704,2.8489286695207867,0.0,0.42292600870132446,0.0,0.0,0.0,0.0,0.0,0.0,0.0,0.0,0.0,0.0,839.0,-3.7002997398376465,0.0,0.00302731990814209,0.2379940152168274,0.4314116835594177
23.321075439453125,168.40086364746094,3.2687554359436035,0.0,0.0,0.0,0.0,0.0,-0.0,0.0,3.8922857012067524,2.820857129778181,0.0,0.3358609974384308,0.0,0.0,0.0,0.0,0.0,0.0,0.0,0.0,0.0,0.0,840.0,-3.2686574459075928,0.0,0.0004922747611999512,0.25248104333877563,0.11055302619934082
23.128376007080078,167.72962951660156,2.925952434539795,0.0,0.0,0.0,0.0,0.0,-0.0,0.0,3.867071369716099,2.795642798287528,0.0,0.24664999544620514,0.0,0.0,0.0,0.0,0.0,0.0,0.0,0.0,0.0,0.0,841.0,-2.9258646965026855,0.0,0.00012680888175964355,0.2889888882637024,0.23755311965942383
22.934667587280273,167.0583953857422,2.6741886138916016,0.0,0.0,0.0,0.0,0.0,-0.0,0.0,3.8578571047101704,2.7864286695207867,0.0,0.2131669968366623,0.0,0.0,0.0,0.0,0.0,0.0,0.0,0.0,0.0,0.0,842.0,-2.6741085052490234,0.0,4.6133995056152344e-5,0.13743716478347778,0.3012658655643463
22.924724578857422,166.3871612548828,2.4565975666046143,0.0,0.0,0.0,0.0,0.0,-0.0,0.0,3.8564286368233818,2.78500006539481,0.0,0.19505299627780914,0.0,0.0,0.0,0.0,0.0,0.0,0.0,0.0,0.0,0.0,843.0,-2.456523895263672,0.0,2.7418136596679688e-5,0.226654052734375,0.7744371891021729
22.91180419921875,165.71592712402344,2.2574961185455322,0.0,0.0,0.0,0.0,0.0,-0.0,0.0,3.8374999727521626,2.766071537562779,0.0,0.18143300712108612,0.0,0.0,0.0,0.0,0.0,0.0,0.1615016609430313,0.0,0.0,0.1615016609430313,844.0,-2.2574284076690674,-0.1615016609430313,2.3424625396728516e-5,0.299899697303772,0.9600869417190552
22.898883819580078,173.6119842529297,1.9075056314468384,0.0,0.0,0.0,0.0,0.0,-0.0,0.0,3.816571453639439,2.7451427459716795,0.0,0.17640900611877441,0.0,0.0,0.0,0.0,0.0,0.0,0.03149240463972092,0.0,0.0,0.03149240463972092,845.0,-1.907448410987854,-0.03149240463972092,4.792213439941406e-5,0.4453963041305542,0.966253936290741
22.704177856445312,174.5987091064453,1.6953104734420776,0.0,0.0,0.0,0.0,0.0,-0.0,0.0,3.7877142224993023,2.716285651070731,0.0,0.1840440034866333,0.0,0.0,0.0,0.0,0.0,0.0,0.0,0.0,0.0,0.0,846.0,-1.695259690284729,0.0,0.00031822919845581055,0.6125249266624451,0.9588025808334351
22.327686309814453,173.92747497558594,1.5074652433395386,0.0,0.0,0.0,0.0,0.002517839423246326,-0.0,0.0,3.818071447099958,2.7466427394321986,0.209524005651474,0.0,0.0,0.0,0.027975991368293762,0.0,0.0,0.0,0.0,0.0,0.0,0.0,847.0,-1.5074200630187988,0.0,0.002635091543197632,0.37285882234573364,0.950900137424469
22.132980346679688,173.25624084472656,1.5074200630187988,0.0,0.0,0.0,0.0,0.14104459452983428,-0.0,0.0,3.9585713795253206,2.8871429443359373,0.30623799562454224,0.0,0.0,0.0,1.567162036895752,0.0,0.0,0.0,0.0,0.0,0.0,0.0,848.0,-1.507374882698059,0.0,0.10862329602241516,0.06305050849914551,0.3638805150985718
21.938274383544922,172.5850067138672,1.507374882698059,0.0,0.0,0.0,0.0,0.34460273143471964,-0.0,0.0,4.0723571232386995,3.0009285518101283,0.34728100895881653,0.0,0.0,0.0,3.828918933868408,0.0,0.0,0.0,0.0,0.0,0.0,0.0,849.0,-1.5073297023773193,0.0,0.024260789155960083,0.4640265107154846,0.79198157787323
21.652162551879883,171.9137725830078,1.5073297023773193,0.0,0.0,0.0,0.0,0.3834573108718624,-0.0,0.0,4.174642780848911,3.1032142094203405,0.3953939974308014,0.0,0.0,0.0,4.2606364488601685,1.5341695547103882,0.0,0.0,0.0,0.0,1.5341695547103882,0.0,850.0,-1.5072845220565796,1.5341695547103882,0.05277979373931885,0.6962137222290039,0.9845277667045593
22.48105239868164,162.35980224609375,1.5072845220565796,0.0,0.0,0.0,0.0,0.27055179819465786,-0.0,0.0,4.248142869131906,3.1767144339425224,0.412418007850647,0.0,0.0,2.015437602996826,3.0061308521459336,2.2189321517944336,0.0,0.0,0.0,0.0,2.2189321517944336,0.0,851.0,2.015437602996826,2.2189321517944336,0.3522692322731018,0.9282591938972473,0.9973821640014648
23.641281127929688,161.68856811523438,3.5226166248321533,0.0,0.0,0.0,0.0,0.29814026730118925,-0.0,0.0,4.298000008719308,3.2265714372907364,0.3451870083808899,0.0,0.0,4.599999904632568,3.312669373412567,0.3065664768218994,0.0,0.0,0.0,0.0,0.0,0.3065664768218994,852.0,4.599999904632568,-0.3065664768218994,0.9893546104431152,0.9956305027008057,0.9999333620071411
23.43276596069336,179.98741149902344,8.1223726272583,0.0,0.0,0.0,0.0,0.5189850186228255,-0.0,0.0,4.33242860521589,3.2610001700265068,0.3568120002746582,0.0,0.0,1.867948055267334,5.766499748640049,1.0497685670852661,0.0,0.0,0.0,0.0,1.0497685670852661,0.0,853.0,1.867948055267334,1.0497685670852661,0.9990290999412537,0.9998590350151062,0.9999909996986389
23.999279022216797,179.31617736816406,9.990020751953125,0.0,0.0,0.0,0.0,0.7712844817119389,-0.0,0.0,4.35442864554269,3.2830000741141183,0.37003299593925476,0.0,0.0,0.0,8.569826893508434,0.021489329636096954,0.0,0.0,0.0,0.0,0.0,0.021489329636096954,854.0,0.006539781112223864,-0.021489329636096954,0.9996531009674072,0.9999974966049194,0.9999991655349731
23.867694854736328,179.99794006347656,9.989721298217773,0.0,0.0,0.0,0.0,0.6976572677618047,-0.0,0.0,4.361714308602469,3.29028560093471,0.3545230031013489,0.0,0.0,0.0,7.75174680352211,0.21573051810264587,0.0,0.0,0.0,0.0,0.21573051810264587,0.0,855.0,0.007676560897380114,0.21573051810264587,0.9997367858886719,0.9999991655349731,0.9999999403953552
23.999980926513672,170.00767517089844,9.989421844482422,0.0,0.0,0.0,0.0,0.5368194845771355,-0.0,0.0,4.355500030517578,3.2840714590890068,0.36533498764038086,0.0,0.0,0.0,5.964660465717316,0.8197047114372253,0.0,0.0,0.0,0.0,0.0,0.8197047114372253,856.0,0.008300263434648514,-0.8197047114372253,0.9997692108154297,0.9999977350234985,1.0
23.990131378173828,179.99807739257812,9.98912239074707,0.0,0.0,0.0,0.0,0.457838069919809,-0.0,0.0,4.334071513584682,3.2626429421561105,0.3550240099430084,0.0,0.0,0.0,5.087089261490116,0.02798680357335977,0.0,0.0,0.0,0.0,0.02798680357335977,0.0,857.0,0.004484612960368395,0.027986804023385048,0.9993577003479004,1.0,1.0
23.999984741210938,179.32684326171875,9.988822937011719,0.0,0.0,0.0,0.0,0.25950350627703395,-0.0,0.0,4.291785730634417,3.2203572954450332,0.4322409927845001,0.0,0.0,0.0,2.883372062817216,0.021736865863204002,0.0,0.0,0.0,0.0,0.0,0.021736865863204002,858.0,0.007564027328044176,-0.021736865863204002,0.9996356964111328,1.0,1.0
23.930213928222656,179.99807739257812,9.988523483276367,0.0,0.0,0.0,0.0,0.03074217024839185,-0.0,0.0,4.211785670689174,3.1403570992606027,0.5608029961585999,0.0,0.0,0.010547120124101639,0.3415796422802646,0.2230549454689026,0.0,0.0,0.0,0.0,0.2230549454689026,0.0,859.0,0.010547120124101639,0.2230549454689026,0.9999040365219116,0.9999985694885254,1.0
23.999977111816406,179.32684326171875,9.998770713806152,0.0,0.0,0.0,0.0,0.0,-0.0,0.0,4.059928567068917,2.9884999956403457,0.06269999593496323,0.4536040127277374,0.0,0.0,0.0,0.0,0.0,0.0,0.023423281658791647,0.0,0.0,0.023423281658791647,860.0,-4.599999904632568,-0.02342328242957592,0.9992413520812988,0.9991709589958191,1.0
23.929174423217773,179.99807739257812,9.511722564697266,0.0,0.0,0.0,0.0,0.0,-0.0,0.0,3.9567856924874443,2.8853571210588727,0.0,0.44597598910331726,0.0,0.0,0.0,0.0,0.0,0.0,0.012130300514400005,0.0,0.0,0.012130300514400005,861.0,-4.599999904632568,-0.012130300514400005,0.9859012961387634,0.9478417634963989,1.0
23.917776107788086,179.99807739257812,9.04399585723877,0.0,0.0,0.0,0.0,0.0,-0.0,0.0,3.9198571068899972,2.848428671700614,0.0,0.4291419982910156,0.0,0.0,0.0,0.0,0.0,0.0,0.1500242054462433,0.0,0.0,0.1500242054462433,862.0,-4.599999904632568,-0.1500242054462433,0.9465106725692749,0.7299762964248657,1.0
23.908384323120117,179.99807739257812,8.452756881713867,0.0,0.0,0.0,0.0,0.0,-0.0,0.0,3.8973570687430246,2.825928497314453,0.0,0.42292600870132446,0.0,0.0,0.0,0.0,0.0,0.0,0.012384835630655289,0.0,0.0,0.012384835630655289,863.0,-4.599999904632568,-0.012384835630655289,0.5833838582038879,0.8378140926361084,0.9999997615814209
23.71568489074707,179.998046875,8.008321762084961,0.0,0.0,0.0,0.0,0.0,-0.0,0.0,3.8877143314906526,2.8162857600620814,0.0,0.3358609974384308,0.0,0.0,0.0,0.0,0.0,0.0,0.0,0.0,0.0,0.0,864.0,-4.599999904632568,0.0,0.20226025581359863,0.899566650390625,0.999945878982544
23.33919334411621,179.32681274414062,7.665376663208008,0.0,0.0,0.0,0.0,0.0,-0.0,0.0,3.8826428277151925,2.8112143925258093,0.0,0.24664999544620514,0.0,0.0,0.0,0.0,0.0,0.0,0.02487298659980297,0.0,0.0,0.02487298659980297,865.0,-4.599999904632568,-0.02487298659980297,0.0017925798892974854,0.25719189643859863,0.9999905824661255
23.32826042175293,179.99656677246094,7.388091087341309,0.0,0.0,0.0,0.0,0.0,-0.0,0.0,3.878071457999093,2.8066427503313336,0.0,0.2131669968366623,0.0,0.0,0.0,0.0,0.0,0.0,0.012457747012376785,0.0,0.0,0.012457747012376785,866.0,-4.599999904632568,-0.012457747012376785,0.0007432997226715088,0.22619688510894775,0.9999862313270569
23.316329956054688,179.99588012695312,7.157647132873535,0.0,0.0,0.0,0.0,0.0,-0.0,0.0,3.87292856488909,2.801499993460519,0.0,0.19505299627780914,0.0,0.0,0.0,0.0,0.0,0.0,0.0,0.0,0.0,0.0,867.0,-4.599999904632568,0.0,0.0002090930938720703,0.38500267267227173,0.9999678134918213
23.304397583007812,179.32464599609375,6.958405017852783,0.0,0.0,0.0,0.0,0.0,-0.0,0.0,3.8562143325805662,2.784785624912807,0.0,0.18143300712108612,0.0,0.0,0.0,0.0,0.0,0.0,0.02499132975935936,0.0,0.0,0.02499132975935936,868.0,-4.599999904632568,-0.02499132975935936,0.00011071562767028809,0.4334399700164795,0.9999377131462097
23.29147720336914,179.9881134033203,6.747565746307373,0.0,0.0,0.0,0.0,0.0,-0.0,0.0,3.825714329310826,2.7542857578822546,0.0,0.17640900611877441,0.0,0.0,0.0,0.0,0.0,0.0,0.0,0.0,0.0,0.0,869.0,-4.599999904632568,0.0,0.00014001131057739258,0.5010638236999512,0.9998948574066162
23.27855682373047,179.31687927246094,6.567359447479248,0.0,0.0,0.0,0.0,0.0,-0.0,0.0,3.8067856652396066,2.7353572300502234,0.0,0.1840440034866333,0.0,0.0,0.0,0.0,0.0,0.0,0.02311711013317108,0.0,0.0,0.02311711013317108,870.0,-4.599999904632568,-0.02311711013317108,0.0011303126811981201,0.8070212602615356,0.9991266131401062
23.083850860595703,179.85833740234375,6.355780124664307,0.0,0.0,0.0,0.0,0.004227840342350013,-0.0,0.0,3.862214306422642,2.7907855987548826,0.209524005651474,0.0,0.0,0.0,0.0469760000705719,0.0,0.0,0.0,0.0,0.0,0.0,0.0,871.0,-4.599999904632568,0.0,0.012821674346923828,0.586043655872345,0.9951167106628418
23.07093048095703,179.18710327148438,6.355589389801025,0.0,0.0,0.0,0.0,0.0,-0.0,0.0,4.000999941144671,2.929571369716099,0.30623799562454224,0.0,0.0,0.0,0.0,1.5272619724273682,0.0,0.0,0.9221367835998535,0.0,2.4493987560272217,0.0,872.0,-4.599999904632568,2.4493987560272217,0.6260383129119873,0.9601781368255615,0.17192545533180237
23.80087661743164,178.515869140625,5.41447114944458,0.0,0.0,0.0,0.0,0.33434274469556213,-0.0,0.0,4.124857166835239,3.0534285954066687,0.34728100895881653,0.0,0.0,0.0,3.714919090270996,0.0,0.0,0.0,0.0,0.0,0.0,0.0,873.0,-4.599999904632568,0.0,0.13006919622421265,0.6508262157440186,0.6954268217086792
23.7889461517334,177.84463500976562,5.414309024810791,0.0,0.0,0.0,0.0,0.5135406096299453,-0.0,0.0,4.226857130868094,3.155428423200335,0.35456401109695435,0.0,0.0,0.0,5.70600632019341,0.016579357907176018,0.0,0.0,0.0,0.0,0.0,0.016579357907176018,874.0,-4.599999904632568,-0.016579357907176018,0.1988602876663208,0.9255623817443848,0.9886163473129272
23.776025772094727,178.17669677734375,5.414146900177002,0.0,0.0,0.0,0.0,0.4025264843020441,-0.0,0.0,4.290571430751255,3.2191428593226843,0.35659199953079224,0.0,0.0,2.5259151458740234,4.472516136801279,0.21337711811065674,0.0,0.0,0.0,0.0,0.21337711811065674,0.0,875.0,2.5259151458740234,0.21337711811065674,0.7940031886100769,0.9800890684127808,0.9995964169502258
23.90043067932129,169.98025512695312,7.939824104309082,0.0,0.0,0.0,0.0,0.5285857664235285,-0.0,0.0,4.331428473336356,3.2599999019077845,0.4477500021457672,0.0,0.0,1.945417881011963,5.873174715725651,0.29715490341186523,0.0,0.0,0.0,0.0,0.0,0.29715490341186523,876.0,1.945417881011963,-0.29715490341186523,0.9885212182998657,0.9987120628356934,0.9999507665634155
23.888500213623047,179.99020385742188,9.8849458694458,0.0,0.0,0.0,0.0,0.7547905371781272,-0.0,0.0,4.358428628104074,3.287000056675502,0.3568120002746582,0.0,0.0,0.0814632996916771,8.386560857697425,0.18710120022296906,0.0,0.0,0.0,0.0,0.18710120022296906,0.0,877.0,0.0814632996916771,0.18710120022296906,0.9966379404067993,0.999979555606842,0.999994695186615
23.999881744384766,179.3189697265625,9.966110229492188,0.0,0.0,0.0,0.0,0.7599958427992778,-0.0,0.0,4.374428558349609,3.302999986921038,0.37003299593925476,0.0,0.0,0.026267487555742264,8.444397582224871,0.02131633087992668,0.0,0.0,0.0,0.0,0.0,0.02131633087992668,878.0,0.026267487555742264,-0.02131633087992668,0.9992347955703735,0.9999975562095642,0.9999996423721313
23.98795509338379,179.99801635742188,9.992077827453613,0.0,0.0,0.0,0.0,0.6672087199754461,-0.0,0.0,4.383071436200823,3.3116430010114395,0.7782509922981262,0.0,0.0,0.0,7.413429632782936,0.03341875970363617,0.0,0.0,0.0,0.0,0.03341875970363617,0.0,879.0,0.005156953353434801,0.03341875970363617,0.9997204542160034,0.9999979734420776,0.9999998807907104
23.999975204467773,160.7519989013672,9.991778373718262,0.0,0.0,0.0,0.0,0.5731863476920623,-0.0,0.0,4.379142842973981,3.3077144077845984,0.36533498764038086,0.0,0.0,0.0,6.368736690436743,0.31397824868068874,0.0,0.0,0.0,0.0,0.0,0.31397824868068874,880.0,0.005963761825114489,-0.31397825479507446,0.999771237373352,0.9999998807907104,1.0
23.987567901611328,179.99807739257812,9.99147891998291,0.0,0.0,0.0,0.0,0.43788176250262945,-0.0,0.0,4.351071439470564,3.279642868041992,0.3550240099430084,0.0,0.0,0.0,4.865352530032396,0.03882322832942009,0.0,0.0,0.0,0.0,0.03882322832942009,0.0,881.0,0.00113054015673697,0.03882322832942009,0.9992579221725464,1.0,1.0
23.999984741210938,169.99522399902344,9.991179466247559,0.0,0.0,0.0,0.0,0.16970901360612628,-0.0,0.0,4.293642807006836,3.2222142355782646,0.4322409927845001,0.0,0.0,0.0,1.8856555568762938,0.46370347861564953,0.0,0.0,0.0,0.0,0.0,0.46370347861564953,882.0,0.006432969588786364,-0.4637034833431244,0.999758243560791,0.9999998807907104,1.0
23.805278778076172,179.99807739257812,9.990880012512207,0.0,0.0,0.0,0.0,-0.3346975340325642,-0.0,0.0,4.204785701206752,3.133357129778181,0.5608029961585999,0.0,0.0,0.0,0.0,0.36639702320098877,1.1156584024429321,0.0,0.0,0.0,1.482055425643921,0.0,883.0,0.002370316768065095,1.482055425643921,0.9993219971656799,0.9999986290931702,0.9999999403953552
23.999977111816406,179.32684326171875,9.990580558776855,0.0,0.0,0.0,0.0,0.0,-0.0,0.0,4.081714303152902,3.01028573172433,0.05795000120997429,0.45835402607917786,0.0,0.0,0.0,0.0,0.0,0.0,0.35428112745285034,0.0,0.0,0.35428112745285034,884.0,-4.599999904632568,-0.35428112745285034,0.9999028444290161,0.9991564154624939,1.0
23.98804473876953,179.99807739257812,9.161086082458496,0.0,0.0,0.0,0.0,0.0,-0.0,0.0,3.9812143325805662,2.909785624912807,0.0,0.44597598910331726,0.0,0.0,0.0,0.0,0.0,0.0,0.012028463184833527,0.0,0.0,0.012028463184833527,885.0,-4.599999904632568,-0.012028463184833527,0.9751282930374146,0.933512806892395,1.0
23.97512435913086,179.99807739257812,8.693473815917969,0.0,0.0,0.0,0.0,0.0,-0.0,0.0,3.9321428843906947,2.860714176722935,0.0,0.4291419982910156,0.0,0.0,0.0,0.0,0.0,0.0,0.012234793975949287,0.0,0.0,0.012234793975949287,886.0,-4.599999904632568,-0.012234793975949287,0.7364915013313293,0.63546222448349,1.0
23.964189529418945,179.99807739257812,8.242842674255371,0.0,0.0,0.0,0.0,0.0,-0.0,0.0,3.89992858341762,2.8284998757498605,0.0,0.42292600870132446,0.0,0.0,0.0,0.0,0.0,0.0,0.19816061819233918,0.0,0.0,0.19816061819233918,887.0,-4.599999904632568,-0.19816061854362488,0.6232661604881287,0.4286714792251587,1.0
23.954252243041992,179.99807739257812,7.608852863311768,0.0,0.0,0.0,0.0,0.0,-0.0,0.0,3.878857149396624,2.8074285779680523,0.0,0.3358609974384308,0.0,0.0,0.0,0.0,0.0,0.0,0.6396908164024353,0.0,0.0,0.6396908164024353,888.0,-4.599999904632568,-0.6396908164024353,0.8098956346511841,0.4770406186580658,0.9999995231628418
23.942352294921875,179.9980010986328,6.613193511962891,0.0,0.0,0.0,0.0,0.0,-0.0,0.0,3.865714291163853,2.7942855834960936,0.0,0.24664999544620514,0.0,0.0,0.0,0.0,0.0,0.0,0.012508283369243145,0.0,0.0,0.012508283369243145,889.0,-4.599999904632568,-0.012508283369243145,0.0001652538776397705,0.1749287247657776,0.9999936819076538
23.93141746520996,179.9970703125,6.348556041717529,0.0,0.0,0.0,0.0,0.0,-0.0,0.0,3.854285730634417,2.7828570229666574,0.0,0.2131669968366623,0.0,0.0,0.0,0.0,0.0,0.0,0.19338062405586243,0.0,0.0,0.19338062405586243,890.0,-4.599999904632568,-0.19338062405586243,0.00036326050758361816,0.21266308426856995,0.999991238117218
23.92148208618164,179.99667358398438,5.933533668518066,0.0,0.0,0.0,0.0,0.0,-0.0,0.0,3.8403571810041157,2.768928473336356,0.0,0.19505299627780914,0.0,0.0,0.0,0.0,0.0,0.0,0.0,0.0,0.0,0.0,891.0,-4.599999904632568,0.0,7.88569450378418e-5,0.635482907295227,0.9998244643211365
23.729768753051758,175.39305114746094,5.734328269958496,0.0,0.0,0.0,0.0,0.0,-0.0,0.0,3.8310000010899135,2.759571293422154,0.0,0.18143300712108612,0.0,0.0,0.0,0.0,0.0,0.0,0.09830139577388763,0.0,0.0,0.09830139577388763,892.0,-4.599999904632568,-0.09830139577388763,3.1054019927978516e-5,0.638897180557251,0.9995384216308594
23.535062789916992,179.92422485351562,5.448721408843994,0.0,0.0,0.0,0.0,0.0,-0.0,0.0,3.8222857339041574,2.7508571624755858,0.0,0.17640900611877441,0.0,0.0,0.0,0.0,0.0,0.0,0.0,0.0,0.0,0.0,893.0,-4.599999904632568,0.0,4.464387893676758e-5,0.7069330811500549,0.9991706013679504
23.340356826782227,179.25299072265625,5.268554210662842,0.0,0.0,0.0,0.0,0.0,-0.0,0.0,3.8109285627092633,2.739499991280692,0.0,0.1840440034866333,0.0,0.0,0.0,0.0,0.0,0.0,0.9711682200431824,0.0,0.9711682200431824,0.0,894.0,-4.599999904632568,0.9711682200431824,0.0005899965763092041,0.9040077328681946,0.9960061311721802
23.520023345947266,178.58175659179688,4.089643478393555,0.0,0.0,0.0,0.0,0.005168338232703044,-0.0,0.0,3.849142837524414,2.7777142660958427,0.209524005651474,0.0,0.0,0.0,0.05742597579956055,0.0,0.0,0.0,0.0,0.0,0.0,0.0,895.0,-4.0895209312438965,0.0,0.0014840364456176758,0.829413652420044,0.9884874820709229
23.328310012817383,177.9105224609375,4.0895209312438965,0.0,0.0,0.0,0.0,0.14001859585591853,-0.0,0.0,3.9899285997663227,2.918500028337751,0.30623799562454224,0.0,0.0,0.0,1.5557620525360107,0.0,0.0,0.0,0.0,0.0,0.0,0.0,896.0,-4.089398384094238,0.0,0.38901078701019287,0.14607012271881104,0.2266598343849182
23.316381454467773,177.23928833007812,4.089398384094238,0.0,0.0,0.0,0.0,0.3361382370104962,-0.0,0.0,4.132071440560477,3.0606430053710936,0.34728100895881653,0.0,0.0,0.0,3.7348690032958984,0.0,0.0,0.0,0.0,0.0,0.0,0.0,897.0,-4.08927583694458,0.0,0.08006387948989868,0.8304970264434814,0.8406895399093628
23.3044490814209,138.9656524658203,4.08927583694458,0.0,0.0,0.0,0.0,0.45799490217327077,-0.0,0.0,4.256714357648577,3.1852857862200055,0.35456401109695435,0.0,0.0,0.0,5.088831841945648,0.6024037003517151,0.0,0.0,0.0,0.0,0.0,0.6024037003517151,898.0,-4.089153289794922,-0.6024037003517151,0.20877748727798462,0.7379931807518005,0.9693475961685181
23.292518615722656,175.09368896484375,4.089153289794922,0.0,0.0,0.0,0.0,0.35705989224507123,-0.0,0.0,4.352500043596541,3.2810714721679686,0.35659199953079224,0.0,0.0,2.335374355316162,3.9673318207611357,0.8018405437469482,0.0,0.0,0.0,0.0,0.8018405437469482,0.0,899.0,2.335374355316162,0.8018405437469482,0.6424497365951538,0.9606227874755859,0.9994566440582275
23.803098678588867,174.42245483398438,6.42433500289917,0.0,0.0,0.0,0.0,0.3935707479480033,-0.0,0.0,4.4289999825613835,3.3575714111328123,0.4011799991130829,0.0,0.0,3.312514305114746,4.373007962997915,0.2807452082633972,0.0,0.0,0.0,0.0,0.2807452082633972,0.0,900.0,3.312514305114746,0.2807452082633972,0.9736819267272949,0.9955390691757202,0.999964714050293
23.977680206298828,154.60775756835938,9.736557006835938,0.0,0.0,0.0,0.0,0.7037249416760191,-0.0,0.0,4.46778564453125,3.3963570731026786,0.3568120002746582,0.0,0.0,0.2528395354747772,7.819165397210988,0.40007278323173523,0.0,0.0,0.0,0.0,0.0,0.40007278323173523,901.0,0.2528395354747772,-0.40007278323173523,0.998936653137207,0.9999594688415527,0.9999831914901733
23.782974243164062,179.99539184570312,9.989096641540527,0.0,0.0,0.0,0.0,0.6989284498634663,-0.0,0.0,4.487000002179827,3.4155714307512555,0.37003299593925476,0.0,0.0,0.0,7.765871047973633,0.6116952896118164,0.0,0.0,0.0,0.0,0.6116952896118164,0.0,902.0,0.006042916793376207,0.6116952896118164,0.9995110034942627,0.9999967813491821,0.9999986886978149
23.999969482421875,179.32415771484375,9.988797187805176,0.0,0.0,0.0,0.0,0.696159551465522,-0.0,0.0,4.489428601946149,3.418000030517578,0.3545230031013489,0.0,0.0,0.0,7.735105512663722,0.020520688965916634,0.0,0.0,0.0,0.0,0.0,0.020520688965916634,903.0,0.008953530341386795,-0.020520688965916634,0.9997720718383789,0.9999996423721313,0.9999998807907104
23.80526351928711,179.99806213378906,9.988497734069824,0.0,0.0,0.0,0.0,0.5396204468415214,-0.0,0.0,4.4720714569091795,3.4006428854806083,0.36533498764038086,0.0,0.0,0.0,5.9957822661816,0.580532659965861,0.0,0.0,0.0,0.0,0.580532659965861,0.0,904.0,0.009352166205644608,0.5805326700210571,0.9997820258140564,0.9999997615814209,1.0
23.999984741210938,162.9113006591797,9.988198280334473,0.0,0.0,0.0,0.0,0.4168215214775036,-0.0,0.0,4.430285808018276,3.3588572365897043,0.3550240099430084,0.0,0.0,0.0,4.631349870572303,0.2756764203212513,0.0,0.0,0.0,0.0,0.0,0.2756764203212513,905.0,0.008395630866289139,-0.275676429271698,0.9996563792228699,1.0,1.0
23.805278778076172,179.99807739257812,9.987898826599121,0.0,0.0,0.0,0.0,0.19396812311554842,-0.0,0.0,4.369714273725237,3.2982855660574777,0.4322409927845001,0.0,0.0,0.0,2.1552011966705322,0.5941078662872314,0.0,0.0,0.0,0.0,0.5941078662872314,0.0,906.0,0.009070832282304764,0.5941078662872314,0.9996939897537231,0.9999999403953552,1.0
23.999984741210938,171.3355255126953,9.98759937286377,0.0,0.0,0.0,0.0,0.037313925743040384,-0.0,0.0,4.2882142203194755,3.216785648890904,0.5608029961585999,0.0,0.0,0.0,0.41459914197329084,0.15129778633710347,0.0,0.0,0.0,0.0,0.0,0.15129778633710347,907.0,0.008444268256425858,-0.15129779279232025,0.9996013641357422,0.9999991655349731,1.0
23.259923934936523,179.99807739257812,9.987299919128418,0.0,0.0,0.0,0.0,0.0,-0.0,0.0,4.155642863682338,3.0842142922537668,0.08264999836683273,0.4336540102958679,0.0,0.0,0.0,0.0,0.0,0.0,1.4972325563430786,0.0,1.4972325563430786,0.0,908.0,-4.599999904632568,1.4972325563430786,0.9997971057891846,0.9997055530548096,1.0
23.998512268066406,167.92755126953125,8.016767501831055,0.0,0.0,0.0,0.0,0.0,-0.0,0.0,4.058928571428572,2.9875,0.0,0.44597598910331726,0.0,0.0,0.0,0.0,0.0,0.0,0.41203877329826355,0.0,0.0,0.41203877329826355,909.0,-4.599999904632568,-0.41203877329826355,0.9861186742782593,0.8832030892372131,1.0
23.985591888427734,179.99807739257812,7.141027927398682,0.0,0.0,0.0,0.0,0.0,-0.0,0.0,4.035500063214983,2.9640714917864117,0.0,0.4291419982910156,0.0,0.0,0.0,0.0,0.0,0.0,0.206393301486969,0.0,0.0,0.206393301486969,910.0,-4.599999904632568,-0.206393301486969,0.6465761661529541,0.47271913290023804,0.9999998807907104
23.974655151367188,179.99806213378906,6.492327690124512,0.0,0.0,0.0,0.0,0.0,-0.0,0.0,4.033857154846191,2.962428719656808,0.0,0.42292600870132446,0.0,0.0,0.0,0.0,0.0,0.0,0.011800479143857956,0.0,0.0,0.011800479143857956,911.0,-4.599999904632568,-0.011800479143857956,0.020313948392868042,0.17767709493637085,0.9999948740005493
23.963720321655273,179.99725341796875,6.048547744750977,0.0,0.0,0.0,0.0,0.0,-0.0,0.0,4.0297142573765345,2.958285685947963,0.0,0.3358609974384308,0.0,0.0,0.0,0.0,0.0,0.0,0.0,0.0,0.0,0.0,912.0,-4.599999904632568,0.0,0.0006282329559326172,0.11688357591629028,0.9999646544456482
23.951791763305664,179.32601928710938,5.705661296844482,0.0,0.0,0.0,0.0,0.0,-0.0,0.0,4.021714292253767,2.950285720825195,0.0,0.24664999544620514,0.0,0.0,0.0,0.0,0.0,0.0,0.023541675880551338,0.0,0.0,0.023541675880551338,913.0,-4.599999904632568,-0.023541675880551338,3.7044286727905273e-5,0.1580255925655365,0.9999294281005859
23.940853118896484,179.98678588867188,5.429792881011963,0.0,0.0,0.0,0.0,0.0,-0.0,0.0,4.005928530011858,2.9344999585832867,0.0,0.2131669968366623,0.0,0.0,0.0,0.0,0.0,0.0,0.0,0.0,0.0,0.0,914.0,-4.599999904632568,0.0,1.665949821472168e-5,0.1628684103488922,0.999881386756897
23.928922653198242,179.3155517578125,5.212119102478027,0.0,0.0,0.0,0.0,0.0,-0.0,0.0,3.9922856739589143,2.920857238769531,0.0,0.19505299627780914,0.0,0.0,0.0,0.0,0.0,0.0,0.02373119443655014,0.0,0.0,0.02373119443655014,915.0,-4.599999904632568,-0.02373119443655014,5.364418029785156e-6,0.32578980922698975,0.9998473525047302
23.91600227355957,179.97364807128906,4.988720417022705,0.0,0.0,0.0,0.0,0.0,-0.0,0.0,3.9834286281040736,2.9120000566755024,0.0,0.18143300712108612,0.0,0.0,0.0,0.0,0.0,0.0,0.012056748382747173,0.0,0.0,0.012056748382747173,916.0,-4.599999904632568,-0.012056748382747173,3.7550926208496094e-6,0.42238253355026245,0.999860405921936
23.904069900512695,179.97573852539062,4.791138172149658,0.0,0.0,0.0,0.0,0.0,-0.0,0.0,3.9762142181396483,2.904785646711077,0.0,0.17640900611877441,0.0,0.0,0.0,0.0,0.0,0.0,0.0,0.0,0.0,0.0,917.0,-4.599999904632568,0.0,7.092952728271484e-6,0.5187757015228271,0.99979567527771
23.891149520874023,179.30450439453125,4.610990524291992,0.0,0.0,0.0,0.0,0.0,-0.0,0.0,3.9607142857142854,2.8892857142857142,0.0,0.1840440034866333,0.0,0.0,0.0,0.0,0.0,0.0,0.02303522638976574,0.0,0.0,0.02303522638976574,918.0,-4.599999904632568,-0.02303522638976574,4.073977470397949e-5,0.5913566946983337,0.9994474649429321
23.87822914123535,179.90966796875,4.399553298950195,0.0,0.0,0.0,0.0,0.006450839257306963,-0.0,0.0,3.977357128688267,2.905928693498884,0.209524005651474,0.0,0.0,0.0,0.07167598605155945,0.0,0.0,0.0,0.0,0.0,0.0,0.0,919.0,-4.399421215057373,0.0,0.003143996000289917,0.7197985053062439,0.9958755970001221
23.86530876159668,171.71385192871094,4.399421215057373,0.0,0.0,0.0,0.0,0.1265950828071495,-0.0,0.0,4.116499982561384,3.0450714111328123,0.30623799562454224,0.0,0.0,0.0,1.4066119194030762,0.0,0.0,0.0,0.0,0.0,0.0,0.0,920.0,-4.399289131164551,0.0,0.28232067823410034,0.9608281254768372,0.2032134234905243
23.125247955322266,171.04261779785156,4.399289131164551,0.0,0.0,0.0,0.0,0.3203207342084817,-0.0,0.0,4.234928621564593,3.163500050136021,0.34728100895881653,0.0,0.0,0.0,3.5591189861297607,0.0,0.0,0.0,0.0,0.0,0.0,0.0,921.0,-4.3991570472717285,0.0,0.08028578758239746,0.5616879463195801,0.7208234667778015
23.112327575683594,159.93328857421875,4.3991570472717285,0.0,0.0,0.0,0.0,0.4748513587197725,-0.0,0.0,4.363142776489258,3.2917142050606865,0.35456401109695435,0.0,0.0,0.0,5.27612578868866,0.2925602197647095,0.0,0.0,0.0,0.0,0.0,0.2925602197647095,922.0,-4.399024963378906,-0.2925602197647095,0.12044492363929749,0.8045476675033569,0.9799758195877075
23.100400924682617,176.79420471191406,4.399024963378906,0.0,0.0,0.0,0.0,0.13560804917570912,-0.0,0.0,4.453500011989048,3.382071576799665,0.35659199953079224,0.0,0.0,3.8015084266662598,1.5067559822061143,1.6504616737365723,0.0,0.0,0.0,0.0,1.6504616737365723,0.0,923.0,3.8015084266662598,1.6504616737365723,0.8200502991676331,0.9837673902511597,0.9986089468002319
23.918821334838867,176.1229705810547,8.200287818908691,0.0,0.0,0.0,0.0,0.5889817575590466,-0.0,0.0,4.511428506033761,3.4399999346051895,0.3451870083808899,0.0,0.0,1.1949677467346191,6.544241230566498,0.0688166692852974,0.0,0.0,0.0,0.0,0.0,0.0688166692852974,924.0,1.1949677467346191,-0.0688166692852974,0.9395225048065186,0.9994781017303467,0.9999603629112244
23.906898498535156,179.99172973632812,9.394973754882812,0.0,0.0,0.0,0.0,0.6157809303166046,-0.0,0.0,4.54571418762207,3.474285616193499,0.3568120002746582,0.0,0.0,0.48830553889274597,6.842009793097067,0.4197066128253937,0.0,0.0,0.0,0.0,0.4197066128253937,0.0,925.0,0.48830553889274597,0.4197066128253937,0.9883248805999756,0.9999804496765137,0.9999902844429016
23.999887466430664,179.32049560546875,9.882983207702637,0.0,0.0,0.0,0.0,0.6054247872918912,-0.0,0.0,4.552214295523507,3.4807855878557477,0.37003299593925476,0.0,0.0,0.066312275826931,6.72694154641172,0.32420971989631653,0.0,0.0,0.0,0.0,0.0,0.32420971989631653,926.0,0.066312275826931,-0.32420971989631653,0.9949265718460083,0.999994158744812,0.9999985694885254
23.715801239013672,179.9978485107422,9.948997497558594,0.0,0.0,0.0,0.0,0.557775148129121,-0.0,0.0,4.544857243129185,3.473428671700614,0.3545230031013489,0.0,0.0,0.037472207099199295,6.197501153345973,0.7009889483451843,0.0,0.0,0.0,0.0,0.7009889483451843,0.0,927.0,0.037472207099199295,0.7009889483451843,0.9986439347267151,0.9999996423721313,0.9999998807907104
23.999982833862305,179.3266143798828,9.986170768737793,0.0,0.0,0.0,0.0,0.5045350437718029,-0.0,0.0,4.50835712977818,3.436928558349609,0.36533498764038086,0.0,0.0,0.0,5.6059444852773614,0.020370631604963184,0.0,0.0,0.0,0.0,0.0,0.020370631604963184,928.0,-4.599999904632568,-0.02037063241004944,0.997294545173645,1.0,1.0
23.898340225219727,179.99807739257812,9.985871315002441,0.0,0.0,0.0,0.0,0.3005797373219108,-0.0,0.0,4.446214348929269,3.3747857775006973,0.3550240099430084,0.0,0.0,0.0,3.3397745937108994,0.16695119440555573,0.0,0.0,0.0,0.0,0.16695119440555573,0.0,929.0,-4.599999904632568,0.16695119440555573,0.995752215385437,0.9999999403953552,1.0
23.999984741210938,170.03695678710938,9.98557186126709,0.0,0.0,0.0,0.0,0.12840998627026706,-0.0,0.0,4.365928595406668,3.294500023978097,0.4322409927845001,0.0,0.0,0.0,1.4267775118350983,0.1682816445827484,0.0,0.0,0.0,0.0,0.0,0.1682816445827484,930.0,0.008773285895586014,-0.1682816445827484,0.9994315505027771,0.9999997615814209,1.0
23.991138458251953,179.99807739257812,9.985272407531738,0.0,0.0,0.0,0.0,0.011924325249129546,-0.0,0.0,4.272499983651297,3.201071275983538,0.5608029961585999,0.0,0.0,0.013248879462480545,0.13249249223854861,0.0275352131575346,0.0,0.0,0.0,0.0,0.0275352131575346,0.0,931.0,0.013248879462480545,0.0275352131575346,0.9998490810394287,0.9999916553497314,1.0
23.999942779541016,179.32684326171875,9.998221397399902,0.0,0.0,0.0,0.0,0.0,-0.0,0.0,4.179928588867187,3.108500017438616,0.04085000231862068,0.4754540026187897,0.0,0.0,0.0,0.0,0.0,0.0,0.17741015142837746,0.0,0.0,0.17741015142837746,932.0,-4.599999904632568,-0.17741015553474426,0.9996566772460938,0.9983087778091431,1.0
23.991117477416992,179.99807739257812,9.331753730773926,0.0,0.0,0.0,0.0,0.0,-0.0,0.0,4.117428588867187,3.046000017438616,0.0,0.44597598910331726,0.0,0.0,0.0,0.0,0.0,0.0,0.011490561068058014,0.0,0.0,0.011490561068058014,933.0,-4.599999904632568,-0.011490561068058014,0.9802036285400391,0.9256845116615295,1.0
23.983301162719727,179.99807739257812,8.86468505859375,0.0,0.0,0.0,0.0,0.0,-0.0,0.0,4.068928527832031,2.99749995640346,0.0,0.4291419982910156,0.0,0.0,0.0,0.0,0.0,0.0,0.1569385348565252,0.0,0.0,0.1569385348565252,934.0,-4.599999904632568,-0.15693853795528412,0.9328714609146118,0.6404356956481934,1.0
23.97342872619629,179.99807739257812,8.266395568847656,0.0,0.0,0.0,0.0,0.0,-0.0,0.0,4.026428576878139,2.9549998692103796,0.0,0.42292600870132446,0.0,0.0,0.0,0.0,0.0,0.0,0.011844416681078974,0.0,0.0,0.011844416681078974,935.0,-4.599999904632568,-0.011844417080283165,0.23083406686782837,0.31156355142593384,1.0
23.963048934936523,179.99807739257812,7.8225178718566895,0.0,0.0,0.0,0.0,0.0,-0.0,0.0,3.998857171194894,2.9274285997663227,0.0,0.3358609974384308,0.0,0.0,0.0,0.0,0.0,0.0,0.15119428932666779,0.0,0.0,0.15119428932666779,936.0,-4.599999904632568,-0.15119428932666779,0.036308735609054565,0.21606352925300598,0.9999998807907104
23.953163146972656,179.99806213378906,7.325303077697754,0.0,0.0,0.0,0.0,0.0,-0.0,0.0,3.9925713675362724,2.921142796107701,0.0,0.24664999544620514,0.0,0.0,0.0,0.0,0.0,0.0,0.011963993310928345,0.0,0.0,0.011963993310928345,937.0,-4.599999904632568,-0.011963993310928345,0.0013972222805023193,0.5948909521102905,0.9999936819076538
23.759462356567383,179.9970703125,7.06119966506958,0.0,0.0,0.0,0.0,0.0,-0.0,0.0,3.999214254106794,2.927785818917411,0.0,0.2131669968366623,0.0,0.0,0.0,0.0,0.0,0.0,0.011964838020503521,0.0,0.0,0.011964838020503521,938.0,-4.599999904632568,-0.011964838020503521,0.00021603703498840332,0.15925127267837524,0.9999973177909851
23.74854850769043,179.99765014648438,6.831268310546875,0.0,0.0,0.0,0.0,0.0,-0.0,0.0,3.9959285736083983,2.924500002179827,0.0,0.19505299627780914,0.0,0.0,0.0,0.0,0.0,0.0,0.0,0.0,0.0,0.0,939.0,-4.599999904632568,0.0,0.00018662214279174805,0.633700966835022,0.9999507069587708
23.55484390258789,179.326416015625,6.632035732269287,0.0,0.0,0.0,0.0,0.0,-0.0,0.0,3.9678571701049803,2.896428462437221,0.0,0.18143300712108612,0.0,0.0,0.0,0.0,0.0,0.0,0.021109381690621376,0.0,0.0,0.021109381690621376,940.0,-4.599999904632568,-0.021109381690621376,0.00043976306915283203,0.8613930940628052,0.9989354610443115
23.179353713989258,179.8277587890625,6.425167083740234,0.0,0.0,0.0,0.0,0.0,-0.0,0.0,3.9362857818603514,2.86485721043178,0.0,0.17640900611877441,0.0,0.0,0.0,0.0,0.0,0.0,1.0332716703414917,0.0,1.0332716703414917,0.0,941.0,-4.599999904632568,1.0332716703414917,0.0010373592376708984,0.8825931549072266,0.9978659152984619
23.41295051574707,179.15652465820312,5.190643310546875,0.0,0.0,0.0,0.0,0.0,-0.0,0.0,3.9100714547293527,2.838642883300781,0.0,0.1840440034866333,0.0,0.0,0.0,0.0,0.0,0.0,0.8904640078544617,0.0,0.8904640078544617,0.0,942.0,-4.599999904632568,0.8904640078544617,0.02868819236755371,0.9481053352355957,0.999485969543457
23.740510940551758,149.267578125,4.094083786010742,0.0,0.0,0.0,0.0,0.0,-0.0,0.0,3.950285720825195,2.878857149396624,0.209524005651474,0.0,0.0,0.0,0.0,0.09162598848342896,0.0,0.0,0.5674484372138977,0.0,0.0,0.6590744256973267,943.0,-4.093961238861084,-0.6590744256973267,0.003971487283706665,0.9112147688865662,0.9913183450698853
23.54681968688965,178.6090087890625,3.514949321746826,0.0,0.0,0.0,0.0,0.14472108798989292,-0.0,0.0,4.05228568485805,2.980857249668666,0.30623799562454224,0.0,0.0,0.0,1.6080119609832764,0.0,0.0,0.0,0.0,0.0,0.0,0.0,944.0,-3.5148439407348633,0.0,0.31100156903266907,0.14090967178344727,0.23811975121498108
23.533899307250977,177.93777465820312,3.5148439407348633,0.0,0.0,0.0,0.0,0.34408972136892485,-0.0,0.0,4.129928534371512,3.058499962942941,0.34728100895881653,0.0,0.0,0.0,3.823218822479248,0.0,0.0,0.0,0.0,0.0,0.0,0.0,945.0,-3.5147385597229004,0.0,0.048164814710617065,0.684711217880249,0.6800252795219421
23.432085037231445,177.26654052734375,3.5147385597229004,0.0,0.0,0.0,0.0,0.5011062348271373,-0.0,0.0,4.1827857971191404,3.1113572256905693,0.35456401109695435,0.0,0.0,0.0,5.5678466111421585,0.15663926303386688,0.0,0.0,0.0,0.0,0.15663926303386688,0.0,946.0,-3.5146331787109375,0.15663926303386688,0.11442464590072632,0.903995156288147,0.9907113313674927
23.519960403442383,163.6580810546875,3.5146331787109375,0.0,0.0,0.0,0.0,0.36465427764003,-0.0,0.0,4.2109999792916435,3.13957154410226,0.35659199953079224,0.0,0.0,2.442628860473633,4.051713873999039,0.2802653908729553,0.0,0.0,0.0,0.0,0.0,0.2802653908729553,947.0,2.442628860473633,-0.2802653908729553,0.5957232117652893,0.9537578821182251,0.9991483688354492
23.510072708129883,179.86181640625,5.957083225250244,0.0,0.0,0.0,0.0,0.2746067979266038,-0.0,0.0,4.217499950953892,3.146071515764509,0.44169700145721436,0.0,0.0,3.1913223266601562,3.051186401142418,0.7689652442932129,0.0,0.0,0.0,0.0,0.7689652442932129,0.0,948.0,3.1913223266601562,0.7689652442932129,0.9148375391960144,0.9969292879104614,0.9999346733093262
23.984630584716797,171.66598510742188,9.148131370544434,0.0,0.0,0.0,0.0,0.5981513115416239,-0.0,0.0,4.2158571788242885,3.144428471156529,0.3568120002746582,0.0,0.0,0.4676928222179413,6.646125155609239,0.14927512407302856,0.0,0.0,0.0,0.0,0.0,0.14927512407302856,949.0,0.4676928222179413,-0.14927512407302856,0.961579442024231,0.9999788999557495,0.9999908208847046
23.97372817993164,179.99661254882812,9.615535736083984,0.0,0.0,0.0,0.0,0.5392928868663234,-0.0,0.0,4.208928598676409,3.1374998910086496,0.37003299593925476,0.0,0.0,0.23613496124744415,5.9921427111908665,0.34517034888267517,0.0,0.0,0.0,0.0,0.34517034888267517,0.0,950.0,0.23613496124744415,0.34517034888267517,0.9851641058921814,0.9999988079071045,0.9999986290931702
23.99997901916504,179.32537841796875,9.851375579833984,0.0,0.0,0.0,0.0,0.576854621826476,-0.0,0.0,4.205428613935198,3.1339999062674386,0.3545230031013489,0.0,0.0,0.09816785901784897,6.4094952886910255,0.02236019627720452,0.0,0.0,0.0,0.0,0.0,0.02236019627720452,951.0,0.09816785901784897,-0.022360196337103844,0.9949513077735901,0.9999998211860657,1.0
23.990095138549805,179.99807739257812,9.94924545288086,0.0,0.0,0.0,0.0,0.5674467408958281,-0.0,0.0,4.200500025068011,3.129071317400251,0.36533498764038086,0.0,0.0,0.044852692633867264,6.304963286657951,0.028933558443494416,0.0,0.0,0.0,0.0,0.028933558443494416,0.0,952.0,0.044852692633867264,0.028933558613061905,0.9994068145751953,0.9999999403953552,1.0
23.999984741210938,179.32684326171875,9.99379825592041,0.0,0.0,0.0,0.0,0.3533679049554391,-0.0,0.0,4.191928536551339,3.1204999651227676,0.3550240099430084,0.0,0.0,0.0,3.926309743025365,1.0130160664533947,0.0,0.0,0.0,0.0,0.0,1.0130160664533947,953.0,0.0011276791337877512,-1.0130161046981812,0.9994895458221436,0.999997615814209,1.0
23.992176055908203,179.9980926513672,9.993498802185059,0.0,0.0,0.0,0.0,0.25760716943300993,-0.0,0.0,4.168142809186663,3.0967142377580914,0.4322409927845001,0.0,0.0,0.0,2.862301655113697,0.023807458579540253,0.0,0.0,0.0,0.0,0.023807458579540253,0.0,954.0,0.0033421108964830637,0.023807458579540253,0.9996810555458069,0.999994158744812,1.0
23.999956130981445,111.4100112915039,9.993199348449707,0.0,0.0,0.0,0.0,-0.15926001108725885,-0.0,0.0,4.116285678318569,3.044857243129185,0.5608029961585999,0.0,0.0,0.0,0.0,0.6551969647407532,0.5308666825294495,0.0,0.0,0.0,0.0,1.1860636472702026,955.0,0.00673146964982152,-1.1860636472702026,0.9999901056289673,0.9999896883964539,1.0
23.990093231201172,179.99807739257812,9.992899894714355,0.0,0.0,0.0,0.0,0.0,-0.0,0.0,4.019428607395717,2.9479998997279577,0.09404999762773514,0.4222540259361267,0.0,0.0,0.0,0.0,0.0,0.0,0.018926898017525673,0.0,0.018926898017525673,0.0,956.0,-4.599999904632568,0.018926898017525673,0.9991921782493591,0.9987426400184631,1.0
23.993698120117188,179.32684326171875,9.542428970336914,0.0,0.0,0.0,0.0,0.0,-0.0,0.0,3.929071371895926,2.857642800467355,0.0,0.44597598910331726,0.0,0.0,0.0,0.0,0.0,0.0,0.024495880704101,0.0,0.0,0.024495880704101,957.0,-4.599999904632568,-0.02449588105082512,0.9866503477096558,0.9525731801986694,1.0
23.98366355895996,179.99807739257812,9.062084197998047,0.0,0.0,0.0,0.0,0.0,-0.0,0.0,3.903428568158831,2.8319998604910714,0.0,0.4291419982910156,0.0,0.0,0.0,0.0,0.0,0.0,0.012358845857214319,0.0,0.0,0.012358845857214319,958.0,-4.599999904632568,-0.01235884614288807,0.8299891948699951,0.7055835127830505,1.0
23.974294662475586,179.99807739257812,8.61131477355957,0.0,0.0,0.0,0.0,0.0,-0.0,0.0,3.891571399143764,2.8201429639543805,0.0,0.42292600870132446,0.0,0.0,0.0,0.0,0.0,0.0,1.3108408451080322,0.0,0.0,1.3108408451080322,959.0,-4.599999904632568,-1.3108408451080322,0.9999325275421143,0.9708155393600464,0.9999999403953552
23.965457916259766,179.99807739257812,6.8419599533081055,0.0,0.0,0.0,0.0,0.0,-0.0,0.0,3.888714327130999,2.8172857557024273,0.0,0.3358609974384308,0.0,0.0,0.0,0.0,0.0,0.0,0.6025093197822571,0.0,0.0,0.6025093197822571,960.0,-4.599999904632568,-0.6025093197822571,0.43843987584114075,0.3954137861728668,0.9999963641166687
23.95405387878418,179.99749755859375,5.884263038635254,0.0,0.0,0.0,0.0,0.0,-0.0,0.0,3.88950001852853,2.8180713108607702,0.0,0.24664999544620514,0.0,0.0,0.0,0.0,0.0,0.0,0.0,0.0,0.0,0.0,961.0,-4.599999904632568,0.0,0.000517427921295166,0.4092171788215637,0.9999121427536011
23.85226058959961,169.00164794921875,5.632410526275635,0.0,0.0,0.0,0.0,0.0,-0.0,0.0,4.074428503853934,3.0029999324253627,0.0,0.21376900374889374,0.0,0.0,0.0,0.0,0.0,0.0,0.20245330035686493,0.0,0.0,0.20245330035686493,962.0,-4.599999904632568,-0.20245330035686493,3.8295984268188477e-5,0.1315903663635254,0.99994957447052
23.84391975402832,179.99000549316406,5.207537651062012,0.0,0.0,0.0,0.0,0.0,-0.0,0.0,4.0676428386143275,2.9962144034249443,0.0,0.1956239938735962,0.0,0.0,0.0,0.0,0.0,0.0,0.0,0.0,0.0,0.0,963.0,-4.599999904632568,0.0,5.3942203521728516e-6,0.3183508813381195,0.9997950792312622
23.833019256591797,179.3187713623047,5.007771015167236,0.0,0.0,0.0,0.0,0.0,-0.0,0.0,4.051142774309431,2.979714202880859,0.0,0.1819709986448288,0.0,0.0,0.0,0.0,0.0,0.0,0.023235205560922623,0.0,0.0,0.023235205560922623,964.0,-4.599999904632568,-0.023235205560922623,4.380941390991211e-6,0.42384961247444153,0.9998576641082764
23.822113037109375,179.97531127929688,4.7982330322265625,0.0,0.0,0.0,0.0,0.0,-0.0,0.0,4.01992860521589,2.9484998975481305,0.0,0.17693200707435608,0.0,0.0,0.0,0.0,0.0,0.0,0.0,0.0,0.0,0.0,965.0,-4.599999904632568,0.0,1.1295080184936523e-5,0.7469905614852905,0.9992619752883911
23.629413604736328,179.3040771484375,4.617551803588867,0.0,0.0,0.0,0.0,0.0,-0.0,0.0,4.010857118879046,2.939428547450474,0.0,0.18440499901771545,0.0,0.0,0.0,0.0,0.0,0.0,0.022211898118257523,0.0,0.0,0.022211898118257523,966.0,-4.599999904632568,-0.022211898118257523,6.446242332458496e-5,0.6028625965118408,0.9992930889129639
23.61849594116211,179.88497924804688,4.406586170196533,0.0,0.0,0.0,0.0,0.029398590278513315,-0.0,0.0,4.078500011989048,3.007071576799665,0.20914900302886963,0.0,0.0,0.0,0.3266509771347046,0.0,0.0,0.0,0.0,0.0,0.0,0.0,967.0,-4.406454086303711,0.0,0.011386513710021973,0.6996657252311707,0.9904237985610962
23.606576919555664,169.44862365722656,4.406454086303711,0.0,0.0,0.0,0.0,0.0,-0.0,0.0,4.176357214791434,3.1049286433628627,0.3046970069408417,0.0,0.0,1.587602956199703,0.0,0.0,0.0,0.0,0.0,0.0,0.0,0.0,968.0,1.7213029861450195,0.0,0.7297417521476746,0.5985520482063293,0.6341552138328552
23.59614372253418,124.63943481445312,5.993877410888672,0.0,0.0,0.0,0.0,0.19648960363782184,-0.0,0.0,4.332642909458706,3.261214338030134,0.5739210247993469,0.0,0.0,0.0,2.1832176446914673,1.0875111818313599,0.0,0.0,0.0,0.0,0.0,1.0875111818313599,969.0,-4.599999904632568,-1.0875111818313599,0.2723467946052551,0.8006017804145813,0.7559380531311035
23.542367935180664,140.94818115234375,5.993697643280029,0.0,0.0,0.0,0.0,0.38954431112959287,-0.0,0.0,4.457928603036063,3.3864998953683036,0.3511449992656708,0.0,0.0,0.0,4.328269779682159,0.5683853030204773,0.0,0.0,0.0,0.0,0.0,0.5683853030204773,970.0,-4.599999904632568,-0.5683853030204773,0.1474035382270813,0.8224822282791138,0.924971342086792
23.460145950317383,167.99349975585938,5.993517875671387,0.0,0.0,0.0,0.0,0.4855104581920647,-0.0,0.0,4.560642869131906,3.4892144339425224,0.41851499676704407,0.0,0.0,0.0,5.394560217857361,0.4065743684768677,0.0,0.0,0.0,0.0,0.0,0.4065743684768677,971.0,-4.599999904632568,-0.4065743684768677,0.20185205340385437,0.9607862830162048,0.9981029033660889
23.41598892211914,179.69454956054688,5.993338108062744,0.0,0.0,0.0,0.0,0.3702263467727221,-0.0,0.0,4.645142909458706,3.573714338030134,0.387798011302948,0.0,0.0,2.1696290969848633,4.113625748330859,0.8200691342353821,0.0,0.0,0.0,0.0,0.8200691342353821,0.0,972.0,2.1696290969848633,0.8200691342353821,0.8162937164306641,0.9960874319076538,0.9999595880508423
23.980422973632812,179.0233154296875,8.16272258758545,0.0,0.0,0.0,0.0,0.5805594794651779,-0.0,0.0,4.713214274815151,3.6417857033865793,0.35224100947380066,0.0,0.0,1.7132725715637207,6.450660370293985,0.02356213890016079,0.0,0.0,0.0,0.0,0.0,0.02356213890016079,973.0,1.7132725715637207,-0.02356213890016079,0.9875965118408203,0.9999315142631531,0.9999977350234985
23.97367286682129,179.99771118164062,9.875699043273926,0.0,0.0,0.0,0.0,0.7234281589808482,-0.0,0.0,4.767000007629394,3.695571436200823,0.36559998989105225,0.0,0.0,0.09529634565114975,8.038090016532745,0.04621884226799011,0.0,0.0,0.0,0.0,0.04621884226799011,0.0,974.0,0.09529634565114975,0.04621884226799011,0.9970965385437012,0.9999971985816956,0.9999998211860657
23.999971389770508,179.32647705078125,9.970696449279785,0.0,0.0,0.0,0.0,0.679417316931201,-0.0,0.0,4.807499967302594,3.7360713958740233,0.3816930055618286,0.0,0.0,0.01777215674519539,7.549080699288524,0.018741497566288033,0.0,0.0,0.0,0.0,0.0,0.018741497566288033,975.0,0.01777215674519539,-0.01874149776995182,0.9988438487052917,0.9999996423721313,1.0
23.993221282958984,179.99807739257812,9.988168716430664,0.0,0.0,0.0,0.0,0.5847757435598042,-0.0,0.0,4.833142907278878,3.7617143358503067,0.36090201139450073,0.0,0.0,0.0,6.497507745400071,0.018640344962477684,0.0,0.0,0.0,0.0,0.018640344962477684,0.0,976.0,0.0017284939531236887,0.018640344962477684,0.9989867210388184,0.9999999403953552,1.0
23.999984741210938,179.32684326171875,9.987869262695312,0.0,0.0,0.0,0.0,0.379460009094873,-0.0,0.0,4.8482857567923405,3.7768571853637694,0.35043901205062866,0.0,0.0,0.0,4.216221988201141,0.7447889447212219,0.0,0.0,0.0,0.0,0.0,0.7447889447212219,977.0,0.005549867171794176,-0.7447889447212219,0.9993388652801514,0.9999982118606567,1.0
23.993234634399414,179.99807739257812,9.987569808959961,0.0,0.0,0.0,0.0,0.26407352510306314,-0.0,0.0,4.847000067574637,3.775571496146066,0.42738398909568787,0.0,0.0,0.0,2.934150045737624,0.018566066399216652,0.0,0.0,0.0,0.0,0.018566066399216652,0.0,978.0,0.009898621588945389,0.018566066399216652,0.9997438192367554,0.9999997019767761,1.0
23.999982833862305,157.66717529296875,9.98727035522461,0.0,0.0,0.0,0.0,0.03448191922484854,-0.0,0.0,4.80999995640346,3.7385713849748883,0.5543270111083984,0.0,0.0,0.01247449591755867,0.38313240538302196,0.44061150552648626,0.0,0.0,0.0,0.0,0.0,0.44061150552648626,979.0,0.01247449591755867,-0.44061151146888733,0.9999715089797974,0.999992847442627,1.0
23.99323272705078,179.99807739257812,9.999444961547852,0.0,0.0,0.0,0.0,0.0,-0.0,0.0,4.6767142977033345,3.605285726274763,0.3106499910354614,0.1943420171737671,0.0,0.0,0.0,0.0,0.0,0.0,0.18944969773292542,0.0,0.0,0.18944969773292542,980.0,-4.599999904632568,-0.18944969773292542,0.9998653531074524,0.9984180927276611,1.0
23.986482620239258,179.99807739257812,9.607532501220703,0.0,0.0,0.0,0.0,0.0,-0.0,0.0,4.553142765590122,3.4817141941615515,0.0,0.4278999865055084,0.0,0.0,0.0,0.0,0.0,0.0,0.010052591278788232,0.0,0.0,0.010052591278788232,981.0,-4.599999904632568,-0.010052591562271118,0.9851405620574951,0.8882341384887695,1.0
23.979732513427734,179.99807739257812,9.160367012023926,0.0,0.0,0.0,0.0,0.0,-0.0,0.0,4.524285670689174,3.4528570992606027,0.0,0.4082370102405548,0.0,0.0,0.0,0.0,0.0,0.0,0.010136605240404606,0.0,0.0,0.010136605240404606,982.0,-4.599999904632568,-0.010136605240404606,0.8133103251457214,0.39579951763153076,1.0
23.97298240661621,179.99807739257812,8.733193397521973,0.0,0.0,0.0,0.0,0.0,-0.0,0.0,4.509571429661342,3.4381427219935827,0.0,0.4089680016040802,0.0,0.0,0.0,0.0,0.0,0.0,0.01017998717725277,0.0,0.0,0.01017998717725277,983.0,-4.599999904632568,-0.01017998717725277,0.283094197511673,0.15249285101890564,1.0
23.966232299804688,179.99807739257812,8.305242538452148,0.0,0.0,0.0,0.0,0.0,-0.0,0.0,4.498357173374721,3.4269286019461496,0.0,0.43571901321411133,0.0,0.0,0.0,0.0,0.0,0.0,0.13114000856876373,0.0,0.0,0.13114000856876373,984.0,-4.599999904632568,-0.13114000856876373,0.18957120180130005,0.17986369132995605,0.9999998807907104
23.959482192993164,179.99806213378906,7.726583480834961,0.0,0.0,0.0,0.0,0.0,-0.0,0.0,4.466714259556362,3.39528568812779,0.0,0.2956709861755371,0.0,0.0,0.0,0.0,0.0,0.0,0.15052354335784912,0.0,0.0,0.15052354335784912,985.0,-4.599999904632568,-0.15052354335784912,0.004939168691635132,0.15865200757980347,0.9999997615814209
23.95273208618164,179.998046875,7.271064758300781,0.0,0.0,0.0,0.0,0.0,-0.0,0.0,4.406642859322684,3.3352142878941127,0.0,0.21376900374889374,0.0,0.0,0.0,0.0,0.0,0.0,0.010492483153939247,0.0,0.0,0.010492483153939247,986.0,-4.599999904632568,-0.010492483153939247,0.00028246641159057617,0.21596083045005798,0.9999991655349731
23.854576110839844,179.99794006347656,7.042015552520752,0.0,0.0,0.0,0.0,0.0,-0.0,0.0,4.339142881120955,3.2677143096923826,0.0,0.1956239938735962,0.0,0.0,0.0,0.0,0.0,0.0,0.01070922240614891,0.0,0.0,0.01070922240614891,987.0,-4.599999904632568,-0.01070922240614891,4.8279762268066406e-5,0.250407338142395,0.9999984502792358
23.847286224365234,179.99783325195312,6.8312668800354,0.0,0.0,0.0,0.0,0.0,-0.0,0.0,4.2625714165823805,3.1911427089146205,0.0,0.1819709986448288,0.0,0.0,0.0,0.0,0.0,0.0,0.01095846202224493,0.0,0.0,0.01095846202224493,988.0,-4.599999904632568,-0.01095846202224493,2.5928020477294922e-5,0.47146880626678467,0.9999948740005493
23.83741569519043,179.99725341796875,6.6342010498046875,0.0,0.0,0.0,0.0,0.0,-0.0,0.0,4.206214305332729,3.1347857339041574,0.0,0.17693200707435608,0.0,0.0,0.0,0.0,0.0,0.0,0.011133643798530102,0.0,0.0,0.011133643798530102,989.0,-4.599999904632568,-0.011133643798530102,4.908442497253418e-5,0.5319383144378662,0.9999830722808838
23.827531814575195,179.995361328125,6.442104339599609,0.0,0.0,0.0,0.0,0.0,-0.0,0.0,4.188999938964844,3.1175713675362724,0.0019000000320374966,0.18250499665737152,0.0,0.0,0.0,0.0,0.0,0.0,0.0,0.0,0.0,0.0,990.0,-4.599999904632568,0.0,0.00038421154022216797,0.845288872718811,0.9996823072433472
23.634843826293945,179.32412719726562,6.255687236785889,0.0,0.0,0.0,0.0,0.025038093232162138,-0.0,0.0,4.267500005449568,3.196071297781808,0.20914900302886963,0.0,0.0,0.0,0.27820101380348206,0.0,0.0,0.0,0.0,0.0,0.0,0.0,991.0,-4.599999904632568,0.0,0.014583289623260498,0.6486138105392456,0.9947491884231567
23.624940872192383,178.65289306640625,6.255499839782715,0.0,0.0,0.0,0.0,0.15982584733679794,-0.0,0.0,4.372642871311733,3.3012141636439734,0.3046970069408417,0.0,0.0,0.03999419882893562,1.7758426070553508,0.0,0.0,0.0,0.0,0.0,0.0,0.0,992.0,0.03999419882893562,0.0,0.6295464038848877,0.5002872943878174,0.25276070833206177
23.461681365966797,177.98165893554688,6.295305252075195,0.0,0.0,0.0,0.0,0.34828534033181824,-0.0,0.0,4.494142886570522,3.4227144513811383,0.34531301259994507,0.0,0.0,0.0,3.8698368072509766,0.0,0.0,0.0,0.0,0.0,0.0,0.0,993.0,-4.599999904632568,0.0,0.16157299280166626,0.69472336769104,0.7052874565124512
23.371042251586914,177.3104248046875,6.295116424560547,0.0,0.0,0.0,0.0,0.4858537434223266,-0.0,0.0,4.605428641183035,3.5340000697544642,0.3511449992656708,0.0,0.0,0.0,5.398374497890472,0.3048306107521057,0.0,0.0,0.0,0.0,0.3048306107521057,0.0,994.0,-4.599999904632568,0.3048306107521057,0.1512404978275299,0.9074544906616211,0.9866393208503723
23.53725814819336,176.63919067382812,6.294927597045898,0.0,0.0,0.0,0.0,0.5965246358732065,-0.0,0.0,4.685142871311733,3.6137142998831613,0.3517889976501465,0.0,0.0,0.0,6.628050982952118,0.4567602276802063,0.0,0.0,0.0,0.0,0.4567602276802063,0.0,995.0,-4.599999904632568,0.4567602276802063,0.5750185251235962,0.9702621698379517,0.9995697736740112
23.851295471191406,167.9875030517578,6.29473876953125,0.0,0.0,0.0,0.0,0.40240968261874105,-0.0,0.0,4.735142857687814,3.6637142181396483,0.34043800830841064,0.0,0.0,3.2549290657043457,4.471218340423275,0.18043750524520874,0.0,0.0,0.0,0.0,0.0,0.18043750524520874,996.0,3.2549290657043457,-0.18043750524520874,0.9549638032913208,0.996578574180603,0.9999763369560242
23.844545364379883,179.99429321289062,9.549381256103516,0.0,0.0,0.0,0.0,0.7015039405995053,-0.0,0.0,4.772428594316755,3.7010000228881834,0.35224100947380066,0.0,0.0,0.31582972407341003,7.794487609433159,0.22634629905223846,0.0,0.0,0.0,0.0,0.22634629905223846,0.0,997.0,0.31582972407341003,0.22634629905223846,0.9865180850028992,0.9999688267707825,0.9999969005584717
23.999828338623047,179.32305908203125,9.864914894104004,0.0,0.0,0.0,0.0,0.7107507466882431,-0.0,0.0,4.787142835344587,3.7157142639160154,0.4049319922924042,0.0,0.0,0.11224695295095444,7.897229891142801,0.17320039868354797,0.0,0.0,0.0,0.0,0.0,0.17320039868354797,998.0,0.11224695295095444,-0.17320039868354797,0.9977132081985474,0.9999938011169434,0.9999997615814209
23.993078231811523,179.998046875,9.976862907409668,0.0,0.0,0.0,0.0,0.6869168735607296,-0.0,0.0,4.786999988555908,3.715571485246931,0.3500570058822632,0.0,0.0,0.012463051825761795,7.63240909966094,0.019016586244106293,0.0,0.0,0.0,0.0,0.019016586244106293,0.0,999.0,0.012463051825761795,0.019016586244106293,0.9989295601844788,0.9999996423721313,1.0
23.999982833862305,178.3879852294922,9.989026069641113,0.0,0.0,0.0,0.0,0.5849597199669934,-0.0,0.0,4.775714274815151,3.7042857033865793,0.39478498697280884,0.0,0.0,0.0,6.499551927539716,0.032112920787921384,0.0,0.0,0.0,0.0,0.0,0.032112920787921384,1000.0,0.003302056575194001,-0.03211292251944542,0.9992297887802124,0.9999999403953552,1.0
23.99323272705078,179.99807739257812,9.988726615905762,0.0,0.0,0.0,0.0,0.44350111238917234,-0.0,0.0,4.744785731179373,3.673357227870396,0.35043901205062866,0.0,0.0,0.0,4.9277897460319195,0.01897138525470116,0.0,0.0,0.0,0.0,0.01897138525470116,0.0,1001.0,-4.599999904632568,0.018971385434269905,0.9987204670906067,1.0,1.0
23.999984741210938,179.32684326171875,9.98842716217041,0.0,0.0,0.0,0.0,0.2372553926015201,-0.0,0.0,4.69099999836513,3.6195713588169642,0.42738398909568787,0.0,0.0,0.0,2.636170819401741,0.13224534690380096,0.0,0.0,0.0,0.0,0.0,0.13224534690380096,1002.0,0.007748086471110582,-0.13224534690380096,0.9996144771575928,0.9999998807907104,1.0
23.993234634399414,179.99807739257812,9.988127708435059,0.0,0.0,0.0,0.0,0.0659304916460415,-0.0,0.0,4.583857073102679,3.512428501674107,0.5543270111083984,0.0,0.0,0.010923821479082108,0.7325609600706345,0.019615232944488525,0.0,0.0,0.0,0.0,0.019615232944488525,0.0,1003.0,0.010923821479082108,0.019615232944488525,0.9999021291732788,0.9999974370002747,1.0
23.999971389770508,179.32684326171875,9.998751640319824,0.0,0.0,0.0,0.0,0.0,-0.0,0.0,4.420071411132812,3.348642839704241,0.2888000011444092,0.21619200706481934,0.0,0.0,0.0,0.0,0.0,0.0,0.16198277473449707,0.0,0.0,0.16198277473449707,1004.0,-4.599999904632568,-0.16198277473449707,0.9997926354408264,0.9988284111022949,1.0
23.993221282958984,179.99807739257812,9.612570762634277,0.0,0.0,0.0,0.0,0.0,-0.0,0.0,4.312857164655413,3.2414285932268414,0.0,0.4278999865055084,0.0,0.0,0.0,0.0,0.0,0.0,0.2558560961535041,0.0,0.0,0.2558560961535041,1005.0,-4.599999904632568,-0.25585609674453735,0.9983599781990051,0.9311361312866211,1.0
23.98647117614746,179.99807739257812,8.914592742919922,0.0,0.0,0.0,0.0,0.0,-0.0,0.0,4.278071485246931,3.206642913818359,0.0,0.4082370102405548,0.0,0.0,0.0,0.0,0.0,0.0,0.16362664988861558,0.0,0.0,0.16362664988861558,1006.0,-4.599999904632568,-0.16362665593624115,0.9289519786834717,0.5174946784973145,1.0
23.979721069335938,179.99807739257812,8.330808639526367,0.0,0.0,0.0,0.0,0.0,-0.0,0.0,4.2845714569091795,3.2131428854806083,0.0,0.4089680016040802,0.0,0.0,0.0,0.0,0.0,0.0,0.010892839170992374,0.0,0.0,0.010892839170992374,1007.0,-4.599999904632568,-0.010892839170992374,0.18398213386535645,0.18959879875183105,1.0
23.972970962524414,179.99807739257812,7.902142524719238,0.0,0.0,0.0,0.0,0.0,-0.0,0.0,4.3091428756713865,3.237714168003627,0.0,0.33440399169921875,0.0,0.0,0.0,0.0,0.0,0.0,0.010809926316142082,0.0,0.0,0.010809926316142082,1008.0,-4.599999904632568,-0.010809926316142082,0.00892147421836853,0.11493921279907227,0.9999998807907104
23.96622085571289,179.99806213378906,7.549656867980957,0.0,0.0,0.0,0.0,0.0,-0.0,0.0,4.334357070922851,3.26292849949428,0.0,0.24729099869728088,0.0,0.0,0.0,0.0,0.0,0.0,0.010726392269134521,0.0,0.0,0.010726392269134521,1009.0,-4.599999904632568,-0.010726392269134521,0.0004323422908782959,0.11377772688865662,0.9999997615814209
23.959470748901367,179.998046875,7.2861552238464355,0.0,0.0,0.0,0.0,0.0,-0.0,0.0,4.356000028337752,3.2845714569091795,0.0,0.21376900374889374,0.0,0.0,0.0,0.0,0.0,0.0,0.010655472055077553,0.0,0.0,0.010655472055077553,1010.0,-4.599999904632568,-0.010655472055077553,0.0001901090145111084,0.08997851610183716,0.9999996423721313
23.952720642089844,179.99801635742188,7.056939125061035,0.0,0.0,0.0,0.0,0.0,-0.0,0.0,4.367928586687361,3.296500015258789,0.0,0.1956239938735962,0.0,0.0,0.0,0.0,0.0,0.0,0.010615707375109196,0.0,0.0,0.010615707375109196,1011.0,-4.599999904632568,-0.010615707375109196,4.4018030166625977e-5,0.23933982849121094,0.9999989867210388
23.94493865966797,179.99790954589844,6.846285343170166,0.0,0.0,0.0,0.0,0.0,-0.0,0.0,4.372428567068917,3.3009999956403457,0.0,0.1819709986448288,0.0,0.0,0.0,0.0,0.0,0.0,0.010597861371934414,0.0,0.0,0.010597861371934414,1012.0,-4.599999904632568,-0.010597861371934414,2.3245811462402344e-5,0.47002285718917847,0.9999969601631165
23.93610954284668,179.99758911132812,6.649587154388428,0.0,0.0,0.0,0.0,0.0,-0.0,0.0,4.336571502685547,3.2651429312569755,0.0,0.17693200707435608,0.0,0.0,0.0,0.0,0.0,0.0,0.0,0.0,0.0,0.0,1013.0,-4.599999904632568,0.0,7.903575897216797e-5,0.8063458204269409,0.9999516010284424
23.744461059570312,179.32635498046875,6.468850135803223,0.0,0.0,0.0,0.0,0.0,-0.0,0.0,4.318428530011858,3.2469999585832867,0.002850000048056245,0.18155500292778015,0.0,0.0,0.0,0.0,0.0,0.0,0.02073444239795208,0.0,0.0,0.02073444239795208,1014.0,-4.599999904632568,-0.02073444239795208,0.0004692971706390381,0.852527916431427,0.9996762275695801
23.552804946899414,179.94627380371094,6.262244701385498,0.0,0.0,0.0,0.0,0.031194087957865883,-0.0,0.0,4.406428555079868,3.334999847412109,0.20914900302886963,0.0,0.0,0.0,0.3466009497642517,0.0,0.0,0.0,0.0,0.0,0.0,0.0,1015.0,-4.599999904632568,0.0,0.019853055477142334,0.6258770823478699,0.9934862852096558
23.541912078857422,179.27503967285156,6.262056827545166,0.0,0.0,0.0,0.0,0.15426477466144287,-0.0,0.0,4.504571451459612,3.4331427437918527,0.3046970069408417,0.0,0.0,0.0,1.7140529155731201,0.0,0.0,0.0,0.0,0.0,0.0,0.0,1016.0,-4.599999904632568,0.0,0.550910472869873,0.26180222630500793,0.40707823634147644
23.531005859375,178.6038055419922,6.261868953704834,0.0,0.0,0.0,0.0,0.31912985476889894,-0.0,0.0,4.613785689217703,3.542357117789132,0.34531301259994507,0.0,0.0,0.0,3.545886993408203,0.0,0.0,0.0,0.0,0.0,0.0,0.0,1017.0,-4.599999904632568,0.0,0.1309415102005005,0.5793336033821106,0.7998179197311401
23.52198028564453,163.42544555664062,6.261681079864502,0.0,0.0,0.0,0.0,0.447103923031004,-0.0,0.0,4.790571430751255,3.7191428593226843,0.3511449992656708,0.0,0.0,0.0,4.967820972204208,0.35348430275917053,0.0,0.0,0.0,0.0,0.0,0.35348430275917053,1018.0,-4.599999904632568,-0.35348430275917053,0.07507577538490295,0.7953064441680908,0.9805993437767029
23.513830184936523,176.8939666748047,6.26149320602417,0.0,0.0,0.0,0.0,0.5597655592175743,-0.0,0.0,4.971285765511649,3.8998571940830775,0.3517889976501465,0.0,0.0,0.0,6.2196168303489685,0.45574384927749634,0.0,0.0,0.0,0.0,0.45574384927749634,0.0,1019.0,-4.599999904632568,0.45574384927749634,0.25607797503471375,0.9693348407745361,0.9996075630187988
23.84665870666504,176.2227325439453,6.261305332183838,0.0,0.0,0.0,0.0,0.5428803671299026,-0.0,0.0,5.093071474347796,4.021642902919224,0.34043800830841064,0.0,0.0,1.2285418510437012,6.0320035998405555,0.18579399585723877,0.0,0.0,0.0,0.0,0.18579399585723877,0.0,1020.0,1.2285418510437012,0.18579399585723877,0.7489817142486572,0.9963725805282593,0.999984860420227
23.981847763061523,175.55149841308594,7.489622592926025,0.0,0.0,0.0,0.0,0.5046076772991678,-0.0,0.0,5.189571462358747,4.118142890930176,0.35224100947380066,0.0,0.0,1.9925413131713867,5.606751524406167,0.15595154464244843,0.0,0.0,0.0,0.0,0.0,0.15595154464244843,1021.0,1.9925413131713867,-0.15595154464244843,0.9482133388519287,0.9997305870056152,0.9999985694885254
23.97509765625,179.9978485107422,9.481879234313965,0.0,0.0,0.0,0.0,0.6557117092592316,-0.0,0.0,5.272785677228655,4.201357105800083,0.36559998989105225,0.0,0.0,0.33603522181510925,7.285685079421667,0.03997185826301575,0.0,0.0,0.0,0.0,0.03997185826301575,0.0,1022.0,0.33603522181510925,0.03997185826301575,0.9817883968353271,0.9999955296516418,0.9999998807907104
23.999961853027344,177.7859344482422,9.817620277404785,0.0,0.0,0.0,0.0,0.6222060125877464,-0.0,0.0,5.324428503853934,4.252999932425363,0.3500570058822632,0.0,0.0,0.10338255017995834,6.913399590436202,0.035351101242708995,0.0,0.0,0.0,0.0,0.0,0.035351101242708995,1023.0,0.10338255017995834,-0.03535110130906105,0.9920973181724548,0.9999995231628418,1.0
23.99321174621582,179.99807739257812,9.920705795288086,0.0,0.0,0.0,0.0,0.5220505741464752,-0.0,0.0,5.349357141767229,4.277928570338657,0.36090201139450073,0.0,0.0,0.04702802374958992,5.800561473973618,0.016848677769303322,0.0,0.0,0.0,0.0,0.016848677769303322,0.0,1024.0,0.04702802374958992,0.016848677769303322,0.9967703819274902,0.9999994039535522,1.0
23.999980926513672,150.62435913085938,9.967434883117676,0.0,0.0,0.0,0.0,0.2779962853053423,-0.0,0.0,5.345214244297573,4.273785672869002,0.35043901205062866,0.0,0.0,0.026676613837480545,3.088847369024265,1.0269922811815912,0.0,0.0,0.0,0.0,0.0,1.0269922811815912,1025.0,0.026676613837480545,-1.0269923210144043,0.9994081258773804,0.9999885559082031,1.0
23.99323081970215,179.99807739257812,9.99381160736084,0.0,0.0,0.0,0.0,0.1755550073838728,-0.0,0.0,5.308357184273856,4.2369286128452845,0.42738398909568787,0.0,0.0,0.0,1.950611038133502,0.016954855993390083,0.0,0.0,0.0,0.0,0.016954855993390083,0.0,1026.0,0.0015253613237291574,0.016954855993390083,0.9995306730270386,0.999999463558197,1.0
23.999980926513672,169.96900939941406,9.993512153625488,0.0,0.0,0.0,0.0,0.03293194688202817,-0.0,0.0,5.2270714351109095,4.155642863682338,0.5543270111083984,0.0,0.0,0.0,0.36591049183147034,0.13426248084766784,0.0,0.0,0.0,0.0,0.0,0.13426248084766784,1027.0,0.005657632369548082,-0.13426248729228973,0.9999139308929443,0.9999625086784363,1.0
23.99323081970215,179.99807739257812,9.993212699890137,0.0,0.0,0.0,0.0,0.0,-0.0,0.0,5.056785665239606,3.985357093811035,0.2849999964237213,0.2199920117855072,0.0,0.0,0.0,0.0,0.0,0.0,0.11188866010067888,0.0,0.0,0.11188866010067888,1028.0,-4.599999904632568,-0.11188866198062897,0.9997731447219849,0.996245265007019,1.0
23.986480712890625,179.99807739257812,9.654269218444824,0.0,0.0,0.0,0.0,0.0,-0.0,0.0,4.9145714351109095,3.8431428636823384,0.0,0.4278999865055084,0.0,0.0,0.0,0.0,0.0,0.0,0.13542334129973863,0.0,0.0,0.13542334129973863,1029.0,-4.599999904632568,-0.13542334735393524,0.9972324371337891,0.8621881604194641,1.0
23.9797306060791,179.99807739257812,9.079176902770996,0.0,0.0,0.0,0.0,0.0,-0.0,0.0,4.842714255196707,3.771285683768136,0.0,0.4082370102405548,0.0,0.0,0.0,0.0,0.0,0.0,0.0,0.0,0.0,0.0,1030.0,-4.599999904632568,-0.009280720725655556,0.8082961440086365,0.253998339176178,1.0
23.972980499267578,179.32684326171875,8.662348747253418,0.0,0.0,0.0,0.0,0.0,-0.0,0.0,4.79228572845459,3.7208571570260185,0.0,0.4089680016040802,0.0,0.0,0.0,0.0,0.0,0.0,0.0188129972666502,0.0,0.0,0.0188129972666502,1031.0,-4.599999904632568,-0.0188129972666502,0.2667991518974304,0.08876147866249084,1.0
23.966230392456055,179.99807739257812,8.225590705871582,0.0,0.0,0.0,0.0,0.0,-0.0,0.0,4.745857116154262,3.6744286128452845,0.0,0.33440399169921875,0.0,0.0,0.0,0.0,0.0,0.0,0.0,0.0,0.0,0.0,1032.0,-4.599999904632568,-0.0095253586769104,0.01404455304145813,0.059171587228775024,1.0
23.95948028564453,179.32684326171875,7.884125709533691,0.0,0.0,0.0,0.0,0.0,-0.0,0.0,4.698642880575997,3.6272143772670202,0.0,0.24729099869728088,0.0,0.0,0.0,0.0,0.0,0.0,0.4918847978115082,0.0,0.0,0.4918847978115082,1033.0,-4.599999904632568,-0.4918847978115082,0.40400707721710205,0.35679417848587036,0.9999998807907104
23.95170021057129,179.99806213378906,7.129651069641113,0.0,0.0,0.0,0.0,0.0,-0.0,0.0,4.665499973297119,3.5940714699881418,0.0,0.21376900374889374,0.0,0.0,0.0,0.0,0.0,0.0,0.0,0.0,0.0,0.0,1034.0,-4.599999904632568,-0.009737443178892136,0.00014328956604003906,0.05665457248687744,0.9999995231628418
23.942869186401367,179.3268280029297,6.911312103271484,0.0,0.0,0.0,0.0,0.0,-0.0,0.0,4.638857105800083,3.5674285343715124,0.0,0.1956239938735962,0.0,0.0,0.0,0.0,0.0,0.0,0.019618988037109375,0.0,0.0,0.019618988037109375,1035.0,-4.599999904632568,-0.019618988037109375,3.4332275390625e-5,0.1866685152053833,0.9999985694885254
23.931987762451172,179.9978485107422,6.691475868225098,0.0,0.0,0.0,0.0,0.0,-0.0,0.0,4.616428593226841,3.5450000217982702,0.0,0.1819709986448288,0.0,0.0,0.0,0.0,0.0,0.0,0.0,0.0,0.0,0.0,1036.0,-4.599999904632568,0.0,4.3272972106933594e-5,0.7658512592315674,0.9999825954437256
23.74135398864746,179.3266143798828,6.505596160888672,0.0,0.0,0.0,0.0,0.0,-0.0,0.0,4.602285739353725,3.5308571679251535,0.0,0.17693200707435608,0.0,0.0,0.0,0.0,0.0,0.0,0.019682032987475395,0.0,0.0,0.019682032987475395,1037.0,-4.599999904632568,-0.019682032987475395,9.41157341003418e-5,0.8170520663261414,0.999937891960144
23.548681259155273,179.98814392089844,6.30478048324585,0.0,0.0,0.0,0.0,0.0,-0.0,0.0,4.589357049124581,3.51792847769601,0.0,0.18440499901771545,0.0,0.0,0.0,0.0,0.0,0.0,0.0,0.0,0.0,0.0,1038.0,-4.599999904632568,0.0,0.0004642009735107422,0.6338467597961426,0.9998417496681213
23.53880500793457,179.31690979003906,6.116428852081299,0.0,0.0,0.0,0.0,0.01149828772171136,-0.0,0.0,4.621428571428571,3.55,0.20914900302886963,0.0,0.0,0.0,0.12775874231010675,0.010792254470288754,0.0,0.0,0.0,0.0,0.0,0.010792254470288754,1039.0,-4.599999904632568,-0.010792254470288754,0.011174231767654419,0.6365725994110107,0.9961397647857666
23.528928756713867,179.38043212890625,6.116245269775391,0.0,0.0,0.0,0.0,0.09407277020396905,-0.0,0.0,4.668000030517578,3.5965714590890068,0.3046970069408417,0.0,0.0,0.0,1.0452529191970825,0.0,0.0,0.0,0.0,0.0,0.0,0.0,1040.0,-4.599999904632568,0.0,0.3286537528038025,0.2652992010116577,0.5951725244522095
23.519044876098633,178.70919799804688,6.116061687469482,0.0,0.0,0.0,0.0,0.2629563254480608,-0.0,0.0,4.754499994005475,3.68307135445731,0.34531301259994507,0.0,0.0,0.0,2.921736717224121,0.0,0.0,0.0,0.0,0.0,0.0,0.0,1041.0,-4.599999904632568,0.0,0.1749878227710724,0.4154841899871826,0.7263173460960388
23.510698318481445,166.1467742919922,6.115878105163574,0.0,0.0,0.0,0.0,0.33557068757281044,-0.0,0.0,4.87292856488909,3.801499993460519,0.3511449992656708,0.0,0.0,0.0,3.7285628989338875,0.05184190720319748,0.0,0.0,0.0,0.0,0.0,0.05184190720319748,1042.0,-4.599999904632568,-0.05184190720319748,0.020796984434127808,0.7037315964698792,0.9328562617301941
23.502368927001953,169.2550811767578,6.115694522857666,0.0,0.0,0.0,0.0,0.27313692684069557,-0.0,0.0,4.967499950953892,3.8960713795253206,0.375667005777359,0.0,0.0,0.0,3.0348545014858246,0.2384285032749176,0.0,0.0,0.0,0.0,0.0,0.2384285032749176,1043.0,-4.599999904632568,-0.2384285032749176,0.005317330360412598,0.9405704736709595,0.9910982847213745
23.493539810180664,178.5738067626953,6.115510940551758,0.0,0.0,0.0,0.0,0.15434171651535888,-0.0,0.0,5.018928609575544,3.9475000381469725,0.34043800830841064,0.0,0.0,0.0,1.7149078249931335,0.6483538746833801,0.0,0.0,0.0,0.0,0.6483538746833801,0.0,1044.0,-4.599999904632568,0.6483538746833801,0.0034453868865966797,0.9949111342430115,0.9990694522857666
23.97454071044922,177.90257263183594,6.11532735824585,0.0,0.0,0.0,0.0,0.17148210770742872,-0.0,0.0,5.039785739353725,3.9683571679251535,0.413224995136261,0.0,0.0,0.0,1.9053566008806229,0.15521840751171112,0.0,0.0,0.0,0.0,0.0,0.15521840751171112,1045.0,-4.599999904632568,-0.15521840751171112,0.005231589078903198,0.9998074173927307,0.9999842643737793
23.967790603637695,179.9955596923828,6.115143775939941,0.0,0.0,0.0,0.0,0.15787030424140253,-0.0,0.0,5.028571483067104,3.9571429116385324,0.42115598917007446,0.0,0.0,0.0,1.7541143521666527,0.05152968317270279,0.0,0.0,0.0,0.0,0.05152968317270279,0.0,1046.0,-4.599999904632568,0.05152968317270279,0.015732139348983765,0.9999847412109375,0.9999994039535522
23.999908447265625,179.32432556152344,6.114960670471191,0.0,0.0,0.0,0.0,0.13163023752460346,-0.0,0.0,5.001928547450474,3.9304999760219026,0.3654490113258362,0.0,0.0,0.0,1.4625580784841408,0.017842960639394344,0.0,0.0,0.0,0.0,0.0,0.017842960639394344,1047.0,-4.599999904632568,-0.017842961475253105,0.1227618157863617,0.9999969005584717,1.0
23.9931583404541,179.99807739257812,6.114777565002441,0.0,0.0,0.0,0.0,0.046502932151915775,-0.0,0.0,4.976571437290737,3.905142865862165,0.36090201139450073,0.0,0.0,0.7355627417564392,0.5166992050688333,0.018174657598137856,0.0,0.0,0.0,0.0,0.018174657598137856,0.0,1048.0,0.7355627417564392,0.018174657598137856,0.6850310564041138,0.9999982118606567,1.0
23.999975204467773,179.32684326171875,6.85013484954834,0.0,0.0,0.0,0.0,0.0,-0.0,0.0,4.968428557259696,3.8969999858311244,0.35043901205062866,0.0,0.0,0.7773312139934065,0.0,0.14646586551428006,0.0,0.0,0.0,0.0,0.0,0.14646586551428006,1049.0,1.0075609683990479,-0.14646586775779724,0.9843975901603699,0.9999963045120239,1.0
23.99322509765625,179.99807739257812,7.627237319946289,0.0,0.0,0.0,0.0,0.0,-0.0,0.0,4.994571495056152,3.923142923627581,0.42738398909568787,0.0,0.0,0.764548902341641,0.0,0.017964042723178864,0.0,0.0,0.0,0.0,0.017964042723178864,0.0,1050.0,0.8626159429550171,0.017964042723178864,0.9991840720176697,0.9999897480010986,1.0
23.99993324279785,154.02149963378906,8.391534805297852,0.0,0.0,0.0,0.0,-0.08819827787869272,-0.0,0.0,4.990142904009137,3.9187143325805662,0.5543270111083984,0.0,0.0,0.0,0.0,0.07552295923233032,0.2939942479133606,0.0,0.0,0.0,0.0,0.3695172071456909,1051.0,0.10867297649383545,-0.3695172071456909,0.999857485294342,0.9997662305831909,1.0
23.993183135986328,179.99807739257812,8.39128303527832,0.0,0.0,0.0,0.0,0.0,-0.0,0.0,4.935642869131906,3.8642142977033345,0.17384999990463257,0.33114200830459595,0.0,0.0,0.0,0.0,0.0,0.0,0.16103487497712107,0.0,0.0,0.16103487497712107,1052.0,-4.599999904632568,-0.16103488206863403,0.9992971420288086,0.9881888628005981,1.0
23.986433029174805,179.99807739257812,7.888825416564941,0.0,0.0,0.0,0.0,0.0,-0.0,0.0,4.908428546360561,3.8369999749319894,0.0,0.4278999865055084,0.0,0.0,0.0,0.0,0.0,0.0,0.1343529373407364,0.0,0.0,0.1343529373407364,1053.0,-4.599999904632568,-0.1343529373407364,0.9686859250068665,0.6147796511650085,1.0
23.97968292236328,179.99807739257812,7.314878463745117,0.0,0.0,0.0,0.0,0.0,-0.0,0.0,4.918500028337751,3.8470714569091795,0.0,0.4082370102405548,0.0,0.0,0.0,0.0,0.0,0.0,0.22411996126174927,0.0,0.0,0.22411996126174927,1054.0,-4.599999904632568,-0.22411996126174927,0.8682408332824707,0.15754127502441406,0.9999999403953552
23.972932815551758,179.99806213378906,6.669416427612305,0.0,0.0,0.0,0.0,0.0,-0.0,0.0,4.923571395874023,3.852142824445452,0.0,0.4089680016040802,0.0,0.0,0.0,0.0,0.0,0.0,0.24554117023944855,0.0,0.0,0.24554117023944855,1055.0,-4.599999904632568,-0.24554117023944855,0.36198893189430237,0.05994135141372681,0.9999959468841553
23.966182708740234,179.9974365234375,6.001369953155518,0.0,0.0,0.0,0.0,0.0,-0.0,0.0,4.935357175554548,3.8639286041259764,0.0,0.33440399169921875,0.0,0.0,0.0,0.0,0.0,0.0,0.0,0.0,0.0,0.0,1056.0,-4.599999904632568,0.0,0.0005491375923156738,0.021925896406173706,0.999977707862854
23.95943260192871,179.32620239257812,5.659971714019775,0.0,0.0,0.0,0.0,0.0,-0.0,0.0,4.945642825535366,3.874214254106794,0.0,0.24729099869728088,0.0,0.0,0.0,0.0,0.0,0.0,0.017966441810131073,0.0,0.0,0.017966441810131073,1057.0,-4.599999904632568,-0.017966441810131073,3.1828880310058594e-5,0.04994964599609375,0.9999487400054932
23.952682495117188,179.9898681640625,5.389139175415039,0.0,0.0,0.0,0.0,0.0,-0.0,0.0,4.940142849513462,3.868714278084891,0.0,0.23910300433635712,0.0,0.0,0.0,0.0,0.0,0.0,0.0,0.0,0.0,0.0,1058.0,-4.599999904632568,0.0,1.9609928131103516e-5,0.05757856369018555,0.999890148639679
23.944900512695312,179.31863403320312,5.145002365112305,0.0,0.0,0.0,0.0,0.0,-0.0,0.0,4.910285758972168,3.8388571875435966,0.0,0.1956239938735962,0.0,0.0,0.0,0.0,0.0,0.0,0.018062276765704155,0.0,0.0,0.018062276765704155,1059.0,-4.599999904632568,-0.018062276765704155,5.930662155151367e-6,0.18458342552185059,0.9998693466186523
23.938121795654297,179.9771728515625,4.926807403564453,0.0,0.0,0.0,0.0,0.0,-0.0,0.0,4.891142790658133,3.819714219229562,0.0,0.1819709986448288,0.0,0.0,0.0,0.0,0.0,0.0,0.0,0.0,0.0,0.0,1060.0,-4.599999904632568,-0.009209712967276573,6.198883056640625e-6,0.4917202293872833,0.9998906850814819
23.92723846435547,179.30593872070312,4.740980625152588,0.0,0.0,0.0,0.0,0.0,-0.0,0.0,4.890428624834333,3.8190000534057615,0.0,0.17693200707435608,0.0,0.0,0.0,0.0,0.0,0.0,0.018336614593863487,0.0,0.0,0.018336614593863487,1061.0,-4.599999904632568,-0.018336614593863487,1.3649463653564453e-5,0.6304144859313965,0.999872624874115
23.915332794189453,179.97769165039062,4.541590690612793,0.0,0.0,0.0,0.0,0.0,-0.0,0.0,4.893428611755371,3.8220000403267997,0.0,0.18440499901771545,0.0,0.0,0.0,0.0,0.0,0.0,0.0,0.0,0.0,0.0,1062.0,-4.541454315185547,0.0,7.176399230957031e-5,0.6697353720664978,0.9996568560600281
23.903926849365234,179.30645751953125,4.353291988372803,0.0,0.0,0.0,0.0,0.0,-0.0,0.0,4.900499970572335,3.829071399143764,0.21771900355815887,0.0,0.0,0.0,0.0,0.08438096940517426,0.0,0.0,0.4974255710840225,0.0,0.0,0.5818065404891968,1063.0,-4.353161334991455,-0.5818065404891968,0.30230918526649475,0.8573631644248962,0.996496319770813
23.895097732543945,179.4375,3.84559965133667,0.0,0.0,0.0,0.0,0.0,-0.0,0.0,4.930285671779087,3.858857100350516,0.3046970069408417,0.0,0.0,0.8912149245148271,0.0,0.0,0.0,0.0,0.0,0.0,0.0,0.0,1064.0,0.973302960395813,0.0,0.6681530475616455,0.33843427896499634,0.8006554245948792
23.88522720336914,147.6652374267578,4.736672401428223,0.0,0.0,0.0,0.0,0.22653334033754086,-0.0,0.0,4.985357093811035,3.913928522382464,0.34531301259994507,0.0,0.0,0.0,2.5170369148254395,0.0,0.0,0.0,0.0,0.0,0.0,0.0,1065.0,-4.599999904632568,0.0,0.22305083274841309,0.3353152871131897,0.7306169271469116
23.878108978271484,121.29872131347656,4.736530303955078,0.0,0.0,0.0,0.0,0.3323348965116244,-0.0,0.0,5.033999933515276,3.9625713620867047,0.3511449992656708,0.0,0.0,0.0,3.692609667778015,0.5950952768325806,0.0,0.0,0.0,0.0,0.0,0.5950952768325806,1066.0,-4.599999904632568,-0.5950952768325806,0.045848995447158813,0.3803463876247406,0.911582350730896
23.871347427368164,165.85125732421875,4.736388206481934,0.0,0.0,0.0,0.0,0.5181596071052215,-0.0,0.0,5.053428595406668,3.982000023978097,0.3517889976501465,0.0,0.0,0.0,5.757328510284424,0.3537325859069824,0.0,0.0,0.0,0.0,0.0,0.3537325859069824,1067.0,-4.599999904632568,-0.3537325859069824,0.08132949471473694,0.9304379224777222,0.9995035529136658
23.86459732055664,179.91864013671875,4.736246109008789,0.0,0.0,0.0,0.0,0.6011748048106645,-0.0,0.0,5.079000009809222,4.0075714383806496,0.34043800830841064,0.0,0.0,0.0,6.679719522595406,0.15044252574443817,0.0,0.0,0.0,0.0,0.15044252574443817,0.0,1068.0,-4.599999904632568,0.15044252574443817,0.3821757733821869,0.9944953918457031,0.9999864101409912
23.972461700439453,179.24740600585938,4.7361040115356445,0.0,0.0,0.0,0.0,0.4455042178295273,-0.0,0.0,5.114714295523507,4.043285724094936,0.35224100947380066,0.0,0.0,1.3724360466003418,4.950046471378169,0.13726724684238434,0.0,0.0,0.0,0.0,0.0,0.13726724684238434,1069.0,1.3724360466003418,-0.13726724684238434,0.610850989818573,0.999150276184082,0.9999985694885254
23.96571159362793,179.9978485107422,6.108356952667236,0.0,0.0,0.0,0.0,0.30614981352557136,-0.0,0.0,5.161357143947056,4.089928572518485,0.36559998989105225,0.0,0.0,3.5246801376342773,3.4016643243885736,0.05277354642748833,0.0,0.0,0.0,0.0,0.05277354642748833,0.0,1070.0,3.5246801376342773,0.05277354642748833,0.9633007049560547,0.9999667406082153,0.9999998807907104
23.999818801879883,179.3266143798828,9.6327486038208,0.0,0.0,0.0,0.0,0.593037704017848,-0.0,0.0,5.202928624834333,4.1315000534057615,0.3554440140724182,0.0,0.0,0.2726874053478241,6.5893072987494286,0.01694600097835064,0.0,0.0,0.0,0.0,0.0,0.01694600097835064,1071.0,0.2726874053478241,-0.01694600097835064,0.9905405640602112,0.9999996423721313,1.0
23.99306869506836,179.99807739257812,9.905138969421387,0.0,0.0,0.0,0.0,0.5289577477698606,-0.0,0.0,5.222142846243722,4.150714274815151,0.36090201139450073,0.0,0.0,0.04198690131306648,5.877307841467536,0.017446610970842907,0.0,0.0,0.0,0.0,0.017446610970842907,0.0,1072.0,0.04198690131306648,0.0174466110765934,0.9947096109390259,0.9999998807907104,1.0
23.999984741210938,179.32684326171875,9.94682788848877,0.0,0.0,0.0,0.0,0.36383311704972193,-0.0,0.0,5.222714233398437,4.151285661969866,0.4049749970436096,0.0,0.0,0.03603406623005867,4.042589868165171,0.2875153720378876,0.0,0.0,0.0,0.0,0.0,0.2875153720378876,1073.0,0.03603406623005867,-0.2875153720378876,0.9982831478118896,0.9999998211860657,1.0
23.993234634399414,179.99807739257812,9.982563018798828,0.0,0.0,0.0,0.0,0.18994223041879083,-0.0,0.0,5.207857077462332,4.136428506033761,0.8928499817848206,0.0,0.0,0.013704735785722733,2.110469059150439,0.016046585515141487,0.0,0.0,0.0,0.0,0.016046585515141487,0.0,1074.0,0.013704735785722733,0.016046585515141487,0.9996237754821777,0.9998071193695068,1.0
23.999019622802734,94.42613220214844,9.995967864990234,0.0,0.0,0.0,0.0,-0.0771092564705711,-0.0,0.0,5.169642802647182,4.098214231218611,0.5543270111083984,0.0,0.0,0.0,0.0,0.8402730226516724,0.2570308446884155,0.0,0.0,0.0,0.0,1.097303867340088,1075.0,0.004044015426188707,-1.097303867340088,0.9999982118606567,0.9998997449874878,1.0
23.99226951599121,179.99807739257812,9.995668411254883,0.0,0.0,0.0,0.0,0.0,-0.0,0.0,5.08471429007394,4.013285718645369,0.35339999198913574,0.15159201622009277,0.0,0.0,0.0,0.0,0.0,0.0,0.15812884271144867,0.0,0.0,0.15812884271144867,1076.0,-4.599999904632568,-0.15812884271144867,0.9998761415481567,0.9968769550323486,1.0
23.985519409179688,179.99807739257812,9.679336547851562,0.0,0.0,0.0,0.0,0.0,-0.0,0.0,4.992428588867187,3.921000017438616,0.0,0.4278999865055084,0.0,0.0,0.0,0.0,0.0,0.0,0.25495287775993347,0.0,0.0,0.25495287775993347,1077.0,-4.599999904632568,-0.25495287775993347,0.9993933439254761,0.8852671980857849,1.0
23.978769302368164,179.99807739257812,8.982278823852539,0.0,0.0,0.0,0.0,0.0,-0.0,0.0,4.9573570796421595,3.8859285082135884,0.0,0.4082370102405548,0.0,0.0,0.0,0.0,0.0,0.0,0.1032047489409154,0.0,0.0,0.1032047489409154,1078.0,-4.599999904632568,-0.10320474952459335,0.925750195980072,0.24826642870903015,1.0
23.97201919555664,179.99807739257812,8.460145950317383,0.0,0.0,0.0,0.0,0.0,-0.0,0.0,4.934928567068917,3.863499995640346,0.0,0.46699899435043335,0.0,0.0,0.0,0.0,0.0,0.0,0.0,0.0,0.0,0.0,1079.0,-4.599999904632568,-0.009059207513928413,0.3860006332397461,0.08472353219985962,1.0
23.965269088745117,179.32684326171875,7.983376979827881,0.0,0.0,0.0,0.0,0.0,-0.0,0.0,4.914357130868094,3.842928559439523,0.0,0.33440399169921875,0.0,0.0,0.0,0.0,0.0,0.0,0.01821519248187542,0.0,0.0,0.01821519248187542,1080.0,-4.599999904632568,-0.01821519248187542,0.010666102170944214,0.038622498512268066,0.9999999403953552
23.958518981933594,179.99806213378906,7.623332977294922,0.0,0.0,0.0,0.0,0.0,-0.0,0.0,4.888500022888183,3.8170714514596122,0.0,0.24729099869728088,0.0,0.0,0.0,0.0,0.0,0.0,0.2475760579109192,0.0,0.0,0.2475760579109192,1081.0,-4.599999904632568,-0.2475760579109192,0.014373540878295898,0.11534512042999268,0.9999997615814209
23.95176887512207,179.998046875,7.118153095245361,0.0,0.0,0.0,0.0,0.0,-0.0,0.0,4.865071378435407,3.7936428070068358,0.0,0.21376900374889374,0.0,0.0,0.0,0.0,0.0,0.0,0.0,0.0,0.0,0.0,1082.0,-4.599999904632568,-0.009225397370755672,0.00014448165893554688,0.043807417154312134,0.9999995231628418
23.942947387695312,179.32681274414062,6.899814605712891,0.0,0.0,0.0,0.0,0.0,-0.0,0.0,4.846642848423549,3.7752142769949777,0.0,0.1956239938735962,0.0,0.0,0.0,0.0,0.0,0.0,0.018531791865825653,0.0,0.0,0.018531791865825653,1083.0,-4.599999904632568,-0.018531791865825653,9.15229320526123e-5,0.6071752905845642,0.9999951124191284
23.751296997070312,179.99729919433594,6.681087970733643,0.0,0.0,0.0,0.0,0.0,-0.0,0.0,4.837499972752163,3.766071401323591,0.0,0.1819709986448288,0.0,0.0,0.0,0.0,0.0,0.0,0.0,0.0,0.0,0.0,1084.0,-4.599999904632568,-0.009288711473345757,3.299117088317871e-5,0.4747845530509949,0.9999929666519165
23.740398406982422,179.32606506347656,6.495208740234375,0.0,0.0,0.0,0.0,0.0,-0.0,0.0,4.829214314052036,3.7577857426234655,0.0,0.17693200707435608,0.0,0.0,0.0,0.0,0.0,0.0,0.018235355615615845,0.0,0.0,0.018235355615615845,1085.0,-4.599999904632568,-0.018235355615615845,0.00020626187324523926,0.941299319267273,0.9998182058334351
23.365924835205078,179.968994140625,6.295869827270508,0.0,0.0,0.0,0.0,0.0,-0.0,0.0,4.821785736083984,3.750357164655413,0.00570000009611249,0.17870499193668365,0.0,0.0,0.0,0.0,0.0,0.0,0.0,0.0,0.0,0.0,1086.0,-4.599999904632568,0.0,0.0009428262710571289,0.8635779023170471,0.9995505809783936
23.17323112487793,179.29776000976562,6.113334655761719,0.0,0.0,0.0,0.0,0.03495609024811492,-0.0,0.0,4.8519285202026365,3.7804999487740654,0.20914900302886963,0.0,0.0,0.0,0.38840097188949585,0.0,0.0,0.0,0.0,0.0,0.0,0.0,1087.0,-4.599999904632568,0.0,0.06951987743377686,0.5422244071960449,0.9900307059288025
23.16131591796875,171.10272216796875,6.113151550292969,0.0,0.0,0.0,0.0,0.10704505012260776,-0.0,0.0,4.918714332580566,3.847285761151995,0.3046970069408417,0.0,0.0,0.34752127528190613,1.189389351282578,0.0,0.0,0.0,0.0,0.0,0.0,0.0,1088.0,0.34752127528190613,0.0,0.646064281463623,0.17385882139205933,0.3204871118068695
23.059484481811523,170.43148803710938,6.460479259490967,0.0,0.0,0.0,0.0,0.25509032846214874,-0.0,0.0,5.003571455819266,3.9321428843906947,0.34531301259994507,0.0,0.0,0.0,2.834336757659912,0.0,0.0,0.0,0.0,0.0,0.0,0.0,1089.0,-4.599999904632568,0.0,0.21775203943252563,0.28024613857269287,0.5225659608840942
22.98849868774414,169.76025390625,6.460285663604736,0.0,0.0,0.0,0.0,0.28038645826867753,-0.0,0.0,5.0541428974696565,3.9827143260410853,0.3511449992656708,0.0,0.0,0.0,3.1154048442840576,0.0,0.0,0.0,0.0,0.0,0.0,0.0,1090.0,-4.599999904632568,0.0,0.02818995714187622,0.5370203256607056,0.8832981586456299
22.97896957397461,169.08901977539062,6.460092067718506,0.0,0.0,0.0,0.0,0.20971022365174383,-0.0,0.0,5.0808570861816404,4.009428514753069,0.3517889976501465,0.0,0.0,0.0,2.330113410949707,0.8777475357055664,0.0,0.0,0.0,0.0,0.8777475357055664,0.0,1091.0,-4.599999904632568,0.8777475357055664,0.0067185163497924805,0.9189894795417786,0.9845691919326782
23.594932556152344,168.41778564453125,6.459898471832275,0.0,0.0,0.0,0.0,0.2592144504558591,-0.0,0.0,5.106428636823382,4.03500006539481,0.34043800830841064,0.0,0.0,0.0,2.880160331726074,0.5176515579223633,0.0,0.0,0.0,0.0,0.5176515579223633,0.0,1092.0,-4.599999904632568,0.5176515579223633,0.0034754276275634766,0.9968706369400024,0.9996246695518494
23.984336853027344,167.74655151367188,6.459704875946045,0.0,0.0,0.0,0.0,0.263136003962039,-0.0,0.0,5.110071400233677,4.038642828805106,0.35224100947380066,0.0,0.0,0.0,2.9237331449985504,0.16682586073875427,0.0,0.0,0.0,0.0,0.0,0.16682586073875427,1093.0,-4.599999904632568,-0.16682586073875427,0.006232649087905884,0.9998700618743896,0.9999901056289673
23.97758674621582,179.99649047851562,6.4595112800598145,0.0,0.0,0.0,0.0,0.27986538313501014,-0.0,0.0,5.122214262826102,4.050785691397531,0.36559998989105225,0.0,0.0,0.0,3.109615121036768,0.0378849171102047,0.0,0.0,0.0,0.0,0.0378849171102047,0.0,1094.0,-4.599999904632568,0.0378849171102047,0.020504862070083618,0.9999918937683105,0.9999997019767761
23.99994468688965,179.32525634765625,6.459317684173584,0.0,0.0,0.0,0.0,0.3232477232316894,-0.0,0.0,5.174857085091727,4.103428513663156,0.3500570058822632,0.0,0.0,1.3442392349243164,3.5916410838029993,0.017079187087074937,0.0,0.0,0.0,0.0,0.0,0.017079187087074937,1095.0,1.3442392349243164,-0.01707918755710125,0.7803527116775513,0.9999985098838806,1.0
23.993194580078125,179.99807739257812,7.803322792053223,0.0,0.0,0.0,0.0,0.2536174909750777,-0.0,0.0,5.202928624834333,4.1315000534057615,0.36090201139450073,0.0,0.0,1.857861042022705,2.8179718979930177,0.01734974046026267,0.0,0.0,0.0,0.0,0.01734974046026267,0.0,1096.0,1.857861042022705,0.017349740490317345,0.9661153554916382,0.9999998211860657,1.0
23.999984741210938,179.32684326171875,9.660894393920898,0.0,0.0,0.0,0.0,0.24538466783423907,-0.0,0.0,5.186857169015067,4.1154285975864955,0.35043901205062866,0.0,0.0,0.237606480717659,2.7264960925868773,0.017009279951116976,0.0,0.0,0.0,0.0,0.0,0.017009279951116976,1097.0,0.237606480717659,-0.017009280622005463,0.9898471236228943,0.9999998807907104,1.0
23.993234634399414,179.99807739257812,9.89820384979248,0.0,0.0,0.0,0.0,0.22338364455982393,-0.0,0.0,5.15035719190325,4.078928620474679,0.42738398909568787,0.0,0.0,0.09687372297048569,2.4820402978543106,0.017474988454595712,0.0,0.0,0.0,0.0,0.017474988454595712,0.0,1098.0,0.09687372297048569,0.017474988475441933,0.9995047450065613,0.9999998807907104,1.0
23.999984741210938,179.32684326171875,9.99477767944336,0.0,0.0,0.0,0.0,0.0750766620473391,-0.0,0.0,5.074214335850307,4.002785764421736,0.5543270111083984,0.0,0.0,0.0,0.834185067564249,0.017487939447164536,0.0,0.0,0.0,0.0,0.0,0.017487939447164536,1099.0,0.00439687492325902,-0.017487939447164536,0.9999144673347473,0.9999933242797852,1.0
23.993234634399414,179.99807739257812,9.994478225708008,0.0,0.0,0.0,0.0,0.0,-0.0,0.0,4.989928599766323,3.918500028337751,0.36195001006126404,0.14304199814796448,0.0,0.0,0.0,0.0,0.0,0.0,0.0,0.0,0.0,0.0,1100.0,-4.599999904632568,-0.008932053111493587,0.9995542168617249,0.9970386624336243,1.0
23.98648452758789,179.32684326171875,9.848221778869629,0.0,0.0,0.0,0.0,0.0,-0.0,0.0,4.9095714569091795,3.8381428854806083,0.0,0.4278999865055084,0.0,0.0,0.0,0.0,0.0,0.0,0.018238110467791557,0.0,0.0,0.018238110467791557,1101.0,-4.599999904632568,-0.018238110467791557,0.9914981722831726,0.8590564727783203,1.0
23.979734420776367,179.99807739257812,9.39269733428955,0.0,0.0,0.0,0.0,0.0,-0.0,0.0,4.874428558349609,3.802999986921038,0.0,0.4082370102405548,0.0,0.0,0.0,0.0,0.0,0.0,0.0,0.0,0.0,0.0,1102.0,-4.599999904632568,-0.00920332595705986,0.8743350505828857,0.2996513843536377,1.0
23.972984313964844,179.32684326171875,8.975859642028809,0.0,0.0,0.0,0.0,0.0,-0.0,0.0,4.861285700116839,3.789857128688267,0.0,0.4089680016040802,0.0,0.0,0.0,0.0,0.0,0.0,0.01847047916537417,0.0,0.0,0.01847047916537417,1103.0,-4.599999904632568,-0.018470479175448418,0.38277214765548706,0.10115370154380798,1.0
23.96623420715332,179.99807739257812,8.53944206237793,0.0,0.0,0.0,0.0,0.0,-0.0,0.0,4.859928621564593,3.788500050136021,0.0,0.33440399169921875,0.0,0.0,0.0,0.0,0.0,0.0,0.0,0.0,0.0,0.0,1104.0,-4.599999904632568,-0.009238550439476967,0.023688048124313354,0.05590960383415222,1.0
23.95947265625,179.32684326171875,8.197967529296875,0.0,0.0,0.0,0.0,0.0,-0.0,0.0,4.86207139151437,3.790642820085798,0.0,0.24729099869728088,0.0,0.0,0.0,0.0,0.0,0.0,0.12198154628276825,0.0,0.0,0.12198154628276825,1105.0,-4.599999904632568,-0.12198154628276825,0.0045039355754852295,0.09543311595916748,1.0
23.95063018798828,179.99807739257812,7.820924282073975,0.0,0.0,0.0,0.0,0.0,-0.0,0.0,4.841571480887277,3.770142909458705,0.0,0.21376900374889374,0.0,0.0,0.0,0.0,0.0,0.0,0.0,0.0,0.0,0.0,1106.0,-4.599999904632568,-0.009278046898543835,0.0033629536628723145,0.8662859201431274,0.9999974966049194
23.5761661529541,179.32684326171875,7.602564811706543,0.0,0.0,0.0,0.0,0.0,-0.0,0.0,4.804785673958914,3.733357102530343,0.0,0.1956239938735962,0.0,0.0,0.0,0.0,0.0,0.0,0.018747452646493912,0.0,0.0,0.018747452646493912,1107.0,-4.599999904632568,-0.018747452646493912,0.00014227628707885742,0.20177528262138367,0.9999988079071045
23.565261840820312,179.99789428710938,7.383596897125244,0.0,0.0,0.0,0.0,0.0,-0.0,0.0,4.786642837524414,3.7152142660958427,0.0,0.1819709986448288,0.0,0.0,0.0,0.0,0.0,0.0,0.0,0.0,0.0,0.0,1108.0,-4.599999904632568,0.0,0.00017565488815307617,0.8010942339897156,0.9999859929084778
23.371562957763672,179.32666015625,7.197696208953857,0.0,0.0,0.0,0.0,0.0,-0.0,0.0,4.778785719190325,3.7073570796421595,0.0,0.17693200707435608,0.0,0.0,0.0,0.0,0.0,0.0,0.018848882988095284,0.0,0.0,0.018848882988095284,1109.0,-4.599999904632568,-0.018848882988095284,0.00023630261421203613,0.6141966581344604,0.9999843835830688
23.360645294189453,179.99557495117188,6.99770975112915,0.0,0.0,0.0,0.0,0.0,-0.0,0.0,4.775285734449114,3.7038570949009486,0.006650000344961882,0.17775499820709229,0.0,0.0,0.0,0.0,0.0,0.0,0.29557034373283386,0.0,0.29557034373283386,0.0,1110.0,-4.599999904632568,0.29557034373283386,0.0016037225723266602,0.8757338523864746,0.9996864795684814
23.37865447998047,179.3243408203125,6.514529228210449,0.0,0.0,0.0,0.0,0.0,-0.0,0.0,4.800142914908273,3.728714343479701,0.20914900302886963,0.0,0.0,0.0,0.0,0.3637009859085083,0.0,0.0,0.6429644823074341,0.0,1.0066654682159424,0.0,1111.0,-4.599999904632568,1.0066654682159424,0.03297582268714905,0.9453999400138855,0.9834023714065552
23.72698402404785,178.65310668945312,5.858267307281494,0.0,0.0,0.0,0.0,0.14152526788117564,-0.0,0.0,4.85750002179827,3.7860714503696986,0.3046970069408417,0.0,0.0,0.0,1.572502851486206,0.0,0.0,0.0,0.0,0.0,0.0,0.0,1112.0,-4.599999904632568,0.0,0.5636633634567261,0.5340791940689087,0.26900559663772583
23.442020416259766,177.98187255859375,5.858091831207275,0.0,0.0,0.0,0.0,0.30074734455325813,-0.0,0.0,4.924357087271554,3.852928515842983,0.34531301259994507,0.0,0.0,0.0,3.341636896133423,0.0,0.0,0.0,0.0,0.0,0.0,0.0,1113.0,-4.599999904632568,0.0,0.1136188805103302,0.4370327591896057,0.6822889447212219
23.350921630859375,177.31063842773438,5.857916355133057,0.0,0.0,0.0,0.0,0.4587992134884595,-0.0,0.0,4.98478570665632,3.9133571352277485,0.3511449992656708,0.0,0.0,0.0,5.097768633626401,0.013586671091616154,0.0,0.0,0.0,0.0,0.0,0.013586671091616154,1114.0,-4.599999904632568,-0.013586671091616154,0.032425105571746826,0.8247658014297485,0.9853813648223877
23.29524803161621,177.65908813476562,5.857740879058838,0.0,0.0,0.0,0.0,0.505786742233174,-0.0,0.0,5.0356428418840675,3.9642142704554963,0.3517889976501465,0.0,0.0,0.0,5.619852244853973,0.7752588391304016,0.0,0.0,0.0,0.0,0.7752588391304016,0.0,1115.0,-4.599999904632568,0.7752588391304016,0.17609602212905884,0.9653653502464294,0.9994699954986572
23.826810836791992,176.98785400390625,5.857565402984619,0.0,0.0,0.0,0.0,0.5840370783934627,-0.0,0.0,5.0681428364345,3.996714265005929,0.34043800830841064,0.0,0.0,0.0,6.489300355315208,0.20976151525974274,0.0,0.0,0.0,0.0,0.20976151525974274,0.0,1116.0,-4.599999904632568,0.20976151525974274,0.36794668436050415,0.9959065914154053,0.9999770522117615
23.97951889038086,176.31661987304688,5.8573899269104,0.0,0.0,0.0,0.0,0.5087732873254622,-0.0,0.0,5.075785718645368,4.004357147216797,0.35224100947380066,0.0,0.0,0.0,5.653036076575518,0.05667261406779289,0.0,0.0,0.0,0.0,0.0,0.05667261406779289,1117.0,-4.599999904632568,-0.05667261406779289,0.1902962327003479,0.9997822046279907,0.9999969601631165
23.972768783569336,179.99758911132812,5.857214450836182,0.0,0.0,0.0,0.0,0.487640556778751,-0.0,0.0,5.084357207162039,4.012928635733468,0.36559998989105225,0.0,0.0,0.0,5.418227978050709,0.04442184418439865,0.0,0.0,0.0,0.0,0.04442184418439865,0.0,1118.0,-4.599999904632568,0.04442184418439865,0.49598458409309387,0.999982476234436,0.9999998211860657
23.999897003173828,179.32635498046875,5.857038974761963,0.0,0.0,0.0,0.0,0.2813747440731725,-0.0,0.0,5.093857165745327,4.0224285943167555,0.3500570058822632,0.0,0.0,1.6471824645996094,3.126385796794647,0.017408869822579318,0.0,0.0,0.0,0.0,0.0,0.017408869822579318,1119.0,1.6471824645996094,-0.01740887016057968,0.7504191398620605,0.9999978542327881,1.0
23.993146896362305,179.99807739257812,7.5039963722229,0.0,0.0,0.0,0.0,0.21353375411406034,-0.0,0.0,5.1116429192679265,4.040214347839355,0.36090201139450073,0.0,0.0,1.8908405303955078,2.3725970793769253,0.017721770331263542,0.0,0.0,0.0,0.0,0.017721770331263542,0.0,1120.0,1.8908405303955078,0.017721770331263542,0.9394806623458862,0.9999998211860657,1.0
23.999984741210938,179.32684326171875,9.39455509185791,0.0,0.0,0.0,0.0,0.2868020730821587,-0.0,0.0,5.13178574698312,4.0603571755545484,0.35043901205062866,0.0,0.0,0.545155942440033,3.186689447657546,0.017239980156578474,0.0,0.0,0.0,0.0,0.0,0.017239980156578474,1121.0,0.545155942440033,-0.017239980399608612,0.9939680695533752,0.9999999403953552,1.0
23.993234634399414,179.99807739257812,9.939413070678711,0.0,0.0,0.0,0.0,0.21274795511796532,-0.0,0.0,5.138428633553641,4.06700006212507,0.42738398909568787,0.0,0.0,0.05530591681599617,2.3638659801141992,0.017515555024147034,0.0,0.0,0.0,0.0,0.017515555024147034,0.0,1122.0,0.05530591681599617,0.017515555024147034,0.9994689226150513,0.9999998807907104,1.0
23.999984741210938,179.32684326171875,9.99441909790039,0.0,0.0,0.0,0.0,0.07740476306783989,-0.0,0.0,5.124714251926967,4.053285680498396,0.5543270111083984,0.0,0.0,0.0,0.8600528546251376,0.017270057591048972,0.0,0.0,0.0,0.0,0.0,0.017270057591048972,1123.0,0.004773576278239489,-0.017270058393478394,0.9999163150787354,0.999992847442627,1.0
23.993234634399414,179.99807739257812,9.994119644165039,0.0,0.0,0.0,0.0,0.0,-0.0,0.0,5.05735718863351,3.9859286172049386,0.3543500006198883,0.1506420075893402,0.0,0.0,0.0,0.0,0.0,0.0,0.1071607898519169,0.0,0.0,0.1071607898519169,1124.0,-4.599999904632568,-0.1071607917547226,0.9998041391372681,0.9968373775482178,1.0
23.98648452758789,179.99807739257812,9.73076343536377,0.0,0.0,0.0,0.0,0.0,-0.0,0.0,4.99792856488909,3.926499993460519,0.0,0.4278999865055084,0.0,0.0,0.0,0.0,0.0,0.0,0.0,0.0,0.0,0.0,1125.0,-4.599999904632568,-0.008913854137063026,0.9902949333190918,0.8328765630722046,1.0
23.979734420776367,179.32684326171875,9.293851852416992,0.0,0.0,0.0,0.0,0.0,-0.0,0.0,4.979285730634417,3.9078571592058453,0.0,0.4082370102405548,0.0,0.0,0.0,0.0,0.0,0.0,0.01791275225356674,0.0,0.0,0.01791275225356674,1126.0,-4.599999904632568,-0.01791275292634964,0.8680568933486938,0.24903854727745056,1.0
23.972984313964844,179.99807739257812,8.858739852905273,0.0,0.0,0.0,0.0,0.0,-0.0,0.0,4.937428556169782,3.8659999847412108,0.0,0.4089680016040802,0.0,0.0,0.0,0.0,0.0,0.0,0.0,0.0,0.0,0.0,1127.0,-4.599999904632568,-0.009053349494934082,0.34322333335876465,0.08239501714706421,1.0
23.96623420715332,179.32684326171875,8.44117259979248,0.0,0.0,0.0,0.0,0.0,-0.0,0.0,4.884642818995884,3.8132142475673128,0.0,0.33440399169921875,0.0,0.0,0.0,0.0,0.0,0.0,0.01835734175698077,0.0,0.0,0.01835734175698077,1128.0,-4.599999904632568,-0.01835734210908413,0.02162879705429077,0.0505528450012207,1.0
23.959484100341797,179.99807739257812,8.08096981048584,0.0,0.0,0.0,0.0,0.0,-0.0,0.0,4.833785683768136,3.7623571123395645,0.0,0.24729099869728088,0.0,0.0,0.0,0.0,0.0,0.0,0.0,0.0,0.0,0.0,1129.0,-4.599999904632568,-0.009302533231675625,0.0008850693702697754,0.0712624192237854,0.9999999403953552
23.952733993530273,179.32684326171875,7.828397274017334,0.0,0.0,0.0,0.0,0.0,-0.0,0.0,4.792785726274762,3.7213571548461912,0.0,0.21376900374889374,0.0,0.0,0.0,0.0,0.0,0.0,0.018810255452990532,0.0,0.0,0.018810255452990532,1130.0,-4.599999904632568,-0.018810255452990532,0.00041288137435913086,0.06160423159599304,0.9999998807907104
23.94598388671875,179.99806213378906,7.590843677520752,0.0,0.0,0.0,0.0,0.0,-0.0,0.0,4.748785713740757,3.67735721043178,0.0,0.1956239938735962,0.0,0.0,0.0,0.0,0.0,0.0,0.0,0.0,0.0,0.0,1131.0,-4.599999904632568,-0.009517556056380272,9.140372276306152e-5,0.19339853525161743,0.9999997615814209
23.939233779907227,179.3268280029297,7.391005992889404,0.0,0.0,0.0,0.0,0.0,-0.0,0.0,4.7086428369794575,3.63721433367048,0.0,0.1819709986448288,0.0,0.0,0.0,0.0,0.0,0.0,0.01924365945160389,0.0,0.0,0.01924365945160389,1132.0,-4.599999904632568,-0.01924365945160389,5.704164505004883e-5,0.46965792775154114,0.9999990463256836
23.931442260742188,179.9979248046875,7.185469627380371,0.0,0.0,0.0,0.0,0.0,-0.0,0.0,4.674142851148333,3.6027142116001674,0.0,0.17693200707435608,0.0,0.0,0.0,0.0,0.0,0.0,0.0,0.0,0.0,0.0,1133.0,-4.599999904632568,-0.00970480777323246,8.589029312133789e-5,0.6106879711151123,0.9999946355819702
23.923633575439453,179.32669067382812,7.004716873168945,0.0,0.0,0.0,0.0,0.0,-0.0,0.0,4.644214303152902,3.57278573172433,0.012350000441074371,0.17205500602722168,0.0,0.0,0.0,0.0,0.0,0.0,0.01949937827885151,0.0,0.0,0.01949937827885151,1134.0,-4.599999904632568,-0.01949937827885151,0.0004716813564300537,0.6841800212860107,0.9999591112136841
23.912750244140625,179.9915313720703,6.809049129486084,0.0,0.0,0.0,0.0,0.02905659250868088,-0.0,0.0,4.722642844063895,3.6512142726353236,0.20914900302886963,0.0,0.0,0.0,0.3228510022163391,0.0,0.0,0.0,0.0,0.0,0.0,0.0,1135.0,-4.599999904632568,0.0,0.01522865891456604,0.7300052642822266,0.9972857236862183
23.903902053833008,179.32029724121094,6.808845043182373,0.0,0.0,0.0,0.0,0.15717177448048314,-0.0,0.0,4.81928574698312,3.747857175554548,0.3046970069408417,0.0,0.0,0.0,1.7463529109954834,0.0,0.0,0.0,0.0,0.0,0.0,0.0,1136.0,-4.599999904632568,0.0,0.4789319336414337,0.36426296830177307,0.571771502494812
23.89403533935547,178.64906311035156,6.808640956878662,0.0,0.0,0.0,0.0,0.3268248340944302,-0.0,0.0,4.922357095990862,3.8509285245622906,0.34531301259994507,0.0,0.0,0.0,3.6313867568969727,0.0,0.0,0.0,0.0,0.0,0.0,0.0,1137.0,-4.599999904632568,0.0,0.10612362623214722,0.6293708086013794,0.8423044085502625
23.88692855834961,177.9778289794922,6.808436870574951,0.0,0.0,0.0,0.0,0.4780101319869938,-0.0,0.0,5.061142866952078,3.989714295523507,0.3511449992656708,0.0,0.0,0.0,5.311223266646266,0.01768183894455433,0.0,0.0,0.0,0.0,0.0,0.01768183894455433,1138.0,-4.599999904632568,-0.01768183894455433,0.03954222798347473,0.9252287745475769,0.9916340112686157
23.880178451538086,178.65951538085938,6.80823278427124,0.0,0.0,0.0,0.0,0.5831068976209055,-0.0,0.0,5.167214339120047,4.095785767691476,0.3517889976501465,0.0,0.0,0.0,6.478965014219284,0.06529596447944641,0.0,0.0,0.0,0.0,0.06529596447944641,0.0,1139.0,-4.599999904632568,0.06529596447944641,0.1347319781780243,0.9848105907440186,0.999703049659729
23.92403793334961,177.98828125,6.808028697967529,0.0,0.0,0.0,0.0,0.6560779198122327,-0.0,0.0,5.238357080732073,4.166928509303501,0.34043800830841064,0.0,0.0,0.0,7.289754085242748,0.0904577448964119,0.0,0.0,0.0,0.0,0.0904577448964119,0.0,1140.0,-4.599999904632568,0.0904577448964119,0.6100966930389404,0.9976761341094971,0.9999865293502808
23.988365173339844,177.31704711914062,6.807824611663818,0.0,0.0,0.0,0.0,0.46283826091945185,-0.0,0.0,5.292428507123675,4.220999935695103,0.35224100947380066,0.0,0.0,2.4888601303100586,5.142646934848599,0.04140950366854668,0.0,0.0,0.0,0.0,0.0,0.04140950366854668,1141.0,2.4888601303100586,-0.04140950366854668,0.9296654462814331,0.9997354745864868,0.9999990463256836
23.98161506652832,179.9979248046875,9.296405792236328,0.0,0.0,0.0,0.0,0.6338961642235822,-0.0,0.0,5.3262857164655415,4.25485714503697,0.36559998989105225,0.0,0.0,0.4907507598400116,7.043290153844937,0.03139371797442436,0.0,0.0,0.0,0.0,0.03139371797442436,0.0,1142.0,0.4907507598400116,0.03139371797442436,0.9787126779556274,0.9999924898147583,0.9999998807907104
23.99994659423828,171.8033447265625,9.786863327026367,0.0,0.0,0.0,0.0,0.6092673704563412,-0.0,0.0,5.348571450369699,4.277142878941127,0.3500570058822632,0.0,0.0,0.14226670563220978,6.769636911512487,0.10808593549028428,0.0,0.0,0.0,0.0,0.0,0.10808593549028428,1143.0,0.14226670563220978,-0.10808593779802322,0.9929099678993225,0.9999994039535522,1.0
23.993196487426758,179.99807739257812,9.928832054138184,0.0,0.0,0.0,0.0,0.5320993674786855,-0.0,0.0,5.3617856979370115,4.29035712650844,0.36090201139450073,0.0,0.0,0.0,5.912214724346995,0.016833337023854256,0.0,0.0,0.0,0.0,0.016833337023854256,0.0,1144.0,0.00670095207169652,0.016833337023854256,0.9935503005981445,0.9999998807907104,1.0
23.999984741210938,179.32684326171875,9.928534507751465,0.0,0.0,0.0,0.0,0.39481483694940667,-0.0,0.0,5.349428531101772,4.277999959673201,0.35043901205062866,0.0,0.0,0.037403542548418045,4.3868311730260485,0.016362898035307324,0.0,0.0,0.0,0.0,0.0,0.016362898035307324,1145.0,0.037403542548418045,-0.01636289805173874,0.996590793132782,0.9999999403953552,1.0
23.993234634399414,179.99807739257812,9.965639114379883,0.0,0.0,0.0,0.0,0.24206782309029984,-0.0,0.0,5.297857093811035,4.226428522382464,0.42738398909568787,0.0,0.0,0.02982660010457039,2.6896422650275427,0.01698845983797756,0.0,0.0,0.0,0.0,0.01698845983797756,0.0,1146.0,0.02982660010457039,0.01698845997452736,0.9995435476303101,0.9999998211860657,1.0
23.999984741210938,179.32684326171875,9.995165824890137,0.0,0.0,0.0,0.0,0.07307542624379718,-0.0,0.0,5.207642909458706,4.136214338030134,0.5543270111083984,0.0,0.0,0.0,0.8119491159587158,0.016923803123925885,0.0,0.0,0.0,0.0,0.0,0.016923803123925885,1147.0,0.003988702315837145,-0.016923803836107254,0.999912440776825,0.9999895095825195,1.0
23.993234634399414,179.99807739257812,9.994866371154785,0.0,0.0,0.0,0.0,0.0,-0.0,0.0,5.068642834254673,3.997214262826102,0.41990000009536743,0.08509200811386108,0.0,0.0,0.0,0.0,0.0,0.0,0.0,0.0,0.0,0.0,1148.0,-4.599999904632568,-0.008756160736083984,0.9996238946914673,0.9970715641975403,1.0
23.98648452758789,179.32684326171875,9.907740592956543,0.0,0.0,0.0,0.0,0.0,-0.0,0.0,4.944857134137835,3.8734285627092633,0.0,0.4278999865055084,0.0,0.0,0.0,0.0,0.0,0.0,0.018071968025717172,0.0,0.0,0.018071968025717172,1149.0,-4.599999904632568,-0.018071968108415604,0.992404580116272,0.8594327569007874,1.0
23.979734420776367,179.99807739257812,9.452383995056152,0.0,0.0,0.0,0.0,0.0,-0.0,0.0,4.909357152666364,3.837928581237793,0.0,0.4082370102405548,0.0,0.0,0.0,0.0,0.0,0.0,0.0,0.0,0.0,0.0,1150.0,-4.599999904632568,-0.009119567461311817,0.8861583471298218,0.29953882098197937,1.0
23.972984313964844,179.32684326171875,9.035544395446777,0.0,0.0,0.0,0.0,0.0,-0.0,0.0,4.887857110159738,3.8164285387311665,0.0,0.4089680016040802,0.0,0.0,0.0,0.0,0.0,0.0,0.018341880291700363,0.0,0.0,0.018341880291700363,1151.0,-4.599999904632568,-0.018341880291700363,0.40922853350639343,0.10205745697021484,1.0
23.96623420715332,179.99807739257812,8.59925651550293,0.0,0.0,0.0,0.0,0.0,-0.0,0.0,4.868285669599261,3.796857098170689,0.0,0.33440399169921875,0.0,0.0,0.0,0.0,0.0,0.0,0.0,0.0,0.0,0.0,1152.0,-4.599999904632568,-0.009218215942382812,0.025987297296524048,0.0570828914642334,1.0
23.959484100341797,179.32684326171875,8.257780075073242,0.0,0.0,0.0,0.0,0.0,-0.0,0.0,4.851428522382464,3.779999950953892,0.0,0.24729099869728088,0.0,0.0,0.0,0.0,0.0,0.0,0.018518644985039388,0.0,0.0,0.018518644985039388,1153.0,-4.599999904632568,-0.01851864531636238,0.0012305080890655518,0.0761721134185791,1.0
23.952733993530273,179.99807739257812,7.986306190490723,0.0,0.0,0.0,0.0,0.0,-0.0,0.0,4.842571476527622,3.7711429050990515,0.0,0.21376900374889374,0.0,0.0,0.0,0.0,0.0,0.0,0.0,0.0,0.0,0.0,1154.0,-4.599999904632568,-0.009280860424041748,0.0005106627941131592,0.0626169741153717,0.9999999403953552
23.94598388671875,179.32684326171875,7.767941474914551,0.0,0.0,0.0,0.0,0.0,-0.0,0.0,4.837285668509347,3.7658570970807754,0.0,0.1956239938735962,0.0,0.0,0.0,0.0,0.0,0.0,0.01858776994049549,0.0,0.0,0.01858776994049549,1155.0,-4.599999904632568,-0.01858776994049549,0.00012999773025512695,0.18815326690673828,0.9999998211860657
23.939233779907227,179.998046875,7.549131870269775,0.0,0.0,0.0,0.0,0.0,-0.0,0.0,4.836928585597446,3.7655000141688757,0.0,0.1819709986448288,0.0,0.0,0.0,0.0,0.0,0.0,0.0,0.0,0.0,0.0,1156.0,-4.599999904632568,-0.009293712675571442,7.480382919311523e-5,0.47581034898757935,0.9999992251396179
23.932479858398438,179.32681274414062,7.363226413726807,0.0,0.0,0.0,0.0,0.0,-0.0,0.0,4.839499964032854,3.768071392604283,0.0,0.17693200707435608,0.0,0.0,0.0,0.0,0.0,0.0,0.018544118851423264,0.0,0.0,0.018544118851423264,1157.0,-4.599999904632568,-0.018544118851423264,0.0002097785472869873,0.8594084978103638,0.9999848008155823
23.7408504486084,179.9956512451172,7.163546085357666,0.0,0.0,0.0,0.0,0.0,-0.0,0.0,4.847428539821079,3.7759999683925085,0.0,0.18440499901771545,0.0,0.0,0.0,0.0,0.0,0.0,0.0,0.0,0.0,0.0,1158.0,-4.599999904632568,0.0,0.000774383544921875,0.7005053162574768,0.9999576210975647
23.734079360961914,179.3244171142578,6.975168704986572,0.0,0.0,0.0,0.0,0.010223922256791326,-0.0,0.0,4.899285670689174,3.8278570992606027,0.20914900302886963,0.0,0.0,0.0,0.1135991271585226,0.014501864090561867,0.0,0.0,0.0,0.0,0.0,0.014501864090561867,1159.0,-4.599999904632568,-0.014501864090561867,0.012521564960479736,0.7231488227844238,0.9982481002807617
23.725255966186523,179.7177734375,6.974959373474121,0.0,0.0,0.0,0.0,-0.015191710598934094,-0.0,0.0,4.961071368626186,3.8896427971976144,1.1133999824523926,0.0,0.05063903331756592,0.0,0.0,0.0,0.0,0.0,0.0,0.0,0.0,0.0,1160.0,0.007961034774780273,0.0,0.7869446277618408,0.424629271030426,0.5617817640304565
23.718502044677734,145.9698944091797,6.97475004196167,0.0,0.0,0.0,0.0,0.19293182475819692,-0.0,0.0,5.058714267185756,3.9872856957571847,0.34531301259994507,0.0,0.0,0.0,2.1436867713928223,0.0,0.0,0.0,0.0,0.0,0.0,0.0,1161.0,-4.599999904632568,0.0,0.43423908948898315,0.31528523564338684,0.4715166389942169
23.711750030517578,145.2986602783203,6.974540710449219,0.0,0.0,0.0,0.0,0.2531097824859434,-0.0,0.0,5.171000017438616,4.099571446010044,0.3511449992656708,0.0,0.0,0.0,2.8123306930065155,0.36292412877082825,0.0,0.0,0.0,0.0,0.0,0.36292412877082825,1162.0,-4.599999904632568,-0.36292412877082825,0.05024462938308716,0.6819680333137512,0.9085009694099426
23.704999923706055,165.3582305908203,6.974331378936768,0.0,0.0,0.0,0.0,0.3416250755190893,-0.0,0.0,5.236071395874023,4.164642824445452,0.3517889976501465,0.0,0.0,0.0,3.795833870768547,0.18532676994800568,0.0,0.0,0.0,0.0,0.0,0.18532676994800568,1163.0,-4.599999904632568,-0.18532676994800568,0.005522221326828003,0.9782911539077759,0.9968180060386658
23.69824981689453,179.48895263671875,6.974122047424316,0.0,0.0,0.0,0.0,0.46795349174368095,-0.0,0.0,5.277785655430385,4.206357084001814,0.34043800830841064,0.0,0.0,0.0,5.199482828378677,0.37952908873558044,0.0,0.0,0.0,0.0,0.37952908873558044,0.0,1164.0,-4.599999904632568,0.37952908873558044,0.031728267669677734,0.9983952045440674,0.9999451637268066
23.991960525512695,178.81771850585938,6.973913192749023,0.0,0.0,0.0,0.0,0.5441738903859343,-0.0,0.0,5.3017142977033345,4.230285726274763,0.35224100947380066,0.0,0.0,0.0,6.046376079320908,0.1449829638004303,0.0,0.0,0.0,0.0,0.0,0.1449829638004303,1165.0,-4.599999904632568,-0.1449829638004303,0.3136754035949707,0.9997798204421997,0.9999979138374329
23.985210418701172,179.99774169921875,6.9737043380737305,0.0,0.0,0.0,0.0,0.4698844714991803,-0.0,0.0,5.29457141331264,4.2231428418840675,0.36559998989105225,0.0,0.0,0.0,5.22093815729022,0.027011442929506302,0.0,0.0,0.0,0.0,0.027011442929506302,0.0,1166.0,-4.599999904632568,0.027011442929506302,0.3482598066329956,0.9999854564666748,0.9999998807907104
23.99991226196289,170.57603454589844,6.9734954833984375,0.0,0.0,0.0,0.0,0.25393560520296016,-0.0,0.0,5.2440713609967915,4.17264278956822,0.3500570058822632,0.0,0.0,0.0,2.8215065002441406,0.30258655548095703,0.0,0.0,0.0,0.0,0.0,0.30258655548095703,1167.0,-4.599999904632568,-0.30258655548095703,0.2862337827682495,0.9999978542327881,1.0
23.993162155151367,179.99807739257812,6.9732866287231445,0.0,0.0,0.0,0.0,0.11640889353007933,-0.0,0.0,5.180142893110003,4.108714321681431,0.36090201139450073,0.0,0.0,0.19850201904773712,1.2934320475414691,0.017462875694036484,0.0,0.0,0.0,0.0,0.017462875694036484,0.0,1168.0,0.19850201904773712,0.017462875694036484,0.7171758413314819,0.9999990463256836,1.0
23.999980926513672,179.32684326171875,7.171573638916016,0.0,0.0,0.0,0.0,0.0,-0.0,0.0,5.160928535461426,4.089499964032854,0.35043901205062866,0.0,0.0,0.8074429850968627,0.0,0.1860397309064865,0.0,0.0,0.0,0.0,0.0,0.1860397309064865,1169.0,1.0815610885620117,-0.1860397309064865,0.9873669147491455,0.9999958276748657,1.0
23.99323081970215,179.99807739257812,7.9787774085998535,0.0,0.0,0.0,0.0,0.0,-0.0,0.0,5.170714323861258,4.099285752432687,0.44839200377464294,0.0,0.0,0.44667456468063094,0.0,0.01731766015291214,0.0,0.0,0.0,0.0,0.01731766015291214,0.0,1170.0,0.5216079950332642,0.01731766015291214,0.9983856081962585,0.9999855756759644,1.0
23.99991226196289,172.0059814453125,8.425199508666992,0.0,0.0,0.0,0.0,0.0,-0.0,0.0,5.1542856488909035,4.082857077462332,0.41040000319480896,0.20447400212287903,0.0,0.0,0.0,0.0,0.0,0.0,0.23740041255950928,0.0,0.0,0.23740041255950928,1171.0,-4.599999904632568,-0.23740041255950928,0.9997807741165161,0.9997328519821167,1.0
23.993162155151367,179.99807739257812,7.9740681648254395,0.0,0.0,0.0,0.0,0.0,-0.0,0.0,5.114928599766323,4.043500028337752,0.11495000123977661,0.3900420069694519,0.0,0.0,0.0,0.0,0.0,0.0,0.0,0.0,0.0,0.0,1172.0,-4.599999904632568,-0.008655929006636143,0.9961651563644409,0.9693939685821533,1.0
23.986412048339844,179.32684326171875,7.575839042663574,0.0,0.0,0.0,0.0,0.0,-0.0,0.0,5.061857169015067,3.9904285975864955,0.0,0.4278999865055084,0.0,0.0,0.0,0.0,0.0,0.0,0.017542093992233276,0.0,0.0,0.017542093992233276,1173.0,-4.599999904632568,-0.017542093992233276,0.8742243051528931,0.4731776714324951,1.0
23.97966194152832,179.99807739257812,7.121092796325684,0.0,0.0,0.0,0.0,0.0,-0.0,0.0,5.040571430751255,3.969142859322684,0.0,0.4082370102405548,0.0,0.0,0.0,0.0,0.0,0.0,0.0,0.0,0.0,0.0,1174.0,-4.599999904632568,-0.008817886933684349,0.26444900035858154,0.06569981575012207,0.9999999403953552
23.972911834716797,179.32684326171875,6.7043232917785645,0.0,0.0,0.0,0.0,0.0,-0.0,0.0,5.0148571014404295,3.9434285300118583,0.0,0.4089680016040802,0.0,0.0,0.0,0.0,0.0,0.0,0.017747538164258003,0.0,0.0,0.017747538164258003,1175.0,-4.599999904632568,-0.017747538164258003,0.02741307020187378,0.024314701557159424,0.9999983310699463
23.966161727905273,179.997802734375,6.268711566925049,0.0,0.0,0.0,0.0,0.0,-0.0,0.0,4.97978572845459,3.9083571570260185,0.0,0.33440399169921875,0.0,0.0,0.0,0.0,0.0,0.0,0.0,0.0,0.0,0.0,1176.0,-4.599999904632568,0.0,0.9777975678443909,0.2849752902984619,0.9999819397926331
23.95941162109375,126.60868835449219,5.927305221557617,0.0,0.0,0.0,0.0,0.0,-0.0,0.0,4.943928527832031,3.87249995640346,0.0,0.24729099869728088,0.0,0.0,0.0,0.0,0.0,0.0,0.7279127836227417,0.0,0.0,0.7279127836227417,1177.0,-4.599999904632568,-0.7279127836227417,0.0022525787353515625,0.03408202528953552,0.9999945163726807
23.952661514282227,179.9971923828125,4.932051658630371,0.0,0.0,0.0,0.0,0.0,-0.0,0.0,4.911500058855329,3.8400714874267576,0.0,0.21376900374889374,0.0,0.0,0.0,0.0,0.0,0.0,0.0,0.0,0.0,0.0,1178.0,-4.599999904632568,0.0,8.13603401184082e-6,0.06847816705703735,0.9996713399887085
23.945911407470703,179.32595825195312,4.713778495788574,0.0,0.0,0.0,0.0,0.0,-0.0,0.0,4.883428519112723,3.8119999476841517,0.0,0.1956239938735962,0.0,0.0,0.0,0.0,0.0,0.0,0.017582368105649948,0.0,0.0,0.017582368105649948,1179.0,-4.599999904632568,-0.017582368105649948,3.844499588012695e-6,0.21165066957473755,0.9996377229690552
23.93916130065918,179.9401092529297,4.496086120605469,0.0,0.0,0.0,0.0,0.0,-0.0,0.0,4.865785680498395,3.794357109069824,0.0,0.1819709986448288,0.0,0.0,0.0,0.0,0.0,0.0,0.0,0.0,0.0,0.0,1180.0,-4.495951175689697,-0.009506743401288986,4.202127456665039e-6,0.4970124363899231,0.9997661113739014
23.932411193847656,179.2688751220703,4.310272216796875,0.0,0.0,0.0,0.0,0.0,-0.0,0.0,4.852714347839355,3.781285776410784,0.0,0.17693200707435608,0.0,0.0,0.0,0.0,0.0,0.0,0.01883828081190586,0.0,0.0,0.01883828081190586,1181.0,-4.310142993927002,-0.01883828081190586,8.940696716308594e-6,0.6313462257385254,0.9997854232788086
23.925661087036133,179.9637451171875,4.1103835105896,0.0,0.0,0.0,0.0,0.0,-0.0,0.0,4.843071474347796,3.771642902919224,0.0,0.19133099913597107,0.0,0.0,0.0,0.0,0.0,0.0,0.0,0.0,0.0,0.0,1182.0,-4.110260486602783,0.0,5.879998207092285e-5,0.8826578855514526,0.9989423155784607
23.736093521118164,179.29251098632812,3.9150304794311523,0.0,0.0,0.0,0.0,0.0061425890439819235,-0.0,0.0,4.865928595406668,3.794500023978097,0.20914900302886963,0.0,0.0,0.0,0.06825098395347595,0.0,0.0,0.0,0.0,0.0,0.0,0.0,1183.0,-3.9149131774902344,0.0,0.00864499807357788,0.6897727847099304,0.9939805269241333
23.728307723999023,163.8750762939453,3.9149131774902344,0.0,0.0,0.0,0.0,0.0,-0.0,0.0,4.925714302062988,3.854285730634417,0.3046970069408417,0.0,0.0,0.6547409328098865,0.0,0.0,0.0,0.0,0.0,0.0,0.0,0.0,1184.0,0.7193030118942261,0.0,0.7579220533370972,0.465156614780426,0.8833508491516113
23.7215576171875,122.13069915771484,4.569517135620117,0.0,0.0,0.0,0.0,0.02221352830046136,-0.0,0.0,4.995999962942941,3.9245713915143696,0.34531301259994507,0.0,0.0,1.2435417175292969,0.2468169615009872,0.0,0.0,0.0,0.0,0.0,0.0,0.0,1185.0,1.2435417175292969,0.0,0.5813028812408447,0.07629236578941345,0.2643251419067383
23.714807510375977,121.45947265625,5.81288480758667,0.0,0.0,0.0,0.0,0.1148584647860891,-0.0,0.0,4.976214218139648,3.904785646711077,0.3511449992656708,0.0,0.0,0.0,1.276205062866211,0.0,0.0,0.0,0.0,0.0,0.0,0.0,1186.0,-4.599999904632568,0.0,0.2970954179763794,0.32290202379226685,0.5615745186805725
23.708057403564453,112.3425064086914,5.812710762023926,0.0,0.0,0.0,0.0,0.06692463393407105,-0.0,0.0,4.866428593226841,3.7950000217982702,0.3517889976501465,0.0,0.0,0.0,0.7436069846153259,0.5642539858818054,0.0,0.0,0.0,0.0,0.0,0.5642539858818054,1187.0,-4.599999904632568,-0.5642539858818054,0.09034651517868042,0.703956127166748,0.8296241760253906
23.70130729675293,152.7379608154297,5.812536716461182,0.0,0.0,0.0,0.0,0.12089980579613038,-0.0,0.0,4.733928557804653,3.662500054495675,0.34043800830841064,0.0,0.0,0.0,1.3433310687541962,0.3900810778141022,0.0,0.0,0.0,0.0,0.0,0.3900810778141022,1188.0,-4.599999904632568,-0.3900810778141022,0.009075254201889038,0.9908918142318726,0.9966732263565063
23.694557189941406,179.46578979492188,5.8123626708984375,0.0,0.0,0.0,0.0,0.12352384595265695,-0.0,0.0,4.570214353288923,3.4987857818603514,0.35224100947380066,0.0,0.0,0.0,1.3724870681762695,0.45362186431884766,0.0,0.0,0.0,0.0,0.45362186431884766,0.0,1189.0,-4.599999904632568,0.45362186431884766,0.005239218473434448,0.9997590780258179,0.9999364614486694
23.998779296875,178.7945556640625,5.812188625335693,0.0,0.0,0.0,0.0,0.12403272005182207,-0.0,0.0,4.46242858341762,3.3910001482282364,0.36559998989105225,0.0,0.0,0.0,1.3781412243843079,0.25030869245529175,0.0,0.0,0.0,0.0,0.0,0.25030869245529175,1190.0,-4.599999904632568,-0.25030869245529175,0.024005502462387085,0.999981701374054,0.9999984502792358
23.992029190063477,179.99783325195312,5.812014579772949,0.0,0.0,0.0,0.0,0.12329809446021614,-0.0,0.0,4.399999972752163,3.328571537562779,0.3500570058822632,0.0,0.0,0.0,1.3699787184596062,0.022264190018177032,0.0,0.0,0.0,0.0,0.022264190018177032,0.0,1191.0,-4.599999904632568,0.022264190018177032,0.10778388381004333,0.9999977350234985,0.9999998807907104
23.99997329711914,179.32659912109375,5.811840534210205,0.0,0.0,0.0,0.0,0.055335552304522195,-0.0,0.0,4.356214196341378,3.2847856249128067,0.36090201139450073,0.0,0.0,0.5273813605308533,0.6148394211871986,0.021314391866326332,0.0,0.0,0.0,0.0,0.0,0.021314391866326332,1192.0,0.5273813605308533,-0.021314391866326332,0.6339191794395447,0.9999987483024597,1.0
23.993223190307617,179.99807739257812,6.33903169631958,0.0,0.0,0.0,0.0,0.0,-0.0,0.0,4.3212857382638115,3.24985716683524,0.35043901205062866,0.0,0.0,0.7115385977827984,0.0,0.020751193165779114,0.0,0.0,0.0,0.0,0.020751193165779114,0.0,1193.0,0.8045609593391418,0.020751193165779114,0.9898455142974854,0.9999879002571106,1.0
23.999923706054688,134.77020263671875,7.050358772277832,0.0,0.0,0.0,0.0,-0.15618133942858367,-0.0,0.0,4.292500032697405,3.2210714612688336,0.42738398909568787,0.0,0.0,0.0,0.0,0.2224160134792328,0.5206044440749836,0.0,0.0,0.0,0.0,0.7430204575542164,1194.0,0.2566160261631012,-0.7430204749107361,0.9993478059768677,0.9999762773513794,1.0
23.993173599243164,179.9980926513672,7.050147533416748,0.0,0.0,0.0,0.0,0.0,-0.0,0.0,4.2757856641496925,3.204357092721122,0.2916499972343445,0.26267701387405396,0.0,0.0,0.0,0.0,0.0,0.0,0.01969919353723526,0.0,0.01969919353723526,0.0,1195.0,-4.599999904632568,0.01969919353723526,0.9969032406806946,0.9998143911361694,1.0
23.99905776977539,179.3268585205078,6.761806011199951,0.0,0.0,0.0,0.0,0.0,-0.0,0.0,4.260642950875418,3.189214379446847,0.05224999785423279,0.7090350389480591,0.0,0.0,0.0,0.0,0.0,0.0,0.33700302243232727,0.0,0.0,0.33700302243232727,1196.0,-4.599999904632568,-0.33700302243232727,0.9980952739715576,0.9990429878234863,0.9999998807907104
23.992307662963867,179.99806213378906,5.694249629974365,0.0,0.0,0.0,0.0,0.0,-0.0,0.0,4.254428536551339,3.1829999651227676,0.0,0.4278999865055084,0.0,0.0,0.0,0.0,0.0,0.0,0.22440098226070404,0.0,0.0,0.22440098226070404,1197.0,-4.599999904632568,-0.22440098226070404,0.6447946429252625,0.6508690118789673,0.9999984502792358
23.985557556152344,179.99783325195312,5.0284857749938965,0.0,0.0,0.0,0.0,0.0,-0.0,0.0,4.252999932425363,3.181571360996791,0.0,0.4082370102405548,0.0,0.0,0.0,0.0,0.0,0.0,0.0,0.0,0.0,0.0,1198.0,-4.599999904632568,0.0,0.012305349111557007,0.13408303260803223,0.9999122023582458
23.97880744934082,179.32659912109375,4.61177921295166,0.0,0.0,0.0,0.0,0.0,-0.0,0.0,4.241857201712472,3.1704286302839004,0.0,0.4089680016040802,0.0,0.0,0.0,0.0,0.0,0.0,0.01637343131005764,0.0,0.0,0.01637343131005764,1199.0,-4.599999904632568,-0.01637343131005764,0.0009261071681976318,0.1173146665096283,0.9978301525115967
23.972057342529297,179.65090942382812,4.1776323318481445,0.0,0.0,0.0,0.0,0.0,-0.0,0.0,4.225071443830218,3.153642872401646,0.0,0.33440399169921875,0.0,0.0,0.0,0.0,0.0,0.0,0.0,0.0,0.0,0.0,1200.0,-4.177506923675537,0.0,3.49879264831543e-5,0.11677780747413635,0.9870104193687439
23.965307235717773,178.97967529296875,3.8362886905670166,0.0,0.0,0.0,0.0,0.0,-0.0,0.0,4.2099285943167555,3.1384998866489955,0.0,0.24729099869728088,0.0,0.0,0.0,0.0,0.0,0.0,0.0,0.0,0.0,0.0,1201.0,-3.8361737728118896,0.0,2.8908252716064453e-6,0.17871761322021484,0.9863545894622803
23.95855712890625,178.30844116210938,3.583843469619751,0.0,0.0,0.0,0.0,0.0,-0.0,0.0,4.198428508213588,3.1269999367850168,0.0,0.21376900374889374,0.0,0.0,0.0,0.0,0.0,0.0,0.0,0.0,0.0,0.0,1202.0,-3.583735942840576,0.0,1.6391277313232422e-6,0.17827916145324707,0.9834277033805847
23.951807022094727,177.63720703125,3.3656108379364014,0.0,0.0,0.0,0.0,0.0,-0.0,0.0,4.192142840794155,3.1207141331263952,0.0,0.1956239938735962,0.0,0.0,0.0,0.0,0.0,0.0,0.031489454209804535,0.0,0.0,0.031489454209804535,1203.0,-3.3655099868774414,-0.031489454209804535,8.046627044677734e-7,0.3402133584022522,0.9928281307220459
23.945056915283203,178.8505859375,3.1337685585021973,0.0,0.0,0.0,0.0,0.0,-0.0,0.0,4.1887142453874855,3.1172858101981027,0.0,0.1819709986448288,0.0,0.0,0.0,0.0,0.0,0.0,0.025241220369935036,0.0,0.0,0.025241220369935036,1204.0,-3.1336746215820312,-0.025241220369935036,9.238719940185547e-7,0.5166096687316895,0.9980642199516296
23.93830680847168,179.6883544921875,2.9222400188446045,0.0,0.0,0.0,0.0,0.0,-0.0,0.0,4.184357179914202,3.1129286084856305,0.0,0.17693200707435608,0.0,0.0,0.0,0.0,0.0,0.0,0.013557643629610538,0.0,0.0,0.013557643629610538,1205.0,-2.922152519226074,-0.013557643629610538,1.7881393432617188e-6,0.6171513199806213,0.9989277124404907
23.931556701660156,179.82650756835938,2.727781057357788,0.0,0.0,0.0,0.0,0.0,-0.0,0.0,4.184428569248745,3.112999997820173,0.008549999445676804,0.17585499584674835,0.0,0.0,0.0,0.0,0.0,0.0,0.0,0.0,0.0,0.0,1206.0,-2.7276992797851562,0.0,7.957220077514648e-6,0.681145191192627,0.9983549118041992
23.924806594848633,179.1552734375,2.5482606887817383,0.0,0.0,0.0,0.0,0.031023091755158893,-0.0,0.0,4.213357189723423,3.141928482055664,0.20914900302886963,0.0,0.0,0.0,0.34470099210739136,0.0,0.0,0.0,0.0,0.0,0.0,0.0,1207.0,-2.548184394836426,0.0,0.0011404454708099365,0.7112173438072205,0.9845267534255981
23.91805648803711,170.9592742919922,2.548184394836426,0.0,0.0,0.0,0.0,0.1018532690885276,-0.0,0.0,4.260928508213588,3.1894999367850168,0.3046970069408417,0.0,0.0,0.0,1.1317028999328613,0.0,0.0,0.0,0.0,0.0,0.0,0.0,1208.0,-2.5481081008911133,0.0,0.09497857093811035,0.16559189558029175,0.4061751961708069
23.911304473876953,170.2880401611328,2.5481081008911133,0.0,0.0,0.0,0.0,0.21131433497383773,-0.0,0.0,4.30814288003104,3.236714172363281,0.34531301259994507,0.0,0.0,0.0,2.3479368686676025,0.0,0.0,0.0,0.0,0.0,0.0,0.0,1209.0,-2.548031806945801,0.0,0.09717243909835815,0.37667638063430786,0.4997358024120331
23.90455436706543,151.18360900878906,2.548031806945801,0.0,0.0,0.0,0.0,0.34265405010414357,-0.0,0.0,4.361142785208566,3.289714213779994,0.3511449992656708,0.0,0.0,0.0,3.8072669208049774,0.47853830456733704,0.0,0.0,0.0,0.0,0.0,0.47853830456733704,1210.0,-2.5479555130004883,-0.47853830456733704,0.012238383293151855,0.777105987071991,0.9549391269683838
23.897804260253906,172.788330078125,2.5479555130004883,0.0,0.0,0.0,0.0,0.48127103271750643,-0.0,0.0,4.406142861502511,3.3347142900739395,0.3517889976501465,0.0,0.0,0.0,5.347455494105816,0.12045527249574661,0.0,0.0,0.0,0.0,0.0,0.12045527249574661,1211.0,-2.547879219055176,-0.12045527249574661,0.04702374339103699,0.9549639225006104,0.9988906383514404
23.891054153442383,179.82058715820312,2.547879219055176,0.0,0.0,0.0,0.0,0.4578055647131499,-0.0,0.0,4.443785749162946,3.372357177734375,0.34043800830841064,0.0,0.0,1.1583521366119385,5.086728092555941,0.13109169900417328,0.0,0.0,0.0,0.0,0.13109169900417328,0.0,1212.0,1.1583521366119385,0.13109169900417328,0.37062013149261475,0.9943402409553528,0.9999649524688721
23.9716854095459,179.14935302734375,3.706120252609253,0.0,0.0,0.0,0.0,0.21770964506679572,-0.0,0.0,4.490357208251953,3.4189286368233818,0.35224100947380066,0.0,0.0,4.599999904632568,2.4189958640532074,0.1956857144832611,0.0,0.0,0.0,0.0,0.0,0.1956857144832611,1213.0,4.599999904632568,-0.1956857144832611,0.9497852325439453,0.9992807507514954,0.9999980926513672
23.964935302734375,179.99777221679688,8.30587100982666,0.0,0.0,0.0,0.0,0.547134096525116,-0.0,0.0,4.526642881120954,3.4552143096923826,0.36559998989105225,0.0,0.0,1.6610674858093262,6.0792672560311924,0.06151605769991875,0.0,0.0,0.0,0.0,0.06151605769991875,0.0,1214.0,1.6610674858093262,0.06151605769991875,0.9966908097267151,0.9999936819076538,0.9999996423721313
23.999954223632812,179.3265380859375,9.966639518737793,0.0,0.0,0.0,0.0,0.6508816827059388,-0.0,0.0,4.544357109069824,3.4729284014020645,0.40299201011657715,0.0,0.0,0.01855035498738289,7.23201812198348,0.020160618369353477,0.0,0.0,0.0,0.0,0.0,0.020160618369353477,1215.0,0.01855035498738289,-0.020160619169473648,0.9985160231590271,0.9999997019767761,1.0
23.99320411682129,179.99807739257812,9.984890937805176,0.0,0.0,0.0,0.0,0.5634610945701066,-0.0,0.0,4.539857128688267,3.468428693498884,0.36090201139450073,0.0,0.0,0.0,6.26067833100272,0.01986976470040543,0.0,0.0,0.0,0.0,0.01986976470040543,0.0,1216.0,0.003344018245115876,0.019869765266776085,0.9988205432891846,0.9999999403953552,1.0
23.999984741210938,179.32684326171875,9.984591484069824,0.0,0.0,0.0,0.0,0.4161036065849528,-0.0,0.0,4.51335710797991,3.4419285365513392,0.35043901205062866,0.0,0.0,0.0,4.6233730390667915,0.020337574183940887,0.0,0.0,0.0,0.0,0.0,0.020337574183940887,1217.0,-4.599999904632568,-0.020337574183940887,0.9982653856277466,1.0,1.0
23.993234634399414,179.99807739257812,9.984292030334473,0.0,0.0,0.0,0.0,0.2415678711477966,-0.0,0.0,4.46778564453125,3.3963570731026786,0.42738398909568787,0.0,0.0,0.011695344001054764,2.6840872438856467,0.02014475129544735,0.0,0.0,0.0,0.0,0.02014475129544735,0.0,1218.0,0.011695344001054764,0.02014475129544735,0.9995957612991333,0.9999998807907104,1.0
23.999984741210938,171.8046112060547,9.995687484741211,0.0,0.0,0.0,0.0,0.07384763328778854,-0.0,0.0,4.409000069754464,3.3375714983258926,0.5543270111083984,0.0,0.0,0.0,0.8205291935434031,0.13849380526641128,0.0,0.0,0.0,0.0,0.0,0.13849380526641128,1219.0,0.0036654064897447824,-0.13849380612373352,0.9999322891235352,0.9999985694885254,1.0
23.993234634399414,179.99807739257812,9.99538803100586,0.0,0.0,0.0,0.0,0.0,-0.0,0.0,4.334999983651297,3.263571275983538,0.38759997487068176,0.11739203333854675,0.0,0.0,0.0,0.0,0.0,0.0,0.01540568470954895,0.0,0.01540568470954895,0.0,1220.0,-4.599999904632568,0.01540568470954895,0.9998353123664856,0.9993032217025757,1.0
23.996501922607422,170.80267333984375,9.85958480834961,0.0,0.0,0.0,0.0,0.0,-0.0,0.0,4.263571412222726,3.1921427045549664,0.0,0.4278999865055084,0.0,0.0,0.0,0.0,0.0,0.0,1.6121246662929305,0.0,0.0,1.6121246662929305,1221.0,-4.599999904632568,-1.6121246814727783,0.9999967813491821,0.9949920177459717,1.0
23.9897518157959,179.99807739257812,7.777693748474121,0.0,0.0,0.0,0.0,0.0,-0.0,0.0,4.237642778669085,3.1662142072405133,0.0,1.1514149904251099,0.0,0.0,0.0,0.0,0.0,0.0,0.33704307675361633,0.0,0.0,0.33704307675361633,1222.0,-4.599999904632568,-0.33704307675361633,0.9981755018234253,0.9935110211372375,0.9999890327453613
23.983001708984375,179.99632263183594,6.258671283721924,0.0,0.0,0.0,0.0,0.0,-0.0,0.0,4.233928625924246,3.162500054495675,0.0,0.4089680016040802,0.0,0.0,0.0,0.0,0.0,0.0,0.011078090406954288,0.0,0.0,0.011078090406954288,1223.0,-4.599999904632568,-0.011078090406954288,0.009993255138397217,0.10157155990600586,0.999993085861206
23.97625160217285,179.99697875976562,5.829877853393555,0.0,0.0,0.0,0.0,0.0,-0.0,0.0,4.236071395874023,3.164642824445452,0.0,0.33440399169921875,0.0,0.0,0.0,0.0,0.0,0.0,0.0,0.0,0.0,0.0,1224.0,-4.599999904632568,0.0,0.9812406301498413,0.7916293144226074,0.9999565482139587
23.969501495361328,117.48188018798828,5.488484859466553,0.0,0.0,0.0,0.0,0.0,-0.0,0.0,4.23978568485805,3.16835697719029,0.0,0.24729099869728088,0.0,0.0,0.0,0.0,0.0,0.0,1.1590344905853271,0.0,0.0,1.1590344905853271,1225.0,-4.599999904632568,-1.1590344905853271,0.00652623176574707,0.1065564751625061,0.9999942779541016
23.962751388549805,179.99717712402344,4.053337574005127,0.0,0.0,0.0,0.0,0.0,-0.0,0.0,5.041357122148786,3.9699285507202147,0.0,0.18981599807739258,0.0,0.0,0.0,0.0,0.0,0.0,0.0,0.0,0.0,0.0,1226.0,-4.053215980529785,0.0,0.0001436471939086914,0.0989452600479126,0.13363954424858093
23.95600128173828,179.32594299316406,3.859532117843628,0.0,0.0,0.0,0.0,0.0,-0.0,0.0,5.0664285387311665,3.994999967302595,0.0,0.17299799621105194,0.0,0.0,0.0,0.0,0.0,0.0,0.0,0.0,0.0,0.0,1227.0,-3.8594164848327637,0.0,7.331371307373047e-5,0.2162797451019287,0.14452672004699707
23.949251174926758,178.6547088623047,3.6828930377960205,0.0,0.0,0.0,0.0,0.0,-0.0,0.0,5.033142852783203,3.9617142813546318,0.0,0.16041800379753113,0.0,0.0,0.0,0.0,0.0,0.0,0.0,0.0,0.0,0.0,1228.0,-3.6827826499938965,0.0,0.00023305416107177734,0.441082626581192,0.46824347972869873
23.942501068115234,170.46090698242188,3.5190956592559814,0.0,0.0,0.0,0.0,0.0,-0.0,0.0,4.9878570829118996,3.9164285114833284,0.0,0.15603700280189514,0.0,0.0,0.0,0.0,0.0,0.0,0.0,0.0,0.0,0.0,1229.0,-3.5189900398254395,0.0,0.00019550323486328125,0.5486507415771484,0.8033710718154907
23.93575096130371,169.7896728515625,3.3597733974456787,0.0,0.0,0.0,0.0,0.0,-0.0,0.0,4.951714324951172,3.8802857535226005,0.0,0.16227200627326965,0.0,0.0,0.0,0.0,0.0,0.0,0.0,0.0,0.0,0.0,1230.0,-3.359672784805298,0.0,0.000555872917175293,0.48386335372924805,0.9193143248558044
23.929000854492188,169.11843872070312,3.194093942642212,0.0,0.0,0.0,0.0,0.008893979153551945,-0.0,0.0,4.950428635733468,3.879000064304897,0.18522800505161285,0.0,0.0,0.0,0.0988219827413559,0.0,0.0,0.0,0.0,0.0,0.0,0.0,1231.0,-3.193998098373413,0.0,0.007606148719787598,0.23847639560699463,0.8678666949272156
23.922250747680664,168.44720458984375,3.193998098373413,0.0,0.0,0.0,0.0,0.0,-0.0,0.0,4.983428628104074,3.9120000566755024,0.2752330005168915,0.0,0.0,1.1304956393922225,0.0,0.0,0.0,0.0,0.0,0.0,0.0,0.0,1232.0,1.228766918182373,0.0,0.5849257111549377,0.021253526210784912,0.2885854244232178
23.91550064086914,167.77597045898438,4.324364185333252,0.0,0.0,0.0,0.0,0.28291655404699145,-0.0,0.0,5.078000014168875,4.006571442740304,0.30973300337791443,0.0,0.0,0.0,3.143517017364502,0.0,0.0,0.0,0.0,0.0,0.0,0.0,1233.0,-4.324234485626221,0.0,0.11315727233886719,0.12181311845779419,0.8034732341766357
23.908750534057617,167.104736328125,4.324234485626221,0.0,0.0,0.0,0.0,0.43797019728781156,-0.0,0.0,5.1970000403268,4.125571468898228,0.31333601474761963,0.0,0.0,0.0,4.866335138678551,0.16597868502140045,0.0,0.0,0.0,0.0,0.0,0.16597868502140045,1234.0,-4.3241047859191895,-0.16597868502140045,0.019347459077835083,0.7947410941123962,0.997298002243042
23.902000427246094,179.56576538085938,4.3241047859191895,0.0,0.0,0.0,0.0,0.5713616554589864,-0.0,0.0,5.297857093811035,4.226428522382464,0.3127540051937103,0.0,0.0,0.0,6.348462333902717,0.01348329521715641,0.0,0.0,0.0,0.0,0.0,0.01348329521715641,1235.0,-4.323975086212158,-0.01348329521715641,0.11334836483001709,0.9824353456497192,0.9999333024024963
23.89525032043457,179.98741149902344,4.323975086212158,0.0,0.0,0.0,0.0,0.4926873094330337,-0.0,0.0,5.391500009809222,4.3200714383806496,0.302280992269516,0.0,0.0,1.557535171508789,5.474303003086296,0.107744500041008,0.0,0.0,0.0,0.0,0.107744500041008,0.0,1236.0,1.557535171508789,0.107744500041008,0.5881479978561401,0.9978302717208862,0.9999963045120239
23.9891357421875,171.61363220214844,5.881333827972412,0.0,0.0,0.0,0.0,0.3479211622849586,-0.0,0.0,5.462142889840262,4.390714318411691,0.3123970031738281,0.0,0.0,3.2954654693603516,3.865790384829673,0.10754223167896271,0.0,0.0,0.0,0.0,0.0,0.10754223167896271,1237.0,3.2954654693603516,-0.10754223167896271,0.9176769256591797,0.9998574256896973,0.9999995231628418
23.995885848999023,179.9980010986328,9.17652416229248,0.002635849639773369,0.0,0.0,0.0,0.5996886935442295,-0.002635849639773369,0.0,5.497285652160644,4.425857080732073,0.32420599460601807,0.0,0.0,0.0,6.6924943923950195,0.0,0.0,0.0,0.0,0.0,0.0,0.0,1238.0,-4.599999904632568,-0.003226302331313491,0.8919950723648071,0.9999979734420776,0.9999998807907104
24.002635955810547,179.32676696777344,9.176249504089355,0.009385956451296806,0.0,0.0,0.0,0.5040609264542371,-0.009385956451296806,0.0,5.514785712105887,4.443357140677316,0.31019899249076843,0.0,0.0,0.4735665023326874,5.704964912227158,0.015754854306578636,0.0,0.0,0.0,0.0,0.0,0.015754854306578636,1239.0,0.4735665023326874,-0.015754854306578636,0.9649785757064819,0.9999997615814209,1.0
24.00938606262207,179.99807739257812,9.649526596069336,0.016136063262820244,0.0,0.0,0.0,0.3687939628654721,-0.016136063262820244,0.0,5.501999936785016,4.430571365356445,0.36660000681877136,0.0,0.0,0.0,4.2769999504089355,0.0,0.0,0.0,0.0,0.0,0.0,0.0,1240.0,-4.599999904632568,-0.007899714633822441,0.9099880456924438,1.0,1.0
24.016136169433594,179.32684326171875,9.649237632751465,0.02288617007434368,0.0,0.0,0.0,0.21867712909661752,-0.02288617007434368,0.0,5.480142811366489,4.408714239937918,0.31014901399612427,0.0,0.0,0.17401356995105743,2.6840364441470683,0.12569956481456757,0.0,0.0,0.0,0.0,0.0,0.12569956481456757,1241.0,0.17401356995105743,-0.12569956481456757,0.982322096824646,1.0,1.0
24.022886276245117,179.99807739257812,9.822957038879395,0.02963627688586712,0.0,0.0,0.0,0.15442740528801066,-0.02963627688586712,0.0,5.458571379525321,4.387142808096749,0.37898901104927063,0.0,0.0,0.16690297424793243,2.0451518616201274,0.0,0.0,0.0,0.0,0.0,0.0,0.0,1242.0,0.16690297424793243,-0.007977914065122604,0.9989830255508423,0.9999999403953552,1.0
24.02963638305664,179.32684326171875,9.9895601272583,0.036386383697390556,0.0,0.0,0.0,0.004566172877177338,-0.036386383697390556,0.0,5.4365714754377095,4.365142904009138,0.4945339858531952,0.0,0.0,0.0,0.4550283702216812,0.5466876475014023,0.0,0.0,0.0,0.0,0.0,0.5466876475014023,1243.0,0.009937722235918045,-0.546687662601471,0.9999468326568604,0.9999951124191284,1.0
24.036386489868164,179.9980926513672,9.98926067352295,0.02963648922741413,0.0,0.0,0.0,-0.022751486126780296,-0.02963648922741413,0.0,5.353928511483328,4.282499940054757,0.4469499886035919,0.0,0.0,0.0,0.07650002837181091,0.0,0.0,0.0,0.0,0.0,0.0,0.0,1244.0,0.009829003363847733,-0.008172668516635895,0.9999059438705444,0.999969482421875,1.0
24.02963638305664,179.3268585205078,9.988961219787598,0.022886382415890694,0.0,0.0,0.0,-0.022886382415890694,-0.022886382415890694,0.0,5.261500031607492,4.19007146017892,0.0,0.3757930099964142,0.0,0.0,0.0,0.0,0.0,0.0,0.13361363112926483,0.0,0.0,0.13361363112926483,1245.0,-4.599999904632568,-0.13361363112926483,0.999543309211731,0.9986362457275391,1.0
24.022886276245117,179.99807739257812,9.46887493133545,0.016136275604367256,0.0,0.0,0.0,-0.016136275604367256,-0.016136275604367256,0.0,5.3079285757882255,4.2365000043596535,0.0,0.3578689992427826,0.0,0.0,0.0,0.0,0.0,0.0,0.0,0.0,0.0,0.0,1246.0,-4.599999904632568,-0.008261595852673054,0.9805053472518921,0.9299997091293335,1.0
24.016136169433594,179.32684326171875,9.103429794311523,0.009386168792843819,0.0,0.0,0.0,-0.009386168792843819,-0.009386168792843819,0.0,5.293857111249651,4.222428539821079,0.0,0.3620469868183136,0.0,0.0,0.0,0.0,0.0,0.0,0.9191429018974304,0.0,0.0,0.9191429018974304,1247.0,-4.599999904632568,-0.9191429018974304,0.9999186396598816,0.909417986869812,0.9999992847442627
24.00938606262207,179.99795532226562,7.795859336853027,0.002636061981320381,0.0,0.0,0.0,-0.002636061981320381,-0.002636061981320381,0.0,5.194857134137835,4.123428562709263,0.0,0.3013469874858856,0.0,0.0,0.0,0.0,0.0,0.0,0.0,0.0,0.0,0.0,1248.0,-4.599999904632568,0.0,0.06229308247566223,0.04362452030181885,0.9999645948410034
24.002635955810547,179.32672119140625,7.488137722015381,0.0,0.0,0.0,0.0,0.0,-0.0,0.0,5.12064288003104,4.049214308602469,0.0,0.2221280038356781,0.0,0.0,0.0,0.0,0.0,0.0,0.016926268115639687,0.0,0.0,0.016926268115639687,1249.0,-4.599999904632568,-0.016926268115639687,0.005370974540710449,0.13121604919433594,0.9998239278793335
23.995885848999023,179.96990966796875,7.243987560272217,0.0,0.0,0.0,0.0,0.0,-0.0,0.0,5.070214353288923,3.9987857818603514,0.0,0.18981599807739258,0.0,0.0,0.0,0.0,0.0,0.0,0.0,0.0,0.0,0.0,1250.0,-4.599999904632568,0.0,0.00261572003364563,0.13309812545776367,0.9997482299804688
23.9891357421875,179.29867553710938,7.050086498260498,0.0,0.0,0.0,0.0,0.0,-0.0,0.0,5.044500023978097,3.973071452549526,0.0,0.17299799621105194,0.0,0.0,0.0,0.0,0.0,0.0,0.015706263482570648,0.0,0.0,0.015706263482570648,1251.0,-4.599999904632568,-0.015706263482570648,0.0009727776050567627,0.4634492099285126,0.9989132285118103
23.982385635375977,179.82418823242188,6.857325553894043,0.0,0.0,0.0,0.0,0.0,-0.0,0.0,5.029642868041992,3.958214296613421,0.0,0.16041800379753113,0.0,0.0,0.0,0.0,0.0,0.0,0.0,0.0,0.0,0.0,1252.0,-4.599999904632568,0.0,0.0006170570850372314,0.829907238483429,0.9973741173744202
23.975635528564453,179.1529541015625,6.693432807922363,0.0,0.0,0.0,0.0,0.0,-0.0,0.0,4.996999958583286,3.925571387154715,0.0,0.15603700280189514,0.0,0.0,0.0,0.0,0.0,0.0,0.0,0.0,0.0,0.0,1253.0,-4.599999904632568,0.0,0.0008414685726165771,0.8144815564155579,0.9941625595092773
23.96888542175293,178.48171997070312,6.534015655517578,0.0,0.0,0.0,0.0,0.0,-0.0,0.0,4.970214244297573,3.898785672869001,0.05130000039935112,0.11097200214862823,0.0,0.0,0.0,0.0,0.0,0.0,0.0,0.0,0.0,0.0,1254.0,-4.599999904632568,0.0,0.004263192415237427,0.7655746936798096,0.9850596189498901
23.962135314941406,177.81048583984375,6.420586585998535,0.0,0.0,0.0,0.0,0.05284098627892996,-0.0,0.0,5.036214229038784,3.964785657610212,0.18522800505161285,0.0,0.0,0.0,0.5871220231056213,0.0,0.0,0.0,0.0,0.0,0.0,0.0,1255.0,-4.599999904632568,0.0,0.11061641573905945,0.3659922480583191,0.7442804574966431
23.955385208129883,177.13925170898438,6.420393943786621,0.0,0.0,0.0,0.0,0.0,-0.0,0.0,5.109000015258789,4.037571443830218,0.2752330005168915,0.0,0.0,1.7933677164071469,0.0,0.0,0.0,0.0,0.0,0.0,0.0,0.0,1256.0,1.9407670497894287,0.0,0.8381451368331909,0.04816937446594238,0.22645273804664612
23.94863510131836,176.468017578125,8.213515281677246,0.0,0.0,0.0,0.0,0.2545305621250905,-0.0,0.0,5.20514292035784,4.133714348929269,0.30973300337791443,0.0,0.0,0.0,2.8281171321868896,0.0,0.0,0.0,0.0,0.0,0.0,0.0,1257.0,-4.599999904632568,0.0,0.22378718852996826,0.39807194471359253,0.6312675476074219
23.941884994506836,175.79678344726562,8.213269233703613,0.0,0.0,0.0,0.0,0.20854927766714615,-0.0,0.0,5.259571429661342,4.188142858232771,0.31333601474761963,0.0,0.0,0.0,2.317214012145996,0.0,0.0,0.0,0.0,0.0,0.0,0.0,1258.0,-4.599999904632568,0.0,0.04725754261016846,0.7343916893005371,0.9165319204330444
23.935134887695312,148.88125610351562,8.21302318572998,0.0,0.0,0.0,0.0,0.13429907972010546,-0.0,0.0,5.287500054495675,4.216071483067104,0.37045198678970337,0.0,0.0,0.0,1.4922118782997131,0.5446361899375916,0.0,0.0,0.0,0.0,0.0,0.5446361899375916,1259.0,-4.599999904632568,-0.5446361899375916,0.01846897602081299,0.9442554712295532,0.9798213243484497
23.92838478088379,176.76950073242188,8.212777137756348,0.0,0.0,0.0,0.0,0.18919307286336515,-0.0,0.0,5.319071442740304,4.247642871311733,0.302280992269516,0.0,0.0,0.0,2.1021450869739056,0.04657398536801338,0.0,0.0,0.0,0.0,0.0,0.04657398536801338,1260.0,-4.599999904632568,-0.04657398536801338,0.0022742748260498047,0.9985339641571045,0.9993385076522827
23.921634674072266,179.89224243164062,8.212531089782715,0.0,0.0,0.0,0.0,0.1296003540784396,-0.0,0.0,5.334499985831124,4.263071414402553,0.3123970031738281,0.0,0.0,0.0,1.4400038197636604,0.1057991310954094,0.0,0.0,0.0,0.0,0.1057991310954094,0.0,1261.0,-4.599999904632568,0.1057991310954094,0.0024441778659820557,0.9999116659164429,0.999966025352478
23.999542236328125,179.22100830078125,8.212285041809082,0.0,0.0,0.0,0.0,0.13150689521983364,-0.0,0.0,5.3361428941999165,4.264714322771345,0.32420599460601807,0.0,0.0,0.0,1.4611876085400581,0.017706386744976044,0.0,0.0,0.0,0.0,0.0,0.017706386744976044,1262.0,-4.599999904632568,-0.017706386744976044,0.0072633326053619385,0.9999954700469971,0.9999992847442627
23.9927921295166,179.99795532226562,8.21203899383545,0.0,0.0,0.0,0.0,0.13715507146334158,-0.0,0.0,5.339571489606585,4.268142918178013,0.31019899249076843,0.0,0.0,0.0,1.5239451173692942,0.01740584336221218,0.0,0.0,0.0,0.0,0.01740584336221218,0.0,1263.0,-4.599999904632568,0.01740584336221218,0.060449302196502686,0.9999995231628418,1.0
23.999982833862305,179.32672119140625,8.211792945861816,0.0,0.0,0.0,0.0,0.12198410916077906,-0.0,0.0,5.346642848423549,4.275214276994978,0.3201960027217865,0.0,0.0,0.0,1.355378882959485,0.016375048086047173,0.0,0.0,0.0,0.0,0.0,0.016375048086047173,1264.0,-4.599999904632568,-0.016375048086047173,0.5163594484329224,0.9999998211860657,1.0
23.99323272705078,179.99807739257812,8.211546897888184,0.0,0.0,0.0,0.0,0.0,-0.0,0.0,5.362642914908273,4.291214343479702,0.31014901399612427,0.0,0.0,1.2492699978753858,0.0,0.016785595566034317,0.0,0.0,0.0,0.0,0.016785595566034317,0.0,1265.0,1.3758509159088135,0.016785595566034317,0.9679436683654785,0.9999998807907104,1.0
23.999984741210938,179.32684326171875,9.460533142089844,0.006734741851687431,0.0,0.0,0.0,0.011958211195778397,-0.006734741851687431,0.0,5.381071444920131,4.30964287349156,0.37898901104927063,0.0,0.0,0.5309824347496033,0.20769946179870535,0.016242755576968193,0.0,0.0,0.0,0.0,0.0,0.016242755576968193,1266.0,0.5309824347496033,-0.016242755576968193,0.9991486072540283,0.9999998807907104,1.0
24.00673484802246,179.99807739257812,9.991215705871582,0.013484848663210869,0.0,0.0,0.0,-0.0627443284156067,-0.013484848663210869,0.0,5.377142851693289,4.305714280264718,0.4945339858531952,0.0,0.0,0.0,0.0,0.06121596693992615,0.16419825931666682,0.0,0.0,0.0,0.0,0.22541422625659296,1267.0,0.008120018988847733,-0.2254142314195633,0.9999306201934814,0.9999990463256836,1.0
24.013484954833984,179.99807739257812,9.99091625213623,0.006734954193234444,0.0,0.0,0.0,-0.006734954193234444,-0.006734954193234444,0.0,5.359428623744419,4.288000052315848,0.11495000123977661,0.3319999873638153,0.0,0.0,0.0,0.0,0.0,0.0,0.0,0.0,0.0,0.0,1268.0,-4.599999904632568,-0.008162371814250946,0.999809980392456,0.9999279379844666,1.0
24.00673484802246,179.32684326171875,9.651851654052734,0.0,0.0,0.0,0.0,0.0,-0.0,0.0,5.352785737173898,4.281357165745327,0.0,0.3757930099964142,0.0,0.0,0.0,0.0,0.0,0.0,0.016350066289305687,0.0,0.0,0.016350066289305687,1269.0,-4.599999904632568,-0.016350066289305687,0.9978970289230347,0.9970356225967407,1.0
23.999984741210938,179.99807739257812,9.251428604125977,0.0,0.0,0.0,0.0,0.0,-0.0,0.0,5.34549993787493,4.274071366446359,0.0,0.3578689992427826,0.0,0.0,0.0,0.0,0.0,0.0,0.027299322166211802,0.0,0.0,0.027299322166211802,1270.0,-4.599999904632568,-0.027299322187900543,0.9790337085723877,0.9075532555580139,1.0
23.993234634399414,179.99807739257812,8.858134269714355,0.0,0.0,0.0,0.0,0.0,-0.0,0.0,5.324214335850307,4.252785764421736,0.0,0.3620469868183136,0.0,0.0,0.0,0.0,0.0,0.0,0.08237577229738235,0.0,0.0,0.08237577229738235,1271.0,-4.599999904632568,-0.08237577229738235,0.904718279838562,0.27242133021354675,0.9999994039535522
23.98648452758789,179.99798583984375,8.404389381408691,0.0,0.0,0.0,0.0,0.0,-0.0,0.0,5.287857137407575,4.216428565979004,0.0,0.3013469874858856,0.0,0.0,0.0,0.0,0.0,0.0,0.0,0.0,0.0,0.0,1272.0,-4.599999904632568,-0.00828771386295557,0.14839011430740356,0.052498430013656616,0.9999927282333374
23.979734420776367,179.32675170898438,8.096650123596191,0.0,0.0,0.0,0.0,0.0,-0.0,0.0,5.225500052315848,4.154071480887277,0.0,0.2221280038356781,0.0,0.0,0.0,0.0,0.0,0.0,0.016772905364632607,0.0,0.0,0.016772905364632607,1273.0,-4.599999904632568,-0.016772905364632607,0.01434028148651123,0.12033981084823608,0.9999604821205139
23.972984313964844,179.99176025390625,7.852638244628906,0.0,0.0,0.0,0.0,0.0,-0.0,0.0,5.11792858668736,4.046500015258789,0.0,0.18981599807739258,0.0,0.0,0.0,0.0,0.0,0.0,0.0,0.0,0.0,0.0,1274.0,-4.599999904632568,0.0,0.006252586841583252,0.12820059061050415,0.9999442100524902
23.96623420715332,179.32052612304688,7.658719062805176,0.0,0.0,0.0,0.0,0.0,-0.0,0.0,5.029142870221819,3.9577142987932477,0.0,0.30476298928260803,0.0,0.0,0.0,0.0,0.0,0.0,0.015137968584895134,0.0,0.0,0.015137968584895134,1275.0,-4.599999904632568,-0.015137968584895134,0.009735465049743652,0.5072734951972961,0.9987512826919556
23.959484100341797,179.79827880859375,7.3320698738098145,0.0,0.0,0.0,0.0,0.0,-0.0,0.0,4.973428535461426,3.9019999640328544,0.0,0.16041800379753113,0.0,0.0,0.0,0.0,0.0,0.0,0.0,0.0,0.0,0.0,1276.0,-4.599999904632568,-0.009550955146551132,0.00099906325340271,0.8162235617637634,0.9990230202674866
23.952733993530273,179.12704467773438,7.168163299560547,0.0,0.0,0.0,0.0,0.0,-0.0,0.0,4.926785687037876,3.855357115609305,0.0,0.15603700280189514,0.0,0.0,0.0,0.0,0.0,0.0,0.014498721808195114,0.0,0.0,0.014498721808195114,1277.0,-4.599999904632568,-0.014498721808195114,0.0011907219886779785,0.8061808347702026,0.9970608949661255
23.944936752319336,179.52781677246094,6.9939374923706055,0.0,0.0,0.0,0.0,0.0,-0.0,0.0,4.893785694667271,3.8223571232386995,0.04179999977350235,0.1204720064997673,0.0,0.0,0.0,0.0,0.0,0.0,0.0,0.0,0.0,0.0,1278.0,-4.599999904632568,0.0,0.024469703435897827,0.8688704371452332,0.9834001064300537
23.753299713134766,171.15316772460938,6.870800971984863,0.0,0.0,0.0,0.0,0.034714986460605016,-0.0,0.0,4.9145714351109095,3.8431428636823384,0.18522800505161285,0.0,0.0,0.0,0.3857220411300659,0.0,0.0,0.0,0.0,0.0,0.0,0.0,1279.0,-4.599999904632568,0.0,0.09318411350250244,0.4610503315925598,0.7820597290992737
23.744464874267578,170.48193359375,6.8705949783325195,0.0,0.0,0.0,0.0,0.003346974105598582,-0.0,0.0,4.967499950953892,3.8960713795253206,0.2752330005168915,0.0,0.0,1.7215447425842285,0.03718859821783327,0.0,0.0,0.0,0.0,0.0,0.0,0.0,1280.0,1.7215447425842285,0.0,0.8592109680175781,0.05001214146614075,0.1609012484550476
23.73458480834961,169.81069946289062,8.59188175201416,0.0,0.0,0.0,0.0,0.3344730356910241,-0.0,0.0,5.0199999945504326,3.948571423121861,0.30973300337791443,0.0,0.0,0.0,3.716366767883301,0.0,0.0,0.0,0.0,0.0,0.0,0.0,1281.0,-4.599999904632568,0.0,0.2713988423347473,0.5997487902641296,0.7277832627296448
23.725740432739258,169.13946533203125,8.59162425994873,0.0,0.0,0.0,0.0,0.41008286158902146,-0.0,0.0,5.06499993460519,3.9935713631766183,0.31333601474761963,0.0,0.0,0.0,4.556475877761841,0.8767378330230713,0.0,0.0,0.0,0.0,0.0,0.8767378330230713,1282.0,-4.599999904632568,-0.8767378330230713,0.1653168797492981,0.7971745729446411,0.993567943572998
23.71795082092285,178.96896362304688,8.5913667678833,0.0,0.0,0.0,0.0,0.5953560301696058,-0.0,0.0,5.114285687037876,4.042857115609305,0.3127540051937103,0.0,0.0,0.0,6.615066476166248,0.1126289889216423,0.0,0.0,0.0,0.0,0.1126289889216423,0.0,1283.0,-4.599999904632568,0.1126289889216423,0.2785736918449402,0.9595227837562561,0.9996554851531982
23.79759979248047,122.04801177978516,8.591109275817871,0.0,0.0,0.0,0.0,0.511041499509211,-0.0,0.0,5.16728572845459,4.0958571570260185,0.302280992269516,0.0,0.0,1.1101384162902832,5.678238432169822,0.7460361123085022,0.0,0.0,0.0,0.0,0.0,0.7460361123085022,1284.0,1.1101384162902832,-0.7460361123085022,0.9701218008995056,0.9959763288497925,0.9998754858970642
23.790328979492188,179.97816467285156,9.700957298278809,0.0,0.0,0.0,0.0,0.6852223580258939,-0.0,0.0,5.218071474347796,4.146642902919224,0.3123970031738281,0.0,0.0,0.0,7.613581150770187,0.2763219177722931,0.0,0.0,0.0,0.0,0.2763219177722931,0.0,1285.0,-4.599999904632568,0.2763219177722931,0.9677712917327881,0.9999749660491943,0.9999978542327881
23.999858856201172,179.3069305419922,9.700666427612305,0.0,0.0,0.0,0.0,0.6633683578246048,-0.0,0.0,5.261642810276577,4.1902142388480055,0.32420599460601807,0.0,0.0,0.23314614593982697,7.370758945609195,0.1487807333469391,0.0,0.0,0.0,0.0,0.0,0.1487807333469391,1286.0,0.23314614593982697,-0.1487807333469391,0.9933782815933228,0.9999960660934448,0.9999998211860657
23.99310874938965,179.998046875,9.933514595031738,0.0,0.0,0.0,0.0,0.6423072804816274,-0.0,0.0,5.300142914908273,4.228714343479702,0.31019899249076843,0.0,0.0,0.029855210334062576,7.136746993729268,0.01713947393000126,0.0,0.0,0.0,0.0,0.01713947393000126,0.0,1287.0,0.029855210334062576,0.01713947393000126,0.9963339567184448,0.9999997615814209,1.0
23.999984741210938,179.32681274414062,9.9630708694458,0.0,0.0,0.0,0.0,0.5432453436704748,-0.0,0.0,5.331214305332729,4.259785733904158,0.3201960027217865,0.0,0.0,0.01432080939412117,6.036058894413516,0.11288174981276403,0.0,0.0,0.0,0.0,0.0,0.11288174981276403,1288.0,0.01432080939412117,-0.11288174986839294,0.9977362155914307,0.9999999403953552,1.0
23.993234634399414,179.99807739257812,9.977092742919922,0.0,0.0,0.0,0.0,0.42722616821702725,-0.0,0.0,5.343428557259696,4.271999985831124,0.31014901399612427,0.0,0.0,0.0,4.746957047379377,0.016843573653338,0.0,0.0,0.0,0.0,0.016843573653338,0.0,1289.0,0.0005650112871080637,0.01684357412159443,0.9977627992630005,1.0,1.0
23.999984741210938,170.55435180664062,9.97679328918457,0.0,0.0,0.0,0.0,0.25286892751760703,-0.0,0.0,5.336999974931989,4.265571403503418,0.37898901104927063,0.0,0.0,0.01711030676960945,2.809654526904349,0.1236470565199852,0.0,0.0,0.0,0.0,0.0,0.1236470565199852,1290.0,0.01711030676960945,-0.1236470565199852,0.9993873238563538,1.0,1.0
23.993234634399414,179.99807739257812,9.993603706359863,0.0,0.0,0.0,0.0,0.09093911516367689,-0.0,0.0,5.315714236668178,4.244285665239607,0.4945339858531952,0.0,0.0,0.0,1.0104345326276198,0.016931390300236618,0.0,0.0,0.0,0.0,0.016931390300236618,0.0,1291.0,0.005476434249430895,0.01693139038980007,0.9999050498008728,0.9999997615814209,1.0
23.999984741210938,179.32684326171875,9.993304252624512,0.0,0.0,0.0,0.0,-0.3947042582422254,-0.0,0.0,5.239142908368792,4.16771433694022,0.48069998621940613,0.0,0.024468988180160522,0.0,0.0,0.0,1.2912118203467993,0.0,0.0,0.0,0.0,1.2912118203467993,1292.0,0.0008310079574584961,-1.2912118434906006,0.9999858736991882,0.993694543838501,1.0
23.993234634399414,179.99807739257812,9.99300479888916,0.0,0.0,0.0,0.0,0.0,-0.0,0.0,5.123428562709263,4.051999991280692,0.0,0.3757930099964142,0.0,0.0,0.0,0.0,0.0,0.0,0.010781418532133102,0.0,0.010781418532133102,0.0,1293.0,-4.599999904632568,0.010781418532133102,0.9997192621231079,0.998957097530365,1.0
23.994770050048828,163.2046356201172,9.59825325012207,0.0,0.0,0.0,0.0,0.0,-0.0,0.0,5.09557146344866,4.024142892020089,0.0,0.3578689992427826,0.0,0.0,0.0,0.0,0.0,0.0,0.2717063901859591,0.0,0.0,0.2717063901859591,1294.0,-4.599999904632568,-0.27170640230178833,0.996799886226654,0.969010591506958,1.0
23.988019943237305,179.99807739257812,8.955560684204102,0.0,0.0,0.0,0.0,0.0,-0.0,0.0,5.066857147216797,3.9954285757882255,0.0,0.5593230128288269,0.0,0.0,0.0,0.0,0.0,0.0,0.02394796907901764,0.0,0.0,0.02394796907901764,1295.0,-4.599999904632568,-0.02394796907901764,0.9648971557617188,0.5708631277084351,0.9999924898147583
23.98126983642578,179.9968719482422,8.360136032104492,0.0,0.0,0.0,0.0,0.0,-0.0,0.0,5.022357204982212,3.950928633553641,0.0,0.7243310213088989,0.0,0.0,0.0,0.0,0.0,0.0,0.0,0.0,0.0,0.0,1296.0,-4.599999904632568,0.0,0.9825431704521179,0.6072703003883362,0.9984469413757324
23.974519729614258,160.185546875,7.620794296264648,0.0,0.0,0.0,0.0,0.0,-0.0,0.0,4.9770714351109095,3.9056428636823384,0.0,0.2221280038356781,0.0,0.0,0.0,0.0,0.0,0.0,0.2732735276222229,0.0,0.0,0.2732735276222229,1297.0,-4.599999904632568,-0.2732735276222229,0.0255851149559021,0.14740359783172607,0.9999067783355713
23.967769622802734,179.983154296875,7.115069389343262,0.0,0.0,0.0,0.0,0.0,-0.0,0.0,4.95007141658238,3.8786428451538084,0.0,0.6098290085792542,0.0,0.0,0.0,0.0,0.0,0.0,0.0,0.0,0.0,0.0,1298.0,-4.599999904632568,0.0,0.5966572165489197,0.3284485638141632,0.9202360510826111
23.96101951599121,169.86935424804688,6.492600440979004,0.0,0.0,0.0,0.0,0.0,-0.0,0.0,4.9414285387311665,3.869999967302595,0.0,0.17299799621105194,0.0,0.0,0.0,0.0,0.0,0.0,0.09185393154621124,0.0,0.0,0.09185393154621124,1299.0,-4.599999904632568,-0.09185393154621124,0.0026990771293640137,0.7583217620849609,0.9751083254814148
23.77248191833496,176.01541137695312,6.222157001495361,0.0,0.0,0.0,0.0,0.0,-0.0,0.0,4.915071432931082,3.843642861502511,0.0,0.16041800379753113,0.0,0.0,0.0,0.0,0.0,0.0,0.019231704995036125,0.0,0.0,0.019231704995036125,1300.0,-4.599999904632568,-0.019231704995036125,0.0004969537258148193,0.7914844751358032,0.9797732830047607
23.763654708862305,176.76181030273438,6.038660049438477,0.0,0.0,0.0,0.0,0.0,-0.0,0.0,4.883285740443638,3.8118571690150667,0.0,0.15603700280189514,0.0,0.0,0.0,0.0,0.0,0.0,0.0,0.0,0.0,0.0,1301.0,-4.599999904632568,0.0,0.0008008182048797607,0.7657390832901001,0.9795204997062683
23.754823684692383,176.090576171875,5.879262447357178,0.0,0.0,0.0,0.0,0.0,-0.0,0.0,4.872285652160644,3.800857080732073,0.04085000231862068,0.12142200767993927,0.0,0.0,0.0,0.0,0.0,0.0,0.0,0.0,0.0,0.0,1302.0,-4.599999904632568,0.0,0.003821641206741333,0.7141408920288086,0.9751534461975098
23.745983123779297,175.41934204101562,5.755189895629883,0.0,0.0,0.0,0.0,0.046342980372347645,-0.0,0.0,4.936642864772251,3.86521429334368,0.18522800505161285,0.0,0.0,0.0,0.5149219632148743,0.0,0.0,0.0,0.0,0.0,0.0,0.0,1303.0,-4.599999904632568,0.0,0.07804498076438904,0.30375075340270996,0.7478344440460205
23.736122131347656,174.74810791015625,5.755017280578613,0.0,0.0,0.0,0.0,0.0,-0.0,0.0,4.999857166835239,3.9284285954066682,0.2752330005168915,0.0,0.0,1.7579895695470213,0.0,0.0,0.0,0.0,0.0,0.0,0.0,0.0,1304.0,1.9027669429779053,0.0,0.8179126977920532,0.046322762966156006,0.21668767929077148
23.7252197265625,166.55165100097656,7.512781620025635,0.0,0.0,0.0,0.0,0.08908803455734485,-0.0,0.0,5.021142905099051,3.94971433367048,0.30973300337791443,0.0,0.0,0.0,0.9898669719696045,0.0,0.0,0.0,0.0,0.0,0.0,0.0,1305.0,-4.599999904632568,0.0,0.5147168040275574,0.0894019603729248,0.17843684554100037
23.717952728271484,165.8804168701172,7.512556552886963,0.0,0.0,0.0,0.0,0.1828992893615785,-0.0,0.0,5.05735718863351,3.9859286172049386,0.31333601474761963,0.0,0.0,0.0,2.0322141647338867,0.0,0.0,0.0,0.0,0.0,0.0,0.0,1306.0,-4.599999904632568,0.0,0.06809160113334656,0.5003082156181335,0.68829345703125
23.71120262145996,165.2091827392578,7.512331485748291,0.0,0.0,0.0,0.0,0.3979129313260641,-0.0,0.0,5.126571464538574,4.055142893110003,0.3127540051937103,0.0,0.0,0.0,4.421254441142082,0.1945917159318924,0.0,0.0,0.0,0.0,0.0,0.1945917159318924,1307.0,-4.599999904632568,-0.1945917159318924,0.017538636922836304,0.9841938018798828,0.9979573488235474
23.704452514648438,179.67124938964844,7.512106418609619,0.0,0.0,0.0,0.0,0.5594464326458295,-0.0,0.0,5.186999947684152,4.115571376255581,0.302280992269516,0.0,0.0,0.0,6.216070979833603,0.3805481493473053,0.0,0.0,0.0,0.0,0.3805481493473053,0.0,1308.0,-4.599999904632568,0.3805481493473053,0.4574298560619354,0.9987605810165405,0.9999783039093018
23.99378776550293,170.6805877685547,7.511881351470947,0.0,0.0,0.0,0.0,0.47677549910987144,-0.0,0.0,5.255500057765415,4.184071486336844,0.3123970031738281,0.0,0.0,1.953059196472168,5.297505124657349,0.12448005378246307,0.0,0.0,0.0,0.0,0.0,0.12448005378246307,1309.0,1.953059196472168,-0.12448005378246307,0.9464910626411438,0.9999139308929443,0.9999988079071045
23.987037658691406,179.99789428710938,9.464656829833984,0.0,0.0,0.0,0.0,0.6307454537533191,-0.0,0.0,5.337999970572335,4.266571399143764,0.32420599460601807,0.0,0.0,0.32464835047721863,7.008282262513079,0.024588242173194885,0.0,0.0,0.0,0.0,0.024588242173194885,0.0,1310.0,0.32464835047721863,0.024588242173194885,0.9789275527000427,0.9999980926513672,0.9999998211860657
23.999975204467773,179.32666015625,9.78901195526123,0.006725205108523369,0.0,0.0,0.0,0.5246902481660234,-0.006725205108523369,0.0,5.383571434020996,4.312142862592425,0.31019899249076843,0.0,0.0,0.0,5.904615678238262,0.01623555238307588,0.0,0.0,0.0,0.0,0.0,0.01623555238307588,1311.0,-4.599999904632568,-0.016235552728176117,0.9389299750328064,0.9999998807907104,1.0
24.006725311279297,179.99807739257812,9.788718223571777,0.0,0.0,0.0,0.0,0.40915735227680783,-0.0,0.0,5.371285656520298,4.299857085091727,0.3201960027217865,0.0,0.0,0.0,4.546192441776721,0.027061189815075014,0.0,0.0,0.0,0.0,0.0,0.027061189815075014,1312.0,-4.599999904632568,-0.027061190456151962,0.9390345811843872,1.0,1.0
23.999975204467773,179.99807739257812,9.788424491882324,0.0,0.0,0.0,0.0,0.3322165470054052,-0.0,0.0,5.3444999422345845,4.273071370806013,0.31014901399612427,0.0,0.0,0.12071462720632553,3.691294673368975,0.08292823243819315,0.0,0.0,0.0,0.0,0.0,0.08292823243819315,1313.0,0.12071462720632553,-0.08292823284864426,0.9909109473228455,1.0,1.0
23.99322509765625,179.99807739257812,9.908842086791992,0.0,0.0,0.0,0.0,0.1253246711959569,-0.0,0.0,5.297214317321777,4.225785745893206,0.37898901104927063,0.0,0.0,0.08042093366384506,1.392496235956083,0.01700252440718766,0.0,0.0,0.0,0.0,0.01700252440718766,0.0,1314.0,0.08042093366384506,0.017002524808049202,0.9989233016967773,0.9999999403953552,1.0
23.999984741210938,179.32684326171875,9.98896312713623,0.0,0.0,0.0,0.0,0.016836331198267704,-0.0,0.0,5.236571393694196,4.165142822265625,0.4945339858531952,0.0,0.0,0.010083634406328201,0.1870703317804044,0.01680626094283719,0.0,0.0,0.0,0.0,0.0,0.01680626094283719,1315.0,0.010083634406328201,-0.016806261613965034,0.9999016523361206,0.9999992847442627,1.0
23.993234634399414,179.99807739257812,9.998746871948242,0.0,0.0,0.0,0.0,0.0,-0.0,0.0,5.162000056675502,4.090571485246931,0.17100000381469727,0.27594998478889465,0.0,0.0,0.0,0.0,0.0,0.0,1.2481490212252182,0.0,0.0,1.2481490212252182,1316.0,-4.599999904632568,-1.248149037361145,0.9999861717224121,0.997666597366333,1.0
23.98648452758789,179.99807739257812,8.443290710449219,0.0,0.0,0.0,0.0,0.0,-0.0,0.0,5.095642852783203,4.024214281354632,0.0,1.0196919441223145,0.0,0.0,0.0,0.0,0.0,0.0,0.979727029800415,0.0,0.0,0.979727029800415,1317.0,-4.599999904632568,-0.979727029800415,0.9995441436767578,0.9678739905357361,0.9999994039535522
23.979734420776367,179.99798583984375,6.4028754234313965,0.0,0.0,0.0,0.0,0.0,-0.0,0.0,5.0492856979370115,3.9778571265084404,0.0,0.3578689992427826,0.0,0.0,0.0,0.0,0.0,0.0,0.0,0.0,0.0,0.0,1318.0,-4.599999904632568,0.0,0.24296972155570984,0.3179188072681427,0.9999065399169922
23.972984313964844,179.32675170898438,6.037521839141846,0.0,0.0,0.0,0.0,0.0,-0.0,0.0,5.004000064304897,3.9325714928763253,0.0,0.3620469868183136,0.0,0.0,0.0,0.0,0.0,0.0,0.0,0.0,0.0,0.0,1319.0,-4.599999904632568,0.0,0.039284080266952515,0.08310237526893616,0.9957648515701294
23.96623420715332,178.655517578125,5.667916297912598,0.0,0.0,0.0,0.0,0.0,-0.0,0.0,5.002857153756278,3.9314285823277064,0.0,0.3013469874858856,0.0,0.0,0.0,0.0,0.0,0.0,0.0,0.0,0.0,0.0,1320.0,-4.599999904632568,0.0,0.004519790410995483,0.08282828330993652,0.9506406784057617
23.959484100341797,177.98428344726562,5.36025857925415,0.0,0.0,0.0,0.0,0.0,-0.0,0.0,4.988928604125976,3.917500032697405,0.0,0.2221280038356781,0.0,0.0,0.0,0.0,0.0,0.0,0.0,0.0,0.0,0.0,1321.0,-4.599999904632568,0.0,0.0005607008934020996,0.14617371559143066,0.8604393005371094
23.952733993530273,177.31304931640625,5.133443355560303,0.0,0.0,0.0,0.0,0.0,-0.0,0.0,4.97250006539481,3.9010714939662385,0.0,0.18981599807739258,0.0,0.0,0.0,0.0,0.0,0.0,0.0,0.0,0.0,0.0,1322.0,-4.599999904632568,0.0,0.001196831464767456,0.17046526074409485,0.789635419845581
23.94598388671875,168.1031951904297,4.939605236053467,0.0,0.0,0.0,0.0,0.0,-0.0,0.0,4.979000037057059,3.9075714656284877,0.0,0.17299799621105194,0.0,0.0,0.0,0.0,0.0,0.0,0.0,0.0,0.0,0.0,1323.0,-4.599999904632568,0.0,0.00020492076873779297,0.39411255717277527,0.7226508855819702
23.939233779907227,167.4319610595703,4.762933731079102,0.0,0.0,0.0,0.0,0.0,-0.0,0.0,4.975428526742117,3.9039999553135463,0.0,0.16041800379753113,0.0,0.0,0.0,0.0,0.0,0.0,0.0,0.0,0.0,0.0,1324.0,-4.599999904632568,0.0,0.00018325448036193848,0.6896845102310181,0.827983021736145
23.929378509521484,166.76072692871094,4.599103927612305,0.0,0.0,0.0,0.0,0.0,-0.0,0.0,4.96278566632952,3.8913570949009486,0.0,0.15603700280189514,0.0,0.0,0.0,0.0,0.0,0.0,0.014863889664411545,0.0,0.0,0.014863889664411545,1325.0,-4.598966121673584,-0.014863889664411545,0.0003662109375,0.727966845035553,0.9200042486190796
23.919513702392578,167.19876098632812,4.424582481384277,0.0,0.0,0.0,0.0,0.0,-0.0,0.0,4.964999961853027,3.893571390424456,0.0,0.16227200627326965,0.0,0.0,0.0,0.0,0.0,0.0,0.06659615784883499,0.0,0.0,0.06659615784883499,1326.0,-4.424449920654297,-0.06659615784883499,0.001351475715637207,0.6496233344078064,0.9468890428543091
23.90862464904785,171.5003204345703,4.19091796875,0.0,0.0,0.0,0.0,0.0,-0.0,0.0,4.985142789568219,3.9137142181396483,0.09880000352859497,0.08642800152301788,0.0,0.0,0.0,0.0,0.0,0.0,0.0,0.0,0.0,0.0,1327.0,-4.190792083740234,0.0,0.01209115982055664,0.5411134362220764,0.9057256579399109
23.716968536376953,170.82908630371094,4.102602958679199,0.0,0.0,0.0,0.0,0.04961403644991187,-0.0,0.0,5.01335710797991,3.9419285365513392,0.2752330005168915,0.0,0.0,0.0,0.5512670278549194,0.0,0.0,0.0,0.0,0.0,0.0,0.0,1328.0,-4.102479934692383,0.0,0.3738217353820801,0.038915783166885376,0.38310983777046204
23.706039428710938,170.15785217285156,4.102479934692383,0.0,0.0,0.0,0.0,0.18159906161618636,-0.0,0.0,5.056999969482422,3.9855713980538505,0.30973300337791443,0.0,0.0,0.0,2.0177671909332275,0.0,0.0,0.0,0.0,0.0,0.0,0.0,1329.0,-4.102356910705566,0.0,0.2962421774864197,0.039494603872299194,0.4331017732620239
23.698936462402344,169.4866180419922,4.102356910705566,0.0,0.0,0.0,0.0,0.09355176715467466,-0.0,0.0,5.088999966212681,4.01757139478411,0.31333601474761963,0.0,0.0,0.0,1.039463996887207,0.0,0.0,0.0,0.0,0.0,0.0,0.0,1330.0,-4.10223388671875,0.0,0.23418408632278442,0.057457536458969116,0.49071162939071655
23.69218635559082,168.8153839111328,4.10223388671875,0.0,0.0,0.0,0.0,0.09351863650628972,-0.0,0.0,5.12064288003104,4.049214308602469,0.3127540051937103,0.0,0.0,0.0,1.0390958786010742,0.0,0.0,0.0,0.0,0.0,0.0,0.0,1331.0,-4.102110862731934,0.0,0.0546301007270813,0.4017603397369385,0.9148564338684082
23.685436248779297,158.98023986816406,4.102110862731934,0.0,0.0,0.0,0.0,0.2797368620623625,-0.0,0.0,5.198428508213588,4.126999936785017,0.302280992269516,0.0,0.0,0.0,3.108187109231949,0.27363190054893494,0.0,0.0,0.0,0.0,0.0,0.27363190054893494,1332.0,-4.101987838745117,-0.27363190054893494,0.004233300685882568,0.987960159778595,0.9998013973236084
23.678686141967773,179.96630859375,4.101987838745117,0.0,0.0,0.0,0.0,0.32783897740355794,-0.0,0.0,5.25064285823277,4.179214286804199,0.3123970031738281,0.0,0.0,0.0,3.6426550149917603,0.413998007774353,0.0,0.0,0.0,0.0,0.413998007774353,0.0,1333.0,-4.101864814758301,0.413998007774353,0.014856696128845215,0.9996029734611511,0.9999958872795105
23.99799919128418,179.29507446289062,4.101864814758301,0.0,0.0,0.0,0.0,0.27741800015140444,-0.0,0.0,5.244999967302594,4.173571395874023,0.3451099991798401,0.0,0.0,0.0,3.0824219789355993,0.017168084159493446,0.0,0.0,0.0,0.0,0.0,0.017168084159493446,1334.0,-4.101741790771484,-0.017168084159493446,0.022768855094909668,0.9999634027481079,0.9999994039535522
23.991249084472656,179.99798583984375,4.101741790771484,0.0,0.0,0.0,0.0,0.3438598704549551,-0.0,0.0,5.236571393694196,4.165142822265625,0.31019899249076843,0.0,0.0,0.0,3.8206649236381054,0.01968594267964363,0.0,0.0,0.0,0.0,0.01968594267964363,0.0,1335.0,-4.101618766784668,0.01968594267964363,0.3666934370994568,0.9999954700469971,1.0
23.999961853027344,179.32675170898438,4.101618766784668,0.0,0.0,0.0,0.0,0.0,-0.0,0.0,5.22321423121861,4.151785659790039,0.3201960027217865,0.0,0.0,4.369315625829415,0.0,0.14991891384124756,0.0,0.0,0.0,0.0,0.0,0.14991891384124756,1336.0,4.599999904632568,-0.14991891384124756,0.9656274318695068,0.9999979734420776,1.0
23.99321174621582,179.99807739257812,8.470680236816406,0.0,0.0,0.0,0.0,0.2198502964561766,-0.0,0.0,5.188428551810128,4.116999980381557,0.31014901399612427,0.0,0.0,1.4392218589782715,2.4427808776005095,0.017376170733761995,0.0,0.0,0.0,0.0,0.017376170733761995,0.0,1337.0,1.4392218589782715,0.017376171424984932,0.9909871816635132,1.0,1.0
23.999984741210938,179.32684326171875,9.909605026245117,0.0,0.0,0.0,0.0,0.2253247302824681,-0.0,0.0,5.145571381705148,4.074142810276577,0.37898901104927063,0.0,0.0,0.0806259736418724,2.503607915280761,0.017181645414739252,0.0,0.0,0.0,0.0,0.0,0.017181645414739252,1338.0,0.0806259736418724,-0.017181646078824997,0.9990200996398926,1.0,1.0
23.993234634399414,179.99807739257812,9.989931106567383,0.0,0.0,0.0,0.0,0.09685889140264278,-0.0,0.0,5.096785763331821,4.02535719190325,0.4945339858531952,0.0,0.0,0.0,1.076209818944335,0.017656171694397926,0.0,0.0,0.0,0.0,0.017656171694397926,0.0,1339.0,0.009152848273515701,0.017656171694397926,0.9999053478240967,0.9999997019767761,1.0
23.999982833862305,168.6689910888672,9.989631652832031,0.0,0.0,0.0,0.0,-0.030542774656936937,-0.0,0.0,5.022785677228655,3.9513571058000836,0.4469499886035919,0.0,0.0,0.0,0.0,0.05654999613761902,0.10180924481092055,0.0,0.0,0.0,0.0,0.15835924094853956,1340.0,0.009566742926836014,-0.15835924446582794,0.9999168515205383,0.9999845623970032,1.0
23.99323272705078,179.99807739257812,9.98933219909668,0.0,0.0,0.0,0.0,0.0,-0.0,0.0,4.9192857197352815,3.8478571483067103,0.0,0.3757930099964142,0.0,0.0,0.0,0.0,0.0,0.0,0.01113060675561428,0.0,0.01113060675561428,0.0,1341.0,-4.599999904632568,0.01113060675561428,0.9992016553878784,0.9989421367645264,1.0
23.99469566345215,171.37733459472656,9.59422492980957,0.0,0.0,0.0,0.0,0.0,-0.0,0.0,4.853857122148786,3.7824285507202147,0.0,0.3578689992427826,0.0,0.0,0.0,0.0,0.0,0.0,0.1280956119298935,0.0,0.0,0.1280956119298935,1342.0,-4.599999904632568,-0.1280956119298935,0.9877666234970093,0.9626576900482178,1.0
23.987945556640625,179.99807739257812,9.09807014465332,0.0,0.0,0.0,0.0,0.0,-0.0,0.0,4.815142849513462,3.7437142780848913,0.0,0.3620469868183136,0.0,0.0,0.0,0.0,0.0,0.0,0.0,0.0,0.0,0.0,1343.0,-4.599999904632568,-0.009348221123218536,0.7847449779510498,0.38590869307518005,0.9999995827674866
23.9811954498291,179.32684326171875,8.728372573852539,0.0,0.0,0.0,0.0,0.0,-0.0,0.0,4.787785748073032,3.7163571766444616,0.0,0.3013469874858856,0.0,0.0,0.0,0.0,0.0,0.0,0.018829138949513435,0.0,0.0,0.018829138949513435,1344.0,-4.599999904632568,-0.018829138949513435,0.20940133929252625,0.11700364947319031,0.9999970197677612
23.974445343017578,179.9976043701172,8.401410102844238,0.0,0.0,0.0,0.0,0.0,-0.0,0.0,4.777285725729806,3.7058570861816404,0.0,0.2221280038356781,0.0,0.0,0.0,0.0,0.0,0.0,0.0,0.0,0.0,0.0,1345.0,-4.599999904632568,0.0,0.07076358795166016,0.22501420974731445,0.9999733567237854
23.967695236206055,171.51132202148438,8.174503326416016,0.0,0.0,0.0,0.0,0.0,-0.0,0.0,4.76892854145595,3.6974999019077845,0.0,0.18981599807739258,0.0,0.0,0.0,0.0,0.0,0.0,0.12910078465938568,0.0,0.0,0.12910078465938568,1346.0,-4.599999904632568,-0.12910078465938568,0.019850492477416992,0.17342114448547363,0.9999788999557495
23.96094512939453,179.9947052001953,7.848842620849609,0.0,0.0,0.0,0.0,0.0,-0.0,0.0,4.764071410042899,3.6926428386143275,0.0,0.17299799621105194,0.0,0.0,0.0,0.0,0.0,0.0,0.0,0.0,0.0,0.0,1347.0,-4.599999904632568,0.0,0.003087162971496582,0.508426308631897,0.9998332262039185
23.954195022583008,179.32347106933594,7.672083854675293,0.0,0.0,0.0,0.0,0.0,-0.0,0.0,4.769071456364223,3.6976429530552455,0.0,0.16041800379753113,0.0,0.0,0.0,0.0,0.0,0.0,0.017776692286133766,0.0,0.0,0.017776692286133766,1348.0,-4.599999904632568,-0.017776692286133766,0.0014301538467407227,0.7730925679206848,0.9994673132896423
23.947444915771484,179.912841796875,7.490027904510498,0.0,0.0,0.0,0.0,0.0,-0.0,0.0,4.775357123783657,3.703928484235491,0.0,0.15603700280189514,0.0,0.0,0.0,0.0,0.0,0.0,0.0,0.0,0.0,0.0,1349.0,-4.599999904632568,0.0,0.0014666616916656494,0.7773449420928955,0.9982956647872925
23.94069480895996,179.24160766601562,7.330586910247803,0.0,0.0,0.0,0.0,0.0,-0.0,0.0,4.790285737173898,3.718857165745326,0.03514999896287918,0.12712201476097107,0.0,0.0,0.0,0.0,0.0,0.0,0.0,0.0,0.0,0.0,1350.0,-4.599999904632568,0.0,0.03442251682281494,0.8272406458854675,0.992393970489502
23.933944702148438,165.64334106445312,7.20065450668335,0.0,0.0,0.0,0.0,0.03822048371795666,-0.0,0.0,4.843785776410784,3.7723572049822125,0.18522800505161285,0.0,0.0,0.0,0.42467200756073,0.0,0.0,0.0,0.0,0.0,0.0,0.0,1351.0,-4.599999904632568,0.0,0.1080278754234314,0.5290271043777466,0.7877097725868225
23.927194595336914,164.97210693359375,7.200438499450684,0.0,0.0,0.0,0.0,0.0824460262017267,-0.0,0.0,4.897714287894113,3.8262857164655415,0.2752330005168915,0.0,0.0,0.0,0.9160668849945068,0.0,0.0,0.0,0.0,0.0,0.0,0.0,1352.0,-4.599999904632568,0.0,0.699379563331604,0.18370321393013,0.2001667022705078
23.737098693847656,164.30087280273438,7.200222492218018,0.0,0.0,0.0,0.0,0.10858203081941799,-0.0,0.0,4.951071412222726,3.879642840794155,0.30973300337791443,0.0,0.0,0.0,1.2064669132232666,0.0,0.0,0.0,0.0,0.0,0.0,0.0,1353.0,-4.599999904632568,0.0,0.5781241059303284,0.0738348662853241,0.15589496493339539
23.7303466796875,163.629638671875,7.200006484985352,0.0,0.0,0.0,0.0,0.16007075985834998,-0.0,0.0,5.008857127598354,3.9374285561697824,0.31333601474761963,0.0,0.0,0.0,1.7785638570785522,0.0,0.0,0.0,0.0,0.0,0.0,0.0,1354.0,-4.599999904632568,0.0,0.10459628701210022,0.3507154881954193,0.6526870727539062
23.723596572875977,146.33978271484375,7.1997904777526855,0.0,0.0,0.0,0.0,0.13898131580998957,-0.0,0.0,5.053357206072126,3.9819286346435545,0.3127540051937103,0.0,0.0,0.0,1.5442367196083069,0.7935091853141785,0.0,0.0,0.0,0.0,0.0,0.7935091853141785,1355.0,-4.599999904632568,-0.7935091853141785,0.024503350257873535,0.8452811241149902,0.9745079874992371
23.716846466064453,175.9193572998047,7.1995744705200195,0.0,0.0,0.0,0.0,0.18719820288405353,-0.0,0.0,5.069857134137835,3.9984285627092633,0.302280992269516,0.0,0.0,0.0,2.0799798667430878,0.3632393181324005,0.0,0.0,0.0,0.0,0.3632393181324005,0.0,1356.0,-4.599999904632568,0.3632393181324005,0.002731531858444214,0.9972692728042603,0.9990885257720947
23.986331939697266,175.2481231689453,7.1993584632873535,0.0,0.0,0.0,0.0,0.22613330626553638,-0.0,0.0,5.071571431841169,4.0001428604125975,0.3123970031738281,0.0,0.0,0.0,2.51259209215641,0.07061098515987396,0.0,0.0,0.0,0.0,0.0,0.07061098515987396,1357.0,-4.599999904632568,-0.07061098515987396,0.0026493966579437256,0.999924898147583,0.9999732375144958
23.979581832885742,179.99378967285156,7.1991424560546875,0.0,0.0,0.0,0.0,0.17365535164120524,-0.0,0.0,5.053214291163853,3.9817857197352815,0.32420599460601807,0.0,0.0,0.0,1.9295037537813187,0.035790249705314636,0.0,0.0,0.0,0.0,0.035790249705314636,0.0,1358.0,-4.599999904632568,0.035790249705314636,0.007706820964813232,0.9999949336051941,0.999998927116394
23.99995994567871,179.3225555419922,7.1989264488220215,0.0,0.0,0.0,0.0,0.05370534966034464,-0.0,0.0,5.027928570338657,3.956499998910086,0.31019899249076843,0.0,0.0,0.0,0.5967260599136353,1.2277249097824097,0.0,0.0,0.0,0.0,0.0,1.2277249097824097,1359.0,-4.599999904632568,-1.2277249097824097,0.665706992149353,0.9996650815010071,0.9999996423721313
23.993209838867188,179.99801635742188,7.1987104415893555,0.0,0.0,0.0,0.0,0.15817623844667142,-0.0,0.0,5.012000029427664,3.940571457999093,0.3201960027217865,0.0,0.0,0.0,1.7575136208439353,0.017990372190427612,0.0,0.0,0.0,0.0,0.017990372190427612,0.0,1360.0,-4.599999904632568,0.017990373075008392,0.4805028438568115,0.9999998807907104,1.0
23.999984741210938,179.3267822265625,7.1984944343566895,0.0,0.0,0.0,0.0,0.0,-0.0,0.0,4.989999989100864,3.9185714176722932,0.31014901399612427,0.0,0.0,1.3320025901180443,0.0,0.017864586623938538,0.0,0.0,0.0,0.0,0.0,0.017864586623938538,1361.0,1.465851068496704,-0.017864586785435677,0.9543091058731079,0.9999998807907104,1.0
23.993234634399414,179.99807739257812,8.530241012573242,0.0,0.0,0.0,0.0,0.0,-0.0,0.0,4.958285685947963,3.8868571145193918,0.37898901104927063,0.0,0.0,0.3034658723696,0.0,0.018151925517447452,0.0,0.0,0.0,0.0,0.018151925517447452,0.0,1362.0,0.3650110065937042,0.01815192587673664,0.9985555410385132,0.9999997615814209,1.0
23.999984741210938,179.32684326171875,8.833441734313965,0.0,0.0,0.0,0.0,0.0,-0.0,0.0,4.9352142606462746,3.8637856892177034,0.3686000108718872,0.12593397498130798,0.0,0.0,0.0,0.0,0.0,0.0,0.018117070198059082,0.0,0.0,0.018117070198059082,1363.0,-4.599999904632568,-0.018117070198059082,0.999670147895813,0.9999974966049194,1.0
23.993234634399414,179.99807739257812,8.686190605163574,0.0,0.0,0.0,0.0,0.0,-0.0,0.0,4.914500045776367,3.843071474347796,0.06269999593496323,0.3842499852180481,0.0,0.0,0.0,0.0,0.0,0.0,0.017128633335232735,0.0,0.017128633335232735,0.0,1364.0,-4.599999904632568,0.017128633335232735,0.9979997277259827,0.9998253583908081,1.0
23.99911117553711,179.32684326171875,8.276372909545898,0.0,0.0,0.0,0.0,0.0,-0.0,0.0,4.896357209341867,3.8249286379132954,0.0,0.3757930099964142,0.0,0.0,0.0,0.0,0.0,0.0,0.1502688080072403,0.0,0.0,0.1502688080072403,1365.0,-4.599999904632568,-0.1502688080072403,0.9898784160614014,0.9926714897155762,1.0
23.992361068725586,179.99807739257812,7.739343166351318,0.0,0.0,0.0,0.0,0.0,-0.0,0.0,4.886642810276577,3.815214238848005,0.0,0.3578689992427826,0.0,0.0,0.0,0.0,0.0,0.0,0.13170188665390015,0.0,0.0,0.13170188665390015,1366.0,-4.599999904632568,-0.13170188665390015,0.8629878163337708,0.6719954013824463,0.9999983310699463
23.985610961914062,179.997802734375,7.239563941955566,0.0,0.0,0.0,0.0,0.0,-0.0,0.0,4.878642845153808,3.8072142737252372,0.0,0.3620469868183136,0.0,0.0,0.0,0.0,0.0,0.0,0.0,0.0,0.0,0.0,1367.0,-4.599999904632568,0.0,0.17518118023872375,0.0843285620212555,0.9999186992645264
23.97886085510254,179.32656860351562,6.869922161102295,0.0,0.0,0.0,0.0,0.0,-0.0,0.0,4.8652856826782225,3.7938571112496513,0.0,0.3013469874858856,0.0,0.0,0.0,0.0,0.0,0.0,0.016660641878843307,0.0,0.0,0.016660641878843307,1368.0,-4.599999904632568,-0.016660641878843307,0.01786637306213379,0.07029169797897339,0.9991841316223145
23.972110748291016,179.86753845214844,6.545228481292725,0.0,0.0,0.0,0.0,0.0,-0.0,0.0,4.8481428418840675,3.776714270455497,0.0,0.2221280038356781,0.0,0.0,0.0,0.0,0.0,0.0,0.0,0.0,0.0,0.0,1369.0,-4.599999904632568,0.0,0.0017433464527130127,0.15726354718208313,0.9962507486343384
23.965360641479492,179.19630432128906,6.31837797164917,0.0,0.0,0.0,0.0,0.0,-0.0,0.0,4.829857090541294,3.7584285191127234,0.0,0.18981599807739258,0.0,0.0,0.0,0.0,0.0,0.0,0.0,0.0,0.0,0.0,1370.0,-4.599999904632568,0.0,0.001007676124572754,0.15243515372276306,0.9948979616165161
23.95861053466797,178.5250701904297,6.124504566192627,0.0,0.0,0.0,0.0,0.0,-0.0,0.0,4.809214265005929,3.7377856935773575,0.0,0.17299799621105194,0.0,0.0,0.0,0.0,0.0,0.0,0.0,0.0,0.0,0.0,1371.0,-4.599999904632568,0.0,0.0003484785556793213,0.49277931451797485,0.9839828014373779
23.951860427856445,177.8538360595703,5.947797775268555,0.0,0.0,0.0,0.0,0.0,-0.0,0.0,4.781428555079868,3.7099999836512976,0.0,0.16041800379753113,0.0,0.0,0.0,0.0,0.0,0.0,0.0,0.0,0.0,0.0,1372.0,-4.599999904632568,0.0,0.0002624392509460449,0.7780488133430481,0.9816361665725708
23.945110321044922,177.18260192871094,5.783932685852051,0.0,0.0,0.0,0.0,0.0,-0.0,0.0,4.751857158115932,3.6804285866873605,0.0,0.15603700280189514,0.0,0.0,0.0,0.0,0.0,0.0,0.0,0.0,0.0,0.0,1373.0,-4.599999904632568,0.0,0.00047135353088378906,0.7427798509597778,0.9796736836433411
23.9383602142334,176.51136779785156,5.624542713165283,0.0,0.0,0.0,0.0,0.0,-0.0,0.0,4.726857130868094,3.655428559439523,0.010449999943375587,0.15182200074195862,0.0,0.0,0.0,0.0,0.0,0.0,0.12263978272676468,0.0,0.0,0.12263978272676468,1374.0,-4.599999904632568,-0.12263978272676468,0.006065964698791504,0.7583309412002563,0.9807300567626953
23.931610107421875,176.91488647460938,5.3443193435668945,0.0,0.0,0.0,0.0,0.017272980840840325,-0.0,0.0,4.725499984196254,3.6540714808872767,0.18522800505161285,0.0,0.0,0.0,0.19192199409008026,0.0,0.0,0.0,0.0,0.0,0.0,0.0,1375.0,-4.599999904632568,0.0,0.02880832552909851,0.4380575716495514,0.8768675327301025
23.92486000061035,176.24365234375,5.344159126281738,0.0,0.0,0.0,0.0,0.07064704145169554,-0.0,0.0,4.749357169015067,3.6779285975864955,0.2752330005168915,0.0,0.0,0.0,0.7849670648574829,0.0,0.0,0.0,0.0,0.0,0.0,0.0,1376.0,-4.599999904632568,0.0,0.48662900924682617,0.06368649005889893,0.3316178619861603
23.918109893798828,175.57241821289062,5.343998908996582,0.0,0.0,0.0,0.0,0.1527855362721703,-0.0,0.0,4.795142868586948,3.7237142290387832,0.30973300337791443,0.0,0.0,0.0,1.6976169347763062,0.0,0.0,0.0,0.0,0.0,0.0,0.0,1377.0,-4.599999904632568,0.0,0.44418928027153015,0.3378366231918335,0.5494822859764099
23.911359786987305,124.75715637207031,5.343838691711426,0.0,0.0,0.0,0.0,0.23702077841923747,-0.0,0.0,4.856714330400739,3.785285758972168,0.31333601474761963,0.0,0.0,0.0,2.633563995361328,0.32110023498535156,0.0,0.0,0.0,0.0,0.0,0.32110023498535156,1378.0,-4.599999904632568,-0.32110023498535156,0.08880755305290222,0.3000273108482361,0.7962366342544556
23.90460968017578,147.39593505859375,5.3436784744262695,0.0,0.0,0.0,0.0,0.35573418404532775,-0.0,0.0,4.919857106889997,3.8484285354614256,0.3127540051937103,0.0,0.0,0.0,3.952601730823517,0.5520941615104675,0.0,0.0,0.0,0.0,0.0,0.5520941615104675,1379.0,-4.599999904632568,-0.5520941615104675,0.023680061101913452,0.942503035068512,0.9980214834213257
23.897859573364258,179.68153381347656,5.343518257141113,0.0,0.0,0.0,0.0,0.507584785329084,-0.0,0.0,4.977785737173898,3.9063571657453267,0.302280992269516,0.0,0.0,0.0,5.639830499887466,0.13788852095603943,0.0,0.0,0.0,0.0,0.13788852095603943,0.0,1380.0,-4.599999904632568,0.13788852095603943,0.1394372582435608,0.9988162517547607,0.9999794960021973
23.99406623840332,179.0102996826172,5.343358039855957,0.0,0.0,0.0,0.0,0.24251642296818454,-0.0,0.0,5.0234999792916435,3.952071407863072,0.6007800102233887,0.0,0.0,3.3947062492370605,2.6946267077190225,0.15755760669708252,0.0,0.0,0.0,0.0,0.0,0.15755760669708252,1381.0,3.3947062492370605,-0.15755760669708252,0.873803436756134,0.9998801946640015,0.9999991059303284
23.987316131591797,179.99794006347656,8.737802505493164,0.0,0.0,0.0,0.0,0.5026817205163729,-0.0,0.0,5.056714275905064,3.9852857044764924,0.5382310152053833,0.0,0.0,1.0922598838806152,5.585352006298017,0.02556622587144375,0.0,0.0,0.0,0.0,0.02556622587144375,0.0,1382.0,1.0922598838806152,0.02556622587144375,0.9830031991004944,0.9999948740005493,0.9999997019767761
23.999958038330078,166.5414276123047,9.829767227172852,0.0,0.0,0.0,0.0,0.5783665517718068,-0.0,0.0,5.073000035967145,4.001571464538574,0.31019899249076843,0.0,0.0,0.12398096174001694,6.426294508970731,0.1840955913066864,0.0,0.0,0.0,0.0,0.0,0.1840955913066864,1383.0,0.12398096174001694,-0.1840955913066864,0.9953718185424805,0.9999997615814209,1.0
23.993207931518555,179.99807739257812,9.953450202941895,0.0,0.0,0.0,0.0,0.5370109265730071,-0.0,0.0,5.074500029427664,4.003071457999093,0.3344860076904297,0.0,0.0,0.01524396613240242,5.9667875988357295,0.017771298065781593,0.0,0.0,0.0,0.0,0.017771298065781593,0.0,1384.0,0.01524396613240242,0.017771298065781593,0.9968664050102234,1.0,1.0
23.999984741210938,179.32684326171875,9.968395233154297,0.0,0.0,0.0,0.0,0.4108164126954168,-0.0,0.0,5.070500046866281,3.9990714754377095,0.37344199419021606,0.0,0.0,0.01576562598347664,4.564626444962929,0.11884396311713043,0.0,0.0,0.0,0.0,0.0,0.11884396311713043,1385.0,0.01576562598347664,-0.11884396523237228,0.9984130859375,1.0,1.0
23.993234634399414,179.99807739257812,9.983861923217773,0.0,0.0,0.0,0.0,0.2704823155924696,-0.0,0.0,5.057214273725237,3.9857857022966656,0.37898901104927063,0.0,0.0,0.010050255805253983,3.0053588232940864,0.01779683983990179,0.0,0.0,0.0,0.0,0.01779683983990179,0.0,1386.0,0.010050255805253983,0.017796840518712997,0.9993882179260254,1.0,1.0
23.999984741210938,168.39871215820312,9.993612289428711,0.0,0.0,0.0,0.0,0.07511661875097697,-0.0,0.0,5.018785694667271,3.9473571232386995,0.4945339858531952,0.0,0.0,0.0,0.8346290309027202,0.31908693722929876,0.0,0.0,0.0,0.0,0.0,0.31908693722929876,1387.0,0.005812127608805895,-0.3190869390964508,0.9999394416809082,0.9999996423721313,1.0
23.993234634399414,179.99807739257812,9.99331283569336,0.0,0.0,0.0,0.0,0.0015734139403930382,-0.0,0.0,4.932999965122768,3.8615713936941964,0.4469499886035919,0.0,0.0,0.0,0.017482375726103783,0.018167639151215553,0.0,0.0,0.0,0.0,0.018167639151215553,0.0,1388.0,0.006210763473063707,0.018167639151215553,0.9999493360519409,0.9999884366989136,1.0
23.999927520751953,161.63650512695312,9.993013381958008,0.0,0.0,0.0,0.0,0.0,-0.0,0.0,4.821357127598354,3.7499285561697824,0.0,0.3757930099964142,0.0,0.0,0.0,0.0,0.0,0.0,0.36963459849357605,0.0,0.0,0.36963459849357605,1389.0,-4.599999904632568,-0.36963459849357605,0.9997462034225464,0.9994255304336548,1.0
23.99317741394043,179.99807739257812,9.232095718383789,0.0,0.0,0.0,0.0,0.0,-0.0,0.0,4.7980713980538505,3.726642826625279,0.0,0.3578689992427826,0.0,0.0,0.0,0.0,0.0,0.0,0.0,0.0,0.0,0.0,1390.0,-4.599999904632568,-0.009391898289322853,0.9551808834075928,0.927664041519165,1.0
23.986427307128906,179.32684326171875,8.866657257080078,0.0,0.0,0.0,0.0,0.0,-0.0,0.0,4.781214318956647,3.709785679408482,0.0,0.3620469868183136,0.0,0.0,0.0,0.0,0.0,0.0,0.7038230895996094,0.0,0.0,0.7038230895996094,1391.0,-4.599999904632568,-0.7038230895996094,0.9991874694824219,0.899673581123352,0.9999971389770508
23.979677200317383,179.9976348876953,7.778801441192627,0.0,0.0,0.0,0.0,0.0,-0.0,0.0,4.775285734449114,3.7038570949009486,0.0,0.3013469874858856,0.0,0.0,0.0,0.0,0.0,0.0,0.0,0.0,0.0,0.0,1392.0,-4.599999904632568,0.0,0.9993774890899658,0.9535483121871948,0.9999772310256958
23.97292709350586,73.84139251708984,7.471080303192139,0.0,0.0,0.0,0.0,0.0,-0.0,0.0,4.764214256831577,3.6927857535226005,0.0,0.2221280038356781,0.0,0.0,0.0,0.0,0.0,0.0,1.6708887815475464,0.0,0.0,1.6708887815475464,1393.0,-4.599999904632568,-1.6708887815475464,0.9986996054649353,0.7894889116287231,0.999978244304657
23.966176986694336,179.99459838867188,5.539264678955078,0.0,0.0,0.0,0.0,0.0,-0.0,0.0,4.736142853328159,3.664714213779994,0.0,0.18981599807739258,0.0,0.0,0.0,0.0,0.0,0.0,0.0,0.0,0.0,0.0,1394.0,-4.599999904632568,0.0,0.00157967209815979,0.19439202547073364,0.9241896867752075
23.959426879882812,170.71826171875,5.345414638519287,0.0,0.0,0.0,0.0,0.0,-0.0,0.0,4.703357165200369,3.6319285256522043,0.0,0.17299799621105194,0.0,0.0,0.0,0.0,0.0,0.0,0.0,0.0,0.0,0.0,1395.0,-4.599999904632568,0.0,0.00025641918182373047,0.4273349940776825,0.8923611640930176
23.95267677307129,170.04702758789062,5.168731212615967,0.0,0.0,0.0,0.0,0.0,-0.0,0.0,4.679785742078509,3.608357238769531,0.0,0.16041800379753113,0.0,0.0,0.0,0.0,0.0,0.0,0.0,0.0,0.0,0.0,1396.0,-4.599999904632568,0.0,0.0002122819423675537,0.725140392780304,0.9263302087783813
23.945926666259766,169.37579345703125,5.004889488220215,0.0,0.0,0.0,0.0,0.0,-0.0,0.0,4.680785737718854,3.609357234409877,0.0,0.15603700280189514,0.0,0.0,0.0,0.0,0.0,0.0,0.04122152552008629,0.0,0.0,0.04122152552008629,1397.0,-4.599999904632568,-0.04122152552008629,0.0003630518913269043,0.7143672704696655,0.9472489953041077
23.939176559448242,171.55792236328125,4.803461074829102,0.0,0.0,0.0,0.0,0.0,-0.0,0.0,4.683357116154262,3.6119286128452845,0.046549998223781586,0.11572200804948807,0.0,0.0,0.0,0.0,0.0,0.0,0.0350247398018837,0.0,0.0,0.0350247398018837,1398.0,-4.599999904632568,-0.0350247398018837,0.0016192793846130371,0.6273001432418823,0.958217203617096
23.93242645263672,173.31283569335938,4.649498462677002,0.0,0.0,0.0,0.0,0.04309398278347494,-0.0,0.0,4.767500005449567,3.696071434020996,0.18522800505161285,0.0,0.0,0.0,0.4788219928741455,0.0,0.0,0.0,0.0,0.0,0.0,0.0,1399.0,-4.599999904632568,0.0,0.041874080896377563,0.28233659267425537,0.7974317073822021
23.925676345825195,172.6416015625,4.649359226226807,0.0,0.0,0.0,0.0,0.0,-0.0,0.0,4.86749997820173,3.7960714067731582,0.2752330005168915,0.0,0.0,1.7924366203120599,0.0,0.0,0.0,0.0,0.0,0.0,0.0,0.0,1400.0,1.9397668838500977,0.0,0.7232269644737244,0.03283572196960449,0.23587915301322937
23.918926239013672,171.97036743164062,6.44160270690918,0.0,0.0,0.0,0.0,0.3288700079019855,-0.0,0.0,4.98792860848563,3.916500037057059,0.3140389919281006,0.0,0.0,0.0,3.654110908508301,0.0,0.0,0.0,0.0,0.0,0.0,0.0,1401.0,-4.599999904632568,0.0,0.1665111780166626,0.3220396041870117,0.8452800512313843
23.91217613220215,171.29913330078125,6.441409587860107,0.0,0.0,0.0,0.0,0.41496296961807766,-0.0,0.0,5.1548571722848076,4.0834286008562355,0.31333601474761963,0.0,0.0,0.0,4.61069929599762,0.6676648855209351,0.0,0.0,0.0,0.0,0.0,0.6676648855209351,1402.0,-4.599999904632568,-0.6676648855209351,0.0712820291519165,0.7968332767486572,0.9957427978515625
23.905426025390625,179.3169403076172,6.441216468811035,0.0,0.0,0.0,0.0,0.5327818262801007,-0.0,0.0,5.223571450369699,4.152142878941127,0.3127540051937103,0.0,0.0,0.0,5.919797599315643,0.5437982678413391,0.0,0.0,0.0,0.0,0.0,0.5437982678413391,1403.0,-4.599999904632568,-0.5437982678413391,0.17409765720367432,0.9664779901504517,0.9998137354850769
23.8986759185791,179.96827697753906,6.441023349761963,0.0,0.0,0.0,0.0,0.6095419149233404,-0.0,0.0,5.269285692487444,4.197857121058872,0.302280992269516,0.0,0.0,0.0,6.772687405347824,0.13078168034553528,0.0,0.0,0.0,0.0,0.13078168034553528,0.0,1404.0,-4.599999904632568,0.13078168034553528,0.5352349877357483,0.9990620613098145,0.9999911785125732
23.99529457092285,179.2970428466797,6.440830230712891,0.0,0.0,0.0,0.0,0.5505143365727594,-0.0,0.0,5.299857085091727,4.228428513663156,0.3123970031738281,0.0,0.0,0.3906349837779999,6.116825475797926,0.01692033000290394,0.0,0.0,0.0,0.0,0.0,0.01692033000290394,1405.0,0.3906349837779999,-0.01692033000290394,0.6831434965133667,0.9999074935913086,0.9999990463256836
23.988544464111328,179.9979248046875,6.8312602043151855,0.0,0.0,0.0,0.0,0.4856083565021326,-0.0,0.0,5.317928532191685,4.2464999607631135,0.32420599460601807,0.0,0.0,0.35390564799308777,5.395647976771667,0.0227681715041399,0.0,0.0,0.0,0.0,0.0227681715041399,0.0,1406.0,0.35390564799308777,0.0227681715041399,0.7185136079788208,0.9999943971633911,0.9999998807907104
23.999956130981445,179.32669067382812,7.184950351715088,0.0,0.0,0.0,0.0,0.2803139134943279,-0.0,0.0,5.326642799377441,4.25521422794887,0.44514700770378113,0.0,0.0,1.7424888610839844,3.1145987912997875,0.11520393937826157,0.0,0.0,0.0,0.0,0.0,0.11520393937826157,1407.0,1.7424888610839844,-0.11520393937826157,0.8927409052848816,0.9999992847442627,1.0
23.993206024169922,179.99807739257812,8.92717170715332,0.0,0.0,0.0,0.0,0.3058552744540715,-0.0,0.0,5.311285781860351,4.23985721043178,0.38367700576782227,0.0,0.0,0.0,3.398391668298663,0.01698141863065842,0.0,0.0,0.0,0.0,0.01698141863065842,0.0,1408.0,-4.599999904632568,0.016981419175863266,0.7994358539581299,1.0,1.0
23.999984741210938,179.32684326171875,8.92690372467041,0.0,0.0,0.0,0.0,0.07509894813168096,-0.0,0.0,5.270714296613421,4.199285725184849,0.36256399750709534,0.0,0.0,0.7340530753135681,0.8344326907039238,0.016669615195593786,0.0,0.0,0.0,0.0,0.0,0.016669615195593786,1409.0,0.7340530753135681,-0.016669616103172302,0.9660927057266235,0.9999999403953552,1.0
23.993234634399414,179.99807739257812,9.660667419433594,0.0,0.0,0.0,0.0,0.0007704994869453988,-0.0,0.0,5.216499955313546,4.145071383884975,0.37898901104927063,0.0,0.0,0.33133456110954285,0.008561104730128943,0.017253413796424866,0.0,0.0,0.0,0.0,0.017253413796424866,0.0,1410.0,0.33133456110954285,0.017253413796424866,0.999197244644165,0.9999998211860657,1.0
23.999984741210938,179.32684326171875,9.99170207977295,0.0,0.0,0.0,0.0,0.0,-0.0,0.0,5.152214268275669,4.080785696847098,0.2507999837398529,0.24373400211334229,0.0,0.0,0.0,0.0,0.0,0.0,0.12858393191694473,0.0,0.0,0.12858393191694473,1411.0,-4.599999904632568,-0.12858393788337708,0.9999005794525146,0.9999986886978149,1.0
23.993234634399414,179.99807739257812,9.61149787902832,0.0,0.0,0.0,0.0,0.0,-0.0,0.0,5.050142914908273,3.9787143434797017,0.046549998223781586,0.40039998292922974,0.0,0.0,0.0,0.0,0.0,0.0,0.0174088291823864,0.0,0.0174088291823864,0.0,1412.0,-4.599999904632568,0.0174088291823864,0.9997138977050781,0.9999372959136963,1.0
23.999671936035156,171.4956817626953,9.184886932373047,0.0,0.0,0.0,0.0,0.0,-0.0,0.0,4.965928568158831,3.8944999967302594,0.0,0.3757930099964142,0.0,0.0,0.0,0.0,0.0,0.0,0.12282488495111465,0.0,0.0,0.12282488495111465,1413.0,-4.599999904632568,-0.12282488495111465,0.9961127042770386,0.9975975751876831,1.0
23.992921829223633,179.99807739257812,8.675832748413086,0.0,0.0,0.0,0.0,0.0,-0.0,0.0,4.934714262826102,3.8632856913975306,0.0,0.3578689992427826,0.0,0.0,0.0,0.0,0.0,0.0,0.0,0.0,0.0,0.0,1414.0,-4.599999904632568,-0.009059503674507141,0.902484118938446,0.8575142621994019,0.9999999403953552
23.98617172241211,179.32684326171875,8.31041145324707,0.0,0.0,0.0,0.0,0.0,-0.0,0.0,4.918500028337751,3.8470714569091795,0.0,0.3620469868183136,0.0,0.0,0.0,0.0,0.0,0.0,0.018189165741205215,0.0,0.0,0.018189165741205215,1415.0,-4.599999904632568,-0.018189165741205215,0.5282509922981262,0.16991549730300903,0.9999969005584717
23.979421615600586,179.99758911132812,7.922177791595459,0.0,0.0,0.0,0.0,0.0,-0.0,0.0,4.904642868041992,3.833214296613421,0.0,0.3013469874858856,0.0,0.0,0.0,0.0,0.0,0.0,0.0,0.0,0.0,0.0,1416.0,-4.599999904632568,0.0,0.06693977117538452,0.06416556239128113,0.999972403049469
23.972671508789062,179.32635498046875,7.614452362060547,0.0,0.0,0.0,0.0,0.0,-0.0,0.0,4.891642924717495,3.820214353288923,0.0,0.2221280038356781,0.0,0.0,0.0,0.0,0.0,0.0,0.017982138320803642,0.0,0.0,0.017982138320803642,1417.0,-4.599999904632568,-0.017982138320803642,0.006546229124069214,0.15019378066062927,0.9998405575752258
23.96592140197754,179.97256469726562,7.369221210479736,0.0,0.0,0.0,0.0,0.0,-0.0,0.0,4.886500031607492,3.8150714601789204,0.0,0.18981599807739258,0.0,0.0,0.0,0.0,0.0,0.0,0.0,0.0,0.0,0.0,1418.0,-4.599999904632568,0.0,0.0032301247119903564,0.14850124716758728,0.9997762441635132
23.959171295166016,179.30133056640625,7.175316333770752,0.0,0.0,0.0,0.0,0.0,-0.0,0.0,4.876285770961216,3.804857199532645,0.0,0.17299799621105194,0.0,0.0,0.0,0.0,0.0,0.0,0.016764916479587555,0.0,0.0,0.016764916479587555,1419.0,-4.599999904632568,-0.016764916479587555,0.0012315213680267334,0.4873013496398926,0.9990959167480469
23.952421188354492,179.85342407226562,6.981471538543701,0.0,0.0,0.0,0.0,0.0,-0.0,0.0,4.863928604125976,3.792500032697405,0.0,0.16041800379753113,0.0,0.0,0.0,0.0,0.0,0.0,0.0,0.0,0.0,0.0,1420.0,-4.599999904632568,0.0,0.000668644905090332,0.8068129420280457,0.9979203939437866
23.94567108154297,179.18218994140625,6.817575454711914,0.0,0.0,0.0,0.0,0.0,-0.0,0.0,4.866571371895926,3.795142800467355,0.0,0.15603700280189514,0.0,0.0,0.0,0.0,0.0,0.0,0.0,0.0,0.0,0.0,1421.0,-4.599999904632568,0.0,0.0008983314037322998,0.7901961803436279,0.9948882460594177
23.938920974731445,178.51095581054688,6.658154487609863,0.0,0.0,0.0,0.0,0.0,-0.0,0.0,4.868999971662249,3.7975714002336773,0.0009500000160187483,0.16132201254367828,0.0,0.0,0.0,0.0,0.0,0.0,0.0,0.0,0.0,0.0,1422.0,-4.599999904632568,0.0,0.01076701283454895,0.8016791343688965,0.9886826276779175
23.932170867919922,170.31643676757812,6.493345737457275,0.0,0.0,0.0,0.0,0.012655978761591753,-0.0,0.0,4.8948570796421595,3.8234285082135884,0.18522800505161285,0.0,0.0,0.0,0.14062197506427765,0.0,0.0,0.0,0.0,0.0,0.0,0.0,1423.0,-4.599999904632568,0.0,0.04587504267692566,0.5778442025184631,0.8674272894859314
23.9254207611084,169.64520263671875,6.4931511878967285,0.0,0.0,0.0,0.0,0.08321553057158197,-0.0,0.0,4.930999973842075,3.859571402413504,0.2752330005168915,0.0,0.0,0.0,0.9246169328689575,0.0,0.0,0.0,0.0,0.0,0.0,0.0,1424.0,-4.599999904632568,0.0,0.6241150498390198,0.07388001680374146,0.27148616313934326
23.918670654296875,168.97396850585938,6.492956638336182,0.0,0.0,0.0,0.0,0.16988554278099796,-0.0,0.0,4.970642852783203,3.8992142813546318,0.30973300337791443,0.0,0.0,0.0,1.8876169919967651,0.0,0.0,0.0,0.0,0.0,0.0,0.0,1425.0,-4.599999904632568,0.0,0.47003230452537537,0.07092493772506714,0.28473109006881714
23.91192054748535,168.302734375,6.492762088775635,0.0,0.0,0.0,0.0,0.2541207849280651,-0.0,0.0,5.0110714231218605,3.9396428516932893,0.31333601474761963,0.0,0.0,0.0,2.823564052581787,0.0,0.0,0.0,0.0,0.0,0.0,0.0,1426.0,-4.599999904632568,0.0,0.03840169310569763,0.5341526865959167,0.9024167060852051
23.905170440673828,167.63150024414062,6.492567539215088,0.0,0.0,0.0,0.0,0.3310834098723245,-0.0,0.0,5.050999995640346,3.9795714242117746,0.34877899289131165,0.0,0.0,0.0,3.678704261779785,0.2646167278289795,0.0,0.0,0.0,0.0,0.0,0.2646167278289795,1427.0,-4.599999904632568,-0.2646167278289795,0.007859677076339722,0.969655454158783,0.9977188110351562
23.898420333862305,179.63308715820312,6.492372989654541,0.0,0.0,0.0,0.0,0.4630388234487212,-0.0,0.0,5.095928546360561,4.02449997493199,0.37281298637390137,0.0,0.0,0.0,5.144875407218933,0.13481152057647705,0.0,0.0,0.0,0.0,0.13481152057647705,0.0,1428.0,-4.599999904632568,0.13481152057647705,0.062141239643096924,0.9989467263221741,0.999967098236084
23.994718551635742,174.41067504882812,6.492178440093994,0.0,0.0,0.0,0.0,0.5270751471976531,-0.0,0.0,5.131428527832031,4.05999995640346,0.3123970031738281,0.0,0.0,0.0,5.856390058994293,0.125912606716156,0.0,0.0,0.0,0.0,0.0,0.125912606716156,1429.0,-4.599999904632568,-0.125912606716156,0.4916199743747711,0.9998868703842163,0.9999978542327881
23.98796844482422,179.99774169921875,6.491983890533447,0.0,0.0,0.0,0.0,0.39034503679473204,-0.0,0.0,5.147357204982212,4.075928633553641,0.32420599460601807,0.0,0.0,1.3590502738952637,4.337166730809972,0.02424152009189129,0.0,0.0,0.0,0.0,0.02424152009189129,0.0,1430.0,1.3590502738952637,0.02424152009189129,0.7851004004478455,0.9999901056289673,0.9999997615814209
23.999935150146484,169.87969970703125,7.850798606872559,0.0,0.0,0.0,0.0,0.3562840184541707,-0.0,0.0,5.152785655430385,4.081357084001814,0.31019899249076843,0.0,0.0,1.0364899635314941,3.958711001547362,0.13784722983837128,0.0,0.0,0.0,0.0,0.0,0.13784722983837128,1431.0,1.0364899635314941,-0.13784722983837128,0.8887258768081665,0.9999995827674866,1.0
23.99318504333496,179.99807739257812,8.887022018432617,0.0,0.0,0.0,0.0,0.35191282844519245,-0.0,0.0,5.1569999422345845,4.085571370806013,0.3201960027217865,0.0,0.0,0.6122011542320251,3.9101422275297253,0.01751658823750517,0.0,0.0,0.0,0.0,0.01751658823750517,0.0,1432.0,0.6122011542320251,0.017516588792204857,0.9499193429946899,1.0,1.0
23.999984741210938,179.32684326171875,9.49893856048584,0.0,0.0,0.0,0.0,0.29255604186420886,-0.0,0.0,5.156571469988141,4.08514289855957,0.31014901399612427,0.0,0.0,0.37778326869010925,3.2506224290438333,0.01713537983596325,0.0,0.0,0.0,0.0,0.0,0.01713537983596325,1433.0,0.37778326869010925,-0.01713537983596325,0.9876692295074463,1.0,1.0
23.993234634399414,179.99807739257812,9.876425743103027,0.0,0.0,0.0,0.0,0.19130795474314027,-0.0,0.0,5.149285670689174,4.077857099260603,0.37898901104927063,0.0,0.0,0.11278673261404037,2.125643772659455,0.01747862435877323,0.0,0.0,0.0,0.0,0.01747862435877323,0.0,1434.0,0.11278673261404037,0.01747862435877323,0.9989182353019714,1.0,1.0
23.999984741210938,179.32684326171875,9.988912582397461,0.0,0.0,0.0,0.0,0.07690671731127786,-0.0,0.0,5.136000033787319,4.064571462358748,0.4945339858531952,0.0,0.0,0.010069329291582108,0.8545190133253496,0.017222104594111443,0.0,0.0,0.0,0.0,0.0,0.017222104594111443,1435.0,0.010069329291582108,-0.017222104594111443,0.9998952150344849,0.9999997615814209,1.0
23.993234634399414,179.99807739257812,9.998682022094727,0.0,0.0,0.0,0.0,0.0,-0.0,0.0,5.100214222499302,4.028785651070731,0.3752500116825104,0.11211398243904114,0.0,0.0,0.0,0.0,0.0,0.0,0.01749720424413681,0.0,0.01749720424413681,0.0,1436.0,-4.599999904632568,0.01749720424413681,0.9998435974121094,0.9999770522117615,1.0
23.99987030029297,179.32684326171875,9.866129875183105,0.0,0.0,0.0,0.0,0.0,-0.0,0.0,5.039928518022809,3.968499946594238,0.0,0.4339909851551056,0.0,0.0,0.0,0.0,0.0,0.0,0.12810470163822174,0.0,0.0,0.12810470163822174,1437.0,-4.599999904632568,-0.12810470163822174,0.9994078874588013,0.9990566968917847,1.0
23.993120193481445,179.99807739257812,9.29228401184082,0.0,0.0,0.0,0.0,0.0,-0.0,0.0,5.009642818995884,3.9382142475673128,0.0,0.3578689992427826,0.0,0.0,0.0,0.0,0.0,0.0,0.0,0.0,0.0,0.0,1438.0,-4.599999904632568,-0.008887340314686298,0.9639544486999512,0.9262532591819763,1.0
23.986370086669922,179.32684326171875,8.926843643188477,0.0,0.0,0.0,0.0,0.0,-0.0,0.0,4.979928507123675,3.908499935695103,0.0,0.3620469868183136,0.0,0.0,0.0,0.0,0.0,0.0,0.017908789217472076,0.0,0.0,0.017908789217472076,1439.0,-4.599999904632568,-0.017908789217472076,0.7455251812934875,0.311296671628952,0.9999995231628418
23.9796199798584,179.9980010986328,8.538877487182617,0.0,0.0,0.0,0.0,0.0,-0.0,0.0,4.953785705566406,3.882357134137835,0.0,0.3013469874858856,0.0,0.0,0.0,0.0,0.0,0.0,0.0,0.0,0.0,0.0,1440.0,-4.599999904632568,-0.009005778469145298,0.15573430061340332,0.08160161972045898,0.9999951720237732
23.972869873046875,179.32676696777344,8.231133460998535,0.0,0.0,0.0,0.0,0.0,-0.0,0.0,4.924214308602469,3.852785737173898,0.0,0.2221280038356781,0.0,0.0,0.0,0.0,0.0,0.0,0.018103331327438354,0.0,0.0,0.018103331327438354,1441.0,-4.599999904632568,-0.018103331327438354,0.016140490770339966,0.15412557125091553,0.9999692440032959
23.96611976623535,179.9931640625,7.98576021194458,0.0,0.0,0.0,0.0,0.0,-0.0,0.0,4.8948570796421595,3.8234285082135884,0.0,0.18981599807739258,0.0,0.0,0.0,0.0,0.0,0.0,0.0,0.0,0.0,0.0,1442.0,-4.599999904632568,0.0,0.025160402059555054,0.18557626008987427,0.9999470710754395
23.959369659423828,171.69607543945312,7.791836738586426,0.0,0.0,0.0,0.0,0.0,-0.0,0.0,4.870357186453683,3.7989286150251114,0.0,0.17299799621105194,0.0,0.0,0.0,0.0,0.0,0.0,0.12277159839868546,0.0,0.0,0.12277159839868546,1443.0,-4.599999904632568,-0.12277159839868546,0.004141956567764282,0.4978490471839905,0.9998211860656738
23.952619552612305,179.96946716308594,7.489806652069092,0.0,0.0,0.0,0.0,0.0,-0.0,0.0,4.858357102530343,3.7869285311017715,0.0,0.16041800379753113,0.0,0.0,0.0,0.0,0.0,0.0,0.0,0.0,0.0,0.0,1444.0,-4.599999904632568,0.0,0.0011476874351501465,0.7946505546569824,0.9992661476135254
23.94586944580078,179.29823303222656,7.325895309448242,0.0,0.0,0.0,0.0,0.0,-0.0,0.0,4.849857139587402,3.778428568158831,0.0,0.15603700280189514,0.0,0.0,0.0,0.0,0.0,0.0,0.013888233341276646,0.0,0.0,0.013888233341276646,1445.0,-4.599999904632568,-0.013888233341276646,0.0013209283351898193,0.7914102673530579,0.9977206587791443
23.939119338989258,179.6333770751953,7.15228796005249,0.0,0.0,0.0,0.0,0.0,-0.0,0.0,4.841714259556362,3.77028568812779,0.026600001379847527,0.13567200303077698,0.0,0.0,0.0,0.0,0.0,0.0,0.0,0.0,0.0,0.0,1446.0,-4.599999904632568,0.0,0.005683422088623047,0.749167799949646,0.9911194443702698
23.932369232177734,178.96214294433594,7.013637065887451,0.0,0.0,0.0,0.0,0.039417483958997857,-0.0,0.0,4.893285696847098,3.8218571254185267,0.18522800505161285,0.0,0.0,0.0,0.4379720091819763,0.0,0.0,0.0,0.0,0.0,0.0,0.0,1447.0,-4.599999904632568,0.0,0.08864098787307739,0.47844570875167847,0.8191978335380554
23.92561912536621,178.29090881347656,7.013426780700684,0.0,0.0,0.0,0.0,0.055512247350775944,-0.0,0.0,4.9388571602957585,3.8674285888671873,0.2752330005168915,0.0,0.0,0.8379139304161072,0.6168026993228796,0.0,0.0,0.0,0.0,0.0,0.0,0.0,1448.0,0.8379139304161072,0.0,0.7851310968399048,0.06425085663795471,0.2271825671195984
23.918867111206055,177.6196746826172,7.851105213165283,0.0,0.0,0.0,0.0,0.248545566284303,-0.0,0.0,5.015928622654506,3.9445000512259347,0.30973300337791443,0.0,0.0,0.0,2.7616171836853027,0.0,0.0,0.0,0.0,0.0,0.0,0.0,1449.0,-4.599999904632568,0.0,0.24796727299690247,0.3394737243652344,0.56395024061203
23.91211700439453,176.9484405517578,7.850869655609131,0.0,0.0,0.0,0.0,0.35347183175657676,-0.0,0.0,5.0872142791748045,4.015785707746233,0.31333601474761963,0.0,0.0,0.0,3.927464485168457,0.0,0.0,0.0,0.0,0.0,0.0,0.0,1450.0,-4.599999904632568,0.0,0.022604435682296753,0.9112836122512817,0.9741017818450928
23.905366897583008,176.27720642089844,7.8506340980529785,0.0,0.0,0.0,0.0,0.4124371251413902,-0.0,0.0,5.151571491786411,4.08014292035784,0.3354879915714264,0.0,0.0,0.0,4.58263435959816,0.17007789015769958,0.0,0.0,0.0,0.0,0.0,0.17007789015769958,1451.0,-4.599999904632568,-0.17007789015769958,0.015056610107421875,0.9901949167251587,0.9989252090454102
23.898616790771484,179.82611083984375,7.850398540496826,0.0,0.0,0.0,0.0,0.482095245438434,-0.0,0.0,5.207642909458706,4.136214338030134,0.302280992269516,0.0,0.0,0.0,5.356613412499428,0.13135550916194916,0.0,0.0,0.0,0.0,0.13135550916194916,0.0,1452.0,-4.599999904632568,0.13135550916194916,0.05775970220565796,0.9988980293273926,0.9999512434005737
23.994474411010742,163.8125,7.850162982940674,0.0,0.0,0.0,0.0,0.48354431031499556,-0.0,0.0,5.245071492876325,4.173642921447754,0.3123970031738281,0.0,0.0,0.0,5.372714132070541,0.21058884263038635,0.0,0.0,0.0,0.0,0.0,0.21058884263038635,1453.0,-4.599999904632568,-0.21058884263038635,0.22756487131118774,0.9999437928199768,0.9999947547912598
23.98772430419922,179.9972381591797,7.8499274253845215,0.0,0.0,0.0,0.0,0.523724364797718,-0.0,0.0,5.268857084001813,4.197428512573242,0.32420599460601807,0.0,0.0,0.0,5.819159146398306,0.024034861475229263,0.0,0.0,0.0,0.0,0.024034861475229263,0.0,1454.0,-4.599999904632568,0.024034861475229263,0.7030979990959167,0.9999971389770508,0.9999997615814209
23.999969482421875,179.3260040283203,7.849691867828369,0.0,0.0,0.0,0.0,0.351015138527837,-0.0,0.0,5.264000020708356,4.192571449279785,0.31019899249076843,0.0,0.0,1.152679443359375,3.9001678959073534,0.19562987983226776,0.0,0.0,0.0,0.0,0.0,0.19562987983226776,1455.0,1.152679443359375,-0.19562987983226776,0.9002341032028198,0.9999992251396179,1.0
23.99321937561035,179.99807739257812,9.002100944519043,0.0,0.0,0.0,0.0,0.36617285594687776,-0.0,0.0,5.229214341299874,4.157785769871303,0.3201960027217865,0.0,0.0,0.46930834650993347,4.068586964956395,0.017230917841976553,0.0,0.0,0.0,0.0,0.017230917841976553,0.0,1456.0,0.46930834650993347,0.017230918630957603,0.9471379518508911,1.0,1.0
23.999984741210938,179.32684326171875,9.471125602722168,0.0,0.0,0.0,0.0,0.29417055843920886,-0.0,0.0,5.158785765511649,4.0873571940830775,0.31014901399612427,0.0,0.0,0.4114174544811249,3.2685615006737194,0.017126096412539482,0.0,0.0,0.0,0.0,0.0,0.017126096412539482,1457.0,0.4114174544811249,-0.017126096412539482,0.988251268863678,1.0,1.0
23.993234634399414,179.99807739257812,9.882246971130371,0.0,0.0,0.0,0.0,0.202742579435327,-0.0,0.0,5.063357162475586,3.9919285910470146,0.42219001054763794,0.0,0.0,0.11043592542409897,2.25269514803106,0.01777524863001154,0.0,0.0,0.0,0.0,0.01777524863001154,0.0,1458.0,0.11043592542409897,0.017775248736143112,0.9992653131484985,0.9999999403953552,1.0
23.999984741210938,162.73025512695312,9.992383003234863,0.0,0.0,0.0,0.0,0.057281299166385,-0.0,0.0,4.9558570861816404,3.8844285147530693,0.4945339858531952,0.0,0.0,0.0,0.6364588290452957,0.24080710113048553,0.0,0.0,0.0,0.0,0.0,0.24080710113048553,1459.0,0.00702138664200902,-0.24080710113048553,0.9999374151229858,0.9999997615814209,1.0
23.993234634399414,179.99807739257812,9.992083549499512,0.0,0.0,0.0,0.0,0.0,-0.0,0.0,4.858500017438616,3.7870714460100445,0.3952000141143799,0.051749974489212036,0.0,0.0,0.0,0.0,0.0,0.0,0.018391259014606476,0.0,0.018391259014606476,0.0,1460.0,-4.599999904632568,0.018391259014606476,0.9997850060462952,0.9999804496765137,1.0
23.999887466430664,179.32684326171875,9.92021369934082,0.0,0.0,0.0,0.0,0.0,-0.0,0.0,4.7782142639160154,3.7067856924874443,0.0,0.3757930099964142,0.0,0.0,0.0,0.0,0.0,0.0,0.1444074511528015,0.0,0.0,0.1444074511528015,1461.0,-4.599999904632568,-0.1444074511528015,0.9991685152053833,0.9990125894546509,1.0
23.99313735961914,179.99807739257812,9.389115333557129,0.0,0.0,0.0,0.0,0.0,-0.0,0.0,4.744499969482422,3.6730713980538505,0.0,0.3578689992427826,0.0,0.0,0.0,0.0,0.0,0.0,0.1143300011754036,0.0,0.0,0.1143300011754036,1462.0,-4.599999904632568,-0.1143300011754036,0.9869509935379028,0.946475088596344,1.0
23.986387252807617,179.99807739257812,8.907012939453125,0.0,0.0,0.0,0.0,0.0,-0.0,0.0,4.726928588322231,3.6555000850132533,0.0,0.3620469868183136,0.0,0.0,0.0,0.0,0.0,0.0,0.12990926206111908,0.0,0.0,0.12990926206111908,1463.0,-4.599999904632568,-0.12990926206111908,0.8990845680236816,0.3594812750816345,0.9999990463256836
23.979637145996094,179.9979248046875,8.404765129089355,0.0,0.0,0.0,0.0,0.0,-0.0,0.0,4.7109999792916435,3.639571407863072,0.0,0.3013469874858856,0.0,0.0,0.0,0.0,0.0,0.0,0.12148293852806091,0.0,0.0,0.12148293852806091,1464.0,-4.599999904632568,-0.12148293852806091,0.37030917406082153,0.12258881330490112,0.9999908804893494
23.97288703918457,179.99661254882812,7.973066806793213,0.0,0.0,0.0,0.0,0.0,-0.0,0.0,4.694357136317661,3.6229285648890905,0.0,0.2221280038356781,0.0,0.0,0.0,0.0,0.0,0.0,0.0,0.0,0.0,0.0,1465.0,-4.599999904632568,0.0,0.011469542980194092,0.17506662011146545,0.9999322891235352
23.966136932373047,179.32537841796875,7.74617338180542,0.0,0.0,0.0,0.0,0.0,-0.0,0.0,5.12564285823277,4.054214286804199,0.0,0.18902599811553955,0.0,0.0,0.0,0.0,0.0,0.0,0.017130687832832336,0.0,0.0,0.017130687832832336,1466.0,-4.599999904632568,-0.017130687832832336,0.005594104528427124,0.12779608368873596,0.9999250769615173
23.959386825561523,179.986083984375,7.53558349609375,0.0,0.0,0.0,0.0,0.0,-0.0,0.0,5.068214225769043,3.9967856543404716,0.0,0.17225700616836548,0.0,0.0,0.0,0.0,0.0,0.0,0.0,0.0,0.0,0.0,1467.0,-4.599999904632568,0.0,0.0018176734447479248,0.45923998951911926,0.9996297359466553
23.95263671875,179.31484985351562,7.359590530395508,0.0,0.0,0.0,0.0,0.0,-0.0,0.0,5.019642911638532,3.9482143402099608,0.0,0.15967600047588348,0.0,0.0,0.0,0.0,0.0,0.0,0.015846459195017815,0.0,0.0,0.015846459195017815,1468.0,-4.599999904632568,-0.015846459195017815,0.0010699927806854248,0.8205126523971558,0.9990338087081909
23.945886611938477,179.84349060058594,7.180270671844482,0.0,0.0,0.0,0.0,0.0,-0.0,0.0,4.987214306422642,3.9157857349940706,0.0,0.15532000362873077,0.0,0.0,0.0,0.0,0.0,0.0,0.0,0.0,0.0,0.0,1469.0,-4.599999904632568,0.0,0.0012133419513702393,0.8151328563690186,0.9970719814300537
23.939136505126953,179.17225646972656,7.021570205688477,0.0,0.0,0.0,0.0,0.0,-0.0,0.0,4.970928546360561,3.8994999749319894,0.003800000064074993,0.1577029973268509,0.0,0.0,0.0,0.0,0.0,0.0,0.0,0.0,0.0,0.0,1470.0,-4.599999904632568,0.0,0.005281597375869751,0.7735475897789001,0.9901577234268188
23.93238639831543,178.5010223388672,6.860443115234375,0.0,0.0,0.0,0.0,0.02744910160295963,-0.0,0.0,5.032142857142857,3.9607142857142854,0.18425999581813812,0.0,0.0,0.0,0.3049899935722351,0.0,0.0,0.0,0.0,0.0,0.0,0.0,1471.0,-4.599999904632568,0.0,0.07111328840255737,0.5157760977745056,0.8408527374267578
23.925636291503906,177.8297882080078,6.8602375984191895,0.0,0.0,0.0,0.0,0.024818317904407756,-0.0,0.0,5.1140713827950615,4.042642811366489,0.2739329934120178,0.0,0.0,1.3000268936157227,0.2757590659113909,0.0,0.0,0.0,0.0,0.0,0.0,0.0,1472.0,1.3000268936157227,0.0,0.8160234689712524,0.05238771438598633,0.2352445423603058
23.918886184692383,177.15855407714844,8.160019874572754,0.0,0.0,0.0,0.0,0.3165624226381305,-0.0,0.0,5.197285733904157,4.125857162475586,0.3082900047302246,0.0,0.0,0.0,3.517359972000122,0.0,0.0,0.0,0.0,0.0,0.0,0.0,1473.0,-4.599999904632568,0.0,0.17536592483520508,0.44257619976997375,0.8186885118484497
23.91213607788086,161.45286560058594,8.159774780273438,0.0,0.0,0.0,0.0,0.4243976566710179,-0.0,0.0,5.250785773141043,4.179357201712472,0.31154200434684753,0.0,0.0,0.0,4.715529143810272,0.5351789593696594,0.0,0.0,0.0,0.0,0.0,0.5351789593696594,1474.0,-4.599999904632568,-0.5351789593696594,0.08848768472671509,0.8184688091278076,0.9925044775009155
23.905385971069336,178.79881286621094,8.159529685974121,0.0,0.0,0.0,0.0,0.5829509372125786,-0.0,0.0,5.291285732814243,4.219857161385672,0.3106450140476227,0.0,0.0,0.0,6.4772321209311485,0.09582266956567764,0.0,0.0,0.0,0.0,0.09582266956567764,0.0,1475.0,-4.599999904632568,0.09582266956567764,0.22440075874328613,0.9949408173561096,0.9998252391815186
23.974689483642578,177.59893798828125,8.159284591674805,0.0,0.0,0.0,0.0,0.6657454196086828,-0.0,0.0,5.328785705566406,4.257357134137835,0.3001460134983063,0.0,0.0,0.0,7.39717074111104,0.03758315369486809,0.0,0.0,0.0,0.0,0.0,0.03758315369486809,1476.0,-4.599999904632568,-0.03758315369486809,0.7591267824172974,0.9994096755981445,0.9999887347221375
23.967939376831055,179.99627685546875,8.159039497375488,0.0,0.0,0.0,0.0,0.5600286413476498,-0.0,0.0,5.35978570665632,4.2883571352277485,0.3103350102901459,0.0,0.0,1.5074753761291504,6.222539964895276,0.04758379980921745,0.0,0.0,0.0,0.0,0.04758379980921745,0.0,1477.0,1.5074753761291504,0.04758379980921745,0.9666484594345093,0.999891996383667,0.9999991655349731
23.99944496154785,166.3419647216797,9.66622543334961,0.006194962188601494,0.0,0.0,0.0,0.5907457581429689,-0.006194962188601494,0.0,5.386785725184849,4.315357153756278,0.3222000002861023,0.0,0.0,0.2556128203868866,6.63267414323319,0.8250967264175415,0.0,0.0,0.0,0.0,0.0,0.8250967264175415,1478.0,0.2556128203868866,-0.8250967264175415,0.9921808242797852,0.9997605085372925,0.9999997019767761
24.006195068359375,179.99803161621094,9.921541213989258,0.012945069000124931,0.0,0.0,0.0,0.6149315522295699,-0.012945069000124931,0.0,5.406714248657226,4.335285677228655,0.30810999870300293,0.0,0.0,0.04443879798054695,6.97640634811719,0.17228728532791138,0.0,0.0,0.0,0.0,0.0,0.17228728532791138,1479.0,0.04443879798054695,-0.17228728532791138,0.996595025062561,0.9999994039535522,1.0
24.0129451751709,179.99807739257812,9.965681076049805,0.01969517581164837,0.0,0.0,0.0,0.5369978215400747,-0.01969517581164837,0.0,5.417000034877232,4.34557146344866,0.3182229995727539,0.0,0.0,0.0,6.185477256774902,0.0,0.0,0.0,0.0,0.0,0.0,0.0,1480.0,0.0007319042924791574,-0.008054234087467194,0.996638298034668,1.0,1.0
24.019695281982422,179.32684326171875,9.96538257598877,0.026445282623171806,0.0,0.0,0.0,0.40060922238919533,-0.026445282623171806,0.0,5.412928526742117,4.341499955313546,0.3080269992351532,0.0,0.0,0.0,4.745049678590293,0.016123569700722463,0.0,0.0,0.0,0.0,0.0,0.016123569700722463,1481.0,-4.599999904632568,-0.016123570501804352,0.9965324997901917,1.0,1.0
24.026445388793945,179.99807739257812,9.965084075927734,0.033195389434695244,0.0,0.0,0.0,0.20983835577373117,-0.033195389434695244,0.0,5.395857075282505,4.324428503853934,0.37723100185394287,0.0,0.0,0.027686554938554764,2.700374732153787,0.10039275139570236,0.0,0.0,0.0,0.0,0.0,0.10039275139570236,1482.0,0.027686554938554764,-0.10039275139570236,0.9992740154266357,1.0,1.0
24.03319549560547,179.99807739257812,9.992470741271973,0.02644549496471882,0.0,0.0,0.0,0.05604616634481402,-0.02644549496471882,0.0,5.360071400233677,4.288642828805106,0.49322599172592163,0.0,0.0,0.0,0.9165739417076111,0.0,0.0,0.0,0.0,0.0,0.0,0.0,1483.0,0.006681878585368395,-0.008161148056387901,0.9999122619628906,0.9999997615814209,1.0
24.026445388793945,179.32684326171875,9.992171287536621,0.01969538815319538,0.0,0.0,0.0,-0.01969538815319538,-0.01969538815319538,0.0,5.262071418762207,4.190642847333636,0.34485000371932983,0.6985539793968201,0.0,0.0,0.0,0.0,0.0,0.0,0.23268374800682068,0.0,0.0,0.23268374800682068,1484.0,-4.599999904632568,-0.23268374800682068,0.9998821020126343,0.9999845027923584,1.0
24.019695281982422,179.99807739257812,9.041657447814941,0.012945281341671944,0.0,0.0,0.0,-0.012945281341671944,-0.012945281341671944,0.0,5.158285767691476,4.086857196262905,0.0,0.37415799498558044,0.0,0.0,0.0,0.0,0.0,0.0,0.0,0.0,0.0,0.0,1485.0,-4.599999904632568,-0.008564098738133907,0.9930916428565979,0.9958595633506775,1.0
24.0129451751709,179.32684326171875,8.6596040725708,0.006195174530148506,0.0,0.0,0.0,-0.006195174530148506,-0.006195174530148506,0.0,5.122285652160644,4.050857080732073,0.0,0.3562360107898712,0.0,0.0,0.0,0.0,0.0,0.0,0.4925228953361511,0.0,0.0,0.4925228953361511,1486.0,-4.599999904632568,-0.4925228953361511,0.9991754293441772,0.9344274401664734,0.9999997615814209
24.006195068359375,179.998046875,7.793290138244629,0.0,0.0,0.0,0.0,0.0,-0.0,0.0,5.106214332580566,4.034785761151995,0.0,0.36024099588394165,0.0,0.0,0.0,0.0,0.0,0.0,0.0,0.0,0.0,0.0,1487.0,-4.599999904632568,0.0,0.9988225698471069,0.8610661029815674,0.9999821782112122
23.99944496154785,111.5288314819336,7.425474643707275,0.0,0.0,0.0,0.0,0.0,-0.0,0.0,5.100214222499302,4.028785651070731,0.0,0.29989999532699585,0.0,0.0,0.0,0.0,0.0,0.0,0.8948070406913757,0.0,0.0,0.8948070406913757,1488.0,-4.599999904632568,-0.8948070406913757,0.9621855020523071,0.3502609133720398,0.9999744892120361
23.992694854736328,179.99400329589844,6.206199645996094,0.0,0.0,0.0,0.0,0.0,-0.0,0.0,5.08278568812779,4.011357116699219,0.0,0.2730950117111206,0.0,0.0,0.0,0.0,0.0,0.0,0.0,0.0,0.0,0.0,1489.0,-4.599999904632568,0.0,0.0021349191665649414,0.1473587453365326,0.9820622205734253
23.985944747924805,179.32276916503906,5.927353382110596,0.0,0.0,0.0,0.0,0.0,-0.0,0.0,5.055285671779087,3.983857100350516,0.0,0.18902599811553955,0.0,0.0,0.0,0.0,0.0,0.0,0.0,0.0,0.0,0.0,1490.0,-4.599999904632568,0.0,0.0006435215473175049,0.1394062042236328,0.9850180745124817
23.97919464111328,178.6515350341797,5.734297752380371,0.0,0.0,0.0,0.0,0.0,-0.0,0.0,5.025071362086704,3.953642790658133,0.0,0.17225700616836548,0.0,0.0,0.0,0.0,0.0,0.0,0.0,0.0,0.0,0.0,1491.0,-4.599999904632568,0.0,0.00021189451217651367,0.45428764820098877,0.9559327363967896
23.972444534301758,177.9803009033203,5.558358669281006,0.0,0.0,0.0,0.0,0.0,-0.0,0.0,4.993571363176618,3.9221427917480467,0.0,0.15967600047588348,0.0,0.0,0.0,0.0,0.0,0.0,0.0,0.0,0.0,0.0,1492.0,-4.599999904632568,0.0,0.00018924474716186523,0.7736905217170715,0.9603894948959351
23.965694427490234,177.30906677246094,5.395262241363525,0.0,0.0,0.0,0.0,0.0,-0.0,0.0,4.977571432931082,3.906142861502511,0.0,0.15532000362873077,0.0,0.0,0.0,0.0,0.0,0.0,0.0,0.0,0.0,0.0,1493.0,-4.599999904632568,0.0,0.0003784298896789551,0.7809063196182251,0.9678860902786255
23.95894432067871,176.63783264160156,5.2366156578063965,0.0,0.0,0.0,0.0,0.0,-0.0,0.0,4.972214235578265,3.900785664149693,0.003800000064074993,0.1577029973268509,0.0,0.0,0.0,0.0,0.0,0.0,0.0,0.0,0.0,0.0,1494.0,-4.599999904632568,0.0,0.0018083155155181885,0.7193722724914551,0.9695860743522644
23.952194213867188,175.9665985107422,5.075541973114014,0.0,0.0,0.0,0.0,0.03223709720270596,-0.0,0.0,5.03264285496303,3.9612142835344586,0.18425999581813812,0.0,0.0,0.0,0.3581899404525757,0.0,0.0,0.0,0.0,0.0,0.0,0.0,1495.0,-4.599999904632568,0.0,0.4347836375236511,0.41359400749206543,0.8785680532455444
23.945444107055664,145.9668731689453,5.075389862060547,0.0,0.0,0.0,0.0,0.0,-0.0,0.0,5.110785702296665,4.039357130868094,0.2883470058441162,0.0,0.0,1.600832932157573,0.0,0.0,0.0,0.0,0.0,0.0,0.0,0.0,1496.0,1.7346529960632324,0.0,0.8469700813293457,0.035770416259765625,0.1973070502281189
23.93869400024414,137.18858337402344,6.676022529602051,0.0,0.0,0.0,0.0,0.2958714314994346,-0.0,0.0,5.214928572518485,4.1435000010899135,0.3082900047302246,0.0,0.0,0.0,3.2874600887298584,0.0,0.0,0.0,0.0,0.0,0.0,0.0,1497.0,-4.599999904632568,0.0,0.35939672589302063,0.15296036005020142,0.6126850247383118
23.931943893432617,136.51734924316406,6.6758222579956055,0.0,0.0,0.0,0.0,0.34884497255841507,-0.0,0.0,5.347928537641253,4.276499966212681,0.31154200434684753,0.0,0.0,0.0,3.8760549426078796,0.5985029339790344,0.0,0.0,0.0,0.0,0.0,0.5985029339790344,1498.0,-4.599999904632568,-0.5985029339790344,0.07248589396476746,0.6254136562347412,0.9772391319274902
23.925193786621094,176.35635375976562,6.67562198638916,0.0,0.0,0.0,0.0,0.46520067939266774,-0.0,0.0,5.393714305332729,4.322285733904158,0.3106450140476227,0.0,0.0,0.0,5.168896026909351,0.051358871161937714,0.0,0.0,0.0,0.0,0.0,0.051358871161937714,1499.0,-4.599999904632568,-0.051358871161937714,0.017422258853912354,0.9852600693702698,0.9996520280838013
23.931943893432617,179.94239807128906,6.675421714782715,0.0,0.0,0.0,0.0,0.38113186698709683,-0.0,0.0,5.407499940054757,4.336071368626186,0.3001460134983063,0.0,0.0,0.0,4.234798185527325,0.06780553609132767,0.0,0.0,0.0,0.0,0.06780553609132767,0.0,1500.0,-4.599999904632568,0.06780553609132767,0.004849523305892944,0.998741626739502,0.9999327659606934
23.99369239807129,179.2711639404297,6.6752214431762695,0.00044239871203899384,0.0,0.0,0.0,0.4026684547763232,-0.00044239871203899384,0.0,5.433571488516671,4.3621429170881,0.3103350102901459,0.0,0.0,0.0,4.479009127244353,0.01670553721487522,0.0,0.0,0.0,0.0,0.0,0.01670553721487522,1501.0,-4.599999904632568,-0.01670553721487522,0.019027113914489746,0.999921977519989,0.9999961853027344
24.000442504882812,179.99746704101562,6.675021171569824,0.007192505523562431,0.0,0.0,0.0,0.49408055601203693,-0.007192505523562431,0.0,5.464071491786411,4.39264292035784,0.3222000002861023,0.0,0.0,0.0,5.569700241088867,0.0,0.0,0.0,0.0,0.0,0.0,0.0,1502.0,-4.599999904632568,-0.007974988780915737,0.5789335370063782,0.9999933242797852,0.9999998807907104
24.007192611694336,179.32623291015625,6.674820899963379,0.013942612335085869,0.0,0.0,0.0,0.23410839543631953,-0.013942612335085869,0.0,5.478142820085798,4.406714248657226,0.30810999870300293,0.0,0.0,2.3618407249450684,2.7561220895342626,0.13832649072185904,0.0,0.0,0.0,0.0,0.0,0.13832649072185904,1503.0,2.3618407249450684,-0.138326495885849,0.903663158416748,0.9999986886978149,1.0
24.01394271850586,179.99807739257812,9.03639030456543,0.020692719146609306,0.0,0.0,0.0,0.3607177283361401,-0.020692719146609306,0.0,5.483500017438616,4.412071446010044,0.3182229995727539,0.0,0.0,0.4851326644420624,4.237893524121914,0.0,0.0,0.0,0.0,0.0,0.0,0.0,1504.0,0.4851326644420624,-0.007932838052511215,0.9521493315696716,0.9999999403953552,1.0
24.020692825317383,179.32684326171875,9.52123737335205,0.027442825958132744,0.0,0.0,0.0,0.21352667843123035,-0.027442825958132744,0.0,5.464499964032854,4.393071392604282,0.3080269992351532,0.0,0.0,0.27057787775993347,2.6774387248758735,0.01593429036438465,0.0,0.0,0.0,0.0,0.0,0.01593429036438465,1505.0,0.27057787775993347,-0.01593429036438465,0.9791785478591919,1.0,1.0
24.027442932128906,179.99807739257812,9.791522026062012,0.03419293276965618,0.0,0.0,0.0,0.02801450918530648,-0.03419293276965618,0.0,5.422857093811035,4.351428522382464,0.37723100185394287,0.0,0.0,0.2004837542772293,0.6911937445684405,0.0,0.0,0.0,0.0,0.0,0.0,0.0,1506.0,0.2004837542772293,-0.008043392561376095,0.9991976022720337,0.9999998807907104,1.0
24.03419303894043,179.32684326171875,9.991705894470215,0.027443038299679756,0.0,0.0,0.0,-0.027443038299679756,-0.027443038299679756,0.0,5.371214267185756,4.299785695757185,0.4674000144004822,0.025825977325439453,0.0,0.0,0.0,0.0,0.0,0.0,0.1162310242652893,0.0,0.0,0.1162310242652893,1507.0,-4.599999904632568,-0.1162310242652893,0.9999206066131592,0.9999988079071045,1.0
24.027442932128906,179.99807739257812,9.846454620361328,0.02069293148815632,0.0,0.0,0.0,-0.02069293148815632,-0.02069293148815632,0.0,5.302499989100864,4.231071417672293,0.10544999688863754,0.3400479853153229,0.0,0.0,0.0,0.0,0.0,0.0,0.11161599820314139,0.0,0.0,0.11161599820314139,1508.0,-4.599999904632568,-0.11161600053310394,0.9998660087585449,0.9999406337738037,1.0
24.020692825317383,179.99807739257812,9.385292053222656,0.013942824676632881,0.0,0.0,0.0,-0.013942824676632881,-0.013942824676632881,0.0,5.24292858668736,4.171500015258789,0.0,0.37415799498558044,0.0,0.0,0.0,0.0,0.0,0.0,0.1242568015965123,0.0,0.0,0.1242568015965123,1509.0,-4.599999904632568,-0.12425680458545685,0.9987249970436096,0.9973843097686768,1.0
24.01394271850586,179.99807739257812,8.876439094543457,0.007192717865109444,0.0,0.0,0.0,-0.007192717865109444,-0.007192717865109444,0.0,5.199214335850307,4.127785764421736,0.0,0.3562360107898712,0.0,0.0,0.0,0.0,0.0,0.0,0.0,0.0,0.0,0.0,1510.0,-4.599999904632568,-0.008479182608425617,0.9438050985336304,0.8725331425666809,1.0
24.007192611694336,179.32684326171875,8.512678146362305,0.00044261105358600616,0.0,0.0,0.0,-0.00044261105358600616,-0.00044261105358600616,0.0,5.169714328220913,4.098285756792341,0.0,0.36024099588394165,0.0,0.0,0.0,0.0,0.0,0.0,0.1179564818739891,0.0,0.0,0.1179564818739891,1511.0,-4.599999904632568,-0.1179564818739891,0.8606352806091309,0.20910853147506714,0.9999982118606567
24.000442504882812,179.99778747558594,8.024480819702148,0.0,0.0,0.0,0.0,0.0,-0.0,0.0,5.147071375165667,4.075642803737095,0.0,0.29989999532699585,0.0,0.0,0.0,0.0,0.0,0.0,0.0,0.0,0.0,0.0,1512.0,-4.599999904632568,0.0,0.0803426206111908,0.047670453786849976,0.9999817609786987
23.99369239807129,179.32655334472656,7.718228816986084,0.0,0.0,0.0,0.0,0.0,-0.0,0.0,5.118571363176618,4.047142791748047,0.0,0.2663150131702423,0.0,0.0,0.0,0.0,0.0,0.0,0.016955573111772537,0.0,0.0,0.016955573111772537,1513.0,-4.599999904632568,-0.016955573111772537,0.012250691652297974,0.13496720790863037,0.9998328685760498
23.986942291259766,179.97134399414062,7.428954601287842,0.0,0.0,0.0,0.0,0.0,-0.0,0.0,5.089999961853027,4.018571390424456,0.0,0.18902599811553955,0.0,0.0,0.0,0.0,0.0,0.0,0.0,0.0,0.0,0.0,1514.0,-4.599999904632568,-0.008724870160222054,0.0032928884029388428,0.13113194704055786,0.999840259552002
23.980192184448242,179.30010986328125,7.235854148864746,0.0,0.0,0.0,0.0,0.0,-0.0,0.0,5.064142853873117,3.9927142824445454,0.0,0.17225700616836548,0.0,0.0,0.0,0.0,0.0,0.0,0.016420109197497368,0.0,0.0,0.016420109197497368,1515.0,-4.599999904632568,-0.016420109197497368,0.0012515783309936523,0.46132892370224,0.9993007779121399
23.97344207763672,179.88619995117188,7.043115139007568,0.0,0.0,0.0,0.0,0.0,-0.0,0.0,5.043142809186663,3.9717142377580914,0.0,0.15967600047588348,0.0,0.0,0.0,0.0,0.0,0.0,0.0,0.0,0.0,0.0,1516.0,-4.599999904632568,0.0,0.000747978687286377,0.8291512131690979,0.9982072710990906
23.966691970825195,179.2149658203125,6.879974365234375,0.0,0.0,0.0,0.0,0.0,-0.0,0.0,5.039000047956194,3.9675714765276227,0.0,0.15532000362873077,0.0,0.0,0.0,0.0,0.0,0.0,0.0,0.0,0.0,0.0,1517.0,-4.599999904632568,-0.009696116670966148,0.000996410846710205,0.8230684995651245,0.9955214262008667
23.959941864013672,178.54373168945312,6.721282958984375,0.0,0.0,0.0,0.0,0.0,-0.0,0.0,5.039500045776367,3.968071474347796,0.0009500000160187483,0.1605530083179474,0.0,0.0,0.0,0.0,0.0,0.0,0.0,0.0,0.0,0.0,1518.0,-4.599999904632568,0.0,0.012131035327911377,0.8280785083770752,0.9890426397323608
23.95319175720215,170.35137939453125,6.557256698608398,0.0,0.0,0.0,0.0,0.02856059837822888,-0.0,0.0,5.082999992370605,4.011571420942034,0.18425999581813812,0.0,0.0,0.0,0.3173399567604065,0.0,0.0,0.0,0.0,0.0,0.0,0.0,1519.0,-4.599999904632568,0.0,0.07695487141609192,0.5052444338798523,0.8086572289466858
23.946441650390625,169.68014526367188,6.557060241699219,0.0,0.0,0.0,0.0,0.0,-0.0,0.0,5.165142822265625,4.093714250837054,0.2739329934120178,0.0,0.0,1.531168719528523,0.0,0.0,0.0,0.0,0.0,0.0,0.0,0.0,1520.0,1.659066915512085,0.0,0.882573664188385,0.12482413649559021,0.46330171823501587
23.9396915435791,135.54998779296875,8.08798599243164,0.0,0.0,0.0,0.0,0.1901931282037987,-0.0,0.0,5.316714232308524,4.2452856608799525,0.3082900047302246,0.0,0.0,0.0,2.113256812095642,1.2616032361984253,0.0,0.0,0.0,0.0,0.0,1.2616032361984253,1521.0,-4.599999904632568,-1.2616032361984253,0.5546762347221375,0.4904700517654419,0.9523138403892517
23.932941436767578,172.3682861328125,8.087743759155273,0.0,0.0,0.0,0.0,0.4443684833491609,-0.0,0.0,5.42542860848563,4.354000037057059,0.31154200434684753,0.0,0.0,0.0,4.9374272003769875,0.08718093484640121,0.0,0.0,0.0,0.0,0.0,0.08718093484640121,1522.0,-4.599999904632568,-0.08718093484640121,0.03691616654396057,0.9340639114379883,0.9936167001724243
23.9396915435791,178.97674560546875,8.087501525878906,0.0,0.0,0.0,0.0,0.565006655895988,-0.0,0.0,5.481214332580566,4.409785761151995,0.3106450140476227,0.0,0.0,0.0,6.277851233258843,0.01970325969159603,0.0,0.0,0.0,0.0,0.0,0.01970325969159603,1523.0,-4.599999904632568,-0.01970325969159603,0.10455238819122314,0.9936408996582031,0.9998359680175781
23.946441650390625,179.97183227539062,8.087259292602539,0.0,0.0,0.0,0.0,0.6371352392517687,-0.0,0.0,5.5162143162318635,4.444785744803292,0.3001460134983063,0.0,0.0,0.0,7.079279873520136,0.052423980087041855,0.0,0.0,0.0,0.0,0.052423980087041855,0.0,1524.0,-4.599999904632568,0.052423980087041855,0.5265801548957825,0.9993168115615845,0.9999901056289673
23.99656867980957,179.30059814453125,8.087017059326172,0.003318680450320244,0.0,0.0,0.0,0.5796018508423221,-0.003318680450320244,0.0,5.543571417672293,4.472142846243722,0.3103350102901459,0.0,0.0,0.9536117911338806,6.47689427740315,0.04584728553891182,0.0,0.0,0.0,0.0,0.0,0.04584728553891182,1525.0,0.9536117911338806,-0.04584728553891182,0.904059886932373,0.99992835521698,0.9999992251396179
24.003318786621094,179.99795532226562,9.04035758972168,0.010068787261843681,0.0,0.0,0.0,0.582431018137806,-0.010068787261843681,0.0,5.561642864772251,4.49021429334368,0.3222000002861023,0.0,0.0,0.7467474341392517,6.583330647911095,0.07308200001716614,0.0,0.0,0.0,0.0,0.0,0.07308200001716614,1526.0,0.7467474341392517,-0.07308200001716614,0.9787075519561768,0.9999959468841553,0.9999998807907104
24.010068893432617,179.99806213378906,9.786811828613281,0.01681889407336712,0.0,0.0,0.0,0.5949303728139411,-0.01681889407336712,0.0,5.570928519112723,4.499499947684152,0.30810999870300293,0.0,0.0,0.11703821271657944,6.797213536331639,0.0,0.0,0.0,0.0,0.0,0.0,0.0,1527.0,0.11703821271657944,-0.007778874132782221,0.9903819561004639,0.9999997615814209,1.0
24.01681900024414,179.3268280029297,9.903553009033203,0.023569000884890556,0.0,0.0,0.0,0.4893228413149081,-0.023569000884890556,0.0,5.568785749162946,4.497357177734375,0.3182229995727539,0.0,0.0,0.06189962103962898,5.698797793764663,0.18411619881739358,0.0,0.0,0.0,0.0,0.0,0.18411619881739358,1528.0,0.06189962103962898,-0.1841161996126175,0.9965422749519348,0.9999998807907104,1.0
24.023569107055664,179.99807739257812,9.965153694152832,0.030319107696413994,0.0,0.0,0.0,0.3810010248229987,-0.030319107696413994,0.0,5.5503570829118996,4.478928511483328,0.3080269992351532,0.0,0.0,0.0,4.570223331451416,0.0,0.0,0.0,0.0,0.0,0.0,0.0,1529.0,-4.599999904632568,-0.00781442504376173,0.9947832822799683,1.0,1.0
24.030319213867188,179.32684326171875,9.964855194091797,0.03706921450793743,0.0,0.0,0.0,0.20948436650265984,-0.03706921450793743,0.0,5.521642902919224,4.450214331490653,0.37723100185394287,0.0,0.0,0.026709992438554764,2.7394840157364477,0.015729686245322227,0.0,0.0,0.0,0.0,0.0,0.015729686245322227,1530.0,0.026709992438554764,-0.015729686245322227,0.9991534948348999,1.0,1.0
24.03706932067871,179.99807739257812,9.991265296936035,0.04381932131946087,0.0,0.0,0.0,0.03773185014634661,-0.04381932131946087,0.0,5.4989285605294365,4.427499989100864,0.49322599172592163,0.0,0.0,0.0,0.9061240553855896,0.0,0.0,0.0,0.0,0.0,0.0,0.0,1531.0,0.007991272956132889,-0.007905194535851479,0.9999226331710815,0.9999996423721313,1.0
24.043819427490234,179.32684326171875,9.990965843200684,0.050569428130984306,0.0,0.0,0.0,-0.050569428130984306,-0.050569428130984306,0.0,5.397428594316755,4.326000022888183,0.30685001611709595,0.13864797353744507,0.0,0.0,0.0,0.0,0.0,0.0,0.11109165578406557,0.0,0.0,0.11109165578406557,1532.0,-4.599999904632568,-0.11109165847301483,0.999927818775177,0.9999592304229736,1.0
24.050569534301758,179.99807739257812,9.735837936401367,0.04381953366100788,0.0,0.0,0.0,-0.04381953366100788,-0.04381953366100788,0.0,5.295785713195801,4.224357141767229,0.0,0.37415799498558044,0.0,0.0,0.0,0.0,0.0,0.0,0.0,0.0,0.0,0.0,1533.0,-4.599999904632568,-0.008285343647003174,0.9979059100151062,0.9976744055747986,1.0
24.043819427490234,179.32684326171875,9.353763580322266,0.037069426849484444,0.0,0.0,0.0,-0.037069426849484444,-0.037069426849484444,0.0,5.250857162475586,4.179428591047015,0.0,0.6204410195350647,0.0,0.0,0.0,0.0,0.0,0.0,0.09750373661518097,0.0,0.0,0.09750373661518097,1534.0,-4.599999904632568,-0.09750373661518097,0.9982278347015381,0.9823409914970398,0.9999998211860657
24.03706932067871,179.998046875,8.620908737182617,0.030319320037961006,0.0,0.0,0.0,-0.030319320037961006,-0.030319320037961006,0.0,5.220285769871303,4.148857198442732,0.0,0.8271250128746033,0.0,0.0,0.0,0.0,0.0,0.0,0.0,0.0,0.0,0.0,1535.0,-4.599999904632568,0.0,0.9938526153564453,0.8222134113311768,0.999902606010437
24.030319213867188,165.4230194091797,7.776670455932617,0.02356921322643757,0.0,0.0,0.0,-0.02356921322643757,-0.02356921322643757,0.0,5.193428530011858,4.121999958583286,0.0,0.29989999532699585,0.0,0.0,0.0,0.0,0.0,0.0,0.1928223818540573,0.0,0.0,0.1928223818540573,1536.0,-4.599999904632568,-0.1928223818540573,0.16901445388793945,0.05635717511177063,0.9999790191650391
24.023569107055664,179.99472045898438,7.273674488067627,0.01681910641491413,0.0,0.0,0.0,-0.01681910641491413,-0.01681910641491413,0.0,5.166142817905971,4.0947142464774,0.0,0.22134600579738617,0.0,0.0,0.0,0.0,0.0,0.0,0.0,0.0,0.0,0.0,1537.0,-4.599999904632568,0.0,0.0037858188152313232,0.12883001565933228,0.9997047781944275
24.01681900024414,179.323486328125,7.047599792480469,0.010068999603390694,0.0,0.0,0.0,-0.010068999603390694,-0.010068999603390694,0.0,5.13721433367048,4.065785762241909,0.0,0.18902599811553955,0.0,0.0,0.0,0.0,0.0,0.0,0.016448872163891792,0.0,0.0,0.016448872163891792,1538.0,-4.599999904632568,-0.016448872163891792,0.0021609067916870117,0.12862253189086914,0.9996047019958496
24.010068893432617,179.93482971191406,6.837726593017578,0.003318892791867256,0.0,0.0,0.0,-0.003318892791867256,-0.003318892791867256,0.0,5.1067857197352815,4.03535714830671,0.0,0.17225700616836548,0.0,0.0,0.0,0.0,0.0,0.0,0.0,0.0,0.0,0.0,1539.0,-4.599999904632568,0.0,0.0007028877735137939,0.4556904733181,0.9982093572616577
24.003318786621094,179.2635955810547,6.661754608154297,0.0,0.0,0.0,0.0,0.0,-0.0,0.0,5.075785718645368,4.004357147216797,0.0,0.15967600047588348,0.0,0.0,0.0,0.0,0.0,0.0,0.010411555878818035,0.0,0.0,0.010411555878818035,1540.0,-4.599999904632568,-0.010411555878818035,0.0005153417587280273,0.8323343992233276,0.9962115287780762
23.99656867980957,179.3919219970703,6.488001346588135,0.0,0.0,0.0,0.0,0.0,-0.0,0.0,5.062214251926967,3.9907856804983957,0.0,0.15532000362873077,0.0,0.0,0.0,0.0,0.0,0.0,0.0,0.0,0.0,0.0,1541.0,-4.599999904632568,0.0,0.000732719898223877,0.8239330053329468,0.9926100969314575
23.989818572998047,178.72068786621094,6.32932186126709,0.0,0.0,0.0,0.0,0.0,-0.0,0.0,5.071071434020996,3.9996428625924247,0.0,0.16150300204753876,0.0,0.0,0.0,0.0,0.0,0.0,0.0,0.0,0.0,0.0,1542.0,-4.599999904632568,0.0,0.0032335519790649414,0.7864177227020264,0.9843354225158691
23.983068466186523,178.04945373535156,6.164338111877441,0.0,0.0,0.0,0.0,0.028646101844000828,-0.0,0.0,5.143142918178013,4.071714346749442,0.18425999581813812,0.0,0.0,0.0,0.31828999519348145,0.0,0.0,0.0,0.0,0.0,0.0,0.0,1543.0,-4.599999904632568,0.0,0.12378492951393127,0.4342992305755615,0.8188912868499756
23.976318359375,169.85760498046875,6.164153099060059,0.0,0.0,0.0,0.0,0.0,-0.0,0.0,5.238571384974888,4.167142813546317,0.2739329934120178,0.0,0.0,1.5451335254033438,0.0,0.0,0.0,0.0,0.0,0.0,0.0,0.0,1544.0,1.6740670204162598,0.0,0.8406918048858643,0.040354013442993164,0.2158639132976532
23.969568252563477,169.18637084960938,7.709055423736572,0.0,0.0,0.0,0.0,0.2239632420907997,-0.0,0.0,5.31771422794887,4.246285656520298,0.3082900047302246,0.0,0.0,0.0,2.488480269908905,0.9395797848701477,0.0,0.0,0.0,0.0,0.0,0.9395797848701477,1545.0,-4.599999904632568,-0.9395797848701477,0.33867502212524414,0.7287642359733582,0.9663143157958984
23.962818145751953,174.60838317871094,7.708824157714844,0.0,0.0,0.0,0.0,0.4211361438938871,-0.0,0.0,5.434642873491559,4.363214302062988,0.31154200434684753,0.0,0.0,0.0,4.6792901158332825,0.4222676157951355,0.0,0.0,0.0,0.0,0.0,0.4222676157951355,1546.0,-4.599999904632568,-0.4222676157951355,0.04476785659790039,0.8372425436973572,0.9955687522888184
23.969568252563477,179.28907775878906,7.708592891693115,0.0,0.0,0.0,0.0,0.5696132270311867,-0.0,0.0,5.49478566305978,4.423357091631208,0.3106450140476227,0.0,0.0,0.0,6.329035352915525,0.016019273549318314,0.0,0.0,0.0,0.0,0.0,0.016019273549318314,1547.0,-4.599999904632568,-0.016019273549318314,0.10943672060966492,0.992347776889801,0.9998668432235718
23.976318359375,179.97677612304688,7.708361625671387,0.0,0.0,0.0,0.0,0.6411489725777654,-0.0,0.0,5.5292856488909035,4.457857077462332,0.3001460134983063,0.0,0.0,0.0,7.1238769069314,0.015426777303218842,0.0,0.0,0.0,0.0,0.015426777303218842,0.0,1548.0,-4.599999904632568,0.015426777303218842,0.5337020754814148,0.9991755485534668,0.999991774559021
23.99586296081543,179.3055419921875,7.708130359649658,0.002612961456179619,0.0,0.0,0.0,0.4315904392723607,-0.002612961456179619,0.0,5.549714306422642,4.478285734994071,0.9803609848022461,0.0,0.0,1.1419401168823242,4.824481846901738,0.30786198377609253,0.0,0.0,0.0,0.0,0.0,0.30786198377609253,1549.0,1.1419401168823242,-0.30786198377609253,0.8850040435791016,0.9998419284820557,0.9999991655349731
24.002613067626953,179.99794006347656,8.849804878234863,0.009363068267703056,0.0,0.0,0.0,0.5481816699888075,-0.009363068267703056,0.0,5.558428573608398,4.487000002179827,0.37525901198387146,0.0,0.0,0.0,6.19494104385376,0.0,0.0,0.0,0.0,0.0,0.0,0.0,1550.0,-4.599999904632568,-0.007801785599440336,0.7707992792129517,0.9999979138374329,0.9999998807907104
24.009363174438477,179.3267059326172,8.849539756774902,0.016113175079226494,0.0,0.0,0.0,0.4670639307341637,-0.016113175079226494,0.0,5.543142809186663,4.471714237758091,0.30810999870300293,0.0,0.0,0.0,5.368634082376957,0.01565565913915634,0.0,0.0,0.0,0.0,0.0,0.01565565913915634,1551.0,-4.599999904632568,-0.01565565913915634,0.8322161436080933,0.9999997615814209,1.0
24.01611328125,179.99807739257812,8.849274635314941,0.02286328189074993,0.0,0.0,0.0,0.2583486745476277,-0.02286328189074993,0.0,5.4672142573765345,4.395785685947963,0.3182229995727539,0.0,0.0,0.0,3.124577045440674,0.0,0.0,0.0,0.0,0.0,0.0,0.0,1552.0,-4.599999904632568,-0.00796222873032093,0.7020809054374695,0.9999999403953552,1.0
24.022863388061523,179.32684326171875,8.84900951385498,0.02961338870227337,0.0,0.0,0.0,0.11886203590258598,-0.02961338870227337,0.0,5.4387142453874855,4.367285673958914,0.3080269992351532,0.0,0.0,0.8670725226402283,1.6497268089454828,0.016028370708227158,0.0,0.0,0.0,0.0,0.0,0.016028370708227158,1553.0,0.8670725226402283,-0.016028370708227158,0.9716051816940308,1.0,1.0
24.029613494873047,179.99807739257812,9.715790748596191,0.036363495513796806,0.0,0.0,0.0,0.164920201258952,-0.036363495513796806,0.0,5.449214335850307,4.377785764421735,0.37723100185394287,0.0,0.0,0.2743839919567108,2.2364853419573194,0.0,0.0,0.0,0.0,0.0,0.0,0.0,1554.0,0.2743839919567108,-0.007994966581463814,0.9990144968032837,1.0,1.0
24.03636360168457,179.32684326171875,9.989874839782715,0.043113602325320244,0.0,0.0,0.0,0.03254671482545861,-0.043113602325320244,0.0,5.431785665239606,4.360357093811035,0.49322599172592163,0.0,0.0,0.0,0.8406701237537494,0.0160538404605756,0.0,0.0,0.0,0.0,0.0,0.0160538404605756,1555.0,0.009364563971757889,-0.01605384051799774,0.9999209642410278,0.9999996423721313,1.0
24.043113708496094,179.99807739257812,9.989575386047363,0.03636370785534382,0.0,0.0,0.0,-0.03636370785534382,-0.03636370785534382,0.0,5.3619286128452845,4.290500041416713,0.3002000153064728,0.14529797434806824,0.0,0.0,0.0,0.0,0.0,0.0,0.13989145394841135,0.0,0.0,0.13989145394841135,1556.0,-4.599999904632568,-0.13989146053791046,0.9999351501464844,0.9999628067016602,1.0
24.03636360168457,179.99807739257812,9.698274612426758,0.02961360104382038,0.0,0.0,0.0,-0.02961360104382038,-0.02961360104382038,0.0,5.282857159205845,4.211428587777274,0.0,0.37415799498558044,0.0,0.0,0.0,0.0,0.0,0.0,0.1239314004778862,0.0,0.0,0.1239314004778862,1557.0,-4.599999904632568,-0.1239314004778862,0.9992634057998657,0.9980838298797607,1.0
24.029613494873047,179.99807739257812,9.18974494934082,0.022863494232296944,0.0,0.0,0.0,-0.022863494232296944,-0.022863494232296944,0.0,5.263071414402553,4.191642842973982,0.0,0.3562360107898712,0.0,0.0,0.0,0.0,0.0,0.0,0.0,0.0,0.0,0.0,1558.0,-4.599999904632568,-0.008350007236003876,0.9673852920532227,0.9088112115859985,1.0
24.022863388061523,179.32684326171875,8.825974464416504,0.016113387420773506,0.0,0.0,0.0,-0.016113387420773506,-0.016113387420773506,0.0,5.243499973842075,4.172071402413504,0.0,0.36024099588394165,0.0,0.0,0.0,0.0,0.0,0.0,0.016777396202087402,0.0,0.0,0.016777396202087402,1559.0,-4.599999904632568,-0.016777396202087402,0.7483481764793396,0.2712969481945038,0.9999995231628418
24.01611328125,179.9980010986328,8.441008567810059,0.009363280609250069,0.0,0.0,0.0,-0.009363280609250069,-0.009363280609250069,0.0,5.224714224679129,4.153285653250558,0.0,0.36514100432395935,0.0,0.0,0.0,0.0,0.0,0.0,0.0,0.0,0.0,0.0,1560.0,-4.599999904632568,0.0,0.7966451644897461,0.10449793934822083,0.9999760389328003
24.009363174438477,166.82550048828125,8.0681734085083,0.002613173797726631,0.0,0.0,0.0,-0.002613173797726631,-0.002613173797726631,0.0,5.202571405683245,4.131142834254673,0.0,0.5430920124053955,0.0,0.0,0.0,0.0,0.0,0.0,0.33816489577293396,0.0,0.0,0.33816489577293396,1561.0,-4.599999904632568,-0.33816489577293396,0.9531464576721191,0.3844285309314728,0.9977084994316101
24.002613067626953,179.63143920898438,7.168716907501221,0.0,0.0,0.0,0.0,0.0,-0.0,0.0,5.175999995640346,4.104571424211775,0.0,0.18902599811553955,0.0,0.0,0.0,0.0,0.0,0.0,0.06395193189382553,0.0,0.0,0.06395193189382553,1562.0,-4.599999904632568,-0.06395193189382553,0.004677802324295044,0.14077845215797424,0.9996423721313477
23.99586296081543,179.94085693359375,6.910368919372559,0.0,0.0,0.0,0.0,0.0,-0.0,0.0,5.149785668509347,4.078357097080776,0.0,0.17225700616836548,0.0,0.0,0.0,0.0,0.0,0.0,0.0,0.0,0.0,0.0,1563.0,-4.599999904632568,0.0,0.0007917881011962891,0.4492526650428772,0.9983965158462524
23.989112854003906,179.26962280273438,6.734394550323486,0.0,0.0,0.0,0.0,0.0,-0.0,0.0,5.129642840794155,4.058214269365584,0.0,0.15967600047588348,0.0,0.0,0.0,0.0,0.0,0.0,0.010723528452217579,0.0,0.0,0.010723528452217579,1564.0,-4.599999904632568,-0.010723528452217579,0.0005758106708526611,0.8336904644966125,0.9964681267738342
23.982362747192383,179.4329833984375,6.560320854187012,0.0,0.0,0.0,0.0,0.0,-0.0,0.0,5.1239285605294365,4.052499989100864,0.0,0.15532000362873077,0.0,0.0,0.0,0.0,0.0,0.0,0.0,0.0,0.0,0.0,1565.0,-4.599999904632568,0.0,0.0008222758769989014,0.834784746170044,0.9930647611618042
23.97561264038086,178.76174926757812,6.401638984680176,0.0,0.0,0.0,0.0,0.0,-0.0,0.0,5.132642827715192,4.061214256286621,0.0,0.16150300204753876,0.0,0.0,0.0,0.0,0.0,0.0,0.0,0.0,0.0,0.0,1566.0,-4.599999904632568,0.0,0.0036106109619140625,0.797869086265564,0.9846336841583252
23.968862533569336,178.09051513671875,6.236652851104736,0.0,0.0,0.0,0.0,0.025824600126314053,-0.0,0.0,5.17728568485805,4.105857113429478,0.18425999581813812,0.0,0.0,0.0,0.28693997859954834,0.0,0.0,0.0,0.0,0.0,0.0,0.0,1567.0,-4.599999904632568,0.0,0.15659761428833008,0.4465349316596985,0.8277591466903687
23.962112426757812,167.13296508789062,6.236465930938721,0.0,0.0,0.0,0.0,0.0,-0.0,0.0,5.247999954223633,4.1765713827950615,0.2739329934120178,0.0,0.0,1.1764577903836653,0.0,0.0,0.0,0.0,0.0,0.0,0.0,0.0,1568.0,1.2780671119689941,0.0,0.8920334577560425,0.16400757431983948,0.5447207689285278
23.95536231994629,126.19922637939453,7.412701606750488,0.0,0.0,0.0,0.0,0.2042154283694757,-0.0,0.0,5.353285734994071,4.281857163565499,0.3082900047302246,0.0,0.0,0.0,2.2690601348876953,0.0,0.0,0.0,0.0,0.0,0.0,0.0,1569.0,-4.599999904632568,0.0,0.6089308857917786,0.08760535717010498,0.23200032114982605
23.948612213134766,125.52799987792969,7.412479400634766,0.0,0.0,0.0,0.0,0.2545844208863899,-0.0,0.0,5.46285719190325,4.391428620474679,0.31154200434684753,0.0,0.0,0.0,2.8287155628204346,0.42794251441955566,0.0,0.0,0.0,0.0,0.0,0.42794251441955566,1570.0,-4.599999904632568,-0.42794251441955566,0.08995193243026733,0.49841442704200745,0.8806217908859253
23.95536231994629,160.89756774902344,7.412257194519043,0.0,0.0,0.0,0.0,0.36260121902634285,-0.0,0.0,5.549214308602469,4.477785737173898,0.3106450140476227,0.0,0.0,0.0,4.028902113437653,0.3278025984764099,0.0,0.0,0.0,0.0,0.0,0.3278025984764099,1571.0,-4.599999904632568,-0.3278025984764099,0.010424762964248657,0.9678856730461121,0.9986196756362915
23.962112426757812,179.7772216796875,7.41203498840332,0.0,0.0,0.0,0.0,0.43852265125196177,-0.0,0.0,5.621857179914202,4.55042860848563,0.3001460134983063,0.0,0.0,0.0,4.872473515570164,0.031480513513088226,0.0,0.0,0.0,0.0,0.031480513513088226,0.0,1572.0,-4.599999904632568,0.031480513513088226,0.010080307722091675,0.9990849494934082,0.9999616146087646
23.99540901184082,179.10598754882812,7.411812782287598,0.002159012481570244,0.0,0.0,0.0,0.46652669103304945,-0.002159012481570244,0.0,5.676785687037876,4.605357115609305,0.3103350102901459,0.0,0.0,0.0,5.207618514075875,0.017696579918265343,0.0,0.0,0.0,0.0,0.0,0.017696579918265343,1573.0,-4.599999904632568,-0.017696579918265343,0.052846163511276245,0.9999359846115112,0.9999979138374329
24.002159118652344,179.99774169921875,7.411590576171875,0.008909119293093681,0.0,0.0,0.0,0.5115159460991648,-0.008909119293093681,0.0,5.706928607395717,4.635500035967145,0.3222000002861023,0.0,0.0,0.0,5.782500267028809,0.0,0.0,0.0,0.0,0.0,0.0,0.0,1574.0,-4.599999904632568,-0.007554084062576294,0.5776497721672058,0.9999946355819702,0.9999998807907104
24.008909225463867,179.32650756835938,7.411368370056152,0.01565922610461712,0.0,0.0,0.0,0.3373665344373529,-0.01565922610461712,0.0,5.688499941144671,4.617071369716099,0.30810999870300293,0.0,0.0,0.96712726354599,3.922508138733389,0.18326724893063778,0.0,0.0,0.0,0.0,0.0,0.18326724893063778,1575.0,0.96712726354599,-0.1832672506570816,0.8378465175628662,0.9999988079071045,1.0
24.01565933227539,179.99807739257812,8.378244400024414,0.022409332916140556,0.0,0.0,0.0,0.32192029174721726,-0.022409332916140556,0.0,5.665571430751255,4.594142859322684,0.3182229995727539,0.0,0.0,1.5456843376159668,3.8258844144277724,0.10881382817289928,0.0,0.0,0.0,0.0,0.0,0.10881382817289928,1576.0,1.5456843376159668,-0.1088138297200203,0.9923899173736572,0.9999998807907104,1.0
24.022409439086914,179.99807739257812,9.92363166809082,0.029159439727663994,0.0,0.0,0.0,0.35633968682580025,-0.029159439727663994,0.0,5.608928625924246,4.537500054495675,0.3080269992351532,0.0,0.0,0.0,4.283323287963867,0.0,0.0,0.0,0.0,0.0,0.0,0.0,1577.0,-4.599999904632568,-0.007713553495705128,0.9920197129249573,1.0,1.0
24.029159545898438,179.32684326171875,9.923334121704102,0.03590954653918743,0.0,0.0,0.0,0.19053894789620623,-0.03590954653918743,0.0,5.536928531101772,4.4654999596732,0.37723100185394287,0.0,0.0,0.06786390393972397,2.5160941826542813,0.015675842761993408,0.0,0.0,0.0,0.0,0.0,0.015675842761993408,1578.0,0.06786390393972397,-0.015675842761993408,0.9991167783737183,0.9999999403953552,1.0
24.03590965270996,179.99807739257812,9.990898132324219,0.04265965335071087,0.0,0.0,0.0,0.036583015734367716,-0.04265965335071087,0.0,5.46007137298584,4.3886428015572685,0.49322599172592163,0.0,0.0,0.0,0.8804740309715271,0.0,0.0,0.0,0.0,0.0,0.0,0.0,1579.0,0.008335549384355545,-0.007975188083946705,0.9999203681945801,0.9999996423721313,1.0
24.042659759521484,179.32684326171875,9.990598678588867,0.035909758880734444,0.0,0.0,0.0,-0.035909758880734444,-0.035909758880734444,0.0,5.35707141331264,4.2856428418840675,0.2859500050544739,0.15954798460006714,0.0,0.0,0.0,0.0,0.0,0.0,0.10951880992774729,0.0,0.0,0.10951880992774729,1580.0,-4.599999904632568,-0.10951881110668182,0.9999212026596069,0.9999601244926453,1.0
24.03590965270996,179.99807739257812,9.715749740600586,0.029159652069211006,0.0,0.0,0.0,-0.029159652069211006,-0.029159652069211006,0.0,5.262000029427664,4.190571457999093,0.0,0.37415799498558044,0.0,0.0,0.0,0.0,0.0,0.0,0.0,0.0,0.0,0.0,1581.0,-4.599999904632568,-0.008352142758667469,0.9977335929870605,0.9976843595504761,1.0
24.029159545898438,179.32684326171875,9.3336763381958,0.02240954525768757,0.0,0.0,0.0,-0.02240954525768757,-0.02240954525768757,0.0,5.220214244297573,4.148785672869002,0.0,0.3562360107898712,0.0,0.0,0.0,0.0,0.0,0.0,0.016872521489858627,0.0,0.0,0.016872521489858627,1582.0,-4.599999904632568,-0.016872521489858627,0.9737964272499084,0.925747811794281,1.0
24.022409439086914,179.99807739257812,8.952685356140137,0.01565943844616413,0.0,0.0,0.0,-0.01565943844616413,-0.01565943844616413,0.0,5.193285751342773,4.121857179914202,0.0,0.36024099588394165,0.0,0.0,0.0,0.0,0.0,0.0,0.0,0.0,0.0,0.0,1583.0,-4.599999904632568,-0.008490607142448425,0.761681079864502,0.3033878803253174,0.9999996423721313
24.01565933227539,179.32684326171875,8.584835052490234,0.008909331634640694,0.0,0.0,0.0,-0.008909331634640694,-0.008909331634640694,0.0,5.175071389334542,4.103642817905971,0.0,0.29989999532699585,0.0,0.0,0.0,0.0,0.0,0.0,0.017051151022315025,0.0,0.0,0.017051151022315025,1584.0,-4.599999904632568,-0.017051151022315025,0.17328333854675293,0.06736382842063904,0.999996542930603
24.008909225463867,179.99752807617188,8.261167526245117,0.002159224823117256,0.0,0.0,0.0,-0.002159224823117256,-0.002159224823117256,0.0,5.157428550720215,4.0859999792916435,0.0,0.22134600579738617,0.0,0.0,0.0,0.0,0.0,0.0,0.0,0.0,0.0,0.0,1585.0,-4.599999904632568,0.0,0.01616448163986206,0.12799274921417236,0.9999779462814331
24.002159118652344,179.3262939453125,8.035063743591309,0.0,0.0,0.0,0.0,0.0,-0.0,0.0,5.1400000163487025,4.068571444920131,0.0,0.18902599811553955,0.0,0.0,0.0,0.0,0.0,0.0,0.017152372747659683,0.0,0.0,0.017152372747659683,1586.0,-4.599999904632568,-0.017152372747659683,0.00852733850479126,0.1256200075149536,0.9999707937240601
23.99540901184082,179.993408203125,7.8244428634643555,0.0,0.0,0.0,0.0,0.0,-0.0,0.0,5.1205714906964985,4.049142919267927,0.0,0.17225700616836548,0.0,0.0,0.0,0.0,0.0,0.0,0.0,0.0,0.0,0.0,1587.0,-4.599999904632568,0.0,0.0025525689125061035,0.44877684116363525,0.999834418296814
23.988658905029297,179.32217407226562,7.648441314697266,0.0,0.0,0.0,0.0,0.0,-0.0,0.0,5.098714229038784,4.0272856576102125,0.0,0.15967600047588348,0.0,0.0,0.0,0.0,0.0,0.0,0.016450244933366776,0.0,0.0,0.016450244933366776,1588.0,-4.599999904632568,-0.016450244933366776,0.0014503300189971924,0.8119750022888184,0.9995212554931641
23.981908798217773,179.92147827148438,7.468496799468994,0.0,0.0,0.0,0.0,0.0,-0.0,0.0,5.079785701206752,4.008357129778181,0.0,0.15532000362873077,0.0,0.0,0.0,0.0,0.0,0.0,0.0,0.0,0.0,0.0,1589.0,-4.599999904632568,0.0,0.0016236603260040283,0.8334223628044128,0.9982799291610718
23.97515869140625,179.250244140625,7.309787750244141,0.0,0.0,0.0,0.0,0.0,-0.0,0.0,5.068642834254673,3.997214262826102,0.0,0.16150300204753876,0.0,0.0,0.0,0.0,0.0,0.0,0.0,0.0,0.0,0.0,1590.0,-4.599999904632568,0.0,0.00653761625289917,0.7954457402229309,0.9926990270614624
23.968408584594727,178.57901000976562,7.144774436950684,0.0,0.0,0.0,0.0,0.03001410365216747,-0.0,0.0,5.1459286008562355,4.074500029427664,0.18425999581813812,0.0,0.0,0.0,0.3334900140762329,0.0,0.0,0.0,0.0,0.0,0.0,0.0,1591.0,-4.599999904632568,0.0,0.08720797300338745,0.5443962812423706,0.8394224047660828
23.961658477783203,177.90777587890625,7.14456033706665,0.0,0.0,0.0,0.0,0.0539173430782079,-0.0,0.0,5.237999997820173,4.166571426391601,0.2739329934120178,0.0,0.0,0.9356898665428162,0.5990815421471413,0.0,0.0,0.0,0.0,0.0,0.0,0.0,1592.0,0.9356898665428162,0.0,0.8080220222473145,0.05685308575630188,0.273031085729599
23.95490837097168,177.23654174804688,8.080007553100586,0.0,0.0,0.0,0.0,0.2940759177268267,-0.0,0.0,5.32971431187221,4.258285740443638,0.3082900047302246,0.0,0.0,0.0,3.267509937286377,0.0,0.0,0.0,0.0,0.0,0.0,0.0,1593.0,-4.599999904632568,0.0,0.18730506300926208,0.42130887508392334,0.7872795462608337
23.948158264160156,175.69273376464844,8.079765319824219,0.0,0.0,0.0,0.0,0.40722626316358557,-0.0,0.0,5.415428515842983,4.343999944414412,0.31154200434684753,0.0,0.0,0.0,4.524735897779465,0.3155718147754669,0.0,0.0,0.0,0.0,0.0,0.3155718147754669,1594.0,-4.599999904632568,-0.3155718147754669,0.03461781144142151,0.869426965713501,0.9933472871780396
23.95490837097168,178.9336395263672,8.079523086547852,0.0,0.0,0.0,0.0,0.5458150193804989,-0.0,0.0,5.482214328220913,4.4107857567923405,0.3106450140476227,0.0,0.0,0.0,6.064610844478011,0.020143622532486916,0.0,0.0,0.0,0.0,0.0,0.020143622532486916,1595.0,-4.599999904632568,-0.020143622532486916,0.06833752989768982,0.9938799142837524,0.999801754951477
23.961658477783203,179.9663543701172,8.079280853271484,0.0,0.0,0.0,0.0,0.561353785155515,-0.0,0.0,5.52028568812779,4.448857116699219,0.3001460134983063,0.0,0.0,0.0,6.237263783812523,0.03469027578830719,0.0,0.0,0.0,0.0,0.03469027578830719,0.0,1596.0,-4.599999904632568,0.03469027578830719,0.13113683462142944,0.9994295835494995,0.999982476234436
23.997133255004883,179.2951202392578,8.079038619995117,0.003883255645632744,0.0,0.0,0.0,0.578538757953801,-0.003883255645632744,0.0,5.543857111249651,4.472428539821079,0.3103350102901459,0.0,0.0,0.0,6.471355192363262,0.11435962468385696,0.0,0.0,0.0,0.0,0.0,0.11435962468385696,1597.0,-4.599999904632568,-0.11435962468385696,0.5695441961288452,0.999923825263977,0.9999987483024597
24.003883361816406,179.9978790283203,8.07879638671875,0.010633362457156181,0.0,0.0,0.0,0.5062862056777507,-0.010633362457156181,0.0,5.550928606305804,4.479500034877232,0.3222000002861023,0.0,0.0,0.0,5.7435503005981445,0.0,0.0,0.0,0.0,0.0,0.0,0.0,1598.0,-4.599999904632568,-0.007815559394657612,0.5588565468788147,0.9999971389770508,0.9999998807907104
24.01063346862793,179.32664489746094,8.078554153442383,0.01738346926867962,0.0,0.0,0.0,0.28564619561520393,-0.01738346926867962,0.0,5.546714319501604,4.475285748073032,0.30810999870300293,0.0,0.0,0.0,3.366996008902788,0.015643876045942307,0.0,0.0,0.0,0.0,0.0,0.015643876045942307,1599.0,-4.599999904632568,-0.015643876045942307,0.15008044242858887,0.9999997615814209,1.0
24.017383575439453,179.99807739257812,8.078311920166016,0.024133576080203056,0.0,0.0,0.0,0.2281793783704789,-0.024133576080203056,0.0,5.557571492876325,4.486142921447754,0.3182229995727539,0.0,0.0,0.0,2.8034770488739014,0.0,0.0,0.0,0.0,0.0,0.0,0.0,1600.0,-4.599999904632568,-0.007801857776939869,0.6356173157691956,0.9999998807907104,1.0
24.024133682250977,179.32684326171875,8.078069686889648,0.030883682891726494,0.0,0.0,0.0,0.004595381251112744,-0.030883682891726494,0.0,5.549857085091727,4.478428513663156,0.3080269992351532,0.0,0.0,1.6016440391540527,0.3942117924801858,0.015630589373396998,0.0,0.0,0.0,0.0,0.0,0.015630589373396998,1601.0,1.6016440391540527,-0.015630589798092842,0.9679684042930603,0.9999998807907104,1.0
24.0308837890625,179.99807739257812,9.679423332214355,0.03763378970324993,0.0,0.0,0.0,0.055034491897350005,-0.03763378970324993,0.0,5.518214307512555,4.446785736083984,0.37723100185394287,0.0,0.0,0.31102415919303894,1.029647491510967,0.0,0.0,0.0,0.0,0.0,0.0,0.0,1602.0,0.31102415919303894,-0.007870909757912159,0.999041736125946,0.9999998807907104,1.0
24.037633895874023,179.32684326171875,9.990147590637207,0.04438389651477337,0.0,0.0,0.0,-0.08557367898284518,-0.04438389651477337,0.0,5.459285681588309,4.387857110159738,0.49322599172592163,0.0,0.0,0.0,0.0,0.3380240201950073,0.13729926943778992,0.0,0.0,0.0,0.0,0.47532328963279724,1603.0,0.009391266852617264,-0.47532328963279724,0.9999508857727051,0.999997079372406,1.0
24.044384002685547,179.9980926513672,9.989848136901855,0.037634002044796944,0.0,0.0,0.0,-0.037634002044796944,-0.037634002044796944,0.0,5.3704285757882255,4.2990000043596535,0.1472499966621399,0.2982479929924011,0.0,0.0,0.0,0.0,0.0,0.0,0.0,0.0,0.0,0.0,1604.0,-4.599999904632568,-0.00814130064100027,0.9998286366462708,0.9999349117279053,1.0
24.037633895874023,179.3268585205078,9.685222625732422,0.030883895233273506,0.0,0.0,0.0,-0.030883895233273506,-0.030883895233273506,0.0,5.298428617204938,4.227000045776367,0.0,0.47749099135398865,0.0,0.0,0.0,0.0,0.0,0.0,0.016560131683945656,0.0,0.0,0.016560131683945656,1605.0,-4.599999904632568,-0.016560131683945656,0.9989427328109741,0.9985231757164001,1.0
24.0308837890625,179.99807739257812,9.180813789367676,0.02413378842175007,0.0,0.0,0.0,-0.02413378842175007,-0.02413378842175007,0.0,5.267000007629394,4.195571436200823,0.0,0.3562360107898712,0.0,0.0,0.0,0.0,0.0,0.0,0.13091643154621124,0.0,0.0,0.13091643154621124,1606.0,-4.599999904632568,-0.13091643154621124,0.9919486045837402,0.9225236177444458,1.0
24.024133682250977,179.99807739257812,8.683459281921387,0.01738368161022663,0.0,0.0,0.0,-0.01738368161022663,-0.01738368161022663,0.0,5.242571367536272,4.1711427961077,0.0,0.36024099588394165,0.0,0.0,0.0,0.0,0.0,0.0,0.11557751148939133,0.0,0.0,0.11557751148939133,1607.0,-4.599999904632568,-0.11557751148939133,0.9046001434326172,0.2512572407722473,0.9999990463256836
24.017383575439453,179.9979248046875,8.197684288024902,0.010633574798703194,0.0,0.0,0.0,-0.010633574798703194,-0.010633574798703194,0.0,5.226857130868094,4.155428559439523,0.0,0.29989999532699585,0.0,0.0,0.0,0.0,0.0,0.0,0.0,0.0,0.0,0.0,1608.0,-4.599999904632568,-0.008404012769460678,0.1049802303314209,0.04831781983375549,0.9999897480010986
24.01063346862793,179.32669067382812,7.891427516937256,0.003883467987179756,0.0,0.0,0.0,-0.003883467987179756,-0.003883467987179756,0.0,5.21049998147147,4.139071410042899,0.0,0.22134600579738617,0.0,0.0,0.0,0.0,0.0,0.0,0.01680043712258339,0.0,0.0,0.01680043712258339,1609.0,-4.599999904632568,-0.01680043712258339,0.010079711675643921,0.12005138397216797,0.9999436140060425
24.003883361816406,179.9890594482422,7.648191452026367,0.0,0.0,0.0,0.0,0.0,-0.0,0.0,5.197785731724331,4.126357160295759,0.0,0.18902599811553955,0.0,0.0,0.0,0.0,0.0,0.0,0.0,0.0,0.0,0.0,1610.0,-4.599999904632568,0.0,0.004782438278198242,0.12124517560005188,0.9999175667762756
23.997133255004883,179.3178253173828,7.455084323883057,0.0,0.0,0.0,0.0,0.0,-0.0,0.0,5.1874999455043245,4.116071374075753,0.0,0.17225700616836548,0.0,0.0,0.0,0.0,0.0,0.0,0.016312481835484505,0.0,0.0,0.016312481835484505,1611.0,-4.599999904632568,-0.016312481835484505,0.001735299825668335,0.4419277310371399,0.9996011257171631
23.99038314819336,179.93426513671875,7.262448787689209,0.0,0.0,0.0,0.0,0.0,-0.0,0.0,5.175928606305804,4.104500034877232,0.0,0.15967600047588348,0.0,0.0,0.0,0.0,0.0,0.0,0.0,0.0,0.0,0.0,1612.0,-4.599999904632568,0.0,0.0010055899620056152,0.8289734125137329,0.9988698959350586
23.983633041381836,179.26303100585938,7.099301338195801,0.0,0.0,0.0,0.0,0.0,-0.0,0.0,5.166714341299874,4.095285769871303,0.0,0.15532000362873077,0.0,0.0,0.0,0.0,0.0,0.0,0.011644493788480759,0.0,0.0,0.011644493788480759,1613.0,-4.599999904632568,-0.011644493788480759,0.0013341307640075684,0.8451061248779297,0.9969266653060913
23.976882934570312,179.50634765625,6.928721904754639,0.0,0.0,0.0,0.0,0.0,-0.0,0.0,5.162857137407575,4.091428565979004,0.0,0.16150300204753876,0.0,0.0,0.0,0.0,0.0,0.0,0.0,0.0,0.0,0.0,1614.0,-4.599999904632568,0.0,0.005344569683074951,0.8069603443145752,0.9897135496139526
23.97013282775879,178.83511352539062,6.7637200355529785,0.0,0.0,0.0,0.0,0.021122103969025828,-0.0,0.0,5.216214261736188,4.144785690307617,0.18425999581813812,0.0,0.0,0.0,0.23469002544879913,0.0,0.0,0.0,0.0,0.0,0.0,0.0,1615.0,-4.599999904632568,0.0,0.06764262914657593,0.54444420337677,0.85187166929245
23.963382720947266,178.16387939453125,6.763517379760742,0.0,0.0,0.0,0.0,0.0,-0.0,0.0,5.272499983651297,4.201071412222726,0.2739329934120178,0.0,0.0,1.0805647058986096,0.0,0.0,0.0,0.0,0.0,0.0,0.0,0.0,1616.0,1.1750669479370117,0.0,0.8090004324913025,0.06264883279800415,0.31152594089508057
23.956632614135742,169.86801147460938,7.843846797943115,0.0,0.0,0.0,0.0,0.1968624199916846,-0.0,0.0,5.33007139478411,4.2586428233555385,0.3082900047302246,0.0,0.0,0.0,2.1873600482940674,0.0,0.0,0.0,0.0,0.0,0.0,0.0,1617.0,-4.599999904632568,0.0,0.3354199528694153,0.20448267459869385,0.4639221429824829
23.94988250732422,169.19677734375,7.843611717224121,0.0,0.0,0.0,0.0,0.28708954321062774,-0.0,0.0,5.419000026157924,4.347571454729353,0.31154200434684753,0.0,0.0,0.0,3.1898835599422455,0.4125742018222809,0.0,0.0,0.0,0.0,0.0,0.4125742018222809,1618.0,-4.599999904632568,-0.4125742018222809,0.02813360095024109,0.7575987577438354,0.975584864616394
23.956632614135742,176.09165954589844,7.843376636505127,0.0,0.0,0.0,0.0,0.3742325174198544,-0.0,0.0,5.485500008719308,4.414071437290737,0.3106450140476227,0.0,0.0,0.0,4.158138751983643,0.8778157234191895,0.0,0.0,0.0,0.0,0.0,0.8778157234191895,1619.0,-4.599999904632568,-0.8778157234191895,0.06835517287254333,0.9226683378219604,0.9994357228279114
23.963382720947266,179.90780639648438,7.843141555786133,0.0,0.0,0.0,0.0,0.526784223385389,-0.0,0.0,5.535071454729352,4.463642883300781,0.3001460134983063,0.0,0.0,0.0,5.853157572448254,0.0321464017033577,0.0,0.0,0.0,0.0,0.0321464017033577,0.0,1620.0,-4.599999904632568,0.0321464017033577,0.06030198931694031,0.9993677139282227,0.9999793171882629
23.996822357177734,179.236572265625,7.842906475067139,0.0035723578184843063,0.0,0.0,0.0,0.5929023742109296,-0.0035723578184843063,0.0,5.580571392604282,4.509142821175711,0.3103350102901459,0.0,0.0,0.0,6.627496495842934,0.2042682021856308,0.0,0.0,0.0,0.0,0.0,0.2042682021856308,1621.0,-4.599999904632568,-0.2042682021856308,0.7234509587287903,0.9998410940170288,0.9999990463256836
24.003572463989258,179.9979248046875,7.8426713943481445,0.010322464630007744,0.0,0.0,0.0,0.3997781708134415,-0.010322464630007744,0.0,5.610928617204938,4.539500045776367,0.3222000002861023,0.0,0.0,1.4718976020812988,4.556673365017566,0.7593901753425598,0.0,0.0,0.0,0.0,0.0,0.7593901753425598,1622.0,1.4718976020812988,-0.7593901753425598,0.9314538836479187,0.9996291399002075,0.9999998211860657
24.01032257080078,179.998046875,9.314290046691895,0.01707257144153118,0.0,0.0,0.0,0.5170877468900372,-0.01707257144153118,0.0,5.6249999455043245,4.553571374075753,0.30810999870300293,0.0,0.0,0.28319594264030457,5.935114176448033,0.0,0.0,0.0,0.0,0.0,0.0,0.0,1623.0,0.28319594264030457,-0.007686678785830736,0.9597455859184265,0.9999997615814209,1.0
24.017072677612305,179.32681274414062,9.597198486328125,0.02382267825305462,0.0,0.0,0.0,0.404713498175119,-0.02382267825305462,0.0,5.6262142453874855,4.554785673958914,0.3182229995727539,0.0,0.0,0.271452397108078,4.761512693013113,0.18177190301146326,0.0,0.0,0.0,0.0,0.0,0.18177190301146326,1624.0,0.271452397108078,-0.1817719042301178,0.9868621230125427,0.9999998807907104,1.0
24.023822784423828,179.99807739257812,9.868354797363281,0.030572785064578056,0.0,0.0,0.0,0.2922634399163454,-0.030572785064578056,0.0,5.6128570829118996,4.541428511483328,0.3080269992351532,0.0,0.0,0.02663179114460945,3.5870688813800773,0.12187866866588593,0.0,0.0,0.0,0.0,0.0,0.12187866866588593,1625.0,0.02663179114460945,-0.12187866866588593,0.9894956946372986,1.0,1.0
24.03057289123535,179.99807739257812,9.894689559936523,0.037322891876101494,0.0,0.0,0.0,0.15652002842901963,-0.037322891876101494,0.0,5.593499946594238,4.522071375165667,0.37723100185394287,0.0,0.0,0.09565683454275131,2.153810054443009,0.0,0.0,0.0,0.0,0.0,0.0,0.0,1626.0,0.09565683454275131,-0.007739871274679899,0.999031662940979,0.9999999403953552,1.0
24.037322998046875,179.32684326171875,9.990046501159668,0.04407299868762493,0.0,0.0,0.0,0.012884750586667076,-0.04407299868762493,0.0,5.542142813546317,4.4707142421177455,0.49322599172592163,0.0,0.0,0.0,0.6328638305299673,0.12126015523739717,0.0,0.0,0.0,0.0,0.0,0.12126015523739717,1627.0,0.009289223700761795,-0.1212601587176323,0.9999306201934814,0.9999994039535522,1.0
24.0440731048584,179.99807739257812,9.989747047424316,0.05082310549914837,0.0,0.0,0.0,-0.05082310549914837,-0.05082310549914837,0.0,5.423285702296665,4.351857130868094,0.2678999900817871,0.1775979995727539,0.0,0.0,0.0,0.0,0.0,0.0,0.37161266803741455,0.0,0.0,0.37161266803741455,1628.0,-4.599999904632568,-0.37161266803741455,0.999980092048645,0.9999647736549377,1.0
24.050823211669922,179.99807739257812,9.429045677185059,0.044073211029171944,0.0,0.0,0.0,-0.044073211029171944,-0.044073211029171944,0.0,5.327642795017788,4.256214223589216,0.0,0.37415799498558044,0.0,0.0,0.0,0.0,0.0,0.0,0.6143131256103516,0.0,0.0,0.6143131256103516,1629.0,-4.599999904632568,-0.6143131256103516,0.9999583959579468,0.9980335235595703,1.0
24.0440731048584,179.99807739257812,8.420148849487305,0.037323104217648506,0.0,0.0,0.0,-0.037323104217648506,-0.037323104217648506,0.0,5.305571365356445,4.234142793927874,0.0,0.3562360107898712,0.0,0.0,0.0,0.0,0.0,0.0,0.0,0.0,0.0,0.0,1630.0,-4.599999904632568,-0.008266006596386433,0.9047757387161255,0.7860647439956665,0.9999998807907104
24.037322998046875,179.32684326171875,8.056401252746582,0.03057299740612507,0.0,0.0,0.0,-0.03057299740612507,-0.03057299740612507,0.0,5.281857163565499,4.210428592136928,0.0,0.36024099588394165,0.0,0.0,0.0,0.0,0.0,0.0,0.016617562621831894,0.0,0.0,0.016617562621831894,1631.0,-4.599999904632568,-0.016617562621831894,0.5210121273994446,0.12829798460006714,0.9999959468841553
24.03057289123535,179.9974365234375,7.671621799468994,0.02382289059460163,0.0,0.0,0.0,-0.02382289059460163,-0.02382289059460163,0.0,5.265214320591518,4.193785749162947,0.0,0.29989999532699585,0.0,0.0,0.0,0.0,0.0,0.0,0.0,0.0,0.0,0.0,1632.0,-4.599999904632568,0.0,0.20379364490509033,0.05564108490943909,0.999930202960968
24.023822784423828,170.77125549316406,7.365380764007568,0.017072783783078194,0.0,0.0,0.0,-0.017072783783078194,-0.017072783783078194,0.0,5.247357177734375,4.175928606305804,0.0,0.22134600579738617,0.0,0.0,0.0,0.0,0.0,0.0,0.22862395644187927,0.0,0.0,0.22862395644187927,1633.0,-4.599999904632568,-0.22862395644187927,0.039294034242630005,0.15111637115478516,0.9997764825820923
24.017072677612305,179.96231079101562,6.906020641326904,0.010322676971554756,0.0,0.0,0.0,-0.010322676971554756,-0.010322676971554756,0.0,5.228142820085798,4.156714248657226,0.0,0.18902599811553955,0.0,0.0,0.0,0.0,0.0,0.0,0.0,0.0,0.0,0.0,1634.0,-4.599999904632568,0.0,0.001893848180770874,0.12434959411621094,0.9993680715560913
24.01032257080078,179.29107666015625,6.712935924530029,0.0035725701600313187,0.0,0.0,0.0,-0.0035725701600313187,-0.0035725701600313187,0.0,5.200785718645368,4.129357147216797,0.0,0.17225700616836548,0.0,0.0,0.0,0.0,0.0,0.0,0.012137435376644135,0.0,0.0,0.012137435376644135,1635.0,-4.599999904632568,-0.012137435376644135,0.0006489753723144531,0.44675981998443604,0.9973934888839722
24.003572463989258,179.58103942871094,6.524582862854004,0.0,0.0,0.0,0.0,0.0,-0.0,0.0,5.173428617204938,4.102000045776367,0.0,0.15967600047588348,0.0,0.0,0.0,0.0,0.0,0.0,0.0,0.0,0.0,0.0,1636.0,-4.599999904632568,0.0,0.00045433640480041504,0.8265336155891418,0.9945064783096313
23.996822357177734,178.90980529785156,6.361457347869873,0.0,0.0,0.0,0.0,0.0,-0.0,0.0,5.161071450369699,4.089642878941127,0.0,0.15532000362873077,0.0,0.0,0.0,0.0,0.0,0.0,0.0,0.0,0.0,0.0,1637.0,-4.599999904632568,0.0,0.0007438957691192627,0.8397890329360962,0.9912264943122864
23.99007225036621,178.2385711669922,6.202781677246094,0.0,0.0,0.0,0.0,0.0,-0.0,0.0,5.158499935695103,4.0870713642665315,0.0,0.16150300204753876,0.0,0.0,0.0,0.0,0.0,0.0,0.0,0.0,0.0,0.0,1638.0,-4.599999904632568,0.0,0.003177642822265625,0.7999172210693359,0.9824339151382446
23.983322143554688,177.5673370361328,6.037801742553711,0.0,0.0,0.0,0.0,0.01727460089521407,-0.0,0.0,5.218142863682338,4.146714292253767,0.18425999581813812,0.0,0.0,0.0,0.19193999469280243,0.0,0.0,0.0,0.0,0.0,0.0,0.0,1639.0,-4.599999904632568,0.0,0.044652581214904785,0.49489298462867737,0.8458116054534912
23.976572036743164,176.89610290527344,6.037620544433594,0.0,0.0,0.0,0.0,0.0,-0.0,0.0,5.293571417672293,4.222142846243722,0.2739329934120178,0.0,0.0,1.0349456702435873,0.0,0.0,0.0,0.0,0.0,0.0,0.0,0.0,1640.0,1.1260669231414795,0.0,0.8849535584449768,0.09528177976608276,0.43581363558769226
23.96982192993164,147.55487060546875,7.072354316711426,0.0,0.0,0.0,0.0,0.20729342439122295,-0.0,0.0,5.369142886570522,4.297714315141951,0.3082900047302246,0.0,0.0,0.0,2.303260087966919,0.0,0.0,0.0,0.0,0.0,0.0,0.0,1641.0,-4.599999904632568,0.0,0.4868510961532593,0.08722427487373352,0.4048970937728882
23.963071823120117,143.083251953125,7.072142124176025,0.0,0.0,0.0,0.0,0.26947954412138686,-0.0,0.0,5.472928537641253,4.401499966212681,0.31154200434684753,0.0,0.0,0.0,2.9942169189453125,0.39069104194641113,0.0,0.0,0.0,0.0,0.0,0.39069104194641113,1642.0,-4.599999904632568,-0.39069104194641113,0.05052599310874939,0.5270857214927673,0.9437789916992188
23.96982192993164,171.00271606445312,7.071929931640625,0.0,0.0,0.0,0.0,0.3740407729876638,-0.0,0.0,5.570000049046108,4.498571477617536,0.3363740146160126,0.0,0.0,0.0,4.156008258461952,0.11036776006221771,0.0,0.0,0.0,0.0,0.0,0.11036776006221771,1643.0,-4.599999904632568,-0.11036776006221771,0.005818963050842285,0.9801372289657593,0.9990952014923096
23.976572036743164,179.85330200195312,7.071717739105225,0.0,0.0,0.0,0.0,0.4506057483439224,-0.0,0.0,5.6312142235892155,4.559785652160644,0.3001460134983063,0.0,0.0,0.0,5.006730139255524,0.5109238028526306,0.0,0.0,0.0,0.0,0.0,0.5109238028526306,1644.0,-4.599999904632568,-0.5109238028526306,0.057669639587402344,0.9924356341362,0.9999717473983765
23.983322143554688,179.9935760498047,7.071505546569824,0.0,0.0,0.0,0.0,0.6004439851063151,-0.0,0.0,5.685357175554548,4.613928604125976,0.3103350102901459,0.0,0.0,0.0,6.671599304303527,0.011015499010682106,0.0,0.0,0.0,0.0,0.011015499010682106,0.0,1645.0,-4.599999904632568,0.011015499010682106,0.5958876609802246,0.9998961687088013,0.9999992847442627
23.999465942382812,179.3223419189453,7.071293354034424,0.006215943023562431,0.0,0.0,0.0,0.3993420602940997,-0.006215943023562431,0.0,5.726857130868094,4.655428559439523,0.37964800000190735,0.0,0.0,1.6687650680541992,4.50619967874233,0.10978073626756668,0.0,0.0,0.0,0.0,0.0,0.10978073626756668,1646.0,1.6687650680541992,-0.10978073626756668,0.8740028142929077,0.9999881386756897,0.9999999403953552
24.006216049194336,179.99806213378906,8.73979663848877,0.012966049835085869,0.0,0.0,0.0,0.45997498582828106,-0.012966049835085869,0.0,5.752642849513462,4.681214278084891,0.37575000524520874,0.0,0.0,0.0,5.254899978637695,0.0,0.0,0.0,0.0,0.0,0.0,0.0,1647.0,-4.599999904632568,-0.00747691560536623,0.8219485282897949,0.9999997615814209,1.0
24.01296615600586,179.3268280029297,8.739534378051758,0.019716156646609306,0.0,0.0,0.0,0.3513810549089314,-0.019716156646609306,0.0,5.761642810276577,4.690214238848005,0.3182229995727539,0.0,0.0,0.0,4.123302022926509,0.014924963004887104,0.0,0.0,0.0,0.0,0.0,0.014924963004887104,1648.0,-4.599999904632568,-0.014924963004887104,0.8732798099517822,0.9999999403953552,1.0
24.019716262817383,179.99807739257812,8.739272117614746,0.026466263458132744,0.0,0.0,0.0,0.13954622732479752,-0.026466263458132744,0.0,5.747142873491559,4.675714302062988,0.3080269992351532,0.0,0.0,1.0381531715393066,1.8445830843271518,0.0,0.0,0.0,0.0,0.0,0.0,0.0,1649.0,1.0381531715393066,-0.007485540583729744,0.9777395725250244,0.9999999403953552,1.0
24.026466369628906,179.32684326171875,9.777132034301758,0.03321637026965618,0.0,0.0,0.0,0.07412923963842259,-0.03321637026965618,0.0,5.716285651070731,4.6448570796421595,0.37723100185394287,0.0,0.0,0.21463914215564728,1.1927289041890743,0.015070534127300698,0.0,0.0,0.0,0.0,0.0,0.015070534127300698,1650.0,0.21463914215564728,-0.015070534311234951,0.9991741180419922,0.9999998807907104,1.0
24.03321647644043,179.99807739257812,9.991471290588379,0.03996647708117962,0.0,0.0,0.0,-0.027192304087744375,-0.03996647708117962,0.0,5.6692857197352815,4.59785714830671,0.49322599172592163,0.0,0.0,0.0,0.14193524420261383,0.11343877017498016,0.0,0.0,0.0,0.0,0.0,0.11343877017498016,1651.0,0.007936913520097733,-0.11343877017498016,0.9999377727508545,0.9999987483024597,1.0
24.039966583251953,179.99807739257812,9.991171836853027,0.046716583892703056,0.0,0.0,0.0,-0.046716583892703056,-0.046716583892703056,0.0,5.598857143947056,4.527428572518485,0.11969999969005585,0.325797975063324,0.0,0.0,0.0,0.0,0.0,0.0,0.0,0.0,0.0,0.0,1652.0,-4.599999904632568,-0.007730712648481131,0.9998636245727539,0.9999005794525146,1.0
24.046716690063477,179.32684326171875,9.658435821533203,0.053466690704226494,0.0,0.0,0.0,-0.053466690704226494,-0.053466690704226494,0.0,5.547071402413504,4.475642830984933,0.0,0.37415799498558044,0.0,0.0,0.0,0.0,0.0,0.0,0.015640318000928764,0.0,0.0,0.015640318000928764,1653.0,-4.599999904632568,-0.015640318393707275,0.9983773827552795,0.9962092638015747,1.0
24.053466796875,179.99807739257812,9.260404586791992,0.06021679751574993,0.0,0.0,0.0,-0.06021679751574993,-0.06021679751574993,0.0,5.527285657610212,4.4558570861816404,0.0,0.3562360107898712,0.0,0.0,0.0,0.0,0.0,0.0,1.0298830270767212,0.0,0.0,1.0298830270767212,1654.0,-4.599999904632568,-1.0298830270767212,0.9999797344207764,0.9567413926124573,1.0
24.060216903686523,179.99807739257812,7.845762252807617,0.06696690432727337,0.0,0.0,0.0,-0.06696690432727337,-0.06696690432727337,0.0,5.505071449279785,4.433642877851214,0.0,0.36024099588394165,0.0,0.0,0.0,0.0,0.0,0.0,0.0,0.0,0.0,0.0,1655.0,-4.599999904632568,0.0,0.9488308429718018,0.16526204347610474,0.9999829530715942
24.066967010498047,159.84201049804688,7.477945327758789,0.0737170111387968,0.0,0.0,0.0,-0.0737170111387968,-0.0737170111387968,0.0,5.47514283316476,4.403714261736188,0.0,0.29989999532699585,0.0,0.0,0.0,0.0,0.0,0.0,0.24653393030166626,0.0,0.0,0.24653393030166626,1656.0,-4.599999904632568,-0.24653393030166626,0.23566573858261108,0.05644911527633667,0.9999598264694214
24.07371711730957,179.9916534423828,6.920152187347412,0.08046711795032024,0.0,0.0,0.0,-0.08046711795032024,-0.08046711795032024,0.0,5.445785740443638,4.374357169015067,0.0,0.22134600579738617,0.0,0.0,0.0,0.0,0.0,0.0,0.0,0.0,0.0,0.0,1657.0,-4.599999904632568,0.0,0.0030417442321777344,0.11159956455230713,0.9992598295211792
24.080467224121094,179.32041931152344,6.694087982177734,0.08721722476184368,0.0,0.0,0.0,-0.08721722476184368,-0.08721722476184368,0.0,5.417142813546317,4.3457142421177455,0.0,0.18902599811553955,0.0,0.0,0.0,0.0,0.0,0.0,0.014351770281791687,0.0,0.0,0.014351770281791687,1658.0,-4.599999904632568,-0.014351770281791687,0.0017564892768859863,0.11488226056098938,0.9990450739860535
24.087217330932617,179.8452911376953,6.48636531829834,0.09396733157336712,0.0,0.0,0.0,-0.09396733157336712,-0.09396733157336712,0.0,5.3936429159981865,4.322214344569614,0.0,0.17225700616836548,0.0,0.0,0.0,0.0,0.0,0.0,0.0,0.0,0.0,0.0,1659.0,-4.599999904632568,0.0,0.0005333125591278076,0.432184100151062,0.9960254430770874
24.09396743774414,179.17405700683594,6.310403823852539,0.0872174371033907,0.0,0.0,0.0,-0.0872174371033907,-0.0872174371033907,0.0,5.377714238848005,4.306285667419433,0.0,0.15967600047588348,0.0,0.0,0.0,0.0,0.0,0.0,0.0,0.0,0.0,0.0,1660.0,-4.599999904632568,0.0,0.00039446353912353516,0.8107697367668152,0.9921820163726807
24.087217330932617,178.50282287597656,6.147284984588623,0.08046733029186726,0.0,0.0,0.0,-0.08046733029186726,-0.08046733029186726,0.0,5.3678571973528175,4.296428625924246,0.0,0.15532000362873077,0.0,0.0,0.0,0.0,0.0,0.0,0.0,0.0,0.0,0.0,1661.0,-4.599999904632568,0.0,0.0007030069828033447,0.8646475672721863,0.9898303747177124
24.080467224121094,177.8315887451172,5.9886155128479,0.07371722348034382,0.0,0.0,0.0,-0.07371722348034382,-0.07371722348034382,0.0,5.366857201712472,4.295428630283901,0.0,0.16150300204753876,0.0,0.0,0.0,0.0,0.0,0.0,0.0,0.0,0.0,0.0,1662.0,-4.599999904632568,0.0,0.002913922071456909,0.8235689401626587,0.9810253381729126
24.07371711730957,177.1603546142578,5.823641777038574,0.08046711795032024,0.0,0.0,0.0,-0.08046711795032024,-0.08046711795032024,0.0,5.382714353288923,4.311285781860351,0.11399999260902405,0.07026000320911407,0.0,0.0,0.0,0.0,0.0,0.0,0.0,0.0,0.0,0.0,1663.0,-4.599999904632568,0.0,0.024358242750167847,0.6104726195335388,0.9026516079902649
24.080467224121094,176.48912048339844,5.75177526473999,0.08721722476184368,0.0,0.0,0.0,-0.078269693959949,-0.08721722476184368,0.0,5.408428546360561,4.33699997493199,0.2739329934120178,0.0,0.0,0.0,0.09941700100898743,0.0,0.0,0.0,0.0,0.0,0.0,0.0,1664.0,-4.599999904632568,0.0,0.35502302646636963,0.14760971069335938,0.5222811102867126
24.087217330932617,168.2964324951172,5.751602649688721,0.09396733157336712,0.0,0.0,0.0,-0.09396733157336712,-0.09396733157336712,0.0,5.4315713609967915,4.36014278956822,0.3082900047302246,0.0,0.0,0.46129578892154655,0.0,0.0,0.0,0.0,0.0,0.0,0.0,0.0,1665.0,0.511709988117218,0.0,0.8226135969161987,0.0857730507850647,0.4464377164840698
24.09396743774414,137.17196655273438,6.212712287902832,0.10071743838489056,0.0,0.0,0.0,0.0290767797415821,-0.10071743838489056,0.0,5.437571471078055,4.366142899649484,0.31154200434684753,0.0,0.0,0.0,1.4421578645706177,0.0,0.0,0.0,0.0,0.0,0.0,0.0,1666.0,-4.599999904632568,0.0,0.19508105516433716,0.15251731872558594,0.5846856832504272
24.100717544555664,136.500732421875,6.212525844573975,0.107467545196414,0.0,0.0,0.0,0.028314318793563525,-0.107467545196414,0.0,5.407357161385672,4.335928589957101,0.3106450140476227,0.0,0.0,0.0,1.5086872577667236,0.6715676784515381,0.0,0.0,0.0,0.0,0.0,0.6715676784515381,1667.0,-4.599999904632568,-0.6715676784515381,0.026229768991470337,0.7787200212478638,0.9783093929290771
24.107467651367188,176.527587890625,6.212339401245117,0.11421765200793743,0.0,0.0,0.0,0.11211706336019053,-0.11421765200793743,0.0,5.402428572518485,4.3310000010899135,0.3001460134983063,0.0,0.0,0.0,2.514829970896244,0.04927387088537216,0.0,0.0,0.0,0.0,0.0,0.04927387088537216,1668.0,-4.599999904632568,-0.04927387088537216,0.0024973154067993164,0.9968843460083008,0.9996935129165649
24.11421775817871,179.94903564453125,6.21215295791626,0.12096775881946087,0.0,0.0,0.0,0.20379055242306326,-0.12096775881946087,0.0,5.477714347839355,4.406285776410784,0.3103350102901459,0.0,0.0,0.0,3.6084253937005997,0.17763946950435638,0.0,0.0,0.0,0.0,0.0,0.17763946950435638,1669.0,-4.599999904632568,-0.17763946950435638,0.007852703332901001,0.9998186826705933,0.9999945163726807
24.120967864990234,179.9971923828125,6.211966514587402,0.1277178656309843,0.0,0.0,0.0,0.19921632866030703,-0.1277178656309843,0.0,5.580428613935198,4.509000042506626,0.3222000002861023,0.0,0.0,2.3499159812927246,3.6326018700988616,0.21752487123012543,0.0,0.0,0.0,0.0,0.0,0.21752487123012543,1670.0,2.3499159812927246,-0.21752487123012543,0.856185257434845,0.9999790191650391,0.9999999403953552
24.127717971801758,179.99806213378906,8.561625480651855,0.13446797244250774,0.0,0.0,0.0,0.35843084280754506,-0.13446797244250774,0.0,5.627071462358747,4.555642890930176,0.30810999870300293,0.0,0.0,1.3525338172912598,5.476653067533075,0.0,0.0,0.0,0.0,0.0,0.0,0.0,1671.0,1.3525338172912598,-0.0076830084435641766,0.991412878036499,0.9999996423721313,1.0
24.13446807861328,179.3268280029297,9.913862228393555,0.14121807925403118,0.0,0.0,0.0,0.39998497921762544,-0.14121807925403118,0.0,5.632714353288923,4.561285781860351,0.3182229995727539,0.0,0.0,0.03259797766804695,6.013366838452272,0.015346829314157729,0.0,0.0,0.0,0.0,0.0,0.015346829314157729,1672.0,0.03259797766804695,-0.015346829779446125,0.9946430325508118,1.0,1.0
24.141218185424805,179.99807739257812,9.946162223815918,0.14796818606555462,0.0,0.0,0.0,0.2736119331930156,-0.14796818606555462,0.0,5.612642914908273,4.541214343479702,0.3080269992351532,0.0,0.0,0.0,4.684223175048828,0.0,0.0,0.0,0.0,0.0,0.0,0.0,1673.0,0.007119615096598864,-0.0077072447165846825,0.9953252077102661,1.0,1.0
24.147968292236328,179.32684326171875,9.945863723754883,0.15471829287707806,0.0,0.0,0.0,0.08782443318043665,-0.15471829287707806,0.0,5.572142818995884,4.500714247567313,0.37723100185394287,0.0,0.0,0.0475592203438282,2.694918964243909,0.11787028511723244,0.0,0.0,0.0,0.0,0.0,0.11787028511723244,1674.0,0.0475592203438282,-0.1178702861070633,0.9993393421173096,0.9999999403953552,1.0
24.15471839904785,179.99807739257812,9.993123054504395,0.1614683996886015,0.0,0.0,0.0,-0.08053587269250906,-0.1614683996886015,0.0,5.507500049046108,4.436071477617536,0.49322599172592163,0.0,0.0,0.0,0.899250228490594,0.030623774442908175,0.0,0.0,0.0,0.0,0.0,0.030623774442908175,1675.0,0.006192643661051989,-0.030623774975538254,0.9999285936355591,0.9999997019767761,1.0
24.161468505859375,179.99807739257812,9.992823600769043,0.16821850650012493,0.0,0.0,0.0,-0.16821850650012493,-0.16821850650012493,0.0,5.404142870221819,4.332714298793247,0.23274999856948853,0.2127479910850525,0.0,0.0,0.0,0.0,0.0,0.0,0.0,0.0,0.0,0.0,1676.0,-4.599999904632568,-0.00807813461869955,0.9998775720596313,0.9999548196792603,1.0
24.1682186126709,179.32684326171875,9.77544116973877,0.1614686120301485,0.0,0.0,0.0,-0.1614686120301485,-0.1614686120301485,0.0,5.3126428604125975,4.241214288984026,0.0,0.37415799498558044,0.0,0.0,0.0,0.0,0.0,0.0,0.12243392318487167,0.0,0.0,0.12243392318487167,1677.0,-4.599999904632568,-0.12243392318487167,0.9993925094604492,0.9985699653625488,1.0
24.161468505859375,179.99807739257812,9.268436431884766,0.15471850521862507,0.0,0.0,0.0,-0.15471850521862507,-0.15471850521862507,0.0,5.258714348929269,4.187285777500698,0.0,0.3562360107898712,0.0,0.0,0.0,0.0,0.0,0.0,0.11616863310337067,0.0,0.0,0.11616863310337067,1678.0,-4.599999904632568,-0.11616863310337067,0.9916024208068848,0.9456248879432678,1.0
24.15471839904785,179.99807739257812,8.786127090454102,0.14796839840710163,0.0,0.0,0.0,-0.14796839840710163,-0.14796839840710163,0.0,5.208642905099051,4.13721433367048,0.0,0.36024099588394165,0.0,0.0,0.0,0.0,0.0,0.0,0.0,0.0,0.0,0.0,1679.0,-4.599999904632568,-0.008459474891424179,0.7112665176391602,0.31792643666267395,0.9999997615814209
24.147968292236328,179.32684326171875,8.418281555175781,0.1412182915955782,0.0,0.0,0.0,-0.1412182915955782,-0.1412182915955782,0.0,5.166714341299874,4.095285769871303,0.0,0.29989999532699585,0.0,0.0,0.0,0.0,0.0,0.0,0.017088083550333977,0.0,0.0,0.017088083550333977,1680.0,-4.599999904632568,-0.017088083550333977,0.1323128342628479,0.0663142204284668,0.999997615814209
24.141218185424805,179.99769592285156,8.094581604003906,0.13446818478405476,0.0,0.0,0.0,-0.13446818478405476,-0.13446818478405476,0.0,5.128142847333636,4.056714275905064,0.0,0.22134600579738617,0.0,0.0,0.0,0.0,0.0,0.0,0.0,0.0,0.0,0.0,1681.0,-4.599999904632568,0.0,0.01137271523475647,0.12306740880012512,0.9999840259552002
24.13446807861328,179.3264617919922,7.86848258972168,0.12771807797253132,0.0,0.0,0.0,-0.12771807797253132,-0.12771807797253132,0.0,5.09242856161935,4.020999990190779,0.0,0.18902599811553955,0.0,0.0,0.0,0.0,0.0,0.0,0.017369743436574936,0.0,0.0,0.017369743436574936,1682.0,-4.599999904632568,-0.017369743436574936,0.005918323993682861,0.12367287278175354,0.9999788403511047
24.127717971801758,179.99468994140625,7.657645225524902,0.12096797116100788,0.0,0.0,0.0,-0.12096797116100788,-0.12096797116100788,0.0,5.0580714906964985,3.986642919267927,0.0,0.17225700616836548,0.0,0.0,0.0,0.0,0.0,0.0,0.0,0.0,0.0,0.0,1683.0,-4.599999904632568,0.0,0.011248141527175903,0.5733212828636169,0.999849796295166
24.120967864990234,168.3057861328125,7.4816484451293945,0.11421786434948444,0.0,0.0,0.0,-0.11421786434948444,-0.11421786434948444,0.0,5.027428572518485,3.9560000010899135,0.0,0.15967600047588348,0.0,0.0,0.0,0.0,0.0,0.0,0.16217190027236938,0.0,0.0,0.16217190027236938,1684.0,-4.599999904632568,-0.16217190027236938,0.0018620789051055908,0.8049609065055847,0.9996259212493896
24.11421775817871,179.938232421875,7.153017997741699,0.107467757537961,0.0,0.0,0.0,-0.107467757537961,-0.107467757537961,0.0,4.996571486336844,3.925142914908273,0.0,0.15532000362873077,0.0,0.0,0.0,0.0,0.0,0.0,0.0,0.0,0.0,0.0,1685.0,-4.599999904632568,0.0,0.0009930431842803955,0.8268896341323853,0.9980698823928833
24.107467651367188,179.26699829101562,6.99431848526001,0.10071765072643757,0.0,0.0,0.0,-0.10071765072643757,-0.10071765072643757,0.0,4.97049993787493,3.8990713664463588,0.0,0.16150300204753876,0.0,0.0,0.0,0.0,0.0,0.0,0.0,0.0,0.0,0.0,1686.0,-4.599999904632568,0.0,0.01503327488899231,0.8364052176475525,0.9930696487426758
24.100717544555664,169.40277099609375,6.829314708709717,0.09396754391491413,0.0,0.0,0.0,-0.07387144398422252,-0.09396754391491413,0.0,5.014571407863071,3.9431428364345003,0.18425999581813812,0.0,0.0,0.0,0.22328998148441315,0.0,0.0,0.0,0.0,0.0,0.0,0.0,1687.0,-4.599999904632568,0.0,0.06288301944732666,0.6161015629768372,0.860546886920929
24.09396743774414,168.73153686523438,6.829110145568848,0.0872174371033907,0.0,0.0,0.0,-0.0790632465587833,-0.0872174371033907,0.0,5.104428509303501,4.03299993787493,0.2739329934120178,0.0,0.0,1.4256205558776855,0.09060210996189544,0.0,0.0,0.0,0.0,0.0,0.0,0.0,1688.0,1.4256205558776855,0.0,0.8254700899124146,0.05743333697319031,0.2375037968158722
24.087217330932617,168.060302734375,8.254483222961426,0.08046733029186726,0.0,0.0,0.0,0.23455608360655267,-0.08046733029186726,0.0,5.255071449279785,4.183642877851214,0.3082900047302246,0.0,0.0,0.0,3.5002598762512207,0.0,0.0,0.0,0.0,0.0,0.0,0.0,1689.0,-4.599999904632568,0.0,0.2193196415901184,0.5317901372909546,0.7884254455566406
24.080467224121094,167.38906860351562,8.25423526763916,0.08721722476184368,0.0,0.0,0.0,0.3562101565293356,-0.08721722476184368,0.0,5.426642908368792,4.35521433694022,0.31154200434684753,0.0,0.0,0.0,4.926970511674881,0.2771877944469452,0.0,0.0,0.0,0.0,0.0,0.2771877944469452,1690.0,-4.599999904632568,-0.2771877944469452,0.058107972145080566,0.9057532548904419,0.9945096373558044
24.087217330932617,179.11961364746094,8.253988265991211,0.09396733157336712,0.0,0.0,0.0,0.4801493378274946,-0.09396733157336712,0.0,5.516642924717495,4.445214353288923,0.3106450140476227,0.0,0.0,0.0,6.3790735974907875,0.10848142951726913,0.0,0.0,0.0,0.0,0.0,0.10848142951726913,1691.0,-4.599999904632568,-0.10848142951726913,0.13499310612678528,0.9926557540893555,0.9998744130134583
24.09396743774414,179.9779815673828,8.253741264343262,0.10071743838489056,0.0,0.0,0.0,0.523487164886162,-0.10071743838489056,0.0,5.568785749162946,4.497357177734375,0.3001460134983063,0.0,0.0,0.0,6.935606151819229,0.38514789938926697,0.0,0.0,0.0,0.0,0.0,0.38514789938926697,1692.0,-4.599999904632568,-0.38514789938926697,0.6193923354148865,0.9967530965805054,0.9999908208847046
24.100717544555664,179.99661254882812,8.253494262695312,0.107467545196414,0.0,0.0,0.0,0.46913666212878513,-0.107467545196414,0.0,5.605642809186663,4.534214237758091,0.3103350102901459,0.0,0.0,1.04526948928833,6.406712905564629,0.18494975566864014,0.0,0.0,0.0,0.0,0.0,0.18494975566864014,1693.0,1.04526948928833,-0.18494975566864014,0.9298734068870544,0.9998696446418762,0.9999994039535522
24.107467651367188,179.99798583984375,9.298484802246094,0.11421765200793743,0.0,0.0,0.0,0.5207210219041681,-0.11421765200793743,0.0,5.628714234488351,4.55728566305978,0.3222000002861023,0.0,0.0,0.47449252009391785,7.05487359390796,0.0,0.0,0.0,0.0,0.0,0.0,0.0,1694.0,0.47449252009391785,-0.007680938113480806,0.9772947430610657,0.9999976754188538,0.9999998807907104
24.11421775817871,179.32675170898438,9.772684097290039,0.12096775881946087,0.0,0.0,0.0,0.4948365397504685,-0.12096775881946087,0.0,5.642071396963937,4.570642825535366,0.30810999870300293,0.0,0.0,0.13886971771717072,6.8422694403355955,0.015316281467676163,0.0,0.0,0.0,0.0,0.0,0.015316281467676163,1695.0,0.13886971771717072,-0.015316281467676163,0.9911524057388306,0.9999997615814209,1.0
24.120967864990234,179.99807739257812,9.911256790161133,0.1277178656309843,0.0,0.0,0.0,0.4004181006807832,-0.1277178656309843,0.0,5.646928596496582,4.575500025068011,0.3182229995727539,0.0,0.0,0.0,5.8681769371032715,0.0,0.0,0.0,0.0,0.0,0.0,0.0,1696.0,0.008335549384355545,-0.007649491541087627,0.9919562339782715,1.0,1.0
24.127717971801758,179.32684326171875,9.910959243774414,0.13446797244250774,0.0,0.0,0.0,0.27250194165104785,-0.13446797244250774,0.0,5.641857092721121,4.57042852129255,0.3080269992351532,0.0,0.0,0.03422113135457039,4.521887575005496,0.015315954573452473,0.0,0.0,0.0,0.0,0.0,0.015315954573452473,1697.0,0.03422113135457039,-0.015315954573452473,0.994515061378479,1.0,1.0
24.13446807861328,179.99807739257812,9.9448823928833,0.14121807925403118,0.0,0.0,0.0,0.10330936541255245,-0.14121807925403118,0.0,5.6178571973528175,4.546428625924246,0.37723100185394287,0.0,0.0,0.04649873450398445,2.7169713914809943,0.0,0.0,0.0,0.0,0.0,0.0,0.0,1698.0,0.04649873450398445,-0.00769840506836772,0.9991351366043091,1.0,1.0
24.141218185424805,179.32684326171875,9.991081237792969,0.14796818606555462,0.0,0.0,0.0,-0.0754282953962029,-0.14796818606555462,0.0,5.565785762241909,4.494357190813337,0.49322599172592163,0.0,0.0,0.0,0.8059987211599946,0.01557519193738699,0.0,0.0,0.0,0.0,0.0,0.01557519193738699,1699.0,0.008305031806230545,-0.01557519193738699,0.9999356269836426,0.9999996423721313,1.0
24.147968292236328,179.99807739257812,9.990781784057617,0.15471829287707806,0.0,0.0,0.0,-0.15471829287707806,-0.15471829287707806,0.0,5.453285707746233,4.381857136317661,0.22894999384880066,0.21654799580574036,0.0,0.0,0.0,0.0,0.0,0.0,0.0,0.0,0.0,0.0,1700.0,-4.599999904632568,-0.007987537421286106,0.9998818635940552,0.9999492168426514,1.0
24.15471839904785,179.32684326171875,9.769521713256836,0.14796839840710163,0.0,0.0,0.0,-0.14796839840710163,-0.14796839840710163,0.0,5.351857130868094,4.280428559439523,0.0,0.37415799498558044,0.0,0.0,0.0,0.0,0.0,0.0,0.12769480049610138,0.0,0.0,0.12769480049610138,1701.0,-4.599999904632568,-0.12769480049610138,0.9994487762451172,0.9984476566314697,1.0
24.147968292236328,179.99807739257812,9.257149696350098,0.1412182915955782,0.0,0.0,0.0,-0.1412182915955782,-0.1412182915955782,0.0,5.310785647800991,4.2393570763724195,0.0,0.3562360107898712,0.0,0.0,0.0,0.0,0.0,0.0,0.31226696633249856,0.0,0.0,0.31226696633249856,1702.0,-4.599999904632568,-0.3122669756412506,0.9991312026977539,0.9577362537384033,1.0
24.141218185424805,179.99807739257812,8.574747085571289,0.13446818478405476,0.0,0.0,0.0,-0.13446818478405476,-0.13446818478405476,0.0,5.269357081821987,4.197928510393416,0.0,0.38027098774909973,0.0,0.0,0.0,0.0,0.0,0.0,0.42335397005081177,0.0,0.0,0.42335397005081177,1703.0,-4.599999904632568,-0.42335397005081177,0.9974294900894165,0.5809258222579956,0.9999979138374329
24.13446807861328,179.99774169921875,7.754488945007324,0.12771807797253132,0.0,0.0,0.0,-0.12771807797253132,-0.12771807797253132,0.0,5.224571446010044,4.153142874581473,0.0,0.29989999532699585,0.0,0.0,0.0,0.0,0.0,0.0,0.0,0.0,0.0,0.0,1704.0,-4.599999904632568,0.0,0.9960803389549255,0.665880560874939,0.9998942613601685
24.127717971801758,125.05842590332031,7.448245048522949,0.12096797116100788,0.0,0.0,0.0,-0.12096797116100788,-0.12096797116100788,0.0,5.175571387154715,4.104142815726144,0.0,0.22134600579738617,0.0,0.0,0.0,0.0,0.0,0.0,0.7064623832702637,0.0,0.0,0.7064623832702637,1705.0,-4.599999904632568,-0.7064623832702637,0.35042864084243774,0.24831771850585938,0.9999638199806213
24.120967864990234,179.9923095703125,6.501307010650635,0.11421786434948444,0.0,0.0,0.0,-0.11421786434948444,-0.11421786434948444,0.0,5.1306428364345,4.059214265005929,0.0,0.18902599811553955,0.0,0.0,0.0,0.0,0.0,0.0,0.0,0.0,0.0,0.0,1706.0,-4.599999904632568,0.0,0.00104483962059021,0.13134407997131348,0.9988260269165039
24.11421775817871,179.32107543945312,6.308234214782715,0.107467757537961,0.0,0.0,0.0,-0.107467757537961,-0.107467757537961,0.0,5.090214266095843,4.018785694667271,0.0,0.17225700616836548,0.0,0.0,0.0,0.0,0.0,0.0,0.0,0.0,0.0,0.0,1707.0,-4.599999904632568,0.0,0.00033533573150634766,0.4652180075645447,0.9952924847602844
24.107467651367188,178.64984130859375,6.132277965545654,0.10071765072643757,0.0,0.0,0.0,-0.10071765072643757,-0.10071765072643757,0.0,5.056714275905064,3.9852857044764924,0.0,0.15967600047588348,0.0,0.0,0.0,0.0,0.0,0.0,0.0,0.0,0.0,0.0,1708.0,-4.599999904632568,-0.009608098305761814,0.00026610493659973145,0.8138959407806396,0.9919679164886475
24.100717544555664,177.97860717773438,5.9691643714904785,0.09396754391491413,0.0,0.0,0.0,-0.09396754391491413,-0.09396754391491413,0.0,5.024785668509347,3.953357097080776,0.0,0.15532000362873077,0.0,0.0,0.0,0.0,0.0,0.0,0.0,0.0,0.0,0.0,1709.0,-4.599999904632568,-0.009722727350890636,0.0004583895206451416,0.8172047734260559,0.9877903461456299
24.09396743774414,177.307373046875,5.810500144958496,0.0872174371033907,0.0,0.0,0.0,-0.0872174371033907,-0.0872174371033907,0.0,5.00064285823277,3.929214286804199,0.0,0.16150300204753876,0.0,0.0,0.0,0.0,0.0,0.0,0.0,0.0,0.0,0.0,1710.0,-4.599999904632568,0.0,0.002042800188064575,0.7711421251296997,0.9804946184158325
24.087217330932617,176.63613891601562,5.645532131195068,0.08046733029186726,0.0,0.0,0.0,-0.060200228794050195,-0.08046733029186726,0.0,5.056428582327706,3.9850000108991352,0.18425999581813812,0.0,0.0,0.0,0.22518999874591827,0.0,0.0,0.0,0.0,0.0,0.0,0.0,1711.0,-4.599999904632568,0.0,0.06886649131774902,0.47392746806144714,0.850288987159729
24.080467224121094,169.1418914794922,5.645362854003906,0.07371722348034382,0.0,0.0,0.0,-0.07371722348034382,-0.07371722348034382,0.0,5.150428581237793,4.079000009809222,0.2739329934120178,0.0,0.0,1.4818257667935768,0.0,0.0,0.0,0.0,0.0,0.0,0.0,0.0,1712.0,1.6060669422149658,0.0,0.8428029417991638,0.04018506407737732,0.2148953080177307
24.07371711730957,165.86590576171875,7.126975059509277,0.06696711666882038,0.0,0.0,0.0,0.2401047914134971,-0.06696711666882038,0.0,5.297071402413504,4.225642830984933,0.3082900047302246,0.0,0.0,0.0,3.411909818649292,0.0,0.0,0.0,0.0,0.0,0.0,0.0,1713.0,-4.599999904632568,0.0,0.22178906202316284,0.2745679020881653,0.8199414610862732
24.066967010498047,165.19467163085938,7.126761436462402,0.0737170111387968,0.0,0.0,0.0,0.36766268847919886,-0.0737170111387968,0.0,5.476571437290737,4.405142865862165,0.31154200434684753,0.0,0.0,0.0,4.90421849489212,0.17453926801681519,0.0,0.0,0.0,0.0,0.0,0.17453926801681519,1714.0,-4.599999904632568,-0.17453926801681519,0.03899204730987549,0.8818883895874023,0.9954422116279602
24.07371711730957,179.26882934570312,7.126547813415527,0.08046711795032024,0.0,0.0,0.0,0.4814805626430231,-0.08046711795032024,0.0,5.57507141658238,4.503642845153808,0.3106450140476227,0.0,0.0,0.0,6.243862621486187,0.10309220105409622,0.0,0.0,0.0,0.0,0.0,0.10309220105409622,1715.0,-4.599999904632568,-0.10309220105409622,0.09434807300567627,0.9873718023300171,0.9999043345451355
24.080467224121094,179.98277282714844,7.126334190368652,0.08721722476184368,0.0,0.0,0.0,0.5599372055603578,-0.08721722476184368,0.0,5.6205714906964985,4.5491429192679265,0.3001460134983063,0.0,0.0,0.0,7.190604209899902,0.0,0.0,0.0,0.0,0.0,0.0,0.0,1716.0,-4.599999904632568,-0.007859615609049797,0.51335209608078,0.9990279674530029,0.9999947547912598
24.087217330932617,179.31153869628906,7.126120567321777,0.09396733157336712,0.0,0.0,0.0,0.40525290088081084,-0.09396733157336712,0.0,5.6386428015572685,4.567214230128696,0.3103350102901459,0.0,0.0,1.9710965156555176,5.546891030885787,0.015500766225159168,0.0,0.0,0.0,0.0,0.0,0.015500766225159168,1717.0,1.9710965156555176,-0.015500766225159168,0.9097187519073486,0.9999057054519653,0.9999995827674866
24.09396743774414,179.99801635742188,9.096944808959961,0.10071743838489056,0.0,0.0,0.0,0.5149330013205391,-0.10071743838489056,0.0,5.637285723005022,4.56585715157645,0.3222000002861023,0.0,0.0,0.6817278265953064,6.8405598975325725,0.0,0.0,0.0,0.0,0.0,0.0,0.0,1718.0,0.6817278265953064,-0.007666170131415129,0.9778642654418945,0.9999973177909851,0.9999998807907104
24.100717544555664,179.3267822265625,9.778379440307617,0.107467545196414,0.0,0.0,0.0,0.5027557591692692,-0.107467545196414,0.0,5.62757146017892,4.556142888750348,0.30810999870300293,0.0,0.0,0.1593136340379715,6.780258398549945,0.11536701768636703,0.0,0.0,0.0,0.0,0.0,0.11536701768636703,1719.0,0.1593136340379715,-0.11536701768636703,0.9937663078308105,0.9999995827674866,1.0
24.107467651367188,179.99807739257812,9.937395095825195,0.11421765200793743,0.0,0.0,0.0,0.43218666690821506,-0.11421765200793743,0.0,5.615928595406668,4.544500023978097,0.3182229995727539,0.0,0.0,0.010552842170000076,6.071158616576014,0.0,0.0,0.0,0.0,0.0,0.0,0.0,1720.0,0.010552842170000076,-0.007701672147959471,0.9947918057441711,1.0,1.0
24.11421775817871,179.32684326171875,9.947649955749512,0.12096775881946087,0.0,0.0,0.0,0.2975106299067638,-0.12096775881946087,0.0,5.59821423121861,4.526785659790039,0.3080269992351532,0.0,0.0,0.0,4.649759505206138,0.015463616436928491,0.0,0.0,0.0,0.0,0.0,0.015463616436928491,1721.0,0.006087739486247301,-0.015463616698980331,0.9953707456588745,1.0,1.0
24.120967864990234,179.99807739257812,9.947351455688477,0.1277178656309843,0.0,0.0,0.0,0.12147618605223459,-0.1277178656309843,0.0,5.563928549630301,4.49249997820173,0.37723100185394287,0.0,0.0,0.04409642890095711,2.7688225764339576,0.0,0.0,0.0,0.0,0.0,0.0,0.0,1722.0,0.04409642890095711,-0.007790817879140377,0.9991418123245239,1.0,1.0
24.127717971801758,179.32684326171875,9.991147994995117,0.13446797244250774,0.0,0.0,0.0,-0.059810641877568224,-0.13446797244250774,0.0,5.502357155936105,4.430928584507534,0.49322599172592163,0.0,0.0,0.0,0.8295258292412035,0.01579815061338017,0.0,0.0,0.0,0.0,0.0,0.01579815061338017,1723.0,0.008182007819414139,-0.01579815149307251,0.9999300241470337,0.9999997019767761,1.0
24.13446807861328,179.99807739257812,9.990848541259766,0.14121807925403118,0.0,0.0,0.0,-0.14121807925403118,-0.14121807925403118,0.0,5.384285736083984,4.312857164655413,0.22704999148845673,0.2184479981660843,0.0,0.0,0.0,0.0,0.0,0.0,0.0,0.0,0.0,0.0,1724.0,-4.599999904632568,-0.008115327917039394,0.999869167804718,0.9999530911445618,1.0
24.141218185424805,179.32684326171875,9.76764965057373,0.13446818478405476,0.0,0.0,0.0,-0.13446818478405476,-0.13446818478405476,0.0,5.267714309692383,4.1962857382638115,0.0,0.37415799498558044,0.0,0.0,0.0,0.0,0.0,0.0,0.016681532550770414,0.0,0.0,0.016681532550770414,1725.0,-4.599999904632568,-0.016681533306837082,0.9980930685997009,0.9982360601425171,1.0
24.13446807861328,179.99807739257812,9.368553161621094,0.12771807797253132,0.0,0.0,0.0,-0.12771807797253132,-0.12771807797253132,0.0,5.208214296613421,4.136785725184849,0.0,0.3562360107898712,0.0,0.0,0.0,0.0,0.0,0.0,0.0,0.0,0.0,0.0,1726.0,-4.599999904632568,-0.008460735902190208,0.9737995862960815,0.9404743909835815,1.0
24.127717971801758,179.32684326171875,9.004776954650879,0.12096797116100788,0.0,0.0,0.0,-0.12096797116100788,-0.12096797116100788,0.0,5.1459286008562355,4.074500029427664,0.0,0.36024099588394165,0.0,0.0,0.0,0.0,0.0,0.0,0.0171799436211586,0.0,0.0,0.0171799436211586,1727.0,-4.599999904632568,-0.0171799436211586,0.7760595083236694,0.3768058121204376,0.9999998807907104
24.120967864990234,179.99806213378906,8.61939525604248,0.11421786434948444,0.0,0.0,0.0,-0.11421786434948444,-0.11421786434948444,0.0,5.089214270455496,4.017785699026925,0.0,0.9728389978408813,0.0,0.0,0.0,0.0,0.0,0.0,0.0,0.0,0.0,0.0,1728.0,-4.599999904632568,0.0,0.9924812316894531,0.7830712795257568,0.9990952014923096
24.11421775817871,158.01718139648438,7.626473903656006,0.107467757537961,0.0,0.0,0.0,-0.107467757537961,-0.107467757537961,0.0,5.044071415492466,3.972642844063895,0.0,0.30988699197769165,0.0,0.0,0.0,0.0,0.0,0.0,0.29712364077568054,0.0,0.0,0.29712364077568054,1729.0,-4.599999904632568,-0.29712364077568054,0.08310776948928833,0.15092986822128296,0.9999058246612549
24.107467651367188,179.98300170898438,7.00686502456665,0.10071765072643757,0.0,0.0,0.0,-0.10071765072643757,-0.10071765072643757,0.0,4.806642886570522,3.7352143151419503,0.0,0.18902599811553955,0.0,0.0,0.0,0.0,0.0,0.0,0.0,0.0,0.0,0.0,1730.0,-4.599999904632568,0.0,0.0018184483051300049,0.1503227949142456,0.9997362494468689
24.100717544555664,179.311767578125,6.813776969909668,0.09396754391491413,0.0,0.0,0.0,-0.09396754391491413,-0.09396754391491413,0.0,4.7810000147138325,3.709571511404855,0.0,0.17225700616836548,0.0,0.0,0.0,0.0,0.0,0.0,0.0164907556027174,0.0,0.0,0.0164907556027174,1731.0,-4.599999904632568,-0.0164907556027174,0.0007195770740509033,0.49597713351249695,0.9988477230072021
24.09396743774414,179.813720703125,6.620978832244873,0.0872174371033907,0.0,0.0,0.0,-0.0872174371033907,-0.0872174371033907,0.0,4.757999978746686,3.686571339198521,0.0,0.15967600047588348,0.0,0.0,0.0,0.0,0.0,0.0,0.0,0.0,0.0,0.0,1732.0,-4.599999904632568,0.0,0.0003752410411834717,0.7949298620223999,0.9974214434623718
24.087217330932617,179.14248657226562,6.457850456237793,0.08046733029186726,0.0,0.0,0.0,-0.08046733029186726,-0.08046733029186726,0.0,4.739071450914655,3.66764281136649,0.0,0.15532000362873077,0.0,0.0,0.0,0.0,0.0,0.0,0.0,0.0,0.0,0.0,1733.0,-4.599999904632568,0.0,0.0005707144737243652,0.769436240196228,0.9942939877510071
24.080467224121094,178.47125244140625,6.2991719245910645,0.07371722348034382,0.0,0.0,0.0,-0.07371722348034382,-0.07371722348034382,0.0,4.724857139587402,3.653428568158831,0.0,0.16155500710010529,0.0,0.0,0.0,0.0,0.0,0.0,0.0,0.0,0.0,0.0,1734.0,-4.599999904632568,0.0,0.002507925033569336,0.7205179929733276,0.9869449138641357
24.07371711730957,177.80001831054688,6.134136199951172,0.06696711666882038,0.0,0.0,0.0,-0.06696711666882038,-0.06696711666882038,0.0,4.759571429661342,3.6881428582327707,0.13109999895095825,0.05342000722885132,0.0,0.0,0.0,0.0,0.0,0.0,0.0,0.0,0.0,0.0,1735.0,-4.599999904632568,0.0,0.021581590175628662,0.6231825947761536,0.9298686981201172
24.066967010498047,177.1287841796875,6.07944393157959,0.060217009857296944,0.0,0.0,0.0,-0.042439841675154605,-0.060217009857296944,0.0,4.910571452549526,3.8391428811209543,0.2745420038700104,0.0,0.0,1.0828351974487305,0.19752407521488924,0.0,0.0,0.0,0.0,0.0,0.0,0.0,1736.0,1.0828351974487305,0.0,0.7162249088287354,0.05673396587371826,0.241612046957016
24.060216903686523,176.45755004882812,7.162064552307129,0.053466903045773506,0.0,0.0,0.0,0.24395960899106617,-0.053466903045773506,0.0,5.036571448189871,3.9651428767613,0.3090609908103943,0.0,0.0,0.0,3.304738759994507,0.0,0.0,0.0,0.0,0.0,0.0,0.0,1737.0,-4.599999904632568,0.0,0.20889806747436523,0.3321889638900757,0.7793165445327759
24.053466796875,175.78631591796875,7.1618499755859375,0.04671679623425007,0.0,0.0,0.0,0.355300817774144,-0.04671679623425007,0.0,5.236428615025112,4.165000043596541,0.3126719892024994,0.0,0.0,0.0,4.4668620228767395,0.6202656626701355,0.0,0.0,0.0,0.0,0.0,0.6202656626701355,1738.0,-4.599999904632568,-0.6202656626701355,0.06027969717979431,0.8211650848388672,0.9958146214485168
24.046716690063477,179.32843017578125,7.161635398864746,0.03996668942272663,0.0,0.0,0.0,0.5240925476449095,-0.03996668942272663,0.0,5.3640713827950615,4.292642811366489,0.31210699677467346,0.0,0.0,0.0,6.267324358224869,0.04206809401512146,0.0,0.0,0.0,0.0,0.0,0.04206809401512146,1739.0,-4.599999904632568,-0.04206809401512146,0.11597120761871338,0.9917625784873962,0.999873697757721
24.039966583251953,179.97787475585938,7.161420822143555,0.046716583892703056,0.0,0.0,0.0,0.6042742639325706,-0.046716583892703056,0.0,5.424500002179827,4.353071430751255,0.331618994474411,0.0,0.0,0.0,7.233231067657471,0.0,0.0,0.0,0.0,0.0,0.0,0.0,1740.0,-4.599999904632568,-0.008270290680229664,0.6580400466918945,0.9992662668228149,0.9999936819076538
24.046716690063477,179.306640625,7.161206245422363,0.053466690704226494,0.0,0.0,0.0,0.4134979277392894,-0.053466690704226494,0.0,5.471142850603376,4.3997142791748045,0.31174200773239136,0.0,0.0,2.242692470550537,5.188495348138939,0.12765105068683624,0.0,0.0,0.0,0.0,0.0,0.12765105068683624,1741.0,2.242692470550537,-0.12765105068683624,0.9403868913650513,0.999877393245697,0.999999463558197
24.053466796875,179.99798583984375,9.403616905212402,0.06021679751574993,0.0,0.0,0.0,0.4908926266611585,-0.06021679751574993,0.0,5.5001428604125975,4.428714288984026,0.8342769742012024,0.0,0.0,0.5071606040000916,6.12343755976299,0.2406739443540573,0.0,0.0,0.0,0.0,0.0,0.2406739443540573,1742.0,0.5071606040000916,-0.2406739443540573,0.9910747408866882,0.9999896287918091,0.9999998807907104
24.060216903686523,179.99806213378906,9.910480499267578,0.06696690432727337,0.0,0.0,0.0,0.5239788060890178,-0.06696690432727337,0.0,5.511642810276577,4.440214238848005,0.34328699111938477,0.0,0.0,0.0,6.566062927246094,0.0,0.0,0.0,0.0,0.0,0.0,0.0,1743.0,-4.599999904632568,-0.007882737554609776,0.9827860593795776,0.9999998211860657,1.0
24.066967010498047,179.3268280029297,9.91018295288086,0.0737170111387968,0.0,0.0,0.0,0.4123473936668536,-0.0737170111387968,0.0,5.508000046866281,4.4365714754377095,0.3196069896221161,0.0,0.0,0.0,5.400715179741383,0.015778236091136932,0.0,0.0,0.0,0.0,0.0,0.015778236091136932,1744.0,-4.599999904632568,-0.015778236091136932,0.9837897419929504,1.0,1.0
24.07371711730957,179.99807739257812,9.90988540649414,0.08046711795032024,0.0,0.0,0.0,0.26236601991121905,-0.08046711795032024,0.0,5.4928571973528175,4.421428625924246,0.3094800114631653,0.0,0.0,0.0,3.809256784617901,0.11921311169862747,0.0,0.0,0.0,0.0,0.0,0.11921311169862747,1745.0,0.0011391232255846262,-0.11921311169862747,0.99109947681427,1.0,1.0
24.080467224121094,179.99807739257812,9.909587860107422,0.08721722476184368,0.0,0.0,0.0,0.020820458553643548,-0.08721722476184368,0.0,5.458142907278878,4.386714335850307,0.37903499603271484,0.0,0.0,0.0858120545744896,1.2004186081047121,0.6101332306861877,0.0,0.0,0.0,0.0,0.0,0.6101332306861877,1746.0,0.0858120545744896,-0.6101332306861877,0.9995369911193848,0.9999985694885254,1.0
24.087217330932617,179.99807739257812,9.995100021362305,0.09396733157336712,0.0,0.0,0.0,-0.07556029624237345,-0.09396733157336712,0.0,5.3947143009730745,4.323285729544503,0.4963169991970062,0.0,0.0,0.0,0.20452259853482246,0.059160392731428146,0.0,0.0,0.0,0.0,0.0,0.059160392731428146,1747.0,0.004153687972575426,-0.059160392731428146,0.9999223947525024,0.9999993443489075,1.0
24.09396743774414,179.99807739257812,9.994800567626953,0.0872174371033907,0.0,0.0,0.0,-0.0872174371033907,-0.0872174371033907,0.0,5.29728570665632,4.2258571352277485,0.020899999886751175,0.4309319853782654,0.0,0.0,0.0,0.0,0.0,0.0,0.0,0.0,0.0,0.0,1748.0,-4.599999904632568,-0.008282402530312538,0.999773383140564,0.9999357461929321,1.0
24.087217330932617,179.32684326171875,9.554787635803223,0.08046733029186726,0.0,0.0,0.0,-0.08046733029186726,-0.08046733029186726,0.0,5.248999949863979,4.177571378435408,0.0,0.38568899035453796,0.0,0.0,0.0,0.0,0.0,0.0,0.12673451006412506,0.0,0.0,0.12673451006412506,1749.0,-4.599999904632568,-0.12673451006412506,0.9991227388381958,0.99821937084198,1.0
24.080467224121094,179.99807739257812,9.031635284423828,0.07371722348034382,0.0,0.0,0.0,-0.07371722348034382,-0.07371722348034382,0.0,5.203500011989048,4.132071440560477,0.0,0.3717319965362549,0.0,0.0,0.0,0.0,0.0,0.0,0.0,0.0,0.0,0.0,1750.0,-4.599999904632568,-0.008470388129353523,0.9616905450820923,0.9118810892105103,1.0
24.07371711730957,179.32684326171875,8.652057647705078,0.06696711666882038,0.0,0.0,0.0,-0.06696711666882038,-0.06696711666882038,0.0,5.150142887660435,4.0787143162318635,0.0,0.3732230067253113,0.0,0.0,0.0,0.0,0.0,0.0,0.017161022871732712,0.0,0.0,0.017161022871732712,1751.0,-4.599999904632568,-0.017161022871732712,0.7028505802154541,0.2638136148452759,0.9999993443489075
24.066967010498047,179.9979705810547,8.253458976745605,0.060217009857296944,0.0,0.0,0.0,-0.060217009857296944,-0.060217009857296944,0.0,5.101285743713379,4.0298571722848076,0.0,0.30289798974990845,0.0,0.0,0.0,0.0,0.0,0.0,0.0,0.0,0.0,0.0,1752.0,-4.599999904632568,-0.008673585020005703,0.10451212525367737,0.058512985706329346,0.9999936819076538
24.060216903686523,179.3267364501953,7.944141387939453,0.053466903045773506,0.0,0.0,0.0,-0.053466903045773506,-0.053466903045773506,0.0,5.052142906188965,3.9807143347603935,0.0,0.22134600579738617,0.0,0.0,0.0,0.0,0.0,0.0,0.11698149889707565,0.0,0.0,0.11698149889707565,1753.0,-4.599999904632568,-0.11698149889707565,0.03548651933670044,0.16880354285240173,0.999954342842102
24.053466796875,179.9907684326172,7.598681449890137,0.04671679623425007,0.0,0.0,0.0,-0.04671679623425007,-0.04671679623425007,0.0,5.004142842973981,3.93271427154541,0.0,0.18902599811553955,0.0,0.0,0.0,0.0,0.0,0.0,0.0,0.0,0.0,0.0,1754.0,-4.599999904632568,0.0,0.003927081823348999,0.13296622037887573,0.9999309778213501
24.046716690063477,179.3195343017578,7.405575752258301,0.03996668942272663,0.0,0.0,0.0,-0.03996668942272663,-0.03996668942272663,0.0,4.956357084001813,3.884928512573242,0.0,0.17225700616836548,0.0,0.0,0.0,0.0,0.0,0.0,0.017436014488339424,0.0,0.0,0.017436014488339424,1755.0,-4.599999904632568,-0.017436014488339424,0.0014432072639465332,0.4719877243041992,0.9996830821037292
24.039966583251953,179.94737243652344,7.211795330047607,0.033216582611203194,0.0,0.0,0.0,-0.033216582611203194,-0.033216582611203194,0.0,4.910571452549526,3.8391428811209543,0.0,0.15967600047588348,0.0,0.0,0.0,0.0,0.0,0.0,0.0,0.0,0.0,0.0,1756.0,-4.599999904632568,0.0,0.0007858872413635254,0.8096513152122498,0.9991165995597839
24.03321647644043,179.27613830566406,7.048649311065674,0.026466475799679756,0.0,0.0,0.0,-0.026466475799679756,-0.026466475799679756,0.0,4.872357177734375,3.8009286063058036,0.0,0.15532000362873077,0.0,0.0,0.0,0.0,0.0,0.0,0.013038414530456066,0.0,0.0,0.013038414530456066,1757.0,-4.599999904632568,-0.013038414530456066,0.0009520649909973145,0.7997293472290039,0.9972327947616577
24.026466369628906,179.55532836914062,6.876648902893066,0.01971636898815632,0.0,0.0,0.0,-0.01971636898815632,-0.01971636898815632,0.0,4.846642848423549,3.7752142769949777,0.0,0.16155500710010529,0.0,0.0,0.0,0.0,0.0,0.0,0.0,0.0,0.0,0.0,1758.0,-4.599999904632568,0.0,0.003913611173629761,0.753727912902832,0.9908556938171387
24.019716262817383,178.88409423828125,6.71159553527832,0.012966262176632881,0.0,0.0,0.0,-0.012966262176632881,-0.012966262176632881,0.0,4.8654285975864955,3.794000026157924,0.1292000114917755,0.05531999468803406,0.0,0.0,0.0,0.0,0.0,0.0,0.0,0.0,0.0,0.0,1759.0,-4.599999904632568,0.0,0.02809309959411621,0.6376214027404785,0.9289060831069946
24.01296615600586,178.21286010742188,6.654946804046631,0.006216155365109444,0.0,0.0,0.0,0.057356367326733854,-0.006216155365109444,0.0,4.970999935695103,3.8995713642665315,0.2745420038700104,0.0,0.0,0.5478658080101013,0.7063613071061491,0.0,0.0,0.0,0.0,0.0,0.0,0.0,1760.0,0.5478658080101013,0.0,0.720278263092041,0.06503716111183167,0.2604213356971741
24.006216049194336,177.5416259765625,7.202596664428711,0.0,0.0,0.0,0.0,0.2927240413605391,-0.0,0.0,5.0922142573765345,4.020785685947963,0.3090609908103943,0.0,0.0,0.0,3.2524890899658203,0.0,0.0,0.0,0.0,0.0,0.0,0.0,1761.0,-4.599999904632568,0.0,0.20268100500106812,0.31031325459480286,0.7768216133117676
23.999465942382812,176.87039184570312,7.202380657196045,0.0,0.0,0.0,0.0,0.4501629786322873,-0.0,0.0,5.292500032697405,4.221071461268833,0.3126719892024994,0.0,0.0,0.0,5.001810476183891,0.03781707584857941,0.0,0.0,0.0,0.0,0.0,0.03781707584857941,1762.0,-4.599999904632568,-0.03781707584857941,0.029858291149139404,0.9254686832427979,0.9953902363777161
23.99271583557129,179.26051330566406,7.202164649963379,0.0,0.0,0.0,0.0,0.5744605505844864,-0.0,0.0,5.398785672869001,4.3273571014404295,0.31210699677467346,0.0,0.0,0.0,6.382894499227405,0.016748445108532906,0.0,0.0,0.0,0.0,0.0,0.016748445108532906,1763.0,-4.599999904632568,-0.016748445108532906,0.13227444887161255,0.9921369552612305,0.9998822212219238
23.999465942382812,179.97923278808594,7.201948642730713,0.006215943023562431,0.0,0.0,0.0,0.6497009000662409,-0.006215943023562431,0.0,5.448071425301688,4.376642853873117,0.30158498883247375,0.0,0.0,0.0,7.287964344024658,0.0,0.0,0.0,0.0,0.0,0.0,0.0,1764.0,-4.599999904632568,-0.008209023624658585,0.6473180055618286,0.9991735816001892,0.9999934434890747
24.006216049194336,179.30799865722656,7.201732635498047,0.012966049835085869,0.0,0.0,0.0,0.4555660689414689,-0.012966049835085869,0.0,5.480071422031948,4.408642850603376,0.31174200773239136,0.0,0.0,2.2677340507507324,5.205912017121885,0.13788151741027832,0.0,0.0,0.0,0.0,0.0,0.13788151741027832,1765.0,2.2677340507507324,-0.13788151741027832,0.9469436407089233,0.9998682737350464,0.999999463558197
24.01296615600586,179.99798583984375,9.469182968139648,0.019716156646609306,0.0,0.0,0.0,0.6225324203770861,-0.019716156646609306,0.0,5.493428584507534,4.422000013078962,0.32358500361442566,0.0,0.0,0.3050942122936249,7.136094733137416,0.0,0.0,0.0,0.0,0.0,0.0,0.0,1766.0,0.3050942122936249,-0.007915927097201347,0.9774247407913208,0.9999978542327881,0.9999998807907104
24.019716262817383,179.32675170898438,9.7739839553833,0.026466263458132744,0.0,0.0,0.0,0.5504486820845553,-0.026466263458132744,0.0,5.489142908368792,4.41771433694022,0.3094879984855652,0.0,0.0,0.0,6.410165552151225,0.015846487033344674,0.0,0.0,0.0,0.0,0.0,0.015846487033344674,1767.0,-4.599999904632568,-0.015846487134695053,0.9755522012710571,0.9999998211860657,1.0
24.026466369628906,179.99807739257812,9.773691177368164,0.03321637026965618,0.0,0.0,0.0,0.4290455673694142,-0.03321637026965618,0.0,5.476714352199009,4.405285780770438,0.3196069896221161,0.0,0.0,0.0,5.1362433433532715,0.0,0.0,0.0,0.0,0.0,0.0,0.0,1768.0,-4.599999904632568,-0.007945057936012745,0.9737683534622192,1.0,1.0
24.03321647644043,179.32684326171875,9.773398399353027,0.03996647708117962,0.0,0.0,0.0,0.26740417167420555,-0.03996647708117962,0.0,5.450642803737095,4.379214232308524,0.3094800114631653,0.0,0.0,0.07580896466970444,3.4152291591973576,0.01598471173635192,0.0,0.0,0.0,0.0,0.0,0.01598471173635192,1769.0,0.07580896466970444,-0.015984712168574333,0.9849177598953247,1.0,1.0
24.039966583251953,179.99807739257812,9.848912239074707,0.046716583892703056,0.0,0.0,0.0,0.09110380725859932,-0.046716583892703056,0.0,5.40728577205113,4.335857200622558,0.37903499603271484,0.0,0.0,0.14065690338611603,1.531337557759138,0.0,0.0,0.0,0.0,0.0,0.0,0.0,1770.0,0.14065690338611603,-0.008072279393672943,0.9989539384841919,0.9999999403953552,1.0
24.046716690063477,179.32684326171875,9.989269256591797,0.03996668942272663,0.0,0.0,0.0,-0.024980145090892143,-0.03996668942272663,0.0,5.335642896379743,4.264214324951172,0.4963169991970062,0.0,0.0,0.0,0.16651714600901135,0.016415797096686266,0.0,0.0,0.0,0.0,0.0,0.016415797096686266,1771.0,0.009856659919023514,-0.016415797173976898,0.9999096393585205,0.9999991655349731,1.0
24.039966583251953,179.99807739257812,9.988969802856445,0.033216582611203194,0.0,0.0,0.0,-0.033216582611203194,-0.033216582611203194,0.0,5.230928639003208,4.159500067574637,0.01615000143647194,0.4356819987297058,0.0,0.0,0.0,0.0,0.0,0.0,0.2195473611354828,0.0,0.0,0.2195473611354828,1772.0,-4.599999904632568,-0.2195473611354828,0.9999282360076904,0.9999571442604065,1.0
24.03321647644043,179.99807739257812,9.320089340209961,0.026466475799679756,0.0,0.0,0.0,-0.026466475799679756,-0.026466475799679756,0.0,5.172500010899135,4.101071439470564,0.0,0.38568899035453796,0.0,0.0,0.0,0.0,0.0,0.0,0.39591878004925357,0.0,0.0,0.39591878004925357,1773.0,-4.599999904632568,-0.3959187865257263,0.9998186230659485,0.9980994462966919,1.0
24.026466369628906,179.99807739257812,8.5222749710083,0.01971636898815632,0.0,0.0,0.0,-0.01971636898815632,-0.01971636898815632,0.0,5.128500066484723,4.057071495056152,0.0,0.8561069965362549,0.0,0.0,0.0,0.0,0.0,0.0,0.1337987184524536,0.0,0.0,0.1337987184524536,1774.0,-4.599999904632568,-0.1337987184524536,0.9958930015563965,0.979475736618042,0.99998939037323
24.019716262817383,179.9963836669922,7.511941909790039,0.012966262176632881,0.0,0.0,0.0,-0.012966262176632881,-0.012966262176632881,0.0,5.094142859322684,4.022714287894113,0.0,0.4614270031452179,0.0,0.0,0.0,0.0,0.0,0.0,0.0,0.0,0.0,0.0,1775.0,-4.599999904632568,0.0,0.7236694097518921,0.18609619140625,0.9998334646224976
24.01296615600586,171.17677307128906,7.040886878967285,0.006216155365109444,0.0,0.0,0.0,-0.006216155365109444,-0.006216155365109444,0.0,5.0761428015572685,4.004714230128696,0.0,0.30289798974990845,0.0,0.0,0.0,0.0,0.0,0.0,0.12300904840230942,0.0,0.0,0.12300904840230942,1776.0,-4.599999904632568,-0.12300904840230942,0.04013550281524658,0.05597281455993652,0.9997178316116333
24.006216049194336,179.9529266357422,6.6060895919799805,0.0,0.0,0.0,0.0,0.0,-0.0,0.0,5.045071411132812,3.973642839704241,0.0,0.22134600579738617,0.0,0.0,0.0,0.0,0.0,0.0,0.0,0.0,0.0,0.0,1777.0,-4.599999904632568,0.0,0.0018137991428375244,0.14310535788536072,0.9975478649139404
23.999465942382812,179.2816925048828,6.380034923553467,0.0,0.0,0.0,0.0,0.0,-0.0,0.0,5.007000051225934,3.935571479797363,0.0,0.18902599811553955,0.0,0.0,0.0,0.0,0.0,0.0,0.011284329928457737,0.0,0.0,0.011284329928457737,1778.0,-4.599999904632568,-0.011284329928457737,0.0010339617729187012,0.14142006635665894,0.9966504573822021
23.99271583557129,179.462158203125,6.175451278686523,0.0,0.0,0.0,0.0,0.0,-0.0,0.0,5.00178576878139,3.930357197352818,0.0,0.17225700616836548,0.0,0.0,0.0,0.0,0.0,0.0,0.0,0.0,0.0,0.0,1779.0,-4.599999904632568,0.0,0.00031381845474243164,0.4747776687145233,0.9878368377685547
23.985965728759766,178.79092407226562,5.9994988441467285,0.0,0.0,0.0,0.0,0.0,-0.0,0.0,5.0065000534057615,3.9350714819771904,0.0,0.15967600047588348,0.0,0.0,0.0,0.0,0.0,0.0,0.0,0.0,0.0,0.0,1780.0,-4.599999904632568,0.0,0.00026598572731018066,0.8008468151092529,0.9838370084762573
23.979215621948242,178.11968994140625,5.836389064788818,0.0,0.0,0.0,0.0,0.0,-0.0,0.0,5.0136428015572685,3.942214230128697,0.0,0.15532000362873077,0.0,0.0,0.0,0.0,0.0,0.0,0.0,0.0,0.0,0.0,1781.0,-4.599999904632568,0.0,0.0004987716674804688,0.8033654689788818,0.9821008443832397
23.97246551513672,177.44845581054688,5.67772912979126,0.0,0.0,0.0,0.0,0.0,-0.0,0.0,5.018999998910086,3.947571427481515,0.0,0.16155500710010529,0.0,0.0,0.0,0.0,0.0,0.0,0.0,0.0,0.0,0.0,1782.0,-4.599999904632568,0.0,0.0022757649421691895,0.7585463523864746,0.9770303964614868
23.965715408325195,176.7772216796875,5.512712001800537,0.0,0.0,0.0,0.0,0.0,-0.0,0.0,5.040785734994071,3.9693571635654994,0.1006999984383583,0.08382000774145126,0.0,0.0,0.0,0.0,0.0,0.0,0.0,0.0,0.0,0.0,1783.0,-4.599999904632568,0.0,0.01799529790878296,0.5729948282241821,0.9155198931694031
23.958965301513672,176.10598754882812,5.427018642425537,0.0,0.0,0.0,0.0,0.061389718166169685,-0.0,0.0,5.1086427961077,4.037214224679129,0.2745420038700104,0.0,0.0,0.0,0.6821079254150391,0.0,0.0,0.0,0.0,0.0,0.0,0.0,1784.0,-4.599999904632568,0.0,0.4656471312046051,0.06319814920425415,0.35272806882858276
23.95221519470215,175.43475341796875,5.42685604095459,0.0,0.0,0.0,0.0,0.16943301116887738,-0.0,0.0,5.207142911638532,4.135714340209961,0.3090609908103943,0.0,0.0,0.0,1.8825888633728027,0.0,0.0,0.0,0.0,0.0,0.0,0.0,1785.0,-4.599999904632568,0.0,0.3918384909629822,0.055037736892700195,0.4181804060935974
23.945465087890625,174.76351928710938,5.426693439483643,0.0,0.0,0.0,0.0,0.24939254358550142,-0.0,0.0,5.2894285202026365,4.217999948774065,0.3126719892024994,0.0,0.0,0.0,2.7710280418395996,0.0,0.0,0.0,0.0,0.0,0.0,0.0,1786.0,-4.599999904632568,0.0,0.025795042514801025,0.4414314031600952,0.9481483697891235
23.9387149810791,166.2158660888672,5.426530838012695,0.0,0.0,0.0,0.0,0.2169723896262945,-0.0,0.0,5.301357078552246,4.229928507123675,0.31210699677467346,0.0,0.0,0.0,2.4108041375875473,0.16318883001804352,0.0,0.0,0.0,0.0,0.0,0.16318883001804352,1787.0,-4.599999904632568,-0.16318883001804352,0.00923609733581543,0.8596311807632446,0.9924042820930481
23.931964874267578,178.7827606201172,5.426368236541748,0.0,0.0,0.0,0.0,0.2352533674938165,-0.0,0.0,5.273214285714285,4.201785714285714,0.30158498883247375,0.0,0.0,0.0,2.6139260977506638,0.05988891422748566,0.0,0.0,0.0,0.0,0.05988891422748566,0.0,1788.0,-4.599999904632568,0.05988891422748566,0.00294378399848938,0.9945203065872192,0.999673068523407
23.972585678100586,178.1115264892578,5.426205635070801,0.0,0.0,0.0,0.0,0.5209271531668005,-0.0,0.0,5.3079285757882255,4.2365000043596535,0.31174200773239136,0.0,0.0,0.0,5.788079019635916,0.0314791239798069,0.0,0.0,0.0,0.0,0.0,0.0314791239798069,1789.0,-4.599999904632568,-0.0314791239798069,0.3316571116447449,0.9998642802238464,0.9999988079071045
23.965835571289062,179.99789428710938,5.4260430335998535,0.0,0.0,0.0,0.0,0.24113273988212558,-0.0,0.0,5.368428584507534,4.2970000130789625,0.32358500361442566,0.0,0.0,4.435032844543457,2.6792524524290924,0.050719015300273895,0.0,0.0,0.0,0.0,0.050719015300273895,0.0,1790.0,4.435032844543457,0.050719015300273895,0.9861046075820923,0.9999884366989136,0.9999999403953552
23.999927520751953,179.32666015625,9.860779762268066,0.006677521392703056,0.0,0.0,0.0,0.6081922926147968,-0.006677521392703056,0.0,5.397142900739397,4.325714329310825,0.3094879984855652,0.0,0.0,0.06398531049489975,6.831886279356003,0.016184614971280098,0.0,0.0,0.0,0.0,0.0,0.016184614971280098,1791.0,0.06398531049489975,-0.016184614971280098,0.9924735426902771,0.9999997615814209,1.0
24.006677627563477,179.99807739257812,9.924467086791992,0.013427628204226494,0.0,0.0,0.0,0.5010836813191583,-0.013427628204226494,0.0,5.3949999945504326,4.3235714231218605,0.335206001996994,0.0,0.0,0.03949304297566414,5.716791873707801,0.1321031153202057,0.0,0.0,0.0,0.0,0.0,0.1321031153202057,1792.0,0.03949304297566414,-0.1321031153202057,0.9963929653167725,0.9999998807907104,1.0
24.013427734375,179.99807739257812,9.963661193847656,0.02017773501574993,0.0,0.0,0.0,0.35713136238749454,-0.02017773501574993,0.0,5.376857158115932,4.305428586687361,0.3094800114631653,0.0,0.0,0.0,4.192322971304592,0.17884659580356213,0.0,0.0,0.0,0.0,0.0,0.17884659580356213,1793.0,-4.599999904632568,-0.1788465976715088,0.9962111711502075,1.0,1.0
24.020177841186523,179.99807739257812,9.963362693786621,0.013427840545773506,0.0,0.0,0.0,0.14110702195465194,-0.013427840545773506,0.0,5.345999935695103,4.2745713642665315,0.37903499603271484,0.0,0.0,0.032169777899980545,1.7170538913233193,0.6764348745346069,0.0,0.0,0.0,0.0,0.0,0.6764348745346069,1794.0,0.032169777899980545,-0.6764348745346069,0.9995502829551697,0.9999982118606567,1.0
24.013427734375,179.99807739257812,9.995232582092285,0.006677733734250069,0.0,0.0,0.0,0.002057347321318034,-0.006677733734250069,0.0,5.283785765511649,4.2123571940830775,0.4963169991970062,0.0,0.0,0.0,0.09705644845962524,0.3680265247821808,0.0,0.0,0.0,0.0,0.0,0.3680265247821808,1795.0,0.004143197555094957,-0.3680265247821808,0.9999345541000366,0.999998927116394,1.0
24.006677627563477,179.99807739257812,9.994933128356934,0.0,0.0,0.0,0.0,0.0,-0.0,0.0,5.156714248657226,4.085285677228655,0.020899999886751175,0.4309319853782654,0.0,0.0,0.0,0.0,0.0,0.0,0.3668544292449951,0.0,0.0,0.3668544292449951,1796.0,-4.599999904632568,-0.3668544292449951,0.9999619126319885,0.999964714050293,1.0
23.999927520751953,179.99807739257812,9.18058967590332,0.0,0.0,0.0,0.0,0.0,-0.0,0.0,5.0873571940830775,4.015928622654506,0.0,0.38568899035453796,0.0,0.0,0.0,0.0,0.0,0.0,0.0,0.0,0.0,0.0,1797.0,-4.599999904632568,-0.008715356700122356,0.994369626045227,0.9967593550682068,1.0
23.99317741394043,179.32684326171875,8.786766052246094,0.0,0.0,0.0,0.0,0.0,-0.0,0.0,5.0199999945504326,3.948571423121861,0.0,0.3717319965362549,0.0,0.0,0.0,0.0,0.0,0.0,0.017727850005030632,0.0,0.0,0.017727850005030632,1798.0,-4.599999904632568,-0.017727850005030632,0.9348260164260864,0.8802699446678162,0.9999999403953552
23.986427307128906,179.99806213378906,8.389106750488281,0.0,0.0,0.0,0.0,0.0,-0.0,0.0,4.953785705566406,3.882357134137835,0.0,0.3732230067253113,0.0,0.0,0.0,0.0,0.0,0.0,0.0,0.0,0.0,0.0,1799.0,-4.599999904632568,-0.009009262546896935,0.5760551691055298,0.18669486045837402,0.9999971389770508
23.979677200317383,179.3268280029297,8.008027076721191,0.0,0.0,0.0,0.0,0.0,-0.0,0.0,4.892357090541294,3.820928519112723,0.0,0.30289798974990845,0.0,0.0,0.0,0.0,0.0,0.0,0.018274258822202682,0.0,0.0,0.018274258822202682,1800.0,-4.599999904632568,-0.018274258822202682,0.07912227511405945,0.06758677959442139,0.99997878074646
23.97292709350586,179.99468994140625,7.680069923400879,0.0,0.0,0.0,0.0,0.0,-0.0,0.0,4.8370713642665315,3.7656427928379603,0.0,0.22134600579738617,0.0,0.0,0.0,0.0,0.0,0.0,0.0,0.0,0.0,0.0,1801.0,-4.599999904632568,0.0,0.026872962713241577,0.20305323600769043,0.9998193383216858
23.966176986694336,170.801025390625,7.453983306884766,0.0,0.0,0.0,0.0,0.0,-0.0,0.0,4.792428575243268,3.721000071934291,0.0,0.18902599811553955,0.0,0.0,0.0,0.0,0.0,0.0,0.13796335458755493,0.0,0.0,0.13796335458755493,1802.0,-4.599999904632568,-0.13796335458755493,0.006623029708862305,0.1541857123374939,0.9998559951782227
23.959426879882812,179.97503662109375,7.120107173919678,0.0,0.0,0.0,0.0,0.0,-0.0,0.0,4.755214296068464,3.6837857927594864,0.0,0.17225700616836548,0.0,0.0,0.0,0.0,0.0,0.0,0.0,0.0,0.0,0.0,1803.0,-4.599999904632568,0.0,0.001214146614074707,0.5058013200759888,0.998937726020813
23.95267677307129,179.30380249023438,6.944126605987549,0.0,0.0,0.0,0.0,0.0,-0.0,0.0,4.719428552900042,3.6479999814714703,0.0,0.15967600047588348,0.0,0.0,0.0,0.0,0.0,0.0,0.014127423986792564,0.0,0.0,0.014127423986792564,1804.0,-4.599999904632568,-0.014127423986792564,0.0006520748138427734,0.7822592854499817,0.9976428747177124
23.945926666259766,179.62094116210938,6.766573429107666,0.0,0.0,0.0,0.0,0.0,-0.0,0.0,4.682357120513916,3.6109286172049386,0.0,0.15532000362873077,0.0,0.0,0.0,0.0,0.0,0.0,0.0,0.0,0.0,0.0,1805.0,-4.599999904632568,0.0,0.0008166134357452393,0.7514553070068359,0.9949412941932678
23.939176559448242,178.94970703125,6.607885360717773,0.0,0.0,0.0,0.0,0.0,-0.0,0.0,4.648999977111816,3.577571405683245,0.0,0.16155500710010529,0.0,0.0,0.0,0.0,0.0,0.0,0.0,0.0,0.0,0.0,1806.0,-4.599999904632568,0.0,0.0036370158195495605,0.6980338096618652,0.9878027439117432
23.93242645263672,178.27847290039062,6.442840099334717,0.0,0.0,0.0,0.0,0.0,-0.0,0.0,4.6349999019077845,3.563571330479213,0.09974999725818634,0.08477000892162323,0.0,0.0,0.0,0.0,0.0,0.0,0.0,0.0,0.0,0.0,1807.0,-4.599999904632568,0.0,0.02448815107345581,0.5820465087890625,0.9346892833709717
23.925676345825195,177.60723876953125,6.356149673461914,0.0,0.0,0.0,0.0,0.0,-0.0,0.0,4.7110714367457796,3.6396429334368023,0.2745420038700104,0.0,0.0,1.2968909229919063,0.0,0.0,0.0,0.0,0.0,0.0,0.0,0.0,1808.0,1.4074580669403076,0.0,0.8536046147346497,0.06740343570709229,0.2260316014289856
23.918926239013672,167.54563903808594,7.652811050415039,0.0,0.0,0.0,0.0,0.30802853409675884,-0.0,0.0,4.886857114519391,3.81542854309082,0.3090609908103943,0.0,0.0,0.0,3.422538995742798,0.0,0.0,0.0,0.0,0.0,0.0,0.0,1809.0,-4.599999904632568,0.0,0.2828723192214966,0.39755141735076904,0.6820523738861084
23.91217613220215,166.87440490722656,7.652581691741943,0.0,0.0,0.0,0.0,0.3711935421779569,-0.0,0.0,5.036500058855329,3.9650714874267576,0.3126719892024994,0.0,0.0,0.0,4.124372363090515,1.1755553483963013,0.0,0.0,0.0,0.0,0.0,1.1755553483963013,1810.0,-4.599999904632568,-1.1755553483963013,0.1636994481086731,0.8062534332275391,0.9947938323020935
23.905426025390625,179.1650848388672,7.652352333068848,0.0,0.0,0.0,0.0,0.5534057031794922,-0.0,0.0,5.118999971662249,4.047571400233677,0.31210699677467346,0.0,0.0,0.0,6.148951768875122,0.5641911029815674,0.0,0.0,0.0,0.0,0.0,0.5641911029815674,1811.0,-4.599999904632568,-0.5641911029815674,0.29129713773727417,0.9717370867729187,0.9997767210006714
23.8986759185791,179.96237182617188,7.652122974395752,0.0,0.0,0.0,0.0,0.5704333375478736,-0.0,0.0,5.176928601946149,4.105500030517578,0.30158498883247375,0.0,0.0,1.1304903030395508,6.338147691265641,0.13350537419319153,0.0,0.0,0.0,0.0,0.13350537419319153,0.0,1812.0,1.1304903030395508,0.13350537419319153,0.8782582879066467,0.9991226196289062,0.9999900460243225
23.99559783935547,171.35829162597656,8.782349586486816,0.0,0.0,0.0,0.0,0.6145176169483413,-0.0,0.0,5.228214345659528,4.156785774230957,0.31174200773239136,0.0,0.0,1.028353214263916,6.827972979009687,0.11679522693157196,0.0,0.0,0.0,0.0,0.0,0.11679522693157196,1813.0,1.028353214263916,-0.11679522693157196,0.9810672998428345,0.9999551773071289,0.9999984502792358
23.988847732543945,179.99783325195312,9.810408592224121,0.0,0.0,0.0,0.0,0.6949421362576901,-0.0,0.0,5.271357209341867,4.199928637913295,0.32358500361442566,0.0,0.0,0.1253189593553543,7.721578678096161,0.022609902545809746,0.0,0.0,0.0,0.0,0.022609902545809746,0.0,1814.0,0.1253189593553543,0.022609902545809746,0.9935697317123413,0.9999982118606567,0.9999998211860657
23.999975204467773,179.32659912109375,9.935429573059082,0.0,0.0,0.0,0.0,0.6503914432604196,-0.0,0.0,5.30235721043178,4.230928639003208,0.3094879984855652,0.0,0.0,0.03527303412556648,7.226571017466164,0.01654795345210938,0.0,0.0,0.0,0.0,0.0,0.01654795345210938,1815.0,0.03527303412556648,-0.016547953709959984,0.9970672130584717,0.9999997615814209,1.0
23.99322509765625,179.99807739257812,9.970403671264648,0.0,0.0,0.0,0.0,0.5547012330354214,-0.0,0.0,5.314714241027832,4.243285669599261,0.3196069896221161,0.0,0.0,0.0,6.163346543908119,0.016946539282798767,0.0,0.0,0.0,0.0,0.016946539282798767,0.0,1816.0,-4.599999904632568,0.016946539282798767,0.9969779253005981,1.0,1.0
23.999984741210938,179.32684326171875,9.970105171203613,0.0,0.0,0.0,0.0,0.3807996473786433,-0.0,0.0,5.297785704476492,4.226357133047921,0.3094800114631653,0.0,0.0,0.0,4.231106856837869,0.016562839969992638,0.0,0.0,0.0,0.0,0.0,0.016562839969992638,1817.0,-4.599999904632568,-0.016562839969992638,0.9927967190742493,1.0,1.0
23.993234634399414,179.99807739257812,9.969806671142578,0.0,0.0,0.0,0.0,0.17656625611420854,-0.0,0.0,5.249285779680524,4.177857208251953,0.37903499603271484,0.0,0.0,0.019425828009843826,1.9618471342442674,0.017145652323961258,0.0,0.0,0.0,0.0,0.017145652323961258,0.0,1818.0,0.019425828009843826,0.017145652323961258,0.9989202618598938,0.9999999403953552,1.0
23.999984741210938,179.32684326171875,9.988932609558105,0.0,0.0,0.0,0.0,0.011438171218290267,-0.0,0.0,5.164214352199009,4.092785780770438,0.4963169991970062,0.0,0.0,0.010034043341875076,0.12709078121406828,0.01710338145494461,0.0,0.0,0.0,0.0,0.0,0.01710338145494461,1819.0,0.010034043341875076,-0.01710338145494461,0.9998936653137207,0.9999992847442627,1.0
23.993234634399414,179.99807739257812,9.998666763305664,0.0,0.0,0.0,0.0,0.0,-0.0,0.0,5.056428582327706,3.9850000108991352,0.006650000344961882,0.4451819956302643,0.0,0.0,0.0,0.0,0.0,0.0,0.01750035211443901,0.0,0.01750035211443901,0.0,1820.0,-4.599999904632568,0.01750035211443901,0.9998170733451843,0.9999545812606812,1.0
23.999757766723633,171.41441345214844,9.526256561279297,0.0,0.0,0.0,0.0,0.0,-0.0,0.0,4.96557148524693,3.894142913818359,0.0,0.38568899035453796,0.0,0.0,0.0,0.0,0.0,0.0,0.12392433732748032,0.0,0.0,0.12392433732748032,1821.0,-4.599999904632568,-0.12392433732748032,0.9978381395339966,0.9983947277069092,1.0
23.99300765991211,179.99807739257812,9.005972862243652,0.0,0.0,0.0,0.0,0.0,-0.0,0.0,4.887857110159738,3.8164285387311665,0.0,0.3717319965362549,0.0,0.0,0.0,0.0,0.0,0.0,0.0,0.0,0.0,0.0,1822.0,-4.599999904632568,-0.009170942939817905,0.9452517032623291,0.9103603363037109,1.0
23.986257553100586,179.32684326171875,8.626396179199219,0.0,0.0,0.0,0.0,0.0,-0.0,0.0,4.824357114519391,3.75292854309082,0.0,0.5420659780502319,0.0,0.0,0.0,0.0,0.0,0.0,0.16152100265026093,0.0,0.0,0.16152100265026093,1823.0,-4.599999904632568,-0.16152100265026093,0.9746688604354858,0.5896470546722412,0.9999755620956421
23.979507446289062,179.99417114257812,7.908213138580322,0.0,0.0,0.0,0.0,0.0,-0.0,0.0,4.773357132502964,3.701928492954799,0.0,0.7003790140151978,0.0,0.0,0.0,0.0,0.0,0.0,0.0,0.0,0.0,0.0,1824.0,-4.599999904632568,0.0,0.9090368747711182,0.5785918831825256,0.9941776990890503
23.97275733947754,170.03366088867188,7.193325042724609,0.0,0.0,0.0,0.0,0.0,-0.0,0.0,4.747571413857596,3.676142774309431,0.0,0.24137599766254425,0.0,0.0,0.0,0.0,0.0,0.0,0.1496577262878418,0.0,0.0,0.1496577262878418,1825.0,-4.599999904632568,-0.1496577262878418,0.008831709623336792,0.16656771302223206,0.9994710683822632
23.966007232666016,179.9134521484375,6.794107437133789,0.0,0.0,0.0,0.0,0.0,-0.0,0.0,4.7380714552743095,3.666642815726144,0.0,0.18902599811553955,0.0,0.0,0.0,0.0,0.0,0.0,0.0,0.0,0.0,0.0,1826.0,-4.599999904632568,0.0,0.0016672611236572266,0.16073930263519287,0.9987984895706177
23.959257125854492,179.24221801757812,6.6010260581970215,0.0,0.0,0.0,0.0,0.0,-0.0,0.0,4.730500030517578,3.6590714590890068,0.0,0.17225700616836548,0.0,0.0,0.0,0.0,0.0,0.0,0.01043554488569498,0.0,0.0,0.01043554488569498,1827.0,-4.599999904632568,-0.01043554488569498,0.0006605386734008789,0.5158213973045349,0.9956575632095337
23.95250701904297,179.30328369140625,6.414412975311279,0.0,0.0,0.0,0.0,0.0,-0.0,0.0,4.722142846243722,3.6507142748151504,0.0,0.15967600047588348,0.0,0.0,0.0,0.0,0.0,0.0,0.0,0.0,0.0,0.0,1828.0,-4.599999904632568,0.0,0.0003705918788909912,0.7758007049560547,0.9929372072219849
23.945756912231445,178.63204956054688,6.251290798187256,0.0,0.0,0.0,0.0,0.0,-0.0,0.0,4.709928594316755,3.6385000228881834,0.0,0.20203599333763123,0.0,0.0,0.0,0.0,0.0,0.0,0.0,0.0,0.0,0.0,1829.0,-4.599999904632568,0.0,0.001009225845336914,0.7318503260612488,0.9840402603149414
23.939006805419922,177.9608154296875,6.044950485229492,0.0,0.0,0.0,0.0,0.0,-0.0,0.0,4.6949999809265135,3.6235713413783484,0.0,0.20082500576972961,0.0,0.0,0.0,0.0,0.0,0.0,0.0,0.0,0.0,0.0,1830.0,-4.599999904632568,0.0,0.004030555486679077,0.6825163960456848,0.9752035140991211
23.9322566986084,177.28958129882812,5.8398518562316895,0.0,0.0,0.0,0.0,0.0,-0.0,0.0,4.698071425301688,3.6266428538731166,0.10925000160932541,0.07527000457048416,0.0,0.0,0.0,0.0,0.0,0.0,0.0,0.0,0.0,0.0,1831.0,-4.599999904632568,0.0,0.03959566354751587,0.5878127813339233,0.9262738227844238
23.925506591796875,169.09762573242188,5.76287317276001,0.0,0.0,0.0,0.0,0.0026697450128853814,-0.0,0.0,4.77857141494751,3.7071429116385324,0.2745420038700104,0.0,0.0,1.1393423080444336,0.0296638311190347,0.0,0.0,0.0,0.0,0.0,0.0,0.0,1832.0,1.1393423080444336,0.0,0.6902185678482056,0.049585163593292236,0.20363971590995789
23.91875648498535,168.4263916015625,6.902008533477783,0.0,0.0,0.0,0.0,0.29144151619605213,-0.0,0.0,4.865642901829311,3.7942143304007394,0.3090609908103943,0.0,0.0,0.0,3.23823881149292,0.0,0.0,0.0,0.0,0.0,0.0,0.0,1833.0,-4.599999904632568,0.0,0.26245826482772827,0.2587570250034332,0.6735426783561707
23.912006378173828,167.75515747070312,6.901801586151123,0.0,0.0,0.0,0.0,0.43983053871635697,-0.0,0.0,4.930714280264718,3.859285708836147,0.3126719892024994,0.0,0.0,0.0,4.887005597352982,0.2694723308086395,0.0,0.0,0.0,0.0,0.0,0.2694723308086395,1834.0,-4.599999904632568,-0.2694723308086395,0.0648687481880188,0.8972726464271545,0.9923304319381714
23.905256271362305,178.7709503173828,6.901594638824463,0.0,0.0,0.0,0.0,0.5816103073495843,-0.0,0.0,4.988428606305804,3.917000034877232,0.31210699677467346,0.0,0.0,0.0,6.4623362347483635,0.08170682936906815,0.0,0.0,0.0,0.0,0.08170682936906815,0.0,1835.0,-4.599999904632568,0.08170682936906815,0.32329249382019043,0.9919321537017822,0.9998198747634888
23.959644317626953,170.41224670410156,6.901387691497803,0.0,0.0,0.0,0.0,0.48542114356333305,-0.0,0.0,5.0494286128452845,3.9780000414167134,0.30158498883247375,0.0,0.0,1.8737354278564453,5.393567833172543,0.13442204892635345,0.0,0.0,0.0,0.0,0.0,0.13442204892635345,1836.0,1.8737354278564453,-0.13442204892635345,0.8775092959403992,0.9991495013237,0.9999874830245972
23.95289421081543,179.99607849121094,8.774860382080078,0.0,0.0,0.0,0.0,0.6123125573480857,-0.0,0.0,5.1128570829118996,4.041428511483328,0.31174200773239136,0.0,0.0,0.5544838309288025,6.803472318731762,0.07003650814294815,0.0,0.0,0.0,0.0,0.07003650814294815,0.0,1837.0,0.5544838309288025,0.07003650814294815,0.9329314231872559,0.9999743103981018,0.999998152256012
23.99985694885254,179.32484436035156,9.32906436920166,0.0,0.0,0.0,0.0,0.5769218298544343,-0.0,0.0,5.1711427961077,4.099714224679129,0.32358500361442566,0.0,0.0,0.5358337759971619,6.410242044497882,0.4239034950733185,0.0,0.0,0.0,0.0,0.0,0.4239034950733185,1838.0,0.5358337759971619,-0.4239034950733185,0.9864867925643921,0.9999797940254211,0.9999997019767761
23.993106842041016,179.99803161621094,9.864602088928223,0.0,0.0,0.0,0.0,0.6054300760283704,-0.0,0.0,5.217285646711077,4.145857075282505,0.3094879984855652,0.0,0.0,0.058503586798906326,6.7270003101457085,0.017414111016314394,0.0,0.0,0.0,0.0,0.017414111016314394,0.0,1839.0,0.058503586798906326,0.017414111644029617,0.9923076033592224,0.9999998211860657,1.0
23.999984741210938,179.32679748535156,9.922807693481445,0.0,0.0,0.0,0.0,0.4734038435513392,-0.0,0.0,5.238071387154715,4.166642815726144,0.3196069896221161,0.0,0.0,0.0,5.26004228809538,0.016800782888507004,0.0,0.0,0.0,0.0,0.0,0.016800782888507004,1840.0,-4.599999904632568,-0.016800783574581146,0.9827798008918762,1.0,1.0
23.993234634399414,179.99807739257812,9.922510147094727,0.0,0.0,0.0,0.0,0.30652813441778154,-0.0,0.0,5.23207141331264,4.1606428418840675,0.3094800114631653,0.0,0.0,0.0,3.405867889523506,0.017202064394950867,0.0,0.0,0.0,0.0,0.017202064394950867,0.0,1841.0,-4.599999904632568,0.017202064394950867,0.988105058670044,1.0,1.0
23.999984741210938,167.9883575439453,9.922212600708008,0.0,0.0,0.0,0.0,0.12041816612873206,-0.0,0.0,5.205928611755371,4.1345000403268,0.37903499603271484,0.0,0.0,0.0714554414153099,1.337979517319518,0.27822181582450867,0.0,0.0,0.0,0.0,0.0,0.27822181582450867,1842.0,0.0714554414153099,-0.27822181582450867,0.9993637800216675,0.9999998807907104,1.0
23.993234634399414,179.99807739257812,9.993368148803711,0.0,0.0,0.0,0.0,0.01865605850888748,-0.0,0.0,5.1582142421177455,4.086785670689174,0.4963169991970062,0.0,0.0,0.0,0.20728952251374722,0.017443442717194557,0.0,0.0,0.0,0.0,0.017443442717194557,0.0,1843.0,0.005575616378337145,0.017443442717194557,0.9998914003372192,0.9999994039535522,1.0
23.999980926513672,179.32684326171875,9.99306869506836,0.0,0.0,0.0,0.0,0.0,-0.0,0.0,5.07507141658238,4.003642845153808,0.008549999445676804,0.44328200817108154,0.0,0.0,0.0,0.0,0.0,0.0,0.01748419553041458,0.0,0.0,0.01748419553041458,1844.0,-4.599999904632568,-0.01748419553041458,0.9996770620346069,0.9999442100524902,1.0
23.99323081970215,179.99807739257812,9.522613525390625,0.0,0.0,0.0,0.0,0.0,-0.0,0.0,5.0259285790579655,3.9545000076293944,0.0,0.38568899035453796,0.0,0.0,0.0,0.0,0.0,0.0,0.0,0.0,0.0,0.0,1845.0,-4.599999904632568,0.00942955445498228,0.9998779296875,0.9987210035324097,1.0
23.986480712890625,144.1831512451172,9.128779411315918,0.0,0.0,0.0,0.0,0.0,-0.0,0.0,4.98285710471017,3.911428533281599,0.0,0.3717319965362549,0.0,0.0,0.0,0.0,0.0,0.0,0.8766837120056152,0.0,0.0,0.8766837120056152,1846.0,-4.599999904632568,-0.8766837120056152,0.9998987913131714,0.9858746528625488,1.0
23.9797306060791,179.9980926513672,7.854650497436523,0.0,0.0,0.0,0.0,0.0,-0.0,0.0,4.942857142857143,3.8714285714285714,0.0,0.45596399903297424,0.0,0.0,0.0,0.0,0.0,0.0,0.0,0.0,0.0,0.0,1847.0,-4.599999904632568,0.0,0.5899661779403687,0.1777195930480957,0.9999493956565857
23.972980499267578,179.3268585205078,7.389159679412842,0.0,0.0,0.0,0.0,0.0,-0.0,0.0,4.908428546360561,3.8369999749319894,0.0,0.30501899123191833,0.0,0.0,0.0,0.0,0.0,0.0,0.1199546530842781,0.0,0.0,0.1199546530842781,1848.0,-4.599999904632568,-0.1199546530842781,0.11596211791038513,0.08033138513565063,0.9997791647911072
23.966230392456055,179.96273803710938,6.9553046226501465,0.0,0.0,0.0,0.0,0.0,-0.0,0.0,4.8604286193847654,3.7890000479561943,0.0,0.22134600579738617,0.0,0.0,0.0,0.0,0.0,0.0,0.0,0.0,0.0,0.0,1849.0,-4.599999904632568,0.0,0.0026742517948150635,0.15628963708877563,0.9988929033279419
23.95948028564453,179.29150390625,6.729239463806152,0.0,0.0,0.0,0.0,0.0,-0.0,0.0,4.814428547450474,3.742999976021903,0.0,0.23946499824523926,0.0,0.0,0.0,0.0,0.0,0.0,0.012667759321630001,0.0,0.0,0.012667759321630001,1850.0,-4.599999904632568,-0.012667759321630001,0.002687692642211914,0.1625099778175354,0.9970720410346985
23.952730178833008,179.52960205078125,6.471766948699951,0.0,0.0,0.0,0.0,0.0,-0.0,0.0,4.783071395329067,3.7116428920200892,0.0,0.17225700616836548,0.0,0.0,0.0,0.0,0.0,0.0,0.0,0.0,0.0,0.0,1851.0,-4.599999904632568,0.0,0.0005228817462921143,0.5083078742027283,0.9935930967330933
23.945980072021484,178.85836791992188,6.295805931091309,0.0,0.0,0.0,0.0,0.0,-0.0,0.0,4.756999983106341,3.685571343558175,0.0,0.15967600047588348,0.0,0.0,0.0,0.0,0.0,0.0,0.0,0.0,0.0,0.0,1852.0,-4.599999904632568,0.0,0.00033858418464660645,0.7813507318496704,0.9909412264823914
23.93922996520996,178.1871337890625,6.132687568664551,0.0,0.0,0.0,0.0,0.0,-0.0,0.0,4.743714278084891,3.6722857066563197,0.0,0.15532000362873077,0.0,0.0,0.0,0.0,0.0,0.0,0.0,0.0,0.0,0.0,1853.0,-4.599999904632568,0.0,0.0005795657634735107,0.7497795820236206,0.9871346950531006
23.932479858398438,177.51589965820312,5.974018573760986,0.0,0.0,0.0,0.0,0.0,-0.0,0.0,4.733714253561837,3.6622856140136717,0.0,0.16155500710010529,0.0,0.0,0.0,0.0,0.0,0.0,0.0,0.0,0.0,0.0,1854.0,-4.599999904632568,0.0,0.0025822818279266357,0.7025119066238403,0.9802244305610657
23.925729751586914,176.84466552734375,5.808992385864258,0.0,0.0,0.0,0.0,0.0,-0.0,0.0,4.745571422576904,3.674142783028739,0.08455000072717667,0.0999700054526329,0.0,0.0,0.0,0.0,0.0,0.0,0.0,0.0,0.0,0.0,1855.0,-4.599999904632568,0.0,0.019253581762313843,0.5810332894325256,0.9290115833282471
23.91897964477539,176.17343139648438,5.70681095123291,0.0,0.0,0.0,0.0,0.0,-0.0,0.0,4.82971431187221,3.7582857404436383,0.2745420038700104,0.0,0.0,0.6852237572518902,0.0,0.0,0.0,0.0,0.0,0.0,0.0,0.0,1856.0,0.6953644156455994,0.0,0.6402145624160767,0.07668936252593994,0.34025096893310547
23.912229537963867,167.62181091308594,6.391842842102051,0.0,0.0,0.0,0.0,0.15122151861361738,-0.0,0.0,4.875857162475586,3.8044285910470146,0.3090609908103943,0.0,0.0,0.0,1.680238962173462,0.0,0.0,0.0,0.0,0.0,0.0,0.0,1857.0,-4.599999904632568,0.0,0.5377302765846252,0.060947149991989136,0.22195571660995483
23.905479431152344,166.95057678222656,6.391651153564453,0.0,0.0,0.0,0.0,0.23152817181969945,-0.0,0.0,4.91771433694022,3.8462857655116487,0.3221150040626526,0.0,0.0,0.0,2.5725350379943848,0.0,0.0,0.0,0.0,0.0,0.0,0.0,1858.0,-4.599999904632568,0.0,0.049642980098724365,0.4724874496459961,0.8532088994979858
23.89872932434082,166.2793426513672,6.3914594650268555,0.0,0.0,0.0,0.0,0.30324443574702087,-0.0,0.0,4.96049998147147,3.8890714100428987,0.31210699677467346,0.0,0.0,0.0,3.3693823516368866,0.28666046261787415,0.0,0.0,0.0,0.0,0.0,0.28666046261787415,1859.0,-4.599999904632568,-0.28666046261787415,0.007369279861450195,0.9580998420715332,0.9959472417831421
23.891979217529297,179.34963989257812,6.391267776489258,0.0,0.0,0.0,0.0,0.4576083757069388,-0.0,0.0,5.006428527832031,3.93499995640346,0.30158498883247375,0.0,0.0,0.0,5.084537103772163,0.14572755992412567,0.0,0.0,0.0,0.0,0.14572755992412567,0.0,1860.0,-4.599999904632568,0.14572755992412567,0.046599626541137695,0.9989360570907593,0.9999570846557617
23.994665145874023,178.67840576171875,6.39107608795166,0.0,0.0,0.0,0.0,0.514995399514466,-0.0,0.0,5.042428507123675,3.970999935695103,0.31174200773239136,0.0,0.0,0.0,5.722170650959015,0.02613753080368042,0.0,0.0,0.0,0.0,0.0,0.02613753080368042,1861.0,-4.599999904632568,-0.02613753080368042,0.3541673421859741,0.9999234676361084,0.999997615814209
23.9879150390625,179.99769592285156,6.3908843994140625,0.0,0.0,0.0,0.0,0.3769152996860495,-0.0,0.0,5.065571457999093,3.994142886570522,0.32358500361442566,0.0,0.0,1.508211612701416,4.187947441461272,0.024725785478949547,0.0,0.0,0.0,0.0,0.024725785478949547,0.0,1862.0,1.508211612701416,0.024725785478949547,0.7899066209793091,0.999993622303009,0.9999997615814209
23.99995231628418,179.3264617919922,7.898859024047852,0.0,0.0,0.0,0.0,0.3687620853351959,-0.0,0.0,5.084428596496582,4.013000025068011,0.3094879984855652,0.0,0.0,1.9728217124938965,4.0973561780957795,0.11702277270605647,0.0,0.0,0.0,0.0,0.0,0.11702277270605647,1863.0,1.9728217124938965,-0.11702277511358261,0.9871650338172913,0.9999992847442627,1.0
23.993202209472656,179.99807739257812,9.871384620666504,0.0,0.0,0.0,0.0,0.47665432165795907,-0.0,0.0,5.087285668509347,4.015857097080776,0.3196069896221161,0.0,0.0,0.0,5.296158708631992,0.017734132707118988,0.0,0.0,0.0,0.0,0.017734132707118988,0.0,1864.0,-4.599999904632568,0.017734132707118988,0.9854692220687866,1.0,1.0
23.999984741210938,179.32684326171875,9.871088981628418,0.0,0.0,0.0,0.0,0.36071494064922,-0.0,0.0,5.0735714231218605,4.002142851693289,0.3094800114631653,0.0,0.0,0.05207296088337898,4.007943466468598,0.017490749263376376,0.0,0.0,0.0,0.0,0.0,0.017490749263376376,1865.0,0.05207296088337898,-0.017490750178694725,0.9923131465911865,1.0,1.0
23.993234634399414,179.99807739257812,9.922863960266113,0.0,0.0,0.0,0.0,0.1624364435559627,-0.0,0.0,5.035285758972168,3.9638571875435966,0.37903499603271484,0.0,0.0,0.0645737275481224,1.8048492294074976,0.017874344530532684,0.0,0.0,0.0,0.0,0.017874344530532684,0.0,1866.0,0.0645737275481224,0.017874345183372498,0.9987407922744751,1.0,1.0
23.999984741210938,179.32684326171875,9.987137794494629,0.0,0.0,0.0,0.0,0.0242112520187309,-0.0,0.0,4.982142802647182,3.9107142312186105,0.4963169991970062,0.0,0.0,0.01168103888630867,0.2690138899399287,0.017899665635596366,0.0,0.0,0.0,0.0,0.0,0.017899665635596366,1867.0,0.01168103888630867,-0.017899665981531143,0.9998788833618164,0.9999996423721313,1.0
23.993234634399414,179.99807739257812,9.998518943786621,0.0,0.0,0.0,0.0,0.0,-0.0,0.0,4.8860714231218605,3.8146428516932893,0.008549999445676804,0.44328200817108154,0.0,0.0,0.0,0.0,0.0,0.0,0.0181729756295681,0.0,0.0181729756295681,0.0,1868.0,-4.599999904632568,0.0181729756295681,0.9997773766517639,0.999963641166687,1.0
23.99980354309082,171.512939453125,9.527360916137695,0.0,0.0,0.0,0.0,0.0,-0.0,0.0,4.837571362086704,3.7661427906581335,0.0,0.38568899035453796,0.0,0.0,0.0,0.0,0.0,0.0,0.12677204116903895,0.0,0.0,0.12677204116903895,1869.0,-4.599999904632568,-0.12677204608917236,0.9975639581680298,0.9985052347183228,1.0
23.993053436279297,179.99807739257812,9.004171371459961,0.0,0.0,0.0,0.0,0.0,-0.0,0.0,4.820285742623465,3.748857171194894,0.0,0.3717319965362549,0.0,0.0,0.0,0.0,0.0,0.0,0.0,0.0,0.0,0.0,1870.0,-4.599999904632568,-0.009336245246231556,0.9429380893707275,0.9115206003189087,1.0
23.986303329467773,179.32684326171875,8.624594688415527,0.0,0.0,0.0,0.0,0.0,-0.0,0.0,4.816071455819266,3.7446428843906947,0.0,0.3732230067253113,0.0,0.0,0.0,0.0,0.0,0.0,0.018689673393964767,0.0,0.0,0.018689673393964767,1871.0,-4.599999904632568,-0.018689673393964767,0.660614013671875,0.25703826546669006,0.9999983310699463
23.97955322265625,179.997802734375,8.22443675994873,0.0,0.0,0.0,0.0,0.0,-0.0,0.0,4.811999947684152,3.74057137625558,0.0,0.30289798974990845,0.0,0.0,0.0,0.0,0.0,0.0,0.0,0.0,0.0,0.0,1872.0,-4.599999904632568,-0.009334804490208626,0.10348328948020935,0.08524361252784729,0.9999883770942688
23.972803115844727,179.32656860351562,7.915119647979736,0.0,0.0,0.0,0.0,0.0,-0.0,0.0,4.809071486336844,3.737642914908273,0.0,0.22134600579738617,0.0,0.0,0.0,0.0,0.0,0.0,0.12539929151535034,0.0,0.0,0.12539929151535034,1873.0,-4.599999904632568,-0.12539929151535034,0.03439211845397949,0.20377689599990845,0.9999085664749146
23.966053009033203,179.9834442138672,7.561071395874023,0.0,0.0,0.0,0.0,0.0,-0.0,0.0,4.7990000043596535,3.7275714329310827,0.0,0.18902599811553955,0.0,0.0,0.0,0.0,0.0,0.0,0.0,0.0,0.0,0.0,1874.0,-4.599999904632568,0.0,0.004237055778503418,0.15591084957122803,0.9998611211776733
23.95930290222168,179.3122100830078,7.367966651916504,0.0,0.0,0.0,0.0,0.0,-0.0,0.0,4.787999984196254,3.7165714808872767,0.0,0.17225700616836548,0.0,0.0,0.0,0.0,0.0,0.0,0.017838582396507263,0.0,0.0,0.017838582396507263,1875.0,-4.599999904632568,-0.017838582396507263,0.0016823410987854004,0.49664968252182007,0.9994648098945618
23.952552795410156,179.91244506835938,7.173776626586914,0.0,0.0,0.0,0.0,0.0,-0.0,0.0,4.776928574698312,3.7055000032697403,0.0,0.15967600047588348,0.0,0.0,0.0,0.0,0.0,0.0,0.0,0.0,0.0,0.0,1876.0,-4.599999904632568,0.0,0.0008183717727661133,0.7893021106719971,0.9985904693603516
23.945802688598633,179.2412109375,7.010631561279297,0.0,0.0,0.0,0.0,0.0,-0.0,0.0,4.757785742623465,3.686357171194894,0.0,0.15532000362873077,0.0,0.0,0.0,0.0,0.0,0.0,0.011919212527573109,0.0,0.0,0.011919212527573109,1877.0,-4.599999904632568,-0.011919212527573109,0.0009932219982147217,0.7692562937736511,0.9963409304618835
23.93905258178711,179.41262817382812,6.839774131774902,0.0,0.0,0.0,0.0,0.0,-0.0,0.0,4.744857120513916,3.6734286172049386,0.0,0.16155500710010529,0.0,0.0,0.0,0.0,0.0,0.0,0.0,0.0,0.0,0.0,1878.0,-4.599999904632568,0.0,0.00414082407951355,0.7250260710716248,0.9895390272140503
23.932302474975586,178.74139404296875,6.674722194671631,0.0,0.0,0.0,0.0,0.0,-0.0,0.0,4.750285707201276,3.678857203892299,0.09880000352859497,0.0857200026512146,0.0,0.0,0.0,0.0,0.0,0.0,0.0,0.0,0.0,0.0,1879.0,-4.599999904632568,0.0,0.026248306035995483,0.6105601787567139,0.9325052499771118
23.925552368164062,178.07015991210938,6.587055206298828,0.0,0.0,0.0,0.0,0.09037422898405581,-0.0,0.0,4.85707141331264,3.785642841884068,0.2745420038700104,0.0,0.0,0.0,1.0041580200195312,0.0,0.0,0.0,0.0,0.0,0.0,0.0,1880.0,-4.599999904632568,0.0,0.6156110763549805,0.07490953803062439,0.2908424139022827
23.91880226135254,177.39892578125,6.586857795715332,0.0,0.0,0.0,0.0,0.22338352548150317,-0.0,0.0,4.9440000534057615,3.8725714819771904,0.3090609908103943,0.0,0.0,0.0,2.482038974761963,0.0,0.0,0.0,0.0,0.0,0.0,0.0,1881.0,-4.599999904632568,0.0,0.28730085492134094,0.13348543643951416,0.49922069907188416
23.912052154541016,176.72769165039062,6.586660385131836,0.0,0.0,0.0,0.0,0.35977077817585124,-0.0,0.0,5.010571425301688,3.9391428538731166,0.3126719892024994,0.0,0.0,0.0,3.997452773153782,0.01142498105764389,0.0,0.0,0.0,0.0,0.0,0.01142498105764389,1882.0,-4.599999904632568,-0.01142498105764389,0.02030816674232483,0.8253688812255859,0.9807592630386353
23.905302047729492,176.9195556640625,6.58646297454834,0.0,0.0,0.0,0.0,0.48118748860557553,-0.0,0.0,5.073785727364676,4.002357155936105,0.31210699677467346,0.0,0.0,0.0,5.346527226269245,0.04801546782255173,0.0,0.0,0.0,0.0,0.0,0.04801546782255173,1883.0,-4.599999904632568,-0.04801546782255173,0.03512740135192871,0.9895399808883667,0.9995985627174377
23.89855194091797,179.93385314941406,6.586265563964844,0.0,0.0,0.0,0.0,0.5604689906381402,-0.0,0.0,5.135285731724331,4.063857160295759,0.30158498883247375,0.0,0.0,0.8216752409934998,6.227432734400771,0.13563787937164307,0.0,0.0,0.0,0.0,0.13563787937164307,0.0,1884.0,0.8216752409934998,0.13563787937164307,0.7407910823822021,0.9992595911026001,0.9999910593032837
23.99628257751465,179.2626190185547,7.407718658447266,0.0,0.0,0.0,0.0,0.46675476603333904,-0.0,0.0,5.185857173374721,4.11442860194615,0.31174200773239136,0.0,0.0,2.227203845977783,5.186163654877836,0.13818715512752533,0.0,0.0,0.0,0.0,0.0,0.13818715512752533,1885.0,2.227203845977783,-0.13818715512752533,0.9634892344474792,0.9999037981033325,0.9999991655349731
23.989532470703125,179.99794006347656,9.634634017944336,0.0,0.0,0.0,0.0,0.6352344508829765,-0.0,0.0,5.216142872401646,4.1447143009730745,0.32358500361442566,0.0,0.0,0.08901163190603256,7.058160004434234,0.021976519376039505,0.0,0.0,0.0,0.0,0.021976519376039505,0.0,1886.0,0.08901163190603256,0.021976519376039505,0.9723615646362305,0.9999985098838806,0.9999997615814209
23.999977111816406,179.3267059326172,9.72335433959961,0.0,0.0,0.0,0.0,0.5623509832551733,-0.0,0.0,5.238857078552246,4.167428507123675,0.3094879984855652,0.0,0.0,0.051517922431230545,6.248343761817058,0.01679876074194908,0.0,0.0,0.0,0.0,0.0,0.01679876074194908,1887.0,0.051517922431230545,-0.01679876074194908,0.9774842262268066,0.9999998807907104,1.0
23.993227005004883,179.99807739257812,9.774579048156738,0.0,0.0,0.0,0.0,0.43823189222792713,-0.0,0.0,5.250857162475586,4.179428591047015,0.3196069896221161,0.0,0.0,0.0,4.869242860004306,0.017150210216641426,0.0,0.0,0.0,0.0,0.017150210216641426,0.0,1888.0,-4.599999904632568,0.017150210216641426,0.9648110866546631,1.0,1.0
23.999984741210938,179.32684326171875,9.774286270141602,0.0,0.0,0.0,0.0,0.26935839091596514,-0.0,0.0,5.242999976021903,4.171571404593331,0.3094800114631653,0.0,0.0,0.020647484809160233,2.9928707723253867,0.016780361533164978,0.0,0.0,0.0,0.0,0.0,0.016780361533164978,1889.0,0.020647484809160233,-0.016780361533164978,0.9794903993606567,1.0,1.0
23.993234634399414,179.99807739257812,9.79464054107666,0.0,0.0,0.0,0.0,0.10514572556864869,-0.0,0.0,5.215642874581473,4.144214303152902,0.39779698848724365,0.0,0.0,0.1948837786912918,1.168285746804641,0.017256248742341995,0.0,0.0,0.0,0.0,0.017256248742341995,0.0,1890.0,0.1948837786912918,0.017256248742341995,0.998949408531189,0.9999998807907104,1.0
23.999984741210938,171.0228271484375,9.989224433898926,0.0,0.0,0.0,0.0,1.4291399648545866e-7,-0.0,0.0,5.1510714939662385,4.079642922537667,0.4963169991970062,0.0,0.0,0.010032135993242264,1.5879331680852815e-6,0.12329450994729996,0.0,0.0,0.0,0.0,0.0,0.12329450994729996,1891.0,0.010032135993242264,-0.12329450994729996,0.9999226927757263,0.9999993443489075,1.0
23.993234634399414,179.99807739257812,9.998956680297852,0.0,0.0,0.0,0.0,0.0,-0.0,0.0,5.015571403503418,3.9441428320748466,0.00570000009611249,0.44613200426101685,0.0,0.0,0.0,0.0,0.0,0.0,0.017592204734683037,0.0,0.017592204734683037,0.0,1892.0,-4.599999904632568,0.017592204734683037,0.9996386170387268,0.9999469518661499,1.0
23.999719619750977,179.32684326171875,9.525483131408691,0.0,0.0,0.0,0.0,0.0,-0.0,0.0,4.949857112339565,3.8784285409109933,0.0,0.38568899035453796,0.0,0.0,0.0,0.0,0.0,0.0,0.018048670072631844,0.0,0.0,0.018048670072631844,1893.0,-4.599999904632568,-0.018048670142889023,0.996252179145813,0.9979919195175171,1.0
23.992969512939453,179.99807739257812,9.113232612609863,0.0,0.0,0.0,0.0,0.0,-0.0,0.0,4.92999997820173,3.8585714067731587,0.0,0.3717319965362549,0.0,0.0,0.0,0.0,0.0,0.0,0.0,0.0,0.0,0.0,1894.0,-4.599999904632568,-0.00907077919691801,0.9548450112342834,0.9195114970207214,1.0
23.98621940612793,179.32684326171875,8.733652114868164,0.0,0.0,0.0,0.0,0.0,-0.0,0.0,4.919857106889997,3.8484285354614256,0.0,0.3732230067253113,0.0,0.0,0.0,0.0,0.0,0.0,0.01818709261715412,0.0,0.0,0.01818709261715412,1895.0,-4.599999904632568,-0.01818709261715412,0.7046335935592651,0.2733597457408905,0.999998927116394
23.979469299316406,179.99790954589844,8.334004402160645,0.0,0.0,0.0,0.0,0.0,-0.0,0.0,4.912214224679129,3.840785653250558,0.0,0.30289798974990845,0.0,0.0,0.0,0.0,0.0,0.0,0.0,0.0,0.0,0.0,1896.0,-4.599999904632568,-0.009096626192331314,0.11839061975479126,0.07788071036338806,0.9999915361404419
23.972719192504883,179.32667541503906,8.024683952331543,0.0,0.0,0.0,0.0,0.0,-0.0,0.0,4.9010714939662385,3.8296429225376674,0.0,0.22134600579738617,0.0,0.0,0.0,0.0,0.0,0.0,0.15432307124137878,0.0,0.0,0.15432307124137878,1897.0,-4.599999904632568,-0.15432307124137878,0.06027361750602722,0.21243447065353394,0.9999295473098755
23.96596908569336,179.98680114746094,7.641119003295898,0.0,0.0,0.0,0.0,0.0,-0.0,0.0,4.886785725184849,3.8153571537562776,0.0,0.18902599811553955,0.0,0.0,0.0,0.0,0.0,0.0,0.0,0.0,0.0,0.0,1898.0,-4.599999904632568,0.0,0.0045957863330841064,0.14716768264770508,0.9998921155929565
23.959218978881836,179.31556701660156,7.448011875152588,0.0,0.0,0.0,0.0,0.0,-0.0,0.0,4.8749999455043245,3.8035713740757533,0.0,0.17225700616836548,0.0,0.0,0.0,0.0,0.0,0.0,0.017601247876882553,0.0,0.0,0.017601247876882553,1899.0,-4.599999904632568,-0.017601247876882553,0.0017382502555847168,0.48622167110443115,0.9995635747909546
23.952468872070312,179.92825317382812,7.254061698913574,0.0,0.0,0.0,0.0,0.0,-0.0,0.0,4.853357124328613,3.781928552900042,0.0,0.15967600047588348,0.0,0.0,0.0,0.0,0.0,0.0,0.0,0.0,0.0,0.0,1900.0,-4.599999904632568,0.0,0.0008933544158935547,0.8004536032676697,0.9988405704498291
23.94571876525879,179.25701904296875,7.090914249420166,0.0,0.0,0.0,0.0,0.0,-0.0,0.0,4.817857142857143,3.7464285714285714,0.0,0.15532000362873077,0.0,0.0,0.0,0.0,0.0,0.0,0.012329324148595333,0.0,0.0,0.012329324148595333,1901.0,-4.599999904632568,-0.012329324148595333,0.0010661482810974121,0.7828728556632996,0.9967097043991089
23.938968658447266,179.4716339111328,6.919636249542236,0.0,0.0,0.0,0.0,0.0,-0.0,0.0,4.790642888205392,3.7192142486572264,0.0,0.16155500710010529,0.0,0.0,0.0,0.0,0.0,0.0,0.0,0.0,0.0,0.0,1902.0,-4.599999904632568,0.0,0.0043866634368896484,0.7367033958435059,0.990026593208313
23.932218551635742,178.80039978027344,6.754581451416016,0.0,0.0,0.0,0.0,0.0,-0.0,0.0,4.784714303697858,3.713285664149693,0.0921500027179718,0.09237000346183777,0.0,0.0,0.0,0.0,0.0,0.0,0.0,0.0,0.0,0.0,1903.0,-4.599999904632568,0.0,0.026872754096984863,0.6189008355140686,0.9329237341880798
23.92546844482422,178.12916564941406,6.660126686096191,0.0,0.0,0.0,0.0,0.07746373672991849,-0.0,0.0,4.863499995640346,3.7920714242117746,0.2745420038700104,0.0,0.0,0.0,0.8607081174850464,0.0,0.0,0.0,0.0,0.0,0.0,0.0,1904.0,-4.599999904632568,0.0,0.5599660873413086,0.0878114104270935,0.3264808654785156
23.918718338012695,177.4579315185547,6.659926891326904,0.0,0.0,0.0,0.0,0.16977502503196518,-0.0,0.0,4.941142845153808,3.8697142737252372,0.3090609908103943,0.0,0.0,0.0,1.8863890171051025,0.0,0.0,0.0,0.0,0.0,0.0,0.0,1905.0,-4.599999904632568,0.0,0.41975274682044983,0.09229341149330139,0.3109603524208069
23.911968231201172,176.7866973876953,6.659727096557617,0.0,0.0,0.0,0.0,0.2068135449738131,-0.0,0.0,5.043428639003208,3.972000067574637,0.3126719892024994,0.0,0.0,0.0,2.2979280948638916,0.0,0.0,0.0,0.0,0.0,0.0,0.0,1906.0,-4.599999904632568,0.0,0.04743555188179016,0.5041215419769287,0.8348201513290405
23.90521812438965,176.11546325683594,6.65952730178833,0.0,0.0,0.0,0.0,0.2534106116968867,-0.0,0.0,5.177499989100864,4.106071417672293,0.31210699677467346,0.0,0.0,0.0,2.815673239529133,0.04426967352628708,0.0,0.0,0.0,0.0,0.0,0.04426967352628708,1907.0,-4.599999904632568,-0.04426967352628708,0.005738019943237305,0.9571696519851685,0.9933264255523682
23.898468017578125,178.9302978515625,6.659327507019043,0.0,0.0,0.0,0.0,0.23512039697133563,-0.0,0.0,5.252642849513462,4.181214278084891,0.30158498883247375,0.0,0.0,0.0,2.6124486476182938,0.12216643989086151,0.0,0.0,0.0,0.0,0.12216643989086151,0.0,1908.0,-4.599999904632568,0.12216643989086151,0.0022405683994293213,0.9975976943969727,0.9996212720870972
23.987972259521484,178.25906372070312,6.659127712249756,0.0,0.0,0.0,0.0,0.17837426962449224,-0.0,0.0,5.280071476527622,4.208642905099051,0.6967030167579651,0.0,0.0,0.0,1.9819361716508865,0.16281084716320038,0.0,0.0,0.0,0.0,0.0,0.16281084716320038,1909.0,-4.599999904632568,-0.16281084716320038,0.0049356818199157715,0.9998850226402283,0.9999841451644897
23.98122215270996,179.99554443359375,6.658927917480469,0.0,0.0,0.0,0.0,0.15330107767292409,-0.0,0.0,5.284714235578265,4.2132856641496925,0.4058449864387512,0.0,0.0,0.0,1.7033451721072197,0.03210986405611038,0.0,0.0,0.0,0.0,0.03210986405611038,0.0,1910.0,-4.599999904632568,0.03210986405611038,0.009654819965362549,0.9999882578849792,0.999998927116394
23.99992561340332,172.28041076660156,6.658728122711182,0.0,0.0,0.0,0.0,0.10608491414466761,-0.0,0.0,5.277785655430385,4.206357084001814,0.3094879984855652,0.0,0.0,0.0,1.1787211745977402,0.10399080812931061,0.0,0.0,0.0,0.0,0.0,0.10399080812931061,1911.0,-4.599999904632568,-0.10399080812931061,0.0705539882183075,0.9999982118606567,0.9999999403953552
23.993175506591797,179.99806213378906,6.6585283279418945,0.0,0.0,0.0,0.0,0.08451769420148446,-0.0,0.0,5.267857088361468,4.196428516932896,0.3196069896221161,0.0,0.0,0.0,0.9390854164958,0.017157621681690216,0.0,0.0,0.0,0.0,0.017157621681690216,0.0,1912.0,-4.599999904632568,0.017157621681690216,0.5196881294250488,0.9999995231628418,1.0
23.999982833862305,179.3268280029297,6.658328533172607,0.0,0.0,0.0,0.0,-0.07279550699383348,-0.0,0.0,5.252357155936105,4.180928584507534,0.882532000541687,0.0,0.0,0.0,0.0,0.003818035125732422,0.24265168033733348,0.0,0.0,0.0,0.0,0.2464697154630659,1913.0,0.05046802759170532,-0.24646972119808197,0.9664022922515869,0.9999966025352478,1.0
23.99323272705078,179.99807739257812,6.65812873840332,0.0,0.0,0.0,0.0,0.0,-0.0,0.0,5.223571450369699,4.152142878941127,0.37903499603271484,0.0,0.0,0.060421320556367064,0.0,0.01721058413386345,0.0,0.0,0.0,0.0,0.01721058413386345,0.0,1914.0,0.10296499729156494,0.01721058413386345,0.9965227842330933,0.9999966025352478,1.0
23.999967575073242,179.32684326171875,6.718348503112793,0.0,0.0,0.0,0.0,0.0,-0.0,0.0,5.177857208251953,4.106428636823382,0.1292000114917755,0.3671169877052307,0.0,0.0,0.0,0.0,0.0,0.0,0.017046558780413102,0.0,0.0,0.017046558780413102,1915.0,-4.599999904632568,-0.01704655960202217,0.9937258958816528,0.9999310970306396,1.0
23.99321746826172,179.99807739257812,6.326155185699463,0.0,0.0,0.0,0.0,0.0,-0.0,0.0,5.13335712977818,4.061928558349609,0.0,0.45183199644088745,0.0,0.0,0.0,0.0,0.0,0.0,0.0,0.0,0.0,0.0,1916.0,-4.599999904632568,-0.008614699356257915,0.9478171467781067,0.995631217956543,0.9999990463256836
23.986467361450195,179.32684326171875,5.864926338195801,0.0,0.0,0.0,0.0,0.0,-0.0,0.0,5.11485721043178,4.043428639003208,0.0,0.38568899035453796,0.0,0.0,0.0,0.0,0.0,0.0,0.12921857833862305,0.0,0.0,0.12921857833862305,1917.0,-4.599999904632568,-0.12921857833862305,0.7101104259490967,0.8736923336982727,0.9999469518661499
23.979717254638672,179.98959350585938,5.33935022354126,0.0,0.0,0.0,0.0,0.0,-0.0,0.0,5.098357146126883,4.026928574698312,0.0,0.3717319965362549,0.0,0.0,0.0,0.0,0.0,0.0,0.0,0.0,0.0,0.0,1918.0,-4.599999904632568,0.0,0.08090096712112427,0.260098934173584,0.9959568381309509
23.97296714782715,179.318359375,4.959883213043213,0.0,0.0,0.0,0.0,0.0,-0.0,0.0,5.068071447099958,3.9966428756713865,0.0,0.3732230067253113,0.0,0.0,0.0,0.0,0.0,0.0,0.0,0.0,0.0,0.0,1919.0,-4.599999904632568,0.0,0.014313668012619019,0.08614015579223633,0.8577077388763428
23.966217041015625,178.64712524414062,4.578906059265137,0.0,0.0,0.0,0.0,0.0,-0.0,0.0,5.028714261736188,3.957285690307617,0.0,0.30289798974990845,0.0,0.0,0.0,0.0,0.0,0.0,0.0,0.0,0.0,0.0,1920.0,-4.578768730163574,0.0,0.0021235644817352295,0.07276535034179688,0.34736526012420654
23.9594669342041,177.97589111328125,4.269698619842529,0.0,0.0,0.0,0.0,0.0,-0.0,0.0,4.991714286804199,3.920285715375628,0.0,0.22134600579738617,0.0,0.0,0.0,0.0,0.0,0.0,0.0,0.0,0.0,0.0,1921.0,-4.269570827484131,0.0,0.00025090575218200684,0.10515618324279785,0.17008250951766968
23.952716827392578,177.30465698242188,4.0437140464782715,0.0,0.0,0.0,0.0,0.0,-0.0,0.0,4.963642883300781,3.89221431187221,0.0,0.18902599811553955,0.0,0.0,0.0,0.0,0.0,0.0,0.0,0.0,0.0,0.0,1922.0,-4.043592929840088,0.0,0.00015798211097717285,0.10007616877555847,0.12856042385101318
23.945966720581055,176.6334228515625,3.850714921951294,0.0,0.0,0.0,0.0,0.0,-0.0,0.0,4.9431428364345,3.871714265005929,0.0,0.17225700616836548,0.0,0.0,0.0,0.0,0.0,0.0,0.0,0.0,0.0,0.0,1923.0,-3.850599527359009,0.0,8.469820022583008e-5,0.21365302801132202,0.1414787769317627
23.93921661376953,175.96218872070312,3.674832344055176,0.0,0.0,0.0,0.0,0.0,-0.0,0.0,4.930857195172991,3.8594286237444195,0.0,0.15967600047588348,0.0,0.0,0.0,0.0,0.0,0.0,0.0,0.0,0.0,0.0,1924.0,-3.674722194671631,0.0,8.791685104370117e-5,0.4219377338886261,0.41475629806518555
23.932466506958008,175.29095458984375,3.5117924213409424,0.0,0.0,0.0,0.0,0.0,-0.0,0.0,4.924500002179827,3.8530714307512555,0.0,0.15532000362873077,0.0,0.0,0.0,0.0,0.0,0.0,0.0,0.0,0.0,0.0,1925.0,-3.5116870403289795,0.0,0.00017002224922180176,0.5180115699768066,0.8030663728713989
23.925716400146484,174.61972045898438,3.3532021045684814,0.0,0.0,0.0,0.0,0.0,-0.0,0.0,4.912857137407575,3.8414285659790037,0.0,0.16155500710010529,0.0,0.0,0.0,0.0,0.0,0.0,0.0,0.0,0.0,0.0,1926.0,-3.3531014919281006,0.0,0.000502854585647583,0.4611162543296814,0.9202916622161865
23.91896629333496,173.948486328125,3.1882543563842773,0.0,0.0,0.0,0.0,0.0,-0.0,0.0,4.911142839704241,3.8397142682756695,0.004749999847263098,0.17977000772953033,0.0,0.0,0.0,0.0,0.0,0.0,0.0,0.0,0.0,0.0,1927.0,-3.1881587505340576,0.0,0.0035701394081115723,0.2805701792240143,0.9136179685592651
23.912216186523438,173.27725219726562,3.004725456237793,0.0,0.0,0.0,0.0,0.0,-0.0,0.0,4.925214304242815,3.8537857328142437,0.17954999208450317,0.0949920117855072,0.0,0.0,0.0,0.0,0.0,0.0,0.0,0.0,0.0,0.0,1928.0,-3.0046353340148926,0.0,0.6190104484558105,0.13311010599136353,0.5838882327079773
23.905466079711914,133.8369140625,2.907707691192627,0.0,0.0,0.0,0.0,0.0,-0.0,0.0,4.953071403503418,3.8816428320748466,0.3090609908103943,0.0,0.0,0.20079122338083266,0.0,0.0,0.0,0.0,0.0,0.0,0.0,0.0,1929.0,0.23193901777267456,0.0,0.6389084458351135,0.023683637380599976,0.24348172545433044
23.89871597290039,133.16567993164062,3.108405828475952,0.0,0.0,0.0,0.0,0.11866302837236892,-0.0,0.0,5.011500031607492,3.9400714601789204,0.3126719892024994,0.0,0.0,0.0,1.318477988243103,0.0,0.0,0.0,0.0,0.0,0.0,0.0,1930.0,-3.1083126068115234,0.0,0.25217700004577637,0.049773722887039185,0.5107008814811707
23.891965866088867,132.49444580078125,3.1083126068115234,0.0,0.0,0.0,0.0,0.13442918296092152,-0.0,0.0,5.0870713642665315,4.01564279283796,0.31210699677467346,0.0,0.0,0.0,1.4936574697494507,0.691785454750061,0.0,0.0,0.0,0.0,0.0,0.691785454750061,1931.0,-3.1082193851470947,-0.691785454750061,0.01671585440635681,0.565356433391571,0.9767205715179443
23.885215759277344,176.27337646484375,3.1082193851470947,0.0,0.0,0.0,0.0,0.2399405036446841,-0.0,0.0,5.15764285496303,4.086214283534458,0.3287909924983978,0.0,0.0,0.0,2.6660053841769695,0.055653560906648636,0.0,0.0,0.0,0.0,0.0,0.055653560906648636,1932.0,-3.108126163482666,-0.055653560906648636,0.0027293264865875244,0.9871456027030945,0.9997836351394653
23.87846565246582,179.9634552001953,3.108126163482666,0.0,0.0,0.0,0.0,0.26523605308819115,-0.0,0.0,5.227928515842983,4.156499944414412,0.31174200773239136,0.0,0.0,0.0,2.9470670223236084,0.15929102897644043,0.0,0.0,0.0,0.0,0.15929102897644043,0.0,1933.0,-3.1080329418182373,0.15929102897644043,0.004657536745071411,0.9993289709091187,0.9999927282333374
23.99662971496582,179.29222106933594,3.1080329418182373,0.0,0.0,0.0,0.0,0.3467481256548051,-0.0,0.0,5.305642890930176,4.234214319501604,0.32358500361442566,0.0,0.0,0.0,3.8527566455304623,0.016958091408014297,0.0,0.0,0.0,0.0,0.0,0.016958091408014297,1934.0,-3.1079397201538086,-0.016958091408014297,0.06179460883140564,0.9999523162841797,0.9999997615814209
23.989879608154297,179.998046875,3.1079397201538086,0.0,0.0,0.0,0.0,0.3120125738578582,-0.0,0.0,5.361714308602469,4.290285737173898,0.3094879984855652,0.0,0.0,0.0,3.466806100681424,0.02085573785007,0.0,0.0,0.0,0.0,0.02085573785007,0.0,1935.0,-3.10784649848938,0.02085573785007,0.2642021179199219,0.9999837279319763,0.9999999403953552
23.999902725219727,168.35153198242188,3.10784649848938,0.006652725860476494,0.0,0.0,0.0,-0.006652725860476494,-0.006652725860476494,0.0,5.395142909458706,4.323714338030134,0.3196069896221161,0.0,0.0,2.5343710542355673,0.0,0.14854988191151394,0.0,0.0,0.0,0.0,0.0,0.14854988191151394,1936.0,2.895392894744873,-0.148549884557724,0.6894066333770752,0.9999903440475464,1.0
24.00665283203125,179.99807739257812,5.642048358917236,0.013402832671999931,0.0,0.0,0.0,-0.013402832671999931,-0.013402832671999931,0.0,5.392500005449567,4.321071434020996,0.3094800114631653,0.0,0.0,1.908765686945344,0.0,0.0,0.0,0.0,0.0,0.0,0.0,0.0,1937.0,2.0665199756622314,-0.008099900558590889,0.9469162225723267,0.9999990463256836,1.0
24.013402938842773,179.32684326171875,7.5505876541137695,0.006652938202023506,0.0,0.0,0.0,-0.006652938202023506,-0.006652938202023506,0.0,5.344571467808315,4.273142896379744,0.37903499603271484,0.0,0.0,0.733260125054362,0.0,0.1324403418088342,0.0,0.0,0.0,0.0,0.0,0.1324403418088342,1938.0,0.9469649791717529,-0.13244034349918365,0.9981555938720703,0.9999992847442627,1.0
24.00665283203125,179.99807739257812,8.283599853515625,0.0,0.0,0.0,0.0,0.0,-0.0,0.0,5.2662143162318635,4.194785744803292,0.37049996852874756,0.12581703066825867,0.0,0.0,0.0,0.0,0.0,0.0,0.0,0.0,0.0,0.0,1939.0,-4.599999904632568,-0.008343751542270184,0.9995280504226685,0.9999935626983643,1.0
23.999902725219727,179.32684326171875,8.154970169067383,0.0,0.0,0.0,0.0,0.0,-0.0,0.0,5.177499989100864,4.106071417672293,0.0,0.45183199644088745,0.0,0.0,0.0,0.0,0.0,0.0,0.017048041793404623,0.0,0.0,0.017048041793404623,1940.0,-4.599999904632568,-0.01704804226756096,0.9966131448745728,0.9995393753051758,1.0
23.993152618408203,179.99807739257812,7.676290988922119,0.0,0.0,0.0,0.0,0.0,-0.0,0.0,5.135428510393415,4.063999938964844,0.0,0.38568899035453796,0.0,0.0,0.0,0.0,0.0,0.0,0.0,0.0,0.0,0.0,1941.0,-4.599999904632568,-0.008612070232629776,0.9495693445205688,0.9767997860908508,0.9999998807907104
23.98640251159668,179.32684326171875,7.282512664794922,0.0,0.0,0.0,0.0,0.0,-0.0,0.0,5.107785715375628,4.036357143947056,0.0,0.3717319965362549,0.0,0.0,0.0,0.0,0.0,0.0,0.01733105443418026,0.0,0.0,0.01733105443418026,1942.0,-4.599999904632568,-0.01733105443418026,0.6160708069801331,0.48298656940460205,0.9999944567680359
23.979652404785156,179.9971923828125,6.885303020477295,0.0,0.0,0.0,0.0,0.0,-0.0,0.0,5.091571480887277,4.020142909458706,0.0,0.3790470063686371,0.0,0.0,0.0,0.0,0.0,0.0,0.0,0.0,0.0,0.0,1943.0,-4.599999904632568,0.0,0.1374388337135315,0.07055860757827759,0.9996826648712158
23.972902297973633,179.32595825195312,6.498325347900391,0.0,0.0,0.0,0.0,0.0,-0.0,0.0,5.074642808096749,4.003214236668178,0.0,0.30289798974990845,0.0,0.0,0.0,0.0,0.0,0.0,0.011038007214665413,0.0,0.0,0.011038007214665413,1944.0,-4.599999904632568,-0.011038007214665413,0.011987686157226562,0.06304582953453064,0.9969004392623901
23.96615219116211,179.5021514892578,6.177797317504883,0.0,0.0,0.0,0.0,0.0,-0.0,0.0,5.052999986921038,3.9815714154924664,0.0,0.22134600579738617,0.0,0.0,0.0,0.0,0.0,0.0,0.0,0.0,0.0,0.0,1945.0,-4.599999904632568,0.0,0.0012149214744567871,0.14309009909629822,0.9884976744651794
23.959402084350586,178.83091735839844,5.951755523681641,0.0,0.0,0.0,0.0,0.0,-0.0,0.0,5.0295714787074495,3.9581429072788783,0.0,0.18902599811553955,0.0,0.0,0.0,0.0,0.0,0.0,0.0,0.0,0.0,0.0,1946.0,-4.599999904632568,0.0,0.0006940364837646484,0.14139682054519653,0.9840220808982849
23.952651977539062,178.15968322753906,5.758699417114258,0.0,0.0,0.0,0.0,0.0,-0.0,0.0,5.010571425301688,3.9391428538731166,0.0,0.17225700616836548,0.0,0.0,0.0,0.0,0.0,0.0,0.0,0.0,0.0,0.0,1947.0,-4.599999904632568,0.0,0.00022873282432556152,0.454272598028183,0.9540320634841919
23.94590187072754,177.4884490966797,5.582759380340576,0.0,0.0,0.0,0.0,0.0,-0.0,0.0,4.995928573608398,3.924500002179827,0.0,0.15967600047588348,0.0,0.0,0.0,0.0,0.0,0.0,0.0,0.0,0.0,0.0,1948.0,-4.599999904632568,0.0,0.00020545721054077148,0.7738685607910156,0.9590895771980286
23.939151763916016,176.8172149658203,5.419661998748779,0.0,0.0,0.0,0.0,0.0,-0.0,0.0,4.9867856979370115,3.9153571265084404,0.0,0.15532000362873077,0.0,0.0,0.0,0.0,0.0,0.0,0.0,0.0,0.0,0.0,1949.0,-4.599999904632568,0.0,0.0004107654094696045,0.7821495532989502,0.9674511551856995
23.932401657104492,176.14598083496094,5.261014461517334,0.0,0.0,0.0,0.0,0.0,-0.0,0.0,4.981857109069824,3.910428537641253,0.0,0.16155500710010529,0.0,0.0,0.0,0.0,0.0,0.0,0.0,0.0,0.0,0.0,1950.0,-4.599999904632568,0.0,0.001915961503982544,0.7199815511703491,0.9695187211036682
23.92565155029297,175.47474670410156,5.096009731292725,0.0,0.0,0.0,0.0,0.0,-0.0,0.0,4.991785676138742,3.9203571047101704,0.05130000039935112,0.13322000205516815,0.0,0.0,0.0,0.0,0.0,0.0,0.0,0.0,0.0,0.0,1951.0,-4.599999904632568,0.0,0.0283392071723938,0.5496816635131836,0.923980176448822
23.918901443481445,167.28158569335938,4.9599223136901855,0.0,0.0,0.0,0.0,0.0566872260321953,-0.0,0.0,5.059642873491559,3.988214302062988,0.2745420038700104,0.0,0.0,0.0,0.6298580169677734,0.0,0.0,0.0,0.0,0.0,0.0,0.0,1952.0,-4.599999904632568,0.0,0.44932836294174194,0.05986925959587097,0.34476590156555176
23.912151336669922,166.6103515625,4.959773540496826,0.0,0.0,0.0,0.0,0.17310950462893598,-0.0,0.0,5.102142824445452,4.03071425301688,0.3090609908103943,0.0,0.0,0.0,1.9234387874603271,0.0,0.0,0.0,0.0,0.0,0.0,0.0,1953.0,-4.599999904632568,0.0,0.43347829580307007,0.05468332767486572,0.4210074841976166
23.9054012298584,158.3558349609375,4.959624767303467,0.0,0.0,0.0,0.0,0.2996764269214002,-0.0,0.0,5.159142848423549,4.087714276994978,0.3126719892024994,0.0,0.0,0.0,3.329737812280655,0.23169025778770447,0.0,0.0,0.0,0.0,0.0,0.23169025778770447,1954.0,-4.599999904632568,-0.23169025778770447,0.01804816722869873,0.5325827598571777,0.9740605354309082
23.898651123046875,175.84776306152344,4.959475994110107,0.0,0.0,0.0,0.0,0.487975138575344,-0.0,0.0,5.234142793927874,4.162714222499302,0.31210699677467346,0.0,0.0,0.0,5.421945553272963,0.05999710038304329,0.0,0.0,0.0,0.0,0.0,0.05999710038304329,1955.0,-4.599999904632568,-0.05999710038304329,0.027980417013168335,0.9812029600143433,0.9998010396957397
23.89190101623535,179.96624755859375,4.959327220916748,0.0,0.0,0.0,0.0,0.57877869437366,-0.0,0.0,5.3041428974696565,4.232714326041085,0.30158498883247375,0.0,0.0,0.0,6.430873870849609,0.13509082794189453,0.0,0.0,0.0,0.0,0.13509082794189453,0.0,1956.0,-4.599999904632568,0.13509082794189453,0.33328256011009216,0.9985295534133911,0.9999929666519165
23.992631912231445,179.29501342773438,4.959178447723389,0.0,0.0,0.0,0.0,0.29838445858711715,-0.0,0.0,5.3615000043596535,4.290071432931082,0.31174200773239136,0.0,0.0,3.688055992126465,3.3153826097072483,0.016702985391020775,0.0,0.0,0.0,0.0,0.0,0.016702985391020775,1957.0,3.688055992126465,-0.016702985391020775,0.8647204637527466,0.999879002571106,0.9999996423721313
23.985881805419922,179.99801635742188,8.64697551727295,0.0,0.0,0.0,0.0,0.5471541735202037,-0.0,0.0,5.41000006539481,4.3385714939662385,0.32358500361442566,0.0,0.0,1.130159854888916,6.0794903337366595,0.0,0.0,0.0,0.0,0.0,0.0,0.0,1958.0,1.130159854888916,0.009028331376612186,0.9777105450630188,0.9999945163726807,0.9999998807907104
23.992631912231445,170.17013549804688,9.77684211730957,0.0,0.0,0.0,0.0,0.5121524505161017,-0.0,0.0,5.44542852129255,4.373999949863979,0.3094879984855652,0.0,0.0,0.15413613617420197,5.690582331265381,0.7567477738161335,0.0,0.0,0.0,0.0,0.0,0.7567477738161335,1959.0,0.15413613617420197,-0.7567477822303772,0.9930948615074158,0.9999798536300659,1.0
23.99938201904297,179.9980926513672,9.930680274963379,0.006132019683718681,0.0,0.0,0.0,0.48810691596479466,-0.006132019683718681,0.0,5.4651428767613,4.393714305332729,0.3196069896221161,0.0,0.0,0.0,5.491543292999268,0.0,0.0,0.0,0.0,0.0,0.0,0.0,1960.0,-4.599999904632568,-0.007498455233871937,0.9923038482666016,0.9999998807907104,1.0
24.006132125854492,165.3028564453125,9.93038272857666,0.012882126495242119,0.0,0.0,0.0,0.21007704637878621,-0.012882126495242119,0.0,5.453857094900949,4.382428523472377,1.1603120565414429,0.0,0.0,0.0622992105782032,2.477323946164737,0.4483932852745056,0.0,0.0,0.0,0.0,0.0,0.4483932852745056,1961.0,0.0622992105782032,-0.4483932852745056,0.999265193939209,0.9999995231628418,1.0
24.012882232666016,179.99807739257812,9.992382049560547,0.019632233306765556,0.0,0.0,0.0,0.1420745668923291,-0.019632233306765556,0.0,5.41000006539481,4.3385714939662385,0.4519079923629761,0.0,0.0,0.0,1.7967420816421509,0.0,0.0,0.0,0.0,0.0,0.0,0.0,1962.0,-4.599999904632568,-0.008067228831350803,0.9989352226257324,0.9999999403953552,1.0
24.01963233947754,179.32684326171875,9.992082595825195,0.012882338836789131,0.0,0.0,0.0,-0.010731735431106625,-0.012882338836789131,0.0,5.329428618294852,4.258000046866281,0.4963169991970062,0.0,0.0,0.0,0.023895591497421265,0.11248743534088135,0.0,0.0,0.0,0.0,0.0,0.11248743534088135,1963.0,0.007141549605876207,-0.11248743534088135,0.9999194145202637,0.9999991655349731,1.0
24.012882232666016,179.99807739257812,9.991783142089844,0.006132232025265694,0.0,0.0,0.0,-0.006132232025265694,-0.006132232025265694,0.0,5.2151428767613,4.143714305332729,0.0,0.45183199644088745,0.0,0.0,0.0,0.0,0.0,0.0,0.0,0.0,0.0,0.0,1964.0,-4.599999904632568,-0.008446588180959225,0.9997152090072632,0.9999301433563232,1.0
24.006132125854492,179.32684326171875,9.530444145202637,0.0,0.0,0.0,0.0,0.0,-0.0,0.0,5.135357121058872,4.063928549630301,0.0,0.926796019077301,0.0,0.0,0.0,0.0,0.0,0.0,0.39132222533226013,0.0,0.0,0.39132222533226013,1965.0,-4.599999904632568,-0.39132222533226013,0.9997555017471313,0.9993058443069458,0.9999999403953552
23.99938201904297,179.99806213378906,8.185179710388184,0.0,0.0,0.0,0.0,0.0,-0.0,0.0,5.0773571014404295,4.005928530011858,0.0,0.3717319965362549,0.0,0.0,0.0,0.0,0.0,0.0,0.0,0.0,0.0,0.0,1966.0,-4.599999904632568,-0.008736715652048588,0.8517270088195801,0.7561198472976685,0.9999997019767761
23.992631912231445,179.3268280029297,7.805627346038818,0.0,0.0,0.0,0.0,0.0,-0.0,0.0,5.05271429334368,3.9812857219151088,0.0,0.3732230067253113,0.0,0.0,0.0,0.0,0.0,0.0,0.14855466783046722,0.0,0.0,0.14855466783046722,1967.0,-4.599999904632568,-0.14855466783046722,0.7236517667770386,0.1357109546661377,0.9999760389328003
23.985881805419922,179.99424743652344,7.272983074188232,0.0,0.0,0.0,0.0,0.0,-0.0,0.0,5.039857128688267,3.9684285572596956,0.0,0.30289798974990845,0.0,0.0,0.0,0.0,0.0,0.0,0.0,0.0,0.0,0.0,1968.0,-4.599999904632568,0.0,0.02972334623336792,0.05495235323905945,0.9997891187667847
23.9791316986084,179.32301330566406,6.9636945724487305,0.0,0.0,0.0,0.0,0.0,-0.0,0.0,5.027714266095843,3.956285694667271,0.0,0.22134600579738617,0.0,0.0,0.0,0.0,0.0,0.0,0.01570894941687584,0.0,0.0,0.01570894941687584,1969.0,-4.599999904632568,-0.01570894941687584,0.002777397632598877,0.14247971773147583,0.9990350008010864
23.972381591796875,179.8436737060547,6.72160005569458,0.0,0.0,0.0,0.0,0.0,-0.0,0.0,5.019357081821987,3.947928510393415,0.0,0.18902599811553955,0.0,0.0,0.0,0.0,0.0,0.0,0.0,0.0,0.0,0.0,1970.0,-4.599999904632568,0.0,0.0015236139297485352,0.1407085657119751,0.9986142516136169
23.96563148498535,179.1724395751953,6.528520584106445,0.0,0.0,0.0,0.0,0.0,-0.0,0.0,5.01335710797991,3.9419285365513392,0.0,0.17225700616836548,0.0,0.0,0.0,0.0,0.0,0.0,0.0,0.0,0.0,0.0,1971.0,-4.599999904632568,-0.009165780618786812,0.000504910945892334,0.4781609773635864,0.9949753284454346
23.958881378173828,178.50120544433594,6.35255765914917,0.0,0.0,0.0,0.0,0.0,-0.0,0.0,5.0098571232386995,3.9384285518101283,0.0,0.15967600047588348,0.0,0.0,0.0,0.0,0.0,0.0,0.011141194961965084,0.0,0.0,0.011141194961965084,1972.0,-4.599999904632568,-0.011141194961965084,0.00039714574813842773,0.8166812062263489,0.9917087554931641
23.952131271362305,178.67147827148438,6.178069114685059,0.0,0.0,0.0,0.0,0.0,-0.0,0.0,5.009571429661342,3.9381428582327707,0.0,0.15532000362873077,0.0,0.0,0.0,0.0,0.0,0.0,0.0,0.0,0.0,0.0,1973.0,-4.599999904632568,0.0,0.0006358027458190918,0.808660089969635,0.9877636432647705
23.94538116455078,178.000244140625,6.0193986892700195,0.0,0.0,0.0,0.0,0.0,-0.0,0.0,5.018571390424456,3.9471428189958844,0.0,0.16155500710010529,0.0,0.0,0.0,0.0,0.0,0.0,0.0,0.0,0.0,0.0,1974.0,-4.599999904632568,0.0,0.002780020236968994,0.7677379846572876,0.9802833199501038
23.938631057739258,177.32901000976562,5.854371070861816,0.0,0.0,0.0,0.0,0.0,-0.0,0.0,5.03307146344866,3.9616428920200892,0.04844999685883522,0.13607001304626465,0.0,0.0,0.0,0.0,0.0,0.0,0.0,0.0,0.0,0.0,1975.0,-4.599999904632568,0.0,0.03984174132347107,0.6155933141708374,0.9232302308082581
23.931880950927734,169.1357879638672,5.715352535247803,0.0,0.0,0.0,0.0,0.0609622169305653,-0.0,0.0,5.0820713860648015,4.01064281463623,0.2745420038700104,0.0,0.0,0.0,0.6773579120635986,0.0,0.0,0.0,0.0,0.0,0.0,0.0,1976.0,-4.599999904632568,0.0,0.4999370276927948,0.07184147834777832,0.3233230412006378
23.92513084411621,168.4645538330078,5.715181350708008,0.0,0.0,0.0,0.0,0.19542501333753282,-0.0,0.0,5.168642807006836,4.097214235578265,0.3090609908103943,0.0,0.0,0.0,2.171388864517212,0.0,0.0,0.0,0.0,0.0,0.0,0.0,1977.0,-4.599999904632568,0.0,0.34011131525039673,0.23561245203018188,0.7079781889915466
23.918380737304688,127.46683502197266,5.715010166168213,0.0,0.0,0.0,0.0,0.2821541843536828,-0.0,0.0,5.314714241027832,4.243285669599261,0.35325199365615845,0.0,0.0,0.0,3.1350462436676025,0.5568015575408936,0.0,0.0,0.0,0.0,0.0,0.5568015575408936,1978.0,-4.599999904632568,-0.5568015575408936,0.048967331647872925,0.4631321132183075,0.9506797194480896
23.911630630493164,172.10684204101562,5.714838981628418,0.0,0.0,0.0,0.0,0.4392391598613368,-0.0,0.0,5.418857111249651,4.347428539821079,0.34792399406433105,0.0,0.0,0.0,4.880434721708298,0.10209110379219055,0.0,0.0,0.0,0.0,0.0,0.10209110379219055,1979.0,-4.599999904632568,-0.10209110379219055,0.01240396499633789,0.9776718616485596,0.9996836185455322
23.918380737304688,179.94744873046875,5.714667797088623,0.0,0.0,0.0,0.0,0.5225938615525826,-0.0,0.0,5.49478566305978,4.423357091631208,0.30158498883247375,0.0,0.0,0.0,5.806598000228405,0.08106679469347,0.0,0.0,0.0,0.0,0.08106679469347,0.0,1980.0,-4.599999904632568,0.08106679469347,0.08240494132041931,0.9983925819396973,0.99998939037323
23.991947174072266,179.27621459960938,5.714496612548828,0.0,0.0,0.0,0.0,0.562318956856195,-0.0,0.0,5.563285773141043,4.491857201712472,0.31174200773239136,0.0,0.0,0.0,6.247987912967801,0.016170335933566093,0.0,0.0,0.0,0.0,0.0,0.016170335933566093,1981.0,-4.599999904632568,-0.016170335933566093,0.45249712467193604,0.9998621940612793,0.9999993443489075
23.99869728088379,179.9979705810547,5.714325428009033,0.005447281524538994,0.0,0.0,0.0,0.3547994997178058,-0.005447281524538994,0.0,5.617214284624372,4.545785713195801,0.32358500361442566,0.0,0.0,1.9001445770263672,4.002741695694495,0.0,0.0,0.0,0.0,0.0,0.0,0.0,1982.0,1.9001445770263672,-0.006591445300728083,0.7614439725875854,0.9999815821647644,0.9999999403953552
24.005447387695312,170.02127075195312,7.614241600036621,0.012197388336062431,0.0,0.0,0.0,0.33670570324279814,-0.012197388336062431,0.0,5.651857185363769,4.580428613935198,0.3094879984855652,0.0,0.0,1.382432460784912,3.8767007094503976,0.12121613323688507,0.0,0.0,0.0,0.0,0.0,0.12121613323688507,1983.0,1.382432460784912,-0.12121613323688507,0.8996644020080566,0.9999992847442627,1.0
24.012197494506836,179.99807739257812,8.996404647827148,0.01894749514758587,0.0,0.0,0.0,0.3664856319472104,-0.01894749514758587,0.0,5.670642798287528,4.599214226858956,0.3196069896221161,0.0,0.0,0.13460583984851837,4.282589960703614,0.0,0.0,0.0,0.0,0.0,0.0,0.0,1984.0,0.13460583984851837,-0.007610050030052662,0.9130980372428894,0.9999999403953552,1.0
24.01894760131836,179.32684326171875,9.130736351013184,0.025697601959109306,0.0,0.0,0.0,0.18842118379908296,-0.025697601959109306,0.0,5.672142791748047,4.6007142203194755,0.3094800114631653,0.0,0.0,0.6665052771568298,2.3790974304617896,0.015215132385492325,0.0,0.0,0.0,0.0,0.0,0.015215132385492325,1985.0,0.6665052771568298,-0.015215132385492325,0.979721188545227,1.0,1.0
24.025697708129883,179.99807739257812,9.796947479248047,0.032447708770632744,0.0,0.0,0.0,0.08148129395667005,-0.032447708770632744,0.0,5.64757137298584,4.5761428015572685,0.37903499603271484,0.0,0.0,0.19412560760974884,1.2658777074782186,0.0,0.0,0.0,0.0,0.0,0.0,0.0,1986.0,0.19412560760974884,-0.0076484172604978085,0.9991043210029602,0.9999998807907104,1.0
24.032447814941406,179.32684326171875,9.99077320098877,0.03919781558215618,0.0,0.0,0.0,-0.038501935089582766,-0.03919781558215618,0.0,5.558357184273856,4.4869286128452845,0.4963169991970062,0.0,0.0,0.0,0.00773200485855341,0.015600978396832943,0.0,0.0,0.0,0.0,0.0,0.015600978396832943,1987.0,0.008380372077226639,-0.015600978396832943,0.9999123811721802,0.9999982714653015,1.0
24.03919792175293,179.99807739257812,9.990473747253418,0.04594792239367962,0.0,0.0,0.0,-0.04594792239367962,-0.04594792239367962,0.0,5.447857121058872,4.376428549630301,0.0,0.9785529971122742,0.0,0.0,0.0,0.0,0.0,0.0,0.2207117650469231,0.0,0.0,0.2207117650469231,1988.0,-4.599999904632568,-0.22071176767349243,0.9999169111251831,0.99997878074646,1.0
24.045948028564453,179.99807739257812,8.766470909118652,0.052698029205203056,0.0,0.0,0.0,-0.052698029205203056,-0.052698029205203056,0.0,5.396142905099051,4.32471433367048,0.0,0.38568899035453796,0.0,0.0,0.0,0.0,0.0,0.0,0.0,0.0,0.0,0.0,1989.0,-4.599999904632568,-0.008093077689409256,0.9930163621902466,0.9926375150680542,1.0
24.052698135375977,179.32684326171875,8.372659683227539,0.04594813473522663,0.0,0.0,0.0,-0.04594813473522663,-0.04594813473522663,0.0,5.351285743713379,4.2798571722848076,0.0,0.3717319965362549,0.0,0.0,0.0,0.0,0.0,0.0,0.016355611383914948,0.0,0.0,0.016355611383914948,1990.0,-4.599999904632568,-0.016355611383914948,0.9198565483093262,0.7889947295188904,0.9999998807907104
24.045948028564453,179.99806213378906,7.976412773132324,0.039198027923703194,0.0,0.0,0.0,-0.039198027923703194,-0.039198027923703194,0.0,5.303928593226841,4.23250002179827,0.0,0.3732230067253113,0.0,0.0,0.0,0.0,0.0,0.0,0.0,0.0,0.0,0.0,1991.0,-4.599999904632568,0.0,0.9932737350463867,0.4862355589866638,0.9999775886535645
24.03919792175293,143.2993621826172,7.5953450202941895,0.032447921112179756,0.0,0.0,0.0,-0.032447921112179756,-0.032447921112179756,0.0,5.265571403503418,4.194142832074847,0.0,0.30289798974990845,0.0,0.0,0.0,0.0,0.0,0.0,0.5623376369476318,0.0,0.0,0.5623376369476318,1992.0,-4.599999904632568,-0.5623376369476318,0.8641785979270935,0.11348244547843933,0.9999755620956421
24.032447814941406,179.99417114257812,6.712250232696533,0.02569781430065632,0.0,0.0,0.0,-0.02569781430065632,-0.02569781430065632,0.0,5.237214306422642,4.165785734994071,0.0,0.22134600579738617,0.0,0.0,0.0,0.0,0.0,0.0,0.0,0.0,0.0,0.0,1993.0,-4.599999904632568,0.0,0.0020977258682250977,0.12811219692230225,0.9984543323516846
24.025697708129883,179.32293701171875,6.48619270324707,0.01894770748913288,0.0,0.0,0.0,-0.01894770748913288,-0.01894770748913288,0.0,4.687071405138288,3.6156427655901227,0.0,0.18981599807739258,0.0,0.0,0.0,0.0,0.0,0.0,0.0,0.0,0.0,0.0,1994.0,-4.599999904632568,0.0,0.7812532782554626,0.7735066413879395,0.16616290807724
24.01894760131836,169.4432830810547,6.292314052581787,0.012197600677609444,0.0,0.0,0.0,-0.012197600677609444,-0.012197600677609444,0.0,4.651214272635324,3.579785701206752,0.0,0.17299799621105194,0.0,0.0,0.0,0.0,0.0,0.0,0.0,0.0,0.0,0.0,1995.0,-4.599999904632568,0.0,0.6197479367256165,0.7969132661819458,0.07588908076286316
24.012197494506836,168.7720489501953,6.115602016448975,0.005447493866086006,0.0,0.0,0.0,-0.005447493866086006,-0.005447493866086006,0.0,4.614928599766323,3.543500028337751,0.0,0.16041800379753113,0.0,0.0,0.0,0.0,0.0,0.0,0.0,0.0,0.0,0.0,1996.0,-4.599999904632568,0.0,0.5112339854240417,0.7732647657394409,0.1081300675868988
24.005447387695312,168.10081481933594,5.9517316818237305,0.0,0.0,0.0,0.0,0.0,-0.0,0.0,4.579142924717495,3.507714353288923,0.0,0.15603700280189514,0.0,0.0,0.0,0.0,0.0,0.0,0.0,0.0,0.0,0.0,1997.0,-4.599999904632568,0.0,0.4854891002178192,0.6980530023574829,0.33978402614593506
23.99869728088379,167.42958068847656,5.792336463928223,0.0,0.0,0.0,0.0,0.0,-0.0,0.0,4.544857243129185,3.473428671700614,0.0,0.16241399943828583,0.0,0.0,0.0,0.0,0.0,0.0,0.0,0.0,0.0,0.0,1998.0,-4.599999904632568,0.0,0.4746350646018982,0.5800492763519287,0.6516295671463013
23.99091339111328,166.7583465576172,5.626439094543457,0.0,0.0,0.0,0.0,0.0,-0.0,0.0,4.514071410042899,3.4426429748535154,0.0,0.18593700230121613,0.0,0.0,0.0,0.0,0.0,0.0,0.0,0.0,0.0,0.0,1999.0,-4.599999904632568,0.0,0.8541206121444702,0.42960190773010254,0.7039266228675842
23.984159469604492,114.88636016845703,5.436544418334961,0.0,0.0,0.0,0.0,0.0,-0.0,0.0,4.589142881120954,3.5177143096923826,0.27689701318740845,0.0,0.0,0.6950188998547162,0.0,0.0,0.0,0.0,0.0,0.0,0.0,0.0,2000.0,0.7611029744148254,0.0,0.9115564823150635,0.08366087079048157,0.2117100954055786
23.976011276245117,114.21513366699219,6.1313796043396,0.0,0.0,0.0,0.0,0.27280900262268276,-0.0,0.0,4.692999989645822,3.621571350097656,0.3118390142917633,0.0,0.0,0.0,3.0312108993530273,0.0,0.0,0.0,0.0,0.0,0.0,0.0,2001.0,-4.599999904632568,0.0,0.44201451539993286,0.27280592918395996,0.5676901936531067
23.968231201171875,113.54390716552734,6.131195545196533,0.0,0.0,0.0,0.0,0.38083715187208883,-0.0,0.0,4.845357159205845,3.773928587777274,0.3164609968662262,0.0,0.0,0.0,4.23152357339859,0.8955153822898865,0.0,0.0,0.0,0.0,0.0,0.8955153822898865,2002.0,-4.599999904632568,-0.8955153822898865,0.3833475708961487,0.9142218828201294,0.9855546951293945
23.96148109436035,177.6868438720703,6.131011962890625,0.0,0.0,0.0,0.0,0.5934128805602864,-0.0,0.0,5.004285757882254,3.932857186453683,0.33442598581314087,0.0,0.0,0.0,6.593475926667452,0.039398085325956345,0.0,0.0,0.0,0.0,0.0,0.039398085325956345,2003.0,-4.599999904632568,-0.039398085325956345,0.4215705394744873,0.9987175464630127,0.9999318718910217
23.954730987548828,179.9871826171875,6.130828380584717,0.0,0.0,0.0,0.0,0.35413620260394346,-0.0,0.0,5.083357075282505,4.011928503853934,0.5981339812278748,0.0,0.0,3.2497568130493164,3.934846382885871,0.06729114800691605,0.0,0.0,0.0,0.0,0.06729114800691605,0.0,2004.0,3.2497568130493164,0.06729114800691605,0.9380555152893066,0.9998613595962524,0.9999970197677612
23.999290466308594,169.319091796875,9.380304336547852,0.0,0.0,0.0,0.0,0.6588186821788173,-0.0,0.0,5.12749993460519,4.056071363176619,0.31632301211357117,0.0,0.0,0.5539049506187439,7.320206998006842,0.14591017365455627,0.0,0.0,0.0,0.0,0.0,0.14591017365455627,2005.0,0.5539049506187439,-0.14591017365455627,0.9934179782867432,0.9999920129776001,0.9999983906745911
23.99254035949707,179.99781799316406,9.933911323547363,0.0,0.0,0.0,0.0,0.709806044882864,-0.0,0.0,5.15535717010498,4.083928598676409,0.3280690014362335,0.0,0.0,0.047036606818437576,7.886733205250568,0.018350912258028984,0.0,0.0,0.0,0.0,0.018350912258028984,0.0,2006.0,0.047036606818437576,0.018350912258028984,0.9980917572975159,0.9999993443489075,0.9999998211860657
23.999980926513672,179.3265838623047,9.9806489944458,0.0,0.0,0.0,0.0,0.6597551684990038,-0.0,0.0,5.167500032697405,4.096071461268833,0.3140439987182617,0.0,0.0,0.0,7.330612400737523,0.01709296348977191,0.0,0.0,0.0,0.0,0.0,0.01709296348977191,2007.0,0.00975843146443367,-0.017092963680624962,0.9990377426147461,0.9999998807907104,1.0
23.99323081970215,179.99807739257812,9.98034954071045,0.0,0.0,0.0,0.0,0.5531424155387175,-0.0,0.0,5.166214343479702,4.0947857720511305,0.32409700751304626,0.0,0.0,0.0,6.146026350876784,0.017426274397874277,0.0,0.0,0.0,0.0,0.017426274397874277,0.0,2008.0,0.004742105025798082,0.017426274716854095,0.9985061287879944,1.0,1.0
23.999984741210938,179.32684326171875,9.980050086975098,0.0,0.0,0.0,0.0,0.38718448333418054,-0.0,0.0,5.1486428941999165,4.077214322771345,0.3145039975643158,0.0,0.0,0.0,4.302049472928047,0.12964598834514618,0.0,0.0,0.0,0.0,0.0,0.12964598834514618,2009.0,-4.599999904632568,-0.12964598834514618,0.9977799654006958,1.0,1.0
23.993234634399414,179.99807739257812,9.979750633239746,0.0,0.0,0.0,0.0,0.189632487020344,-0.0,0.0,5.10785710471017,4.036428533281599,0.3852519989013672,0.0,0.0,0.0,2.1070274661078763,0.017620389650790786,0.0,0.0,0.0,0.0,0.017620389650790786,0.0,2010.0,0.006289918441325426,0.0176203902810812,0.9986010789871216,1.0,1.0
23.999984741210938,179.32684326171875,9.979451179504395,0.0,0.0,0.0,0.0,0.0,-0.0,0.0,4.976857130868094,3.905428559439523,0.34200000762939453,0.16464996337890625,0.0,0.0,0.0,0.0,0.0,0.0,0.017923891339911582,0.0,0.0,0.017923891339911582,2011.0,-4.599999904632568,-0.01792389154434204,0.9993815422058105,1.0,1.0
23.993234634399414,179.99807739257812,9.792858123779297,0.0,0.0,0.0,0.0,0.0,-0.0,0.0,4.879000064304897,3.8075714928763253,0.0,0.4709460139274597,0.0,0.0,0.0,0.0,0.0,0.0,0.018446901266515103,0.0,0.018446901266515103,0.0,2012.0,-4.599999904632568,0.018446901813149452,0.9992718696594238,0.9999997615814209,1.0
23.999984741210938,179.32684326171875,9.293198585510254,0.0,0.0,0.0,0.0,0.0,-0.0,0.0,4.84821423121861,3.776785659790039,0.0,0.41366100311279297,0.0,0.0,0.0,0.0,0.0,0.0,0.01853356324136257,0.0,0.0,0.01853356324136257,2013.0,-4.599999904632568,-0.01853356324136257,0.9980512857437134,0.9999934434890747,0.9999996423721313
23.993234634399414,179.99801635742188,8.85191822052002,0.0,0.0,0.0,0.0,0.0,-0.0,0.0,4.821571431841169,3.7501428604125975,0.0,0.39861899614334106,0.0,0.0,0.0,0.0,0.0,0.0,0.017508869990706444,0.0,0.017508869990706444,0.0,2014.0,-4.599999904632568,0.017508869990706444,0.9912236928939819,0.9998326301574707,0.9999798536300659
23.999147415161133,179.3267822265625,8.427044868469238,0.0,0.0,0.0,0.0,0.0,-0.0,0.0,4.792571422031948,3.721142850603376,0.0,0.3913840055465698,0.0,0.0,0.0,0.0,0.0,0.0,0.12006612867116928,0.0,0.0,0.12006612867116928,2015.0,-4.599999904632568,-0.12006612867116928,0.9746170043945312,0.9970701932907104,0.9981372952461243
23.99239730834961,179.70004272460938,7.9049201011657715,0.0,0.0,0.0,0.0,0.0,-0.0,0.0,4.7610714231218605,3.6896428516932898,0.0,0.30077099800109863,0.0,0.0,0.0,0.0,0.0,0.0,0.0,0.0,0.0,0.0,2016.0,-4.599999904632568,0.0,0.9143028259277344,0.9577746391296387,0.9339074492454529
23.985647201538086,179.02880859375,7.597783088684082,0.0,0.0,0.0,0.0,0.0,-0.0,0.0,4.7258571352277485,3.654428563799177,0.0,0.2221280038356781,0.0,0.0,0.0,0.0,0.0,0.0,0.0,0.0,0.0,0.0,2017.0,-4.599999904632568,0.0,0.8636603355407715,0.9229303598403931,0.7311363816261292
23.978897094726562,178.35757446289062,7.370901107788086,0.0,0.0,0.0,0.0,0.0,-0.0,0.0,4.688000011444092,3.6165713718959265,0.0,0.18981599807739258,0.0,0.0,0.0,0.0,0.0,0.0,0.0,0.0,0.0,0.0,2018.0,-4.599999904632568,0.0,0.9594007730484009,0.9241325855255127,0.737690806388855
23.97214698791504,135.57159423828125,7.176996231079102,0.0,0.0,0.0,0.0,0.0,-0.0,0.0,4.651142883300781,3.57971431187221,0.0,0.17299799621105194,0.0,0.0,0.0,0.0,0.0,0.0,0.0,0.0,0.0,0.0,2019.0,-4.599999904632568,0.0,0.9481211304664612,0.9741129279136658,0.4199727177619934
23.965396881103516,134.90036010742188,7.000257968902588,0.0,0.0,0.0,0.0,0.0,-0.0,0.0,4.617285810198102,3.545857238769531,0.0,0.16041800379753113,0.0,0.0,0.0,0.0,0.0,0.0,1.8955174684524536,0.0,0.0,1.8955174684524536,2020.0,-4.599999904632568,-1.8955174684524536,0.9791040420532227,0.9435155391693115,0.9941452145576477
23.958646774291992,179.06130981445312,4.902217864990234,0.0,0.0,0.0,0.0,0.0,-0.0,0.0,4.5907142639160154,3.5192856924874443,0.0,0.15603700280189514,0.0,0.0,0.0,0.0,0.0,0.0,0.0,0.0,0.0,0.0,2021.0,-4.599999904632568,0.0,0.314075231552124,0.43149417638778687,0.14401376247406006
23.95189666748047,178.39007568359375,4.742854118347168,0.0,0.0,0.0,0.0,0.0,-0.0,0.0,4.57085712977818,3.499428558349609,0.0,0.16241399943828583,0.0,0.0,0.0,0.0,0.0,0.0,0.0,0.0,0.0,0.0,2022.0,-4.599999904632568,0.0,0.4123733341693878,0.35187000036239624,0.5134980082511902
23.945146560668945,177.71884155273438,4.576988220214844,0.0,0.0,0.0,0.0,0.0,-0.0,0.0,4.551999991280692,3.4805714198521205,0.0,0.18593700230121613,0.0,0.0,0.0,0.0,0.0,0.0,0.0,0.0,0.0,0.0,2023.0,-4.576850891113281,0.0,0.6520259976387024,0.14620065689086914,0.8014784455299377
23.938396453857422,177.047607421875,4.387125015258789,0.0,0.0,0.0,0.0,0.0,-0.0,0.0,4.632642827715192,3.561214256286621,0.27689701318740845,0.0,0.0,0.6736059093447295,0.0,0.0,0.0,0.0,0.0,0.0,0.0,0.0,2024.0,0.7381029725074768,0.0,0.9346327781677246,0.009563416242599487,0.431925892829895
23.931636810302734,176.37637329101562,5.060579299926758,0.0,0.0,0.0,0.0,0.27058600907214425,-0.0,0.0,4.749428558349609,3.677999986921038,0.3118390142917633,0.0,0.0,0.0,3.0065109729766846,0.0,0.0,0.0,0.0,0.0,0.0,0.0,2025.0,-4.599999904632568,0.0,0.12559133768081665,0.25450801849365234,0.870963990688324
23.924882888793945,175.70513916015625,5.060427665710449,0.0,0.0,0.0,0.0,0.4367524863682159,-0.0,0.0,4.8837857382638115,3.81235716683524,0.3164609968662262,0.0,0.0,0.0,4.852805018424988,0.20298397541046143,0.0,0.0,0.0,0.0,0.0,0.20298397541046143,2026.0,-4.599999904632568,-0.20298397541046143,0.04076790809631348,0.9583863615989685,0.998511791229248
23.918132781982422,179.7599639892578,5.060276031494141,0.0,0.0,0.0,0.0,0.5782681177421874,-0.0,0.0,5.089642878941127,4.018214307512556,0.31682899594306946,0.0,0.0,0.0,6.4252007976174355,0.1017700657248497,0.0,0.0,0.0,0.0,0.1017700657248497,0.0,2027.0,-4.599999904632568,0.1017700657248497,0.2682923376560211,0.9978188276290894,0.999954104423523
23.989078521728516,179.08872985839844,5.060124397277832,0.0,0.0,0.0,0.0,0.3653288163590673,-0.0,0.0,5.230857113429478,4.1594285420009065,0.3062939941883087,0.0,0.0,3.2115702629089355,4.059208748059369,0.11413446813821793,0.0,0.0,0.0,0.0,0.0,0.11413446813821793,2028.0,3.2115702629089355,-0.11413446813821793,0.8271664977073669,0.9997422099113464,0.9999977946281433
23.982328414916992,179.9977264404297,8.271446228027344,0.0,0.0,0.0,0.0,0.5581293846302605,-0.0,0.0,5.296214321681431,4.22478575025286,0.31632301211357117,0.0,0.0,1.556546688079834,6.201437114156943,0.030676433816552162,0.0,0.0,0.0,0.0,0.030676433816552162,0.0,2029.0,1.556546688079834,0.030676433816552162,0.982796311378479,0.999992847442627,0.9999994039535522
23.999948501586914,179.3264923095703,9.827698707580566,0.0,0.0,0.0,0.0,0.6545009685233857,-0.0,0.0,5.334428596496582,4.263000025068011,0.39716601371765137,0.0,0.0,0.13573594391345978,7.272232405648057,0.14929533004760742,0.0,0.0,0.0,0.0,0.0,0.14929533004760742,2030.0,0.13573594391345978,-0.14929533004760742,0.9963404536247253,0.9999986886978149,0.9999998807907104
23.99319839477539,179.99806213378906,9.963135719299316,0.0,0.0,0.0,0.0,0.619251205618633,-0.0,0.0,5.359642791748047,4.2882142203194755,0.3140439987182617,0.0,0.0,0.0,6.880568404499686,0.016837696727120363,0.0,0.0,0.0,0.0,0.016837696727120363,0.0,2031.0,0.00994916632771492,0.016837697476148605,0.9973054528236389,0.9999997615814209,1.0
23.999984741210938,166.05043029785156,9.962837219238281,0.006734741851687431,0.0,0.0,0.0,0.43426648237636817,-0.006734741851687431,0.0,5.379571451459612,4.30814288003104,0.32409700751304626,0.0,0.0,0.015513855963945389,4.900013213115881,0.499958800713174,0.0,0.0,0.0,0.0,0.0,0.499958800713174,2032.0,0.015513855963945389,-0.4999588131904602,0.9978320598602295,0.9999997615814209,1.0
24.00673484802246,179.99807739257812,9.978052139282227,0.0,0.0,0.0,0.0,0.32181714946565076,-0.0,0.0,5.370999962942941,4.29957139151437,0.3145039975643158,0.0,0.0,0.0,3.5757458209991455,0.0,0.0,0.0,0.0,0.0,0.0,0.0,2033.0,-4.599999904632568,-0.00814040470868349,0.9864581823348999,1.0,1.0
23.999984741210938,179.32684326171875,9.977752685546875,0.0,0.0,0.0,0.0,0.1514051595090721,-0.0,0.0,5.332999992370605,4.261571420942034,0.3852519989013672,0.0,0.0,0.010576684027910233,1.6822794164052424,0.016425977701837412,0.0,0.0,0.0,0.0,0.0,0.016425977701837412,2034.0,0.010576684027910233,-0.016425978392362595,0.9988299012184143,1.0,1.0
23.993234634399414,179.99807739257812,9.988029479980469,0.0,0.0,0.0,0.0,0.0,-0.0,0.0,5.181285667419433,4.109857095990862,0.28404998779296875,0.22259998321533203,0.0,0.0,0.0,0.0,0.0,0.0,0.01737067475914955,0.0,0.01737067475914955,0.0,2035.0,-4.599999904632568,0.01737067475914955,0.999538779258728,1.0,1.0
23.999984741210938,179.32684326171875,9.74286937713623,0.0,0.0,0.0,0.0,0.0,-0.0,0.0,5.065357153756278,3.9939285823277064,0.0,0.4709460139274597,0.0,0.0,0.0,0.0,0.0,0.0,0.1245511765463721,0.0,0.0,0.1245511765463721,2036.0,-4.599999904632568,-0.12455117702484131,0.9995614886283875,0.9999997615814209,1.0
23.993234634399414,179.99807739257812,9.134944915771484,0.0,0.0,0.0,0.0,0.0,-0.0,0.0,5.003785760062081,3.9323571886335102,0.0,0.41366100311279297,0.0,0.0,0.0,0.0,0.0,0.0,0.017933502793312073,0.0,0.017933502793312073,0.0,2037.0,-4.599999904632568,0.017933502793312073,0.9978410005569458,0.9999920129776001,0.9999995827674866
23.99994468688965,179.32684326171875,8.694281578063965,0.0,0.0,0.0,0.0,0.0,-0.0,0.0,4.962642887660435,3.8912143162318635,0.0,0.39861899614334106,0.0,0.0,0.0,0.0,0.0,0.0,0.017937226220965385,0.0,0.0,0.017937226220965385,2038.0,-4.599999904632568,-0.017937226220965385,0.9891542196273804,0.9998285174369812,0.9999756813049316
23.993194580078125,179.9941864013672,8.268976211547852,0.0,0.0,0.0,0.0,0.0,-0.0,0.0,4.928142901829311,3.8567143304007394,0.0,0.38435301184654236,0.0,0.0,0.0,0.0,0.0,0.0,0.0,0.0,0.0,0.0,2039.0,-4.599999904632568,0.0,0.9488624334335327,0.9963422417640686,0.9974392652511597
23.9864444732666,179.3229522705078,7.876543045043945,0.0,0.0,0.0,0.0,0.0,-0.0,0.0,4.895071383884975,3.8236428124564035,0.0,0.30077099800109863,0.0,0.0,0.0,0.0,0.0,0.0,0.0,0.0,0.0,0.0,2040.0,-4.599999904632568,0.0,0.9221276640892029,0.9646773934364319,0.9092687368392944
23.979694366455078,170.60252380371094,7.569406986236572,0.0,0.0,0.0,0.0,0.0,-0.0,0.0,4.85978570665632,3.788357135227748,0.0,0.2221280038356781,0.0,0.0,0.0,0.0,0.0,0.0,0.0,0.0,0.0,0.0,2041.0,-4.599999904632568,0.0,0.8833779096603394,0.9499351978302002,0.708130955696106
23.972944259643555,169.93128967285156,7.342525482177734,0.0,0.0,0.0,0.0,0.0,-0.0,0.0,4.823500033787319,3.7520714623587472,0.0,0.18981599807739258,0.0,0.0,0.0,0.0,0.0,0.0,0.0,0.0,0.0,0.0,2042.0,-4.599999904632568,0.0,0.8477821350097656,0.9400341510772705,0.6529756784439087
23.96619415283203,169.2600555419922,7.148621559143066,0.0,0.0,0.0,0.0,0.0,-0.0,0.0,4.788214288439069,3.716785648890904,0.0,0.17299799621105194,0.0,0.0,0.0,0.0,0.0,0.0,0.0,0.0,0.0,0.0,2043.0,-4.599999904632568,0.0,0.7396594285964966,0.9213518500328064,0.36182644963264465
23.959444046020508,168.5888214111328,6.971883773803711,0.0,0.0,0.0,0.0,0.0,-0.0,0.0,4.756857136317661,3.6854285648890905,0.0,0.16041800379753113,0.0,0.0,0.0,0.0,0.0,0.0,0.0,0.0,0.0,0.0,2044.0,-4.599999904632568,0.0,0.5862932801246643,0.8834905624389648,0.2863336503505707
23.952693939208984,167.91758728027344,6.807987689971924,0.0,0.0,0.0,0.0,0.0,-0.0,0.0,4.737285695757184,3.665857124328613,0.0,0.15603700280189514,0.0,0.0,0.0,0.0,0.0,0.0,0.0,0.0,0.0,0.0,2045.0,-4.599999904632568,0.0,0.5048275589942932,0.8370590209960938,0.5139678120613098
23.94594383239746,167.24635314941406,6.648566722869873,0.0,0.0,0.0,0.0,0.0,-0.0,0.0,4.727571432931082,3.656142861502511,0.0,0.16241399943828583,0.0,0.0,0.0,0.0,0.0,0.0,0.0,0.0,0.0,0.0,2046.0,-4.599999904632568,0.0,0.42195311188697815,0.7633814811706543,0.7443926334381104
23.939193725585938,166.5751190185547,6.4826436042785645,0.0,0.0,0.0,0.0,0.0,-0.0,0.0,4.7173571722848076,3.645928600856236,0.0,0.3275200128555298,0.0,0.0,0.0,0.0,0.0,0.0,0.0,0.0,0.0,0.0,2047.0,-4.599999904632568,0.0,0.7560917735099792,0.36232298612594604,0.6273423433303833
23.93140983581543,165.9038848876953,6.148255348205566,0.0,0.0,0.0,0.0,0.0,-0.0,0.0,4.772928592136928,3.7015000207083566,0.3495500087738037,0.0,0.0,0.4683419783668512,0.0,0.0,0.0,0.0,0.0,0.0,0.0,0.0,2048.0,0.5214499831199646,0.0,0.9058210253715515,0.0796559751033783,0.34295907616615295
23.92360496520996,132.8074493408203,6.616398811340332,0.0,0.0,0.0,0.0,0.2535714899358332,-0.0,0.0,4.900499970572335,3.829071399143764,0.3118390142917633,0.0,0.0,0.0,2.817460775375366,0.0,0.0,0.0,0.0,0.0,0.0,0.0,2049.0,-4.599999904632568,0.0,0.3757363557815552,0.2602831721305847,0.6840746402740479
23.916854858398438,117.25530242919922,6.6162004470825195,0.0,0.0,0.0,0.0,0.3690470613278579,-0.0,0.0,5.004642840794155,3.933214269365583,0.3164609968662262,0.0,0.0,0.0,4.100522577762604,0.8089661002159119,0.0,0.0,0.0,0.0,0.0,0.8089661002159119,2050.0,-4.599999904632568,-0.8089661002159119,0.29615867137908936,0.9055829048156738,0.9850451946258545
23.910104751586914,177.60531616210938,6.616002082824707,0.0,0.0,0.0,0.0,0.5675833897607212,-0.0,0.0,5.168428639003208,4.097000067574637,0.31682899594306946,0.0,0.0,0.0,6.30648160725832,0.11598896235227585,0.0,0.0,0.0,0.0,0.11598896235227585,0.0,2051.0,-4.599999904632568,0.11598896235227585,0.27507734298706055,0.998658299446106,0.9999134540557861
23.993276596069336,176.93408203125,6.6158037185668945,0.0,0.0,0.0,0.0,0.4932043132452874,-0.0,0.0,5.275142887660435,4.2037143162318635,0.3062939941883087,0.0,0.0,1.8744301795959473,5.480047489432584,0.04632461071014404,0.0,0.0,0.0,0.0,0.0,0.04632461071014404,2052.0,1.8744301795959473,-0.04632461071014404,0.8490203619003296,0.9998855590820312,0.9999962449073792
23.986526489257812,179.9974822998047,8.48997974395752,0.0,0.0,0.0,0.0,0.58161082435857,-0.0,0.0,5.3176428386143275,4.246214267185756,0.31632301211357117,0.0,0.0,1.343376636505127,6.462341979292193,0.025292132049798965,0.0,0.0,0.0,0.0,0.025292132049798965,0.0,2053.0,1.343376636505127,0.025292132049798965,0.983332633972168,0.999993085861206,0.9999994039535522
23.999950408935547,179.3262481689453,9.833061218261719,0.0,0.0,0.0,0.0,0.6727692601010754,-0.0,0.0,5.338857187543597,4.2674286161150246,0.346560001373291,0.0,0.0,0.13503213226795197,7.4752134070464615,0.11353879421949387,0.0,0.0,0.0,0.0,0.0,0.11353879421949387,2054.0,0.13503213226795197,-0.11353879421949387,0.9968063831329346,0.9999988079071045,0.9999998807907104
23.993200302124023,179.99806213378906,9.967794418334961,0.0,0.0,0.0,0.0,0.6307821650577999,-0.0,0.0,5.339357185363769,4.267928613935198,0.4079760015010834,0.0,0.0,0.016007859259843826,7.008690165863783,0.016899283975362778,0.0,0.0,0.0,0.0,0.016899283975362778,0.0,2055.0,0.016007859259843826,0.016899283975362778,0.9983772039413452,0.9999998807907104,1.0
23.999984741210938,179.3268280029297,9.983503341674805,0.0,0.0,0.0,0.0,0.5226538283748465,-0.0,0.0,5.324214335850307,4.252785764421736,0.354110985994339,0.0,0.0,0.0,5.807264298200607,0.12667420506477356,0.0,0.0,0.0,0.0,0.0,0.12667420506477356,2056.0,-4.599999904632568,-0.12667420506477356,0.998221218585968,1.0,1.0
23.993234634399414,179.99807739257812,9.983203887939453,0.0,0.0,0.0,0.0,0.38158852802796206,-0.0,0.0,5.287000056675502,4.215571485246931,0.3145039975643158,0.0,0.0,0.0,4.239872196689248,0.017023345455527306,0.0,0.0,0.0,0.0,0.017023345455527306,0.0,2057.0,-4.599999904632568,0.017023345455527306,0.9948841333389282,1.0,1.0
23.999984741210938,179.32684326171875,9.982904434204102,0.0,0.0,0.0,0.0,0.17712971431675187,-0.0,0.0,5.215928568158831,4.144499996730259,0.3852519989013672,0.0,0.0,0.0,1.9681077804416418,0.016889968886971474,0.0,0.0,0.0,0.0,0.0,0.016889968886971474,2058.0,0.004421670455485582,-0.016889968886971474,0.9987296462059021,1.0,1.0
23.993234634399414,179.99807739257812,9.98260498046875,0.0,0.0,0.0,0.0,0.0,-0.0,0.0,5.067071451459612,3.9956428800310406,0.26980000734329224,0.23684996366500854,0.0,0.0,0.0,0.0,0.0,0.0,0.01776221893212643,0.0,0.01776221893212643,0.0,2059.0,-4.599999904632568,0.01776221953332424,0.9994484186172485,1.0,1.0
23.999984741210938,179.32684326171875,9.722505569458008,0.0,0.0,0.0,0.0,0.0,-0.0,0.0,4.974571446010044,3.903142874581473,0.0,0.4709460139274597,0.0,0.0,0.0,0.0,0.0,0.0,0.017934387549757957,0.0,0.0,0.017934387549757957,2060.0,-4.599999904632568,-0.017934387549757957,0.9993348121643066,0.9999997019767761,1.0
23.993234634399414,179.99807739257812,9.223371505737305,0.0,0.0,0.0,0.0,0.0,-0.0,0.0,4.950500025068011,3.879071453639439,0.0,0.41366100311279297,0.0,0.0,0.0,0.0,0.0,0.0,0.018131671473383904,0.0,0.018131671473383904,0.0,2061.0,-4.599999904632568,0.018131671473383904,0.9989370703697205,0.9999927282333374,0.9999996423721313
23.999948501586914,156.8152313232422,8.782503128051758,0.0,0.0,0.0,0.0,0.0,-0.0,0.0,4.9339999607631135,3.8625713893345424,0.0,0.39861899614334106,0.0,0.0,0.0,0.0,0.0,0.0,1.103280782699585,0.0,0.0,1.103280782699585,2062.0,-4.599999904632568,-1.103280782699585,0.9990599155426025,0.9997366070747375,0.9999966025352478
23.99319839477539,179.99752807617188,7.249734878540039,0.0,0.0,0.0,0.0,0.0,-0.0,0.0,4.921714319501604,3.850285748073033,0.0,0.4702349901199341,0.0,0.0,0.0,0.0,0.0,0.0,0.0,0.0,0.0,0.0,2063.0,-4.599999904632568,0.0,0.8238927125930786,0.9842265844345093,0.9563949108123779
23.986448287963867,179.3262939453125,6.769700527191162,0.0,0.0,0.0,0.0,0.0,-0.0,0.0,4.908499935695103,3.8370713642665315,0.0,0.30077099800109863,0.0,0.0,0.0,0.0,0.0,0.0,0.0,0.0,0.0,0.0,2064.0,-4.599999904632568,0.0,0.7001487612724304,0.8843028545379639,0.45548102259635925
23.979698181152344,178.65505981445312,6.462597370147705,0.0,0.0,0.0,0.0,0.0,-0.0,0.0,4.886642810276577,3.815214238848005,0.0,0.2221280038356781,0.0,0.0,0.0,0.0,0.0,0.0,0.0,0.0,0.0,0.0,2065.0,-4.599999904632568,0.0,0.654029905796051,0.7939448952674866,0.10758179426193237
23.97294807434082,177.98382568359375,6.235749244689941,0.0,0.0,0.0,0.0,0.0,-0.0,0.0,4.8566428048270085,3.7852142333984373,0.0,0.18981599807739258,0.0,0.0,0.0,0.0,0.0,0.0,0.0,0.0,0.0,0.0,2066.0,-4.599999904632568,0.0,0.5751371383666992,0.7693788409233093,0.07718202471733093
23.966197967529297,177.31259155273438,6.0418782234191895,0.0,0.0,0.0,0.0,0.0,-0.0,0.0,4.821785736083984,3.750357164655413,0.0,0.17299799621105194,0.0,0.0,0.0,0.0,0.0,0.0,0.0,0.0,0.0,0.0,2067.0,-4.599999904632568,0.0,0.6197741031646729,0.7185623645782471,0.03333273530006409
23.959447860717773,168.42996215820312,5.865173816680908,0.0,0.0,0.0,0.0,0.0,-0.0,0.0,4.782571397508893,3.711142894199916,0.0,0.16041800379753113,0.0,0.0,0.0,0.0,0.0,0.0,0.0,0.0,0.0,0.0,2068.0,-4.599999904632568,0.0,0.42032390832901,0.7857303619384766,0.06620016694068909
23.95269775390625,167.75872802734375,5.701311111450195,0.0,0.0,0.0,0.0,0.0,-0.0,0.0,4.7477142606462746,3.676285689217704,0.0,0.15603700280189514,0.0,0.0,0.0,0.0,0.0,0.0,0.0,0.0,0.0,0.0,2069.0,-4.599999904632568,0.0,0.3905063569545746,0.7160651683807373,0.23173120617866516
23.945947647094727,167.08749389648438,5.541923522949219,0.0,0.0,0.0,0.0,0.0,-0.0,0.0,4.722428539821079,3.6509999683925085,0.0,0.16241399943828583,0.0,0.0,0.0,0.0,0.0,0.0,0.0,0.0,0.0,0.0,2070.0,-4.599999904632568,0.0,0.417988657951355,0.6112107634544373,0.5978609919548035
23.939197540283203,166.416259765625,5.376033782958984,0.0,0.0,0.0,0.0,0.0,-0.0,0.0,4.706285694667271,3.6348571232387,0.0,0.18593700230121613,0.0,0.0,0.0,0.0,0.0,0.0,0.0,0.0,0.0,0.0,2071.0,-4.599999904632568,0.0,0.5194085836410522,0.37809425592422485,0.776526927947998
23.93244743347168,165.74502563476562,5.1861467361450195,0.0,0.0,0.0,0.0,0.0,-0.0,0.0,4.769857147761753,3.698428508213588,0.27689701318740845,0.0,0.0,0.15876292418485605,0.0,0.0,0.0,0.0,0.0,0.0,0.0,0.0,2072.0,0.18510299921035767,0.0,0.9217201471328735,0.04852408170700073,0.44553759694099426
23.924657821655273,165.07379150390625,5.344749450683594,0.0,0.0,0.0,0.0,0.1531944980775904,-0.0,0.0,4.89064279283796,3.819214221409389,0.3118390142917633,0.0,0.0,0.0,1.7021609544754028,0.0,0.0,0.0,0.0,0.0,0.0,0.0,2073.0,-4.599999904632568,0.0,0.5309813022613525,0.0601525604724884,0.5053673386573792
23.91790199279785,156.19090270996094,5.3445892333984375,0.0,0.0,0.0,0.0,0.29909094088005406,-0.0,0.0,5.004571451459612,3.9331428800310406,0.3164609968662262,0.0,0.0,0.0,3.323232412338257,0.29805636405944824,0.0,0.0,0.0,0.0,0.0,0.29805636405944824,2074.0,-4.599999904632568,-0.29805636405944824,0.023705333471298218,0.8506492376327515,0.9875245094299316
23.911151885986328,178.0019989013672,5.344429016113281,0.0,0.0,0.0,0.0,0.44867193986351595,-0.0,0.0,5.118142890930176,4.046714319501604,0.31682899594306946,0.0,0.0,0.0,4.985243380069733,0.10057729482650757,0.0,0.0,0.0,0.0,0.10057729482650757,0.0,2075.0,-4.599999904632568,0.10057729482650757,0.028245270252227783,0.9963263273239136,0.9998428821563721
23.981616973876953,177.3307647705078,5.344268798828125,0.0,0.0,0.0,0.0,0.5250660618447089,-0.0,0.0,5.191285760062081,4.11985718863351,0.3062939941883087,0.0,0.0,0.0,5.834066890180111,0.04223916679620743,0.0,0.0,0.0,0.0,0.0,0.04223916679620743,2076.0,-4.599999904632568,-0.04223916679620743,0.1844944953918457,0.999764084815979,0.9999924898147583
23.97486686706543,179.9968719482422,5.344108581542969,0.0,0.0,0.0,0.0,0.47902118815169625,-0.0,0.0,5.2378570829118996,4.166428511483328,0.31632301211357117,0.0,0.0,0.8228840231895447,5.322457223139054,0.0404423326253891,0.0,0.0,0.0,0.0,0.0404423326253891,0.0,2077.0,0.8228840231895447,0.0404423326253891,0.6166962385177612,0.9999812245368958,0.9999995231628418
23.99989128112793,179.3256378173828,6.166807651519775,0.0,0.0,0.0,0.0,0.2943367339572291,-0.0,0.0,5.268214307512555,4.196785736083984,0.3280690014362335,0.0,0.0,2.6650400161743164,3.27040789517165,0.016694331541657448,0.0,0.0,0.0,0.0,0.0,0.016694331541657448,2078.0,2.6650400161743164,-0.016694331541657448,0.8831818103790283,0.9999982714653015,0.9999998807907104
23.993141174316406,179.99806213378906,8.831583023071289,0.0,0.0,0.0,0.0,0.4493074395001338,-0.0,0.0,5.285214233398437,4.213785661969866,0.3140439987182617,0.0,0.0,0.3559403121471405,4.992304486582098,0.01714698886698484,0.0,0.0,0.0,0.0,0.01714698886698484,0.0,2079.0,0.3559403121471405,0.017146989703178406,0.9187493324279785,0.9999998807907104,1.0
23.999984741210938,179.3268280029297,9.187248229980469,0.0,0.0,0.0,0.0,0.36251038723147483,-0.0,0.0,5.28264285496303,4.211214283534458,0.32409700751304626,0.0,0.0,0.03022046759724617,4.02789287135266,0.01662258617579937,0.0,0.0,0.0,0.0,0.0,0.01662258617579937,2080.0,0.03022046759724617,-0.01662258617579937,0.9217438697814941,1.0,1.0
23.993234634399414,179.99807739257812,9.217192649841309,0.0,0.0,0.0,0.0,0.18884137305688553,-0.0,0.0,5.254571451459612,4.18314288003104,0.3145039975643158,0.0,0.0,0.522516667842865,2.0982373116569164,0.017128405864678547,0.0,0.0,0.0,0.0,0.017128405864678547,0.0,2081.0,0.522516667842865,0.01712840609252453,0.9739679098129272,1.0,1.0
23.999984741210938,179.32684326171875,9.73941707611084,0.0,0.0,0.0,0.0,0.08577328133257081,-0.0,0.0,5.1888571602957585,4.117428588867187,0.3852519989013672,0.0,0.0,0.2489304095506668,0.9530363835102585,0.017001017898513306,0.0,0.0,0.0,0.0,0.0,0.017001017898513306,2082.0,0.2489304095506668,-0.017001017928123474,0.9988317489624023,1.0,1.0
23.993234634399414,179.99807739257812,9.98804759979248,0.0,0.0,0.0,0.0,0.0,-0.0,0.0,5.060571479797363,3.989142908368792,0.18619999289512634,0.32044997811317444,0.0,0.0,0.0,0.0,0.0,0.0,0.017785033211112022,0.0,0.017785033211112022,0.0,2083.0,-4.599999904632568,0.017785033211112022,0.9994481205940247,1.0,1.0
23.999984741210938,179.32684326171875,9.642621040344238,0.0,0.0,0.0,0.0,0.0,-0.0,0.0,4.978714343479702,3.90728577205113,0.0,0.4709460139274597,0.0,0.0,0.0,0.0,0.0,0.0,0.13410779661570346,0.0,0.0,0.13410779661570346,2084.0,-4.599999904632568,-0.1341077983379364,0.9994604587554932,0.9999997019767761,1.0
23.993234634399414,179.99807739257812,9.024949073791504,0.0,0.0,0.0,0.0,0.0,-0.0,0.0,4.959071377345493,3.887642805916922,0.0,0.41366100311279297,0.0,0.0,0.0,0.0,0.0,0.0,0.018087510019540787,0.0,0.018087510019540787,0.0,2085.0,-4.599999904632568,0.018087510019540787,0.9974619150161743,0.999990701675415,0.9999995231628418
23.99993896484375,179.05601501464844,8.584132194519043,0.0,0.0,0.0,0.0,0.0,-0.0,0.0,4.947285733904157,3.8758571624755858,0.0,0.39861899614334106,0.0,0.0,0.0,0.0,0.0,0.0,0.11965351551771164,0.0,0.0,0.11965351551771164,2086.0,-4.599999904632568,-0.11965351551771164,0.9898004531860352,0.9998464584350586,0.9999688863754272
23.993188858032227,179.99310302734375,8.055041313171387,0.0,0.0,0.0,0.0,0.0,-0.0,0.0,4.939571462358747,3.8681428909301756,0.0,0.38435301184654236,0.0,0.0,0.0,0.0,0.0,0.0,0.0,0.0,0.0,0.0,2087.0,-4.599999904632568,0.0,0.9292519092559814,0.9951446056365967,0.9956161975860596
23.986438751220703,179.32186889648438,7.662614822387695,0.0,0.0,0.0,0.0,0.0,-0.0,0.0,4.933928571428571,3.8625,0.0,0.30077099800109863,0.0,0.0,0.0,0.0,0.0,0.0,0.0,0.0,0.0,0.0,2088.0,-4.599999904632568,0.0,0.8659484386444092,0.9547942876815796,0.876462996006012
23.97968864440918,178.650634765625,7.355484962463379,0.0,0.0,0.0,0.0,0.0,-0.0,0.0,4.915571430751255,3.844142859322684,0.0,0.2221280038356781,0.0,0.0,0.0,0.0,0.0,0.0,0.0,0.0,0.0,0.0,2089.0,-4.599999904632568,0.0,0.7881425619125366,0.9172528982162476,0.5287594199180603
23.972938537597656,177.97940063476562,7.128610134124756,0.0,0.0,0.0,0.0,0.0,-0.0,0.0,4.880071449279785,3.808642877851214,0.0,0.18981599807739258,0.0,0.0,0.0,0.0,0.0,0.0,0.0,0.0,0.0,0.0,2090.0,-4.599999904632568,0.0,0.7310485243797302,0.903792142868042,0.4551188349723816
23.966188430786133,177.30816650390625,6.9347124099731445,0.0,0.0,0.0,0.0,0.0,-0.0,0.0,4.840071487426758,3.7686429159981865,0.0,0.17299799621105194,0.0,0.0,0.0,0.0,0.0,0.0,0.0,0.0,0.0,0.0,2091.0,-4.599999904632568,0.0,0.5876683592796326,0.8833233118057251,0.22493106126785278
23.95943832397461,176.63693237304688,6.757981300354004,0.0,0.0,0.0,0.0,0.0,-0.0,0.0,4.801071384974888,3.729642813546317,0.0,0.16041800379753113,0.0,0.0,0.0,0.0,0.0,0.0,0.0,0.0,0.0,0.0,2092.0,-4.599999904632568,0.0,0.46959489583969116,0.8603532314300537,0.2386389672756195
23.952688217163086,175.9656982421875,6.594091892242432,0.0,0.0,0.0,0.0,0.0,-0.0,0.0,4.768785694667271,3.6973571232387,0.0,0.15603700280189514,0.0,0.0,0.0,0.0,0.0,0.0,0.0,0.0,0.0,0.0,2093.0,-4.599999904632568,0.0,0.436248242855072,0.8169155716896057,0.5203356146812439
23.94490623474121,175.29446411132812,6.434677600860596,0.0,0.0,0.0,0.0,0.0,-0.0,0.0,4.750500011444092,3.6790713718959265,0.0,0.16241399943828583,0.0,0.0,0.0,0.0,0.0,0.0,0.0,0.0,0.0,0.0,2094.0,-4.599999904632568,0.0,0.6878328919410706,0.5005039572715759,0.65833979845047
23.754297256469727,174.62322998046875,6.268761157989502,0.0,0.0,0.0,0.0,0.0,-0.0,0.0,4.7426428249904085,3.6712141854422433,0.0,0.18593700230121613,0.0,0.0,0.0,0.0,0.0,0.0,0.0,0.0,0.0,0.0,2095.0,-4.599999904632568,0.0,0.49788886308670044,0.4626174569129944,0.7956223487854004
23.746488571166992,173.95199584960938,6.078847408294678,0.0,0.0,0.0,0.0,0.0,-0.0,0.0,4.811999947684152,3.74057137625558,0.27689701318740845,0.0,0.0,0.20810590612607882,0.0,0.0,0.0,0.0,0.0,0.0,0.0,0.0,2096.0,0.2381029725074768,0.0,0.9082664251327515,0.06686073541641235,0.3802173137664795
23.73558235168457,173.28076171875,6.286764621734619,0.0,0.0,0.0,0.0,0.1496341871924542,-0.0,0.0,4.932499967302594,3.8610713958740233,0.3656480014324188,0.0,0.0,0.0,1.6626019477844238,0.0,0.0,0.0,0.0,0.0,0.0,0.0,2097.0,-4.599999904632568,0.0,0.4618690311908722,0.08402878046035767,0.4341612458229065
23.726757049560547,164.32130432128906,6.286576271057129,0.0,0.0,0.0,0.0,0.30243066017275194,-0.0,0.0,5.030571474347796,3.959142902919224,0.3164609968662262,0.0,0.0,0.0,3.360340401530266,0.17544837296009064,0.0,0.0,0.0,0.0,0.0,0.17544837296009064,2098.0,-4.599999904632568,-0.17544837296009064,0.028116166591644287,0.871177077293396,0.981084406375885
23.719139099121094,176.97158813476562,6.286387920379639,0.0,0.0,0.0,0.0,0.42286177270505804,-0.0,0.0,5.109928621564593,4.038500050136021,0.31682899594306946,0.0,0.0,0.0,4.6984637677669525,0.3531571924686432,0.0,0.0,0.0,0.0,0.3531571924686432,0.0,2099.0,-4.599999904632568,0.3531571924686432,0.03786149621009827,0.9966190457344055,0.9997254014015198
23.98307991027832,176.30035400390625,6.286199569702148,0.0,0.0,0.0,0.0,0.5306002765501734,-0.0,0.0,5.152571487426758,4.0811429159981865,0.3062939941883087,0.0,0.0,0.0,5.895558159798384,0.055797774344682693,0.0,0.0,0.0,0.0,0.0,0.055797774344682693,2100.0,-4.599999904632568,-0.055797774344682693,0.25929972529411316,0.9998294115066528,0.9999889135360718
23.976329803466797,179.99630737304688,6.286011219024658,0.0,0.0,0.0,0.0,0.46502395370193783,-0.0,0.0,5.181928580147879,4.110500008719308,0.31632301211357117,0.0,0.0,1.1321558952331543,5.166932408279518,0.03903353214263916,0.0,0.0,0.0,0.0,0.03903353214263916,0.0,2101.0,1.1321558952331543,0.03903353214263916,0.7418137192726135,0.9999872446060181,0.9999994039535522
23.999919891357422,179.3250732421875,7.41794490814209,0.0,0.0,0.0,0.0,0.3596250048700263,-0.0,0.0,5.203928620474679,4.132500049046108,0.37567999958992004,0.0,0.0,2.2145752906799316,3.9958330698844495,0.1165662407875061,0.0,0.0,0.0,0.0,0.0,0.1165662407875061,2102.0,2.2145752906799316,-0.1165662407875061,0.9632489681243896,0.9999983310699463,0.9999998807907104
23.9931697845459,179.99806213378906,9.632231712341309,0.0,0.0,0.0,0.0,0.5227149248467883,-0.0,0.0,5.2123571940830775,4.140928622654506,0.3140439987182617,0.0,0.0,0.15597958862781525,5.807943147834899,0.017350072041153908,0.0,0.0,0.0,0.0,0.017350072041153908,0.0,2103.0,0.15597958862781525,0.017350072041153908,0.9788181185722351,0.9999998807907104,1.0
23.999984741210938,179.3268280029297,9.787918090820312,0.0,0.0,0.0,0.0,0.44308758580166835,-0.0,0.0,5.209285681588309,4.137857110159738,0.32409700751304626,0.0,0.0,0.05653711035847664,4.923195006535921,0.016917276861839962,0.0,0.0,0.0,0.0,0.0,0.016917276861839962,2104.0,0.05653711035847664,-0.01691727712750435,0.9844424724578857,1.0,1.0
23.993234634399414,179.99807739257812,9.844160079956055,0.0,0.0,0.0,0.0,0.3042284722652556,-0.0,0.0,5.188214247567313,4.116785676138742,0.3145039975643158,0.0,0.0,0.012526948004961014,3.3803160898594484,0.01734747737646103,0.0,0.0,0.0,0.0,0.01734747737646103,0.0,2105.0,0.012526948004961014,0.01734747737646103,0.9856657385826111,1.0,1.0
23.999984741210938,179.32684326171875,9.856391906738281,0.0,0.0,0.0,0.0,0.10091427370652876,-0.0,0.0,5.136142812456403,4.064714241027832,0.3852519989013672,0.0,0.0,0.13336129486560822,1.1212696187398148,0.11774542000024495,0.0,0.0,0.0,0.0,0.0,0.11774542000024495,2106.0,0.13336129486560822,-0.11774542182683945,0.9989722967147827,1.0,1.0
23.993234634399414,179.99807739257812,9.989453315734863,0.0,0.0,0.0,0.0,0.0,-0.0,0.0,5.044857106889997,3.9734285354614256,0.16910000145435333,0.33754998445510864,0.0,0.0,0.0,0.0,0.0,0.0,0.01784043200314045,0.0,0.01784043200314045,0.0,2107.0,-4.599999904632568,0.01784043200314045,0.9994356632232666,1.0,1.0
23.999984741210938,179.32684326171875,9.626521110534668,0.0,0.0,0.0,0.0,0.0,-0.0,0.0,4.990571376255581,3.919142804827009,0.0,0.4709460139274597,0.0,0.0,0.0,0.0,0.0,0.0,0.01786117031738813,0.0,0.0,0.01786117031738813,2108.0,-4.599999904632568,-0.017861170694231987,0.9992796182632446,0.9999996423721313,1.0
23.993234634399414,179.99807739257812,9.127464294433594,0.0,0.0,0.0,0.0,0.0,-0.0,0.0,4.9989285605294365,3.927499989100865,0.0,0.41366100311279297,0.0,0.0,0.0,0.0,0.0,0.0,0.01795092783868313,0.0,0.01795092783868313,0.0,2109.0,-4.599999904632568,0.01795092783868313,0.9978128671646118,0.9999918937683105,0.9999995827674866
23.99994468688965,179.32684326171875,8.686783790588379,0.0,0.0,0.0,0.0,0.0,-0.0,0.0,4.99564288003104,3.924214308602469,0.0,0.39861899614334106,0.0,0.0,0.0,0.0,0.0,0.0,0.1315465271472931,0.0,0.0,0.1315465271472931,2110.0,-4.599999904632568,-0.1315465271472931,0.9919922351837158,0.9998670816421509,0.9999760389328003
23.993194580078125,179.99424743652344,8.145554542541504,0.0,0.0,0.0,0.0,0.0,-0.0,0.0,4.983214323861258,3.911785752432687,0.0,0.38435301184654236,0.0,0.0,0.0,0.0,0.0,0.0,0.0,0.0,0.0,0.0,2111.0,-4.599999904632568,0.0,0.9370090961456299,0.9959267973899841,0.9965625405311584
23.9864444732666,179.32301330566406,7.753125190734863,0.0,0.0,0.0,0.0,0.0,-0.0,0.0,4.955785696847098,3.8843571254185267,0.0,0.30077099800109863,0.0,0.0,0.0,0.0,0.0,0.0,0.0,0.0,0.0,0.0,2112.0,-4.599999904632568,0.0,0.8761192560195923,0.9603655338287354,0.9002708196640015
23.979694366455078,178.6517791748047,7.445992946624756,0.0,0.0,0.0,0.0,0.0,-0.0,0.0,4.9182143347603935,3.846785763331822,0.0,0.2221280038356781,0.0,0.0,0.0,0.0,0.0,0.0,0.0,0.0,0.0,0.0,2113.0,-4.599999904632568,0.0,0.801128089427948,0.9245082139968872,0.5908835530281067
23.972944259643555,177.9805450439453,7.219115257263184,0.0,0.0,0.0,0.0,0.0,-0.0,0.0,4.880714225769043,3.8092856543404716,0.0,0.18981599807739258,0.0,0.0,0.0,0.0,0.0,0.0,0.0,0.0,0.0,0.0,2114.0,-4.599999904632568,0.0,0.7459871172904968,0.9118263721466064,0.5226970911026001
23.96619415283203,177.30931091308594,7.025214672088623,0.0,0.0,0.0,0.0,0.0,-0.0,0.0,4.846571459089007,3.775142887660435,0.0,0.17299799621105194,0.0,0.0,0.0,0.0,0.0,0.0,0.0,0.0,0.0,0.0,2115.0,-4.599999904632568,0.0,0.6035275459289551,0.8942858576774597,0.2698497176170349
23.959444046020508,176.63807678222656,6.848480701446533,0.0,0.0,0.0,0.0,0.0,-0.0,0.0,4.819857134137835,3.7484285627092633,0.0,0.16041800379753113,0.0,0.0,0.0,0.0,0.0,0.0,0.0,0.0,0.0,0.0,2116.0,-4.599999904632568,0.0,0.47231340408325195,0.8714045286178589,0.2635193467140198
23.952693939208984,175.9668426513672,6.684588432312012,0.0,0.0,0.0,0.0,0.0,-0.0,0.0,4.795285715375628,3.7238571439470562,0.0,0.15603700280189514,0.0,0.0,0.0,0.0,0.0,0.0,0.0,0.0,0.0,0.0,2117.0,-4.599999904632568,0.0,0.4312291443347931,0.8329927921295166,0.5402006506919861
23.94490623474121,175.2956085205078,6.525171279907227,0.0,0.0,0.0,0.0,0.0,-0.0,0.0,4.771571445465088,3.7001429421561105,0.0,0.16241399943828583,0.0,0.0,0.0,0.0,0.0,0.0,0.0,0.0,0.0,0.0,2118.0,-4.599999904632568,0.0,0.3849494755268097,0.7546883225440979,0.7717596292495728
23.937105178833008,174.62437438964844,6.359251976013184,0.0,0.0,0.0,0.0,0.0,-0.0,0.0,4.756142834254673,3.6847142628261023,0.0,0.18593700230121613,0.0,0.0,0.0,0.0,0.0,0.0,0.0,0.0,0.0,0.0,2119.0,-4.599999904632568,0.0,0.4527744650840759,0.5609855055809021,0.8264240026473999
23.928272247314453,173.95314025878906,6.16933536529541,0.0,0.0,0.0,0.0,0.0,-0.0,0.0,4.791642883845737,3.7202142442975723,0.25459998846054077,0.022297024726867676,0.0,0.0,0.0,0.0,0.0,0.0,0.0,0.0,0.0,0.0,2120.0,-4.599999904632568,0.0,0.9216189384460449,0.12530839443206787,0.42936450242996216
23.91839027404785,165.2391357421875,6.146399021148682,0.0,0.0,0.0,0.0,0.0,-0.0,0.0,4.873642866952078,3.802214295523507,0.3118390142917633,0.0,0.0,0.8981807382871807,0.0,0.0,0.0,0.0,0.0,0.0,0.0,0.0,2121.0,0.9811609983444214,0.0,0.8201531767845154,0.050047874450683594,0.24439933896064758
23.909568786621094,164.56790161132812,7.044368743896484,0.0,0.0,0.0,0.0,0.22596651442579435,-0.0,0.0,4.963714272635324,3.8922857012067524,0.3164609968662262,0.0,0.0,0.0,2.5107388496398926,0.0,0.0,0.0,0.0,0.0,0.0,0.0,2122.0,-4.599999904632568,-0.009499362669885159,0.04985851049423218,0.7479131817817688,0.90379798412323
23.902816772460938,163.89666748046875,7.0441575050354,0.0,0.0,0.0,0.0,0.34281963897304685,-0.0,0.0,5.077571405683245,4.006142834254673,0.31682899594306946,0.0,0.0,0.0,3.809106796979904,0.3761139214038849,0.0,0.0,0.0,0.0,0.0,0.3761139214038849,2123.0,-4.599999904632568,-0.3761139214038849,0.01936987042427063,0.9925856590270996,0.999155580997467
23.896066665649414,179.86297607421875,7.043946266174316,0.0,0.0,0.0,0.0,0.4553134385993808,-0.0,0.0,5.157357161385672,4.085928589957101,0.3062939941883087,0.0,0.0,0.0,5.059037804603577,0.14181792736053467,0.0,0.0,0.0,0.0,0.14181792736053467,0.0,2124.0,-4.599999904632568,0.14181792736053467,0.07162874937057495,0.9998085498809814,0.9999747276306152
23.999027252197266,179.19174194335938,7.043735027313232,0.0,0.0,0.0,0.0,0.49942596368275555,-0.0,0.0,5.20085710797991,4.129428536551339,0.3630180060863495,0.0,0.0,0.0,5.549176933243871,0.01865505985915661,0.0,0.0,0.0,0.0,0.0,0.01865505985915661,2125.0,-4.599999904632568,-0.01865505985915661,0.41934823989868164,0.9999889135360718,0.9999987483024597
23.992277145385742,179.9978790283203,7.043523788452148,0.0,0.0,0.0,0.0,0.4133825583751487,-0.0,0.0,5.225785745893206,4.154357174464634,0.3280690014362335,0.0,0.0,1.0449318885803223,4.59313917247174,0.018434515222907066,0.0,0.0,0.0,0.0,0.018434515222907066,0.0,2126.0,1.0449318885803223,0.018434515222907066,0.8088425397872925,0.9999986290931702,0.9999998807907104
23.999977111816406,179.32664489746094,8.088212966918945,0.0,0.0,0.0,0.0,0.3686149963717876,-0.0,0.0,5.238499995640346,4.167071424211775,0.3140439987182617,0.0,0.0,1.2060694694519043,4.095721856410016,0.01680096425116062,0.0,0.0,0.0,0.0,0.0,0.01680096425116062,2127.0,1.2060694694519043,-0.01680096425116062,0.9294252395629883,0.9999998211860657,1.0
23.993227005004883,179.99807739257812,9.2940034866333,0.0,0.0,0.0,0.0,0.35934953547044207,-0.0,0.0,5.240999984741211,4.16957141331264,0.32409700751304626,0.0,0.0,0.46628233790397644,3.992772299021206,0.01718246564269066,0.0,0.0,0.0,0.0,0.01718246564269066,0.0,2128.0,0.46628233790397644,0.01718246564269066,0.9760255813598633,0.9999999403953552,1.0
23.999984741210938,166.84327697753906,9.759993553161621,0.0,0.0,0.0,0.0,0.24902672542854412,-0.0,0.0,5.228642817905971,4.1572142464774,0.3145039975643158,0.0,0.0,0.1124701127409935,2.7669633959742144,0.17341716402276855,0.0,0.0,0.0,0.0,0.0,0.17341716402276855,2129.0,0.1124701127409935,-0.17341716587543488,0.9872433543205261,1.0,1.0
23.993234634399414,179.99807739257812,9.872167587280273,0.0,0.0,0.0,0.0,0.09784968127250906,-0.0,0.0,5.187071473257882,4.115642901829311,0.3852519989013672,0.0,0.0,0.11801954358816147,1.0872185944012838,0.01735129952430725,0.0,0.0,0.0,0.0,0.01735129952430725,0.0,2130.0,0.11801954358816147,0.01735129952430725,0.999015748500824,1.0,1.0
23.999984741210938,169.31922912597656,9.989887237548828,0.0,0.0,0.0,0.0,0.0,-0.0,0.0,5.080928611755371,4.0095000403268,0.15199999511241913,0.35464996099472046,0.0,0.0,0.0,0.0,0.0,0.0,0.14760654932266648,0.0,0.0,0.14760654932266648,2131.0,-4.599999904632568,-0.14760655164718628,0.999634861946106,1.0,1.0
23.993234634399414,179.99807739257812,9.477096557617188,0.0,0.0,0.0,0.0,0.0,-0.0,0.0,5.021357209341867,3.9499286379132954,0.0,0.4709460139274597,0.0,0.0,0.0,0.0,0.0,0.0,0.017921393737196922,0.0,0.017921393737196922,0.0,2132.0,-4.599999904632568,0.017921393737196922,0.9993892312049866,0.9999996423721313,1.0
23.999982833862305,169.95907592773438,8.977983474731445,0.0,0.0,0.0,0.0,0.0,-0.0,0.0,5.0052857535226005,3.933857182094029,0.0,0.41366100311279297,0.0,0.0,0.0,0.0,0.0,0.0,0.16723275184631348,0.0,0.0,0.16723275184631348,2133.0,-4.599999904632568,-0.16723275184631348,0.9985419511795044,0.9999934434890747,0.9999996423721313
23.99323272705078,179.99801635742188,8.38498306274414,0.0,0.0,0.0,0.0,0.0,-0.0,0.0,4.99478566305978,3.923357091631208,0.0,0.39861899614334106,0.0,0.0,0.0,0.0,0.0,0.0,0.01659364067018032,0.0,0.01659364067018032,0.0,2134.0,-4.599999904632568,0.01659364067018032,0.9848542809486389,0.9997860789299011,0.9999485015869141
23.99891471862793,173.03298950195312,7.961058139801025,0.0,0.0,0.0,0.0,0.0,-0.0,0.0,4.9867856979370115,3.9153571265084404,0.0,0.38435301184654236,0.0,0.0,0.0,0.0,0.0,0.0,0.09278903156518936,0.0,0.0,0.09278903156518936,2135.0,-4.599999904632568,-0.09278903156518936,0.9414116144180298,0.9963006973266602,0.9958193302154541
23.992164611816406,179.32916259765625,7.473954200744629,0.0,0.0,0.0,0.0,0.0,-0.0,0.0,4.9657142639160154,3.8942856924874443,0.0,0.30077099800109863,0.0,0.0,0.0,0.0,0.0,0.0,0.0,0.0,0.0,0.0,2136.0,-4.599999904632568,0.0,0.9105533361434937,0.9456535577774048,0.8134781718254089
23.985414505004883,157.5176544189453,7.166830062866211,0.0,0.0,0.0,0.0,0.0,-0.0,0.0,4.941928536551339,3.870499965122768,0.0,0.2221280038356781,0.0,0.0,0.0,0.0,0.0,0.0,0.0,0.0,0.0,0.0,2137.0,-4.599999904632568,0.0,0.8991751670837402,0.9602417945861816,0.4788169860839844
23.97866439819336,156.84642028808594,6.939960956573486,0.0,0.0,0.0,0.0,0.0,-0.0,0.0,4.917214339120047,3.845785767691476,0.0,0.18981599807739258,0.0,0.0,0.0,0.0,0.0,0.0,0.0,0.0,0.0,0.0,2138.0,-4.599999904632568,0.0,0.8639911413192749,0.9532750248908997,0.39885377883911133
23.971914291381836,156.17518615722656,6.746068954467773,0.0,0.0,0.0,0.0,0.0,-0.0,0.0,4.885285731724331,3.813857160295759,0.0,0.17299799621105194,0.0,0.0,0.0,0.0,0.0,0.0,0.0,0.0,0.0,0.0,2139.0,-4.599999904632568,0.0,0.7641404867172241,0.9392594695091248,0.1743829846382141
23.965164184570312,155.5039520263672,6.569343566894531,0.0,0.0,0.0,0.0,0.0,-0.0,0.0,4.853000041416713,3.7815714699881418,0.0,0.16041800379753113,0.0,0.0,0.0,0.0,0.0,0.0,0.0,0.0,0.0,0.0,2140.0,-4.599999904632568,0.0,0.5908948183059692,0.8978661298751831,0.14206194877624512
23.95841407775879,154.8327178955078,6.405459880828857,0.0,0.0,0.0,0.0,0.0,-0.0,0.0,4.830214309692383,3.7587857382638115,0.0,0.15603700280189514,0.0,0.0,0.0,0.0,0.0,0.0,0.0,0.0,0.0,0.0,2141.0,-4.599999904632568,0.0,0.4952843189239502,0.8501244783401489,0.3169547915458679
23.951663970947266,154.16148376464844,6.24605131149292,0.0,0.0,0.0,0.0,0.0,-0.0,0.0,4.812214251926967,3.7407856804983957,0.0,0.16241399943828583,0.0,0.0,0.0,0.0,0.0,0.0,0.0,0.0,0.0,0.0,2142.0,-4.599999904632568,0.0,0.43068039417266846,0.7605334520339966,0.6173519492149353
23.944913864135742,153.49024963378906,6.080140590667725,0.0,0.0,0.0,0.0,0.0,-0.0,0.0,4.798714310782296,3.7272857393537246,0.0,0.18593700230121613,0.0,0.0,0.0,0.0,0.0,0.0,0.0,0.0,0.0,0.0,2143.0,-4.599999904632568,0.0,0.516887903213501,0.582783579826355,0.7043027877807617
23.93816375732422,152.8190155029297,5.890232563018799,0.0,0.0,0.0,0.0,0.0,-0.0,0.0,4.850071443830218,3.778642872401646,0.27689701318740845,0.0,0.0,0.2788619369898413,0.0,0.0,0.0,0.0,0.0,0.0,0.0,0.0,2144.0,0.31410300731658936,0.0,0.9051862955093384,0.10047006607055664,0.30434972047805786
23.931413650512695,152.1477813720703,6.168909549713135,0.0,0.0,0.0,0.0,0.1525104918090886,-0.0,0.0,4.94007146017892,3.868642888750349,0.3118390142917633,0.0,0.0,0.0,1.6945608854293823,0.0,0.0,0.0,0.0,0.0,0.0,0.0,2145.0,-4.599999904632568,0.0,0.5444020628929138,0.09312960505485535,0.34630805253982544
23.924663543701172,151.47654724121094,6.168724536895752,0.0,0.0,0.0,0.0,0.19384146383138118,-0.0,0.0,5.030999946594238,3.959571375165667,0.3164609968662262,0.0,0.0,0.0,2.1537938714027405,0.31799501180648804,0.0,0.0,0.0,0.0,0.0,0.31799501180648804,2146.0,-4.599999904632568,-0.31799501180648804,0.06309264898300171,0.6217151880264282,0.9214566349983215
23.91791343688965,167.43113708496094,6.168539524078369,0.0,0.0,0.0,0.0,0.24931608452924647,-0.0,0.0,5.08785719190325,4.016428620474679,0.31682899594306946,0.0,0.0,0.0,2.770178496837616,0.1657925248146057,0.0,0.0,0.0,0.0,0.0,0.1657925248146057,2147.0,-4.599999904632568,-0.1657925248146057,0.00755956768989563,0.9781906604766846,0.9970771074295044
23.911163330078125,179.53041076660156,6.168354511260986,0.0,0.0,0.0,0.0,0.31996026205203876,-0.0,0.0,5.133000046866281,4.0615714754377095,0.3062939941883087,0.0,0.0,0.0,3.5551137402653694,0.12004213780164719,0.0,0.0,0.0,0.0,0.12004213780164719,0.0,2148.0,-4.599999904632568,0.12004213780164719,0.006524026393890381,0.9993709325790405,0.9999390840530396
23.99683952331543,170.34765625,6.1681694984436035,0.0,0.0,0.0,0.0,0.39903007817507224,-0.0,0.0,5.176214299883161,4.10478572845459,0.31632301211357117,0.0,0.0,0.0,4.433667182922363,0.13111019134521484,0.0,0.0,0.0,0.0,0.0,0.13111019134521484,2149.0,-4.599999904632568,-0.13111019134521484,0.08619114756584167,0.9999696612358093,0.9999971389770508
23.990089416503906,179.99761962890625,6.167984485626221,0.0,0.0,0.0,0.0,0.4318848869895328,-0.0,0.0,5.216571480887277,4.145142909458706,0.3280690014362335,0.0,0.0,0.0,4.798720585182309,0.021260512992739677,0.0,0.0,0.0,0.0,0.021260512992739677,0.0,2150.0,-4.599999904632568,0.021260512992739677,0.39836636185646057,0.9999979734420776,0.9999998807907104
23.999975204467773,179.32638549804688,6.167799472808838,0.0,0.0,0.0,0.0,0.23393985551903135,-0.0,0.0,5.248571477617536,4.177142906188965,0.3140439987182617,0.0,0.0,1.8004961013793945,2.599331521412924,0.1304837736165586,0.0,0.0,0.0,0.0,0.0,0.1304837736165586,2151.0,1.8004961013793945,-0.13048377633094788,0.7968265414237976,0.9999993443489075,1.0
23.99322509765625,179.99807739257812,7.968056678771973,0.0,0.0,0.0,0.0,0.2503627451416893,-0.0,0.0,5.271071379525321,4.199642808096749,0.32409700751304626,0.0,0.0,1.1606221199035645,2.7818080582738576,0.01708685184386143,0.0,0.0,0.0,0.0,0.01708685184386143,0.0,2152.0,1.1606221199035645,0.017086852341890335,0.9128648638725281,0.9999999403953552,1.0
23.999984741210938,179.32684326171875,9.128405570983887,0.0,0.0,0.0,0.0,0.1772138492602561,-0.0,0.0,5.273214285714285,4.201785714285714,0.3145039975643158,0.0,0.0,0.6048988699913025,1.9690426130729506,0.016659697065746534,0.0,0.0,0.0,0.0,0.0,0.016659697065746534,2153.0,0.6048988699913025,-0.016659697517752647,0.9733273983001709,1.0,1.0
23.993234634399414,179.99807739257812,9.733012199401855,0.0,0.0,0.0,0.0,0.07178940304138126,-0.0,0.0,5.249214254106794,4.1777856826782225,0.3852519989013672,0.0,0.0,0.25768324732780457,0.7976599704008049,0.017145886623914936,0.0,0.0,0.0,0.0,0.017145886623914936,0.0,2154.0,0.25768324732780457,0.01714588701725006,0.9990665912628174,1.0,1.0
23.999984741210938,167.3347930908203,9.990395545959473,0.0,0.0,0.0,0.0,0.0,-0.0,0.0,5.154214259556362,4.082785688127791,0.13965000212192535,0.3669999837875366,0.0,0.0,0.0,0.0,0.0,0.0,0.170301154255867,0.0,0.0,0.170301154255867,2155.0,-4.599999904632568,-0.170301154255867,0.9997010231018066,1.0,1.0
23.993234634399414,179.99807739257812,9.441845893859863,0.0,0.0,0.0,0.0,0.0,-0.0,0.0,5.079785701206752,4.008357129778181,0.0,0.4709460139274597,0.0,0.0,0.0,0.0,0.0,0.0,0.01771526038646698,0.0,0.01771526038646698,0.0,2156.0,-4.599999904632568,0.01771526038646698,0.9991822242736816,0.9999995827674866,1.0
23.999982833862305,179.32684326171875,8.942943572998047,0.0,0.0,0.0,0.0,0.0,-0.0,0.0,5.05728566305978,3.985857091631208,0.0,0.4277629852294922,0.0,0.0,0.0,0.0,0.0,0.0,0.017561016604304314,0.0,0.0,0.017561016604304314,2157.0,-4.599999904632568,-0.017561016604304314,0.9975053071975708,0.9999903440475464,0.9999994039535522
23.99323272705078,179.99798583984375,8.488276481628418,0.0,0.0,0.0,0.0,0.0,-0.0,0.0,5.042500032697405,3.9710714612688336,0.0,0.39861899614334106,0.0,0.0,0.0,0.0,0.0,0.0,0.01639627479016781,0.0,0.01639627479016781,0.0,2158.0,-4.599999904632568,0.01639627479016781,0.9844616055488586,0.9997799396514893,0.999960720539093
23.998884201049805,179.32675170898438,8.064549446105957,0.0,0.0,0.0,0.0,0.0,-0.0,0.0,5.029142870221819,3.9577142987932477,0.0,0.42986300587654114,0.0,0.0,0.0,0.0,0.0,0.0,0.36418506503105164,0.0,0.0,0.36418506503105164,2159.0,-4.599999904632568,-0.36418506503105164,0.9752004146575928,0.9956375360488892,0.9972829818725586
23.99213409423828,179.5633544921875,7.2540788650512695,0.0,0.0,0.0,0.0,0.0,-0.0,0.0,5.011714335850307,3.9402857644217355,0.0,0.30077099800109863,0.0,0.0,0.0,0.0,0.0,0.0,0.0,0.0,0.0,0.0,2160.0,-4.599999904632568,0.0,0.9431788921356201,0.952584981918335,0.8953521251678467
23.985383987426758,133.3291778564453,6.946961402893066,0.0,0.0,0.0,0.0,0.0,-0.0,0.0,4.992714282444545,3.921285711015974,0.0,0.2221280038356781,0.0,0.0,0.0,0.0,0.0,0.0,0.0,0.0,0.0,0.0,2161.0,-4.599999904632568,0.0,0.9674861431121826,0.9811669588088989,0.5857807993888855
23.978633880615234,113.81232452392578,6.720098495483398,0.0,0.0,0.0,0.0,0.0,-0.0,0.0,4.973500061035156,3.902071489606585,0.0,0.18981599807739258,0.0,0.0,0.0,0.0,0.0,0.0,0.0,0.0,0.0,0.0,2162.0,-4.599999904632568,0.0,0.9729723334312439,0.9914517402648926,0.4543951451778412
23.97188377380371,113.14109802246094,6.5262131690979,0.0,0.0,0.0,0.0,0.0,-0.0,0.0,4.9537143162318635,3.8822857448032924,0.0,0.17299799621105194,0.0,0.0,0.0,0.0,0.0,0.0,0.0,0.0,0.0,0.0,2163.0,-4.599999904632568,0.0,0.9519717693328857,0.9833006262779236,0.13463658094406128
23.965133666992188,112.4698715209961,6.349494457244873,0.0,0.0,0.0,0.0,0.0,-0.0,0.0,4.930999973842075,3.859571402413504,0.0,0.16041800379753113,0.0,0.0,0.0,0.0,0.0,0.0,0.0,0.0,0.0,0.0,2164.0,-4.599999904632568,0.0,0.8847525119781494,0.9544647336006165,0.08727031946182251
23.958383560180664,111.79864501953125,6.185616970062256,0.0,0.0,0.0,0.0,0.0,-0.0,0.0,4.90799993787493,3.8365713664463588,0.0,0.15603700280189514,0.0,0.0,0.0,0.0,0.0,0.0,0.0,0.0,0.0,0.0,2165.0,-4.599999904632568,0.0,0.7474984526634216,0.8883966207504272,0.1409107744693756
23.95163345336914,111.1274185180664,6.026215076446533,0.0,0.0,0.0,0.0,0.0,-0.0,0.0,4.88835710797991,3.8169285365513392,0.0,0.16241399943828583,0.0,0.0,0.0,0.0,0.0,0.0,0.0,0.0,0.0,0.0,2166.0,-4.599999904632568,0.0,0.6382339596748352,0.7789462804794312,0.23942241072654724
23.944883346557617,110.45619201660156,5.860311031341553,0.0,0.0,0.0,0.0,0.0,-0.0,0.0,4.87749993460519,3.8060713631766183,0.0,0.18593700230121613,0.0,0.0,0.0,0.0,0.0,0.0,0.0,0.0,0.0,0.0,2167.0,-4.599999904632568,0.0,0.8929280042648315,0.6272180080413818,0.3971595764160156
23.938133239746094,93.73995971679688,5.670409202575684,0.0,0.0,0.0,0.0,0.0,-0.0,0.0,4.9253570829118996,3.8539285114833284,0.27689701318740845,0.0,0.0,0.1410739091673463,0.0,0.0,0.0,0.0,0.0,0.0,0.0,0.0,2168.0,0.16610297560691833,0.0,0.9381043910980225,0.2770349681377411,0.2103375792503357
23.93138313293457,78.53723907470703,5.811308860778809,0.0,0.0,0.0,0.0,0.0,-0.0,0.0,5.012785720825195,3.941357149396624,0.3118390142917633,0.0,0.0,0.0,0.0,1.9615107774734497,0.0,0.0,0.7839704751968384,0.0,0.0,2.745481252670288,2169.0,-4.599999904632568,-2.745481252670288,0.539263904094696,0.1521969437599182,0.9994155764579773
23.924633026123047,179.90457153320312,5.011188983917236,0.0,0.0,0.0,0.0,0.3867920372320822,-0.0,0.0,5.146499988010952,4.0750714165823805,0.3164609968662262,0.0,0.0,0.0,4.297688961029053,0.0,0.0,0.0,0.0,0.0,0.0,0.0,2170.0,-4.599999904632568,0.0,0.01664191484451294,0.9215492010116577,0.9975292086601257
23.917882919311523,153.9591064453125,5.011038780212402,0.0,0.0,0.0,0.0,0.5031341311839502,-0.0,0.0,5.2464999607631135,4.175071389334542,0.31682899594306946,0.0,0.0,0.0,5.590378791093826,0.3333415687084198,0.0,0.0,0.0,0.0,0.0,0.3333415687084198,2171.0,-4.599999904632568,-0.3333415687084198,0.14796292781829834,0.9944250583648682,0.9998767375946045
23.9111328125,179.97836303710938,5.010888576507568,0.0,0.0,0.0,0.0,0.5316107771897498,-0.0,0.0,5.309714262826102,4.238285691397531,0.3062939941883087,0.0,0.0,0.8784427046775818,5.906785943790262,0.11814962327480316,0.0,0.0,0.0,0.0,0.11814962327480316,0.0,2172.0,0.8784427046775818,0.11814962327480316,0.5889301300048828,0.9996998310089111,0.9999971389770508
23.998483657836914,171.22813415527344,5.88915491104126,0.0,0.0,0.0,0.0,0.3317696414795997,-0.0,0.0,5.35478572845459,4.2833571570260185,0.31632301211357117,0.0,0.0,3.143710136413574,3.6863290568102123,0.114930659532547,0.0,0.0,0.0,0.0,0.0,0.114930659532547,2173.0,3.143710136413574,-0.114930659532547,0.9032834768295288,0.9999805092811584,0.9999996423721313
23.99173355102539,179.99801635742188,9.032594680786133,0.0,0.0,0.0,0.0,0.5333075182092044,-0.0,0.0,5.383714348929269,4.312285777500698,0.3280690014362335,0.0,0.0,0.5177749991416931,5.925638620285926,0.0,0.0,0.0,0.0,0.0,0.0,0.0,2174.0,0.5177749991416931,0.0018474382814019918,0.9550339579582214,0.9999980330467224,0.9999998807907104
23.998483657836914,165.3632354736328,9.55008316040039,0.005233658477663994,0.0,0.0,0.0,0.4731645571657568,-0.005233658477663994,0.0,5.399071366446359,4.327642795017788,0.3140439987182617,0.0,0.0,0.0,5.315535306930542,0.18442034721374512,0.0,0.0,0.0,0.0,0.0,0.18442034721374512,2175.0,0.006341416854411364,-0.18442034721374512,0.9556394219398499,0.9999998807907104,0.9999999403953552
24.005233764648438,179.99806213378906,9.549797058105469,0.011983765289187431,0.0,0.0,0.0,0.3915988695909927,-0.011983765289187431,0.0,5.4048571722848076,4.3334286008562355,0.32409700751304626,0.0,0.0,0.014505822211503983,4.4842511422924,0.0,0.0,0.0,0.0,0.0,0.0,0.0,2176.0,0.014505822211503983,-0.00807698629796505,0.956427276134491,1.0,1.0
24.01198387145996,179.3268280029297,9.564016342163086,0.01873387210071087,0.0,0.0,0.0,0.20616954327549197,-0.01873387210071087,0.0,5.393857084001813,4.322428512573242,0.3145039975643158,0.0,0.0,0.18382306396961212,2.498926638916515,0.016194894639363723,0.0,0.0,0.0,0.0,0.0,0.016194894639363723,2177.0,0.18382306396961212,-0.016194894909858704,0.9747809171676636,1.0,1.0
24.018733978271484,179.99807739257812,9.747547149658203,0.011983977630734444,0.0,0.0,0.0,0.054428875068472715,-0.011983977630734444,0.0,5.357571411132812,4.286142839704241,0.3852519989013672,0.0,0.0,0.24272389709949493,0.7379205269020905,0.0,0.0,0.0,0.0,0.0,0.0,0.0,2178.0,0.24272389709949493,-0.008165908046066761,0.9990240931510925,1.0,1.0
24.01198387145996,179.32684326171875,9.989971160888672,0.005233870819211006,0.0,0.0,0.0,-0.005233870819211006,-0.005233870819211006,0.0,5.2513571602957585,4.179928588867187,0.10260000079870224,0.40404996275901794,0.0,0.0,0.0,0.0,0.0,0.0,0.13312894903203598,0.0,0.0,0.13312894903203598,2179.0,-4.599999904632568,-0.13312895596027374,0.9996850490570068,1.0,1.0
24.005233764648438,179.99807739257812,9.441546440124512,0.0,0.0,0.0,0.0,0.0,-0.0,0.0,5.181357192993164,4.109928621564593,0.0,0.4709460139274597,0.0,0.0,0.0,0.0,0.0,0.0,0.0,0.0,0.0,0.0,2180.0,-4.599999904632568,-0.008516023866832256,0.9992883205413818,0.9999995231628418,1.0
23.998483657836914,179.32684326171875,8.960721015930176,0.0,0.0,0.0,0.0,0.0,-0.0,0.0,5.149499974931989,4.078071403503418,0.0,0.4234369993209839,0.0,0.0,0.0,0.0,0.0,0.0,0.017164118587970734,0.0,0.0,0.017164118587970734,2181.0,-4.599999904632568,-0.017164118587970734,0.9977250099182129,0.9999903440475464,0.9999995231628418
23.99173355102539,179.9980010986328,8.510872840881348,0.0,0.0,0.0,0.0,0.0,-0.0,0.0,5.125785773141043,4.054357201712472,0.0,0.39861899614334106,0.0,0.0,0.0,0.0,0.0,0.0,0.01811940409243107,0.0,0.01811940409243107,0.0,2182.0,-4.599999904632568,0.01811940409243107,0.9860537052154541,0.9997860193252563,0.9999639987945557
23.99891471862793,179.32676696777344,8.085387229919434,0.0,0.0,0.0,0.0,0.0,-0.0,0.0,5.1066428048270085,4.035214233398437,0.0,0.38435301184654236,0.0,0.0,0.0,0.0,0.0,0.0,0.11545711010694504,0.0,0.0,0.11545711010694504,2183.0,-4.599999904632568,-0.11545711010694504,0.9530146718025208,0.9965717196464539,0.9965369701385498
23.992164611816406,179.44400024414062,7.575150012969971,0.0,0.0,0.0,0.0,0.0,-0.0,0.0,5.09242856161935,4.020999990190779,0.0,0.30077099800109863,0.0,0.0,0.0,0.0,0.0,0.0,0.0,0.0,0.0,0.0,2184.0,-4.599999904632568,0.0,0.8323590755462646,0.960472047328949,0.8613927960395813
23.985414505004883,178.77276611328125,7.2680230140686035,0.0,0.0,0.0,0.0,0.0,-0.0,0.0,5.077571405683245,4.006142834254673,0.0,0.2221280038356781,0.0,0.0,0.0,0.0,0.0,0.0,0.0,0.0,0.0,0.0,2185.0,-4.599999904632568,0.0,0.7249055504798889,0.9211748838424683,0.4567539691925049
23.97866439819336,178.10153198242188,7.0411505699157715,0.0,0.0,0.0,0.0,0.0,-0.0,0.0,5.060714258466448,3.9892856870378766,0.0,0.18981599807739258,0.0,0.0,0.0,0.0,0.0,0.0,0.0,0.0,0.0,0.0,2186.0,-4.599999904632568,0.0,0.6492388248443604,0.9098677635192871,0.3811754584312439
23.971914291381836,177.4302978515625,6.847255706787109,0.0,0.0,0.0,0.0,0.0,-0.0,0.0,5.043500028337751,3.9720714569091795,0.0,0.17299799621105194,0.0,0.0,0.0,0.0,0.0,0.0,0.0,0.0,0.0,0.0,2187.0,-4.599999904632568,0.0,0.7767794132232666,0.8935568332672119,0.15846723318099976
23.965164184570312,164.093505859375,6.67052698135376,0.0,0.0,0.0,0.0,0.0,-0.0,0.0,5.026142883300781,3.95471431187221,0.0,0.16041800379753113,0.0,0.0,0.0,0.0,0.0,0.0,0.0,0.0,0.0,0.0,2188.0,-4.599999904632568,0.0,0.45916637778282166,0.9207232594490051,0.18017280101776123
23.95841407775879,163.42227172851562,6.5066399574279785,0.0,0.0,0.0,0.0,0.0,-0.0,0.0,5.001499938964844,3.9300713675362724,0.0,0.15603700280189514,0.0,0.0,0.0,0.0,0.0,0.0,0.0,0.0,0.0,0.0,2189.0,-4.599999904632568,0.0,0.3802013099193573,0.8828790187835693,0.39030149579048157
23.951663970947266,162.75103759765625,6.347228050231934,0.0,0.0,0.0,0.0,0.0,-0.0,0.0,4.986428615025112,3.91500004359654,0.0,0.16241399943828583,0.0,0.0,0.0,0.0,0.0,0.0,0.0,0.0,0.0,0.0,2190.0,-4.599999904632568,0.0,0.34882017970085144,0.8155413269996643,0.6870062351226807
23.944913864135742,162.07980346679688,6.181313991546631,0.0,0.0,0.0,0.0,0.0,-0.0,0.0,4.956499998910086,3.885071427481515,0.0,0.18593700230121613,0.0,0.0,0.0,0.0,0.0,0.0,0.0,0.0,0.0,0.0,2191.0,-4.599999904632568,0.0,0.457750529050827,0.6029579639434814,0.7431730031967163
23.93816375732422,161.4085693359375,5.991402626037598,0.0,0.0,0.0,0.0,0.0,-0.0,0.0,4.914642824445452,3.8432142530168805,0.097850002348423,0.17904701828956604,0.0,0.0,0.0,0.0,0.0,0.0,0.0,0.0,0.0,0.0,2192.0,-4.599999904632568,0.0,0.8589555025100708,0.17510968446731567,0.46479716897010803
23.931413650512695,160.73733520507812,5.80852746963501,0.0,0.0,0.0,0.0,0.0,-0.0,0.0,4.8924286161150246,3.8210000446864534,0.3118390142917633,0.0,0.0,0.3572697786485861,0.0,0.0,0.0,0.0,0.0,0.0,0.0,0.0,2193.0,0.4001609981060028,0.0,0.9291514158248901,0.04493129253387451,0.23097261786460876
23.924663543701172,149.84732055664062,6.16561222076416,0.0,0.0,0.0,0.0,0.10276101452199685,-0.0,0.0,4.892857088361468,3.821428516932896,0.3164609968662262,0.0,0.0,0.0,1.1417889595031738,0.0,0.0,0.0,0.0,0.0,0.0,0.0,2194.0,-4.599999904632568,0.0,0.3844869136810303,0.2597867250442505,0.5783666968345642
23.91791343688965,149.17608642578125,6.165427207946777,0.0,0.0,0.0,0.0,0.1319755033235149,-0.0,0.0,4.909071459089007,3.837642887660435,0.31682899594306946,0.0,0.0,0.0,1.4663943648338318,0.37517672777175903,0.0,0.0,0.0,0.0,0.0,0.37517672777175903,2195.0,-4.599999904632568,-0.37517672777175903,0.030569523572921753,0.8848452568054199,0.9757446050643921
23.911163330078125,176.11721801757812,6.1652421951293945,0.0,0.0,0.0,0.0,0.22422680904531841,-0.0,0.0,4.927428599766323,3.856000028337751,0.3062939941883087,0.0,0.0,0.0,2.4914087913930416,0.060847315937280655,0.0,0.0,0.0,0.0,0.0,0.060847315937280655,2196.0,-4.599999904632568,-0.060847315937280655,0.004794269800186157,0.9980906248092651,0.9996724128723145
23.9044132232666,179.94566345214844,6.165057182312012,0.0,0.0,0.0,0.0,0.29327414101553945,-0.0,0.0,4.943642834254673,3.872214262826102,0.31632301211357117,0.0,0.0,0.0,3.2586013078689575,0.13767564296722412,0.0,0.0,0.0,0.0,0.13767564296722412,0.0,2197.0,-4.599999904632568,0.13767564296722412,0.015151679515838623,0.9999544620513916,0.9999926090240479
23.999755859375,179.27442932128906,6.164872169494629,0.0,0.0,0.0,0.0,0.3276671953135471,-0.0,0.0,4.956428609575544,3.8850000381469725,0.3280690014362335,0.0,0.0,0.0,3.6407463252544403,0.174134761095047,0.0,0.0,0.0,0.0,0.0,0.174134761095047,2198.0,-4.599999904632568,-0.174134761095047,0.17606163024902344,0.9999952912330627,0.9999995231628418
23.993005752563477,179.9980010986328,6.164687156677246,0.0,0.0,0.0,0.0,0.2965133641310709,-0.0,0.0,4.955928611755371,3.8845000403267997,0.3140439987182617,0.0,0.0,0.0,3.29459267295897,0.018463319167494774,0.0,0.0,0.0,0.0,0.018463319167494774,0.0,2199.0,-4.599999904632568,0.018463319167494774,0.3028090000152588,0.9999994039535522,0.9999998807907104
23.999980926513672,179.32676696777344,6.164502143859863,0.0,0.0,0.0,0.0,0.07021075767776311,-0.0,0.0,4.930499976021903,3.8590714045933314,0.32409700751304626,0.0,0.0,0.9646796584129333,0.7801194677545972,0.16196654736995697,0.0,0.0,0.0,0.0,0.0,0.16196654736995697,2200.0,0.9646796584129333,-0.16196654736995697,0.7129151821136475,0.9999995827674866,1.0
23.99323081970215,179.99807739257812,7.128968238830566,0.0,0.0,0.0,0.0,0.0,-0.0,0.0,4.892500005449567,3.821071434020996,0.5026990175247192,0.0,0.0,0.857891795582528,0.0,0.01840119951914821,0.0,0.0,0.0,0.0,0.01840119951914821,0.0,2201.0,0.9673010110855103,0.01840119995176792,0.9625638723373413,0.9999999403953552,1.0
23.999984741210938,179.32684326171875,7.9866204261779785,0.0,0.0,0.0,0.0,0.0,-0.0,0.0,4.84285717010498,3.771428598676409,0.3852519989013672,0.0,0.0,0.10751258984840817,0.0,0.12254122644662857,0.0,0.0,0.0,0.0,0.0,0.12254122644662857,2202.0,0.2647479772567749,-0.12254122644662857,0.9971580505371094,1.0,1.0
23.993234634399414,179.99807739257812,8.093890190124512,0.0,0.0,0.0,0.0,0.0,-0.0,0.0,4.794071415492466,3.7226428440638952,0.04560000076889992,0.46104997396469116,0.0,0.0,0.0,0.0,0.0,0.0,0.018773694562559593,0.0,0.018773694562559593,0.0,2203.0,-4.599999904632568,0.018773695454001427,0.9963619709014893,0.9999997615814209,1.0
23.999984741210938,179.32684326171875,7.60404634475708,0.0,0.0,0.0,0.0,0.0,-0.0,0.0,4.7626428740365165,3.691214370727539,0.0,0.4709460139274597,0.0,0.0,0.0,0.0,0.0,0.0,0.018962783738970757,0.0,0.0,0.018962783738970757,2204.0,-4.599999904632568,-0.018962783738970757,0.9924774169921875,0.9999945759773254,0.9999994039535522
23.993234634399414,179.99798583984375,7.103926658630371,0.0,0.0,0.0,0.0,0.0,-0.0,0.0,4.737642846788678,3.6662142072405133,0.0,0.41366100311279297,0.0,0.0,0.0,0.0,0.0,0.0,0.018090125173330307,0.0,0.018090125173330307,0.0,2205.0,-4.599999904632568,0.018090125173330307,0.9617160558700562,0.9998708367347717,0.9999690055847168
23.999340057373047,179.32675170898438,6.6631646156311035,0.0,0.0,0.0,0.0,0.0,-0.0,0.0,4.714428574698312,3.6430000032697403,0.0,0.39861899614334106,0.0,0.0,0.0,0.0,0.0,0.0,0.0109900226816535,0.0,0.0,0.0109900226816535,2206.0,-4.599999904632568,-0.0109900226816535,0.8338194489479065,0.9961762428283691,0.9964078664779663
23.992589950561523,179.42333984375,6.245008945465088,0.0,0.0,0.0,0.0,0.0,-0.0,0.0,4.694714287349155,3.6232857840401786,0.0,0.38435301184654236,0.0,0.0,0.0,0.0,0.0,0.0,0.0,0.0,0.0,0.0,2207.0,-4.599999904632568,0.0,0.686782717704773,0.9165441989898682,0.7353940010070801
23.98583984375,169.81689453125,5.852636337280273,0.0,0.0,0.0,0.0,0.0,-0.0,0.0,4.675214304242815,3.6037857328142437,0.0,0.30077099800109863,0.0,0.0,0.0,0.0,0.0,0.0,0.0,0.0,0.0,0.0,2208.0,-4.599999904632568,0.0,0.6495805978775024,0.7399839162826538,0.13291078805923462
23.979089736938477,169.14566040039062,5.545560836791992,0.0,0.0,0.0,0.0,0.0,-0.0,0.0,4.655214255196707,3.583785683768136,0.0,0.2221280038356781,0.0,0.0,0.0,0.0,0.0,0.0,0.0,0.0,0.0,0.0,2209.0,-4.599999904632568,0.0,0.6146290898323059,0.5662153959274292,0.020058780908584595
23.972339630126953,168.47442626953125,5.318740367889404,0.0,0.0,0.0,0.0,0.0,-0.0,0.0,4.629357147216797,3.5579285757882255,0.0,0.18981599807739258,0.0,0.0,0.0,0.0,0.0,0.0,0.0,0.0,0.0,0.0,2210.0,-4.599999904632568,0.0,0.5899461507797241,0.5227997899055481,0.015338331460952759
23.96558952331543,159.6969451904297,5.124897003173828,0.0,0.0,0.0,0.0,0.0,-0.0,0.0,4.600642830984933,3.5292142595563614,0.0,0.17299799621105194,0.0,0.0,0.0,0.0,0.0,0.0,0.0,0.0,0.0,0.0,2211.0,-4.599999904632568,0.0,0.5484548211097717,0.578376054763794,0.007210195064544678
23.958839416503906,158.1587677001953,4.948220252990723,0.0,0.0,0.0,0.0,0.0,-0.0,0.0,4.574928501674107,3.503499930245536,0.0,0.16041800379753113,0.0,0.0,0.0,0.0,0.0,0.0,0.0,0.0,0.0,0.0,2212.0,-4.599999904632568,0.0,0.7232334017753601,0.6143906116485596,0.060191333293914795
23.952089309692383,132.54156494140625,4.7843852043151855,0.0,0.0,0.0,0.0,0.0,-0.0,0.0,4.550357219151088,3.4789286477225168,0.0,0.15603700280189514,0.0,0.0,0.0,0.0,0.0,0.0,0.0,0.0,0.0,0.0,2213.0,-4.599999904632568,0.0,0.5717268586158752,0.5598672032356262,0.04470938444137573
23.94533920288086,131.87033081054688,4.625025272369385,0.0,0.0,0.0,0.0,0.0,-0.0,0.0,4.532000078473772,3.460571507045201,0.0,0.16241399943828583,0.0,0.0,0.0,0.0,0.0,0.0,0.0,0.0,0.0,0.0,2214.0,-4.599999904632568,0.0,0.5698729753494263,0.3982071876525879,0.2400907576084137
23.938589096069336,131.1990966796875,4.459163188934326,0.0,0.0,0.0,0.0,0.0,-0.0,0.0,4.526571491786411,3.4551429203578405,0.0,0.18593700230121613,0.0,0.0,0.0,0.0,0.0,0.0,0.0,0.0,0.0,0.0,2215.0,-4.459029674530029,0.0,0.6828666925430298,0.23881778120994568,0.5270252823829651
23.931838989257812,130.52786254882812,4.269303321838379,0.0,0.0,0.0,0.0,0.0,-0.0,0.0,4.57778570992606,3.506357138497489,0.27689701318740845,0.0,0.0,0.47902691938978137,0.0,0.0,0.0,0.0,0.0,0.0,0.0,0.0,2216.0,0.5291029810905457,0.0,0.9138719439506531,0.01655152440071106,0.33383709192276
23.7407169342041,129.85662841796875,4.748188018798828,0.0,0.0,0.0,0.0,0.2079691855485577,-0.0,0.0,4.682571424756731,3.611142785208566,0.3118390142917633,0.0,0.0,0.0,2.3107685446739197,0.6007421612739563,0.0,0.0,0.0,0.0,0.0,0.6007421612739563,2217.0,-4.599999904632568,-0.6007421612739563,0.1856974959373474,0.2044835090637207,0.8114584684371948
23.733959197998047,149.83145141601562,4.748045444488525,0.0,0.0,0.0,0.0,0.4138434208507058,-0.0,0.0,4.750428553989956,3.678999982561384,0.3164609968662262,0.0,0.0,0.0,4.59825986623764,0.5515790581703186,0.0,0.0,0.0,0.0,0.0,0.5515790581703186,2218.0,-4.599999904632568,-0.5515790581703186,0.09641623497009277,0.9130064249038696,0.9964754581451416
23.727209091186523,179.43414306640625,4.747902870178223,0.0,0.0,0.0,0.0,0.570943996468843,-0.0,0.0,4.787571443830218,3.716142872401646,0.31682899594306946,0.0,0.0,0.07568975538015366,6.343821678825484,0.37001433968544006,0.0,0.0,0.0,0.0,0.37001433968544006,0.0,2219.0,0.07568975538015366,0.37001433968544006,0.4823562800884247,0.9972391128540039,0.9999344348907471
23.98617935180664,178.76290893554688,4.823448181152344,0.0,0.0,0.0,0.0,0.21634742625529083,-0.0,0.0,4.800571387154715,3.729142815726144,0.8031650185585022,0.0,0.0,4.563416004180908,2.403860100683813,0.29217836260795593,0.0,0.0,0.0,0.0,0.0,0.29217836260795593,2220.0,4.563416004180908,-0.29217836260795593,0.9386834502220154,0.9992576837539673,0.9999948740005493
23.979429244995117,179.99725341796875,9.386582374572754,0.0,0.0,0.0,0.0,0.7072629570503544,-0.0,0.0,4.803428595406668,3.732000023978097,0.31632301211357117,0.0,0.0,0.4237646758556366,7.858476676023866,0.033037323504686356,0.0,0.0,0.0,0.0,0.033037323504686356,0.0,2221.0,0.4237646758556366,0.033037323504686356,0.9810317158699036,0.9992997646331787,0.9999984502792358
23.996482849121094,106.74681091308594,9.810052871704102,0.0,0.0,0.0,0.0,0.6320256026487258,-0.0,0.0,4.802642904009137,3.7312143325805662,0.3280690014362335,0.0,0.0,0.18911786377429962,7.022506137998297,1.0330477952957153,0.0,0.0,0.0,0.0,0.0,1.0330477952957153,2222.0,0.18911786377429962,-1.0330477952957153,0.9999140501022339,0.9999929070472717,0.9999969005584717
23.98973274230957,179.99758911132812,9.998870849609375,0.0,0.0,0.0,0.0,0.6840482425616246,-0.0,0.0,4.798714310782296,3.7272857393537246,0.3140439987182617,0.0,0.0,0.0,7.600535424426198,0.023620573803782463,0.0,0.0,0.0,0.0,0.023620573803782463,0.0,2223.0,-4.599999904632568,0.023620573803782463,0.9996079206466675,0.9999998807907104,0.9999999403953552
23.999984741210938,179.32635498046875,9.998571395874023,0.0,0.0,0.0,0.0,0.5643434077476163,-0.0,0.0,4.79035712650844,3.7189285550798687,0.41388899087905884,0.0,0.0,0.0,6.270481809973717,0.018829599022865295,0.0,0.0,0.0,0.0,0.0,0.018829599022865295,2224.0,-4.599999904632568,-0.018829599022865295,0.9994263648986816,1.0,1.0
23.993234634399414,179.99807739257812,9.998271942138672,0.0,0.0,0.0,0.0,0.4066462744776905,-0.0,0.0,4.773642826080322,3.702214322771345,0.3145039975643158,0.0,0.0,0.0,4.518291579559445,0.018854035064578056,0.0,0.0,0.0,0.0,0.018854035064578056,0.0,2225.0,-4.599999904632568,0.018854035064578056,0.9976227283477783,1.0,1.0
23.999984741210938,179.32684326171875,9.99797248840332,0.0,0.0,0.0,0.0,0.18522826712541887,-0.0,0.0,4.744785731179373,3.673357227870396,0.3852519989013672,0.0,0.0,0.0,2.058091693386663,0.01905626727617878,0.0,0.0,0.0,0.0,0.0,0.01905626727617878,2226.0,-4.599999904632568,-0.01905626803636551,0.9983903169631958,1.0,1.0
23.993234634399414,179.99807739257812,9.997673034667969,0.0,0.0,0.0,0.0,0.0,-0.0,0.0,4.69007146017892,3.618642888750349,0.17765000462532043,0.32899996638298035,0.0,0.0,0.0,0.0,0.0,0.0,0.019189991056919098,0.0,0.019189991056919098,0.0,2227.0,-4.599999904632568,0.019189991056919098,0.9990736246109009,1.0,1.0
23.999984741210938,179.32684326171875,9.642087936401367,0.0,0.0,0.0,0.0,0.0,-0.0,0.0,4.646642902919224,3.575214331490653,0.0,0.4709460139274597,0.0,0.0,0.0,0.0,0.0,0.0,0.2214598598289115,0.0,0.0,0.2214598598289115,2228.0,-4.599999904632568,-0.22145986557006836,0.9992752075195312,0.9999997019767761,1.0
23.993234634399414,179.99807739257812,8.935283660888672,0.0,0.0,0.0,0.0,0.0,-0.0,0.0,4.635642950875418,3.564214379446847,0.0,0.5317410230636597,0.0,0.0,0.0,0.0,0.0,0.0,0.019319303333759308,0.0,0.019319303333759308,0.0,2229.0,-4.599999904632568,0.019319303333759308,0.9966335296630859,0.9999867081642151,0.9999985694885254
23.99991798400879,170.83352661132812,8.372726440429688,0.0,0.0,0.0,0.0,0.0,-0.0,0.0,4.625071334838867,3.553642763410296,0.0,0.45084699988365173,0.0,0.0,0.0,0.0,0.0,0.0,0.29020795226097107,0.0,0.0,0.29020795226097107,2230.0,-4.599999904632568,-0.29020795226097107,0.9916151165962219,0.9998217821121216,0.9999350309371948
23.993167877197266,179.98768615722656,7.61631965637207,0.0,0.0,0.0,0.0,0.0,-0.0,0.0,4.603928647722516,3.532500076293945,0.0,0.38435301184654236,0.0,0.0,0.0,0.0,0.0,0.0,0.0,0.0,0.0,0.0,2231.0,-4.599999904632568,0.0,0.9092254638671875,0.9851671457290649,0.9860910773277283
23.986417770385742,179.3164520263672,7.22390604019165,0.0,0.0,0.0,0.0,0.0,-0.0,0.0,4.570928519112723,3.4994999476841517,0.0,0.30077099800109863,0.0,0.0,0.0,0.0,0.0,0.0,0.0,0.0,0.0,0.0,2232.0,-4.599999904632568,0.0,0.8531075716018677,0.898059606552124,0.726821780204773
23.97966766357422,178.6452178955078,6.916789531707764,0.0,0.0,0.0,0.0,0.0,-0.0,0.0,4.5257856641496925,3.454357092721122,0.0,0.2221280038356781,0.0,0.0,0.0,0.0,0.0,0.0,0.0,0.0,0.0,0.0,2233.0,-4.599999904632568,0.0,0.8318934440612793,0.7953610420227051,0.34523895382881165
23.972917556762695,177.97398376464844,6.689927577972412,0.0,0.0,0.0,0.0,0.0,-0.0,0.0,4.585785675048828,3.5143571036202568,0.0,0.20841699838638306,0.0,0.0,0.0,0.0,0.0,0.0,0.0,0.0,0.0,0.0,2234.0,-4.599999904632568,0.0,0.8483500480651855,0.7751361131668091,0.20248010754585266
23.966167449951172,167.1423797607422,6.477063179016113,0.0,0.0,0.0,0.0,0.0,-0.0,0.0,4.560571343558175,3.4891427721296036,0.0,0.19043999910354614,0.0,0.0,0.0,0.0,0.0,0.0,0.0,0.0,0.0,0.0,2235.0,-4.599999904632568,0.0,0.9017534852027893,0.5291240811347961,0.038795918226242065
23.776599884033203,165.24386596679688,6.282548427581787,0.0,0.0,0.0,0.0,0.0,-0.0,0.0,4.553571374075753,3.4821428026471817,0.0,0.17655999958515167,0.0,0.0,0.0,0.0,0.0,0.0,0.0,0.0,0.0,0.0,2236.0,-4.599999904632568,0.0,0.6888827085494995,0.7190983891487122,0.06716752052307129
23.768795013427734,164.5726318359375,6.102202415466309,0.0,0.0,0.0,0.0,0.0,-0.0,0.0,4.556285803658621,3.48485723223005,0.0,0.17167800664901733,0.0,0.0,0.0,0.0,0.0,0.0,0.0,0.0,0.0,0.0,2237.0,-4.599999904632568,0.0,0.6271935701370239,0.6425143480300903,0.23487240076065063
23.758935928344727,163.90139770507812,5.926843166351318,0.0,0.0,0.0,0.0,0.0,-0.0,0.0,4.553071376255581,3.481642804827009,0.0,0.17986400425434113,0.0,0.0,0.0,0.0,0.0,0.0,0.0,0.0,0.0,0.0,2238.0,-4.599999904632568,0.0,0.589314341545105,0.5093786716461182,0.5399765968322754
23.749073028564453,163.23016357421875,5.743136405944824,0.0,0.0,0.0,0.0,0.0,-0.0,0.0,4.557642882210867,3.486214447021484,0.0,0.20588499307632446,0.0,0.0,0.0,0.0,0.0,0.0,0.0,0.0,0.0,0.0,2239.0,-4.599999904632568,0.0,0.648426353931427,0.31001171469688416,0.7185543775558472
23.74022674560547,162.55892944335938,5.532883644104004,0.0,0.0,0.0,0.0,0.0,-0.0,0.0,4.555642890930176,3.4842144557407924,0.01994999870657921,0.3452329933643341,0.0,0.0,0.0,0.0,0.0,0.0,0.0,0.0,0.0,0.0,2240.0,-4.599999904632568,0.0,0.973162829875946,0.020156651735305786,0.3621598482131958
23.547542572021484,153.30032348632812,5.180449962615967,0.0,0.0,0.0,0.0,0.0,-0.0,0.0,4.607928630283901,3.5365000588553293,0.37451601028442383,0.0,0.0,0.6440402203976419,0.0,0.0,0.0,0.0,0.0,0.0,0.0,0.0,2241.0,0.7114839553833008,0.0,0.9003103971481323,0.010377109050750732,0.2316877543926239
23.537681579589844,152.62908935546875,5.824315547943115,0.0,0.0,0.0,0.0,0.2174932666117552,-0.0,0.0,4.732142870766776,3.6607142312186105,0.3549250066280365,0.0,0.0,0.0,2.4165916591882706,0.14783333241939545,0.0,0.0,0.0,0.0,0.0,0.14783333241939545,2242.0,-4.599999904632568,-0.14783333241939545,0.0612582266330719,0.5525598526000977,0.8896152973175049
23.528850555419922,162.33651733398438,5.824141025543213,0.0,0.0,0.0,0.0,0.33530969051000836,-0.0,0.0,4.879785755702427,3.8083571842738557,0.35721999406814575,0.0,0.0,0.0,3.7256629317998886,0.24816705286502838,0.0,0.0,0.0,0.0,0.0,0.24816705286502838,2243.0,-4.599999904632568,-0.24816705286502838,0.018322765827178955,0.9885824918746948,0.998703122138977
23.521581649780273,179.7905731201172,5.8239665031433105,0.0,0.0,0.0,0.0,0.35035132271856484,-0.0,0.0,5.013000025068011,3.941571453639439,0.47686100006103516,0.0,0.0,0.0,3.8927921652793884,0.6415968537330627,0.0,0.0,0.0,0.0,0.6415968537330627,0.0,2244.0,-4.599999904632568,0.6415968537330627,0.06953850388526917,0.999458909034729,0.9999657869338989
23.99728012084961,170.64146423339844,5.823791980743408,0.0,0.0,0.0,0.0,0.41074892253668294,-0.0,0.0,5.1116429192679265,4.040214347839355,0.35785800218582153,0.0,0.0,0.0,4.5638765543699265,0.1294151097536087,0.0,0.0,0.0,0.0,0.0,0.1294151097536087,2245.0,-4.599999904632568,-0.1294151097536087,0.13185974955558777,0.9999722242355347,0.9999977946281433
23.990530014038086,179.9977264404297,5.823617458343506,0.0,0.0,0.0,0.0,0.30572878814089216,-0.0,0.0,5.181928580147879,4.110500008719308,0.4128290116786957,0.0,0.0,1.8645515441894531,3.3969862649305833,0.020830897614359856,0.0,0.0,0.0,0.0,0.020830897614359856,0.0,2246.0,1.8645515441894531,0.020830897614359856,0.7688139081001282,0.9999972581863403,0.9999998807907104
23.999971389770508,171.17550659179688,7.687938690185547,0.0,0.0,0.0,0.0,0.3677171898060773,-0.0,0.0,5.213714272635324,4.142285701206752,0.354746013879776,0.0,0.0,0.0,4.085746228694916,0.11950784921646118,0.0,0.0,0.0,0.0,0.0,0.11950784921646118,2247.0,-4.599999904632568,-0.11950784921646118,0.6836844682693481,0.9999997615814209,0.9999999403953552
23.993221282958984,179.99806213378906,7.687708377838135,0.0,0.0,0.0,0.0,0.18375729628201656,-0.0,0.0,5.209642900739397,4.138214329310825,0.3672589957714081,0.0,0.0,0.0,2.041747574203329,0.017293210632486688,0.0,0.0,0.0,0.0,0.017293210632486688,0.0,2248.0,-4.599999904632568,0.017293211072683334,0.6728416085243225,0.9999999403953552,1.0
23.999984741210938,171.80409240722656,7.687478065490723,0.0,0.0,0.0,0.0,0.0,-0.0,0.0,5.183785656520298,4.112357085091727,0.3569149971008301,0.0,0.0,0.7680528835410744,0.0,0.11240755564104074,0.0,0.0,0.0,0.0,0.0,0.11240755564104074,2249.0,0.9620850086212158,-0.11240755766630173,0.9771456718444824,1.0,1.0
23.993234634399414,179.99807739257812,8.455277442932129,0.0,0.0,0.0,0.0,0.0,-0.0,0.0,5.125357164655413,4.053928593226841,0.4388999938964844,0.03908601403236389,0.0,0.0,0.0,0.0,0.0,0.0,0.017555266618728638,0.0,0.017555266618728638,0.0,2250.0,-4.599999904632568,0.017555266618728638,0.9991309642791748,0.9999994039535522,1.0
23.999980926513672,124.7767105102539,8.397228240966797,0.0,0.0,0.0,0.0,0.0,-0.0,0.0,5.024285670689174,3.9528570992606027,0.0,1.0554490089416504,0.0,0.0,0.0,0.0,0.0,0.0,0.9884322881698608,0.0,0.0,0.9884322881698608,2251.0,-4.599999904632568,-0.9884322881698608,0.9991879463195801,0.9999983310699463,0.9999999403953552
23.99323081970215,179.99806213378906,6.311445713043213,0.0,0.0,0.0,0.0,0.0,-0.0,0.0,4.9682857785906105,3.8968572071620393,0.0,0.8687559962272644,0.0,0.0,0.0,0.0,0.0,0.0,0.017316868528723717,0.0,0.017316868528723717,0.0,2252.0,-4.599999904632568,0.017316868528723717,0.9654667377471924,0.9998804330825806,0.9999743103981018
23.999385833740234,167.3533935546875,5.407127857208252,0.0,0.0,0.0,0.0,0.0,-0.0,0.0,4.905142865862165,3.8337142944335936,0.0,0.5217649936676025,0.0,0.0,0.0,0.0,0.0,0.0,0.17755189538002014,0.0,0.0,0.17755189538002014,2253.0,-4.599999904632568,-0.17755189538002014,0.8418649435043335,0.9988794326782227,0.9983638525009155
23.99263572692871,179.73629760742188,4.693398475646973,0.0,0.0,0.0,0.0,0.0,-0.0,0.0,4.849142837524414,3.7777142660958427,0.0,0.949720025062561,0.0,0.0,0.0,0.0,0.0,0.0,0.0,0.0,0.0,0.0,2254.0,-4.599999904632568,0.0,0.6610910892486572,0.8396031856536865,0.7183859348297119
23.985885620117188,159.87513732910156,3.72418475151062,0.0,0.0,0.0,0.0,0.0,-0.0,0.0,4.812214251926967,3.7407856804983957,0.0,0.4041120111942291,0.0,0.0,0.0,0.0,0.0,0.0,0.0,0.0,0.0,0.0,2255.0,-3.7240731716156006,0.0,0.2963920533657074,0.3768324851989746,0.07053443789482117
23.979135513305664,127.24374389648438,3.3117263317108154,0.0,0.0,0.0,0.0,0.0,-0.0,0.0,4.788214288439069,3.716785648890904,0.0,0.31360501050949097,0.0,0.0,0.0,0.0,0.0,0.0,0.0,0.0,0.0,0.0,2256.0,-3.311627149581909,0.0,0.5329006910324097,0.6249580383300781,0.22385290265083313
23.97238540649414,57.95319366455078,2.991631507873535,0.0,0.0,0.0,0.0,0.0,-0.0,0.0,4.755785683223179,3.684357179914202,0.0,0.24229499697685242,0.0,0.0,0.0,0.0,0.0,0.0,0.0,0.0,0.0,0.0,2257.0,-2.991541862487793,0.0,0.5206135511398315,0.832735538482666,0.0009669661521911621
23.965635299682617,57.28196334838867,2.744309425354004,0.0,0.0,0.0,0.0,0.0,-0.0,0.0,4.7122142791748045,3.6407857077462333,0.0,0.20841699838638306,0.0,0.0,0.0,0.0,0.0,0.0,0.0,0.0,0.0,0.0,2258.0,-2.744227170944214,0.0,0.435418963432312,0.8042914867401123,0.0007006824016571045
23.958885192871094,56.61073303222656,2.5315630435943604,0.0,0.0,0.0,0.0,0.0,-0.0,0.0,4.662857137407575,3.5914285659790037,0.0,0.19043999910354614,0.0,0.0,0.0,0.0,0.0,0.0,0.0,0.0,0.0,0.0,2259.0,-2.531487226486206,0.0,0.3660200834274292,0.6999096870422363,0.0010744333267211914
23.95213508605957,55.93950271606445,2.3371665477752686,0.0,0.0,0.0,0.0,0.0,-0.0,0.0,4.608142798287528,3.5367142268589564,0.0,0.17655999958515167,0.0,0.0,0.0,0.0,0.0,0.0,0.0,0.0,0.0,0.0,2260.0,-2.3370964527130127,0.0,0.3539855182170868,0.5086281299591064,0.002777785062789917
23.945384979248047,55.268272399902344,2.1569385528564453,0.0,0.0,0.0,0.0,0.0,-0.0,0.0,4.565714372907366,3.4942858014787945,0.0,0.17167800664901733,0.0,0.0,0.0,0.0,0.0,0.0,0.0,0.0,0.0,0.0,2261.0,-2.156873941421509,0.0,0.32174819707870483,0.2796242833137512,0.012377649545669556
23.938634872436523,54.597042083740234,1.9816975593566895,0.0,0.0,0.0,0.0,0.0,-0.0,0.0,4.5276428767613,3.4562143053327286,0.0,0.17986400425434113,0.0,0.0,0.0,0.0,0.0,0.0,0.0,0.0,0.0,0.0,2262.0,-1.9816381931304932,0.0,0.3757144808769226,0.16941827535629272,0.054040491580963135
23.931884765625,53.925811767578125,1.7981089353561401,0.0,0.0,0.0,0.0,0.0,-0.0,0.0,4.5013571602957585,3.4299285888671873,0.0,0.20588499307632446,0.0,0.0,0.0,0.0,0.0,0.0,0.0,0.0,0.0,0.0,2263.0,-1.7980550527572632,0.0,0.5182026624679565,0.10194000601768494,0.1737074851989746
23.925134658813477,53.254581451416016,1.5879745483398438,0.0,0.0,0.0,0.0,0.0,-0.0,0.0,4.49021429334368,3.4187858581542967,0.042750000953674316,0.26144900918006897,0.0,0.0,0.0,0.0,0.0,0.0,0.27557075023651123,0.0,0.0,0.27557075023651123,2264.0,-1.587926983833313,-0.27557075023651123,0.7100235223770142,0.04616144299507141,0.31658244132995605
23.918384552001953,70.65127563476562,1.0399640798568726,0.0,0.0,0.0,0.0,0.0,-0.0,0.0,4.548571395874023,3.477142824445452,0.34724798798561096,0.0,0.0,0.26970873374153115,0.0,0.18503902852535248,0.0,0.0,0.0,0.0,0.0,0.18503902852535248,2265.0,0.5027520656585693,-0.18503902852535248,0.7922724485397339,0.0065708160400390625,0.38950762152671814
23.91163444519043,82.31930541992188,1.309633493423462,0.0,0.0,0.0,0.0,4.926917462679335e-5,-0.0,0.0,4.617285810198102,3.545857238769531,0.3549250066280365,0.0,0.0,0.827854335308075,0.0005474352301247931,1.0645782947540283,0.0,0.0,0.0,0.0,0.0,1.0645782947540283,2266.0,0.827854335308075,-1.0645782947540283,0.21374577283859253,0.058689773082733154,0.8377743363380432
23.904884338378906,154.04197692871094,2.1374237537384033,0.0,0.0,0.0,0.0,0.23081538544618063,-0.0,0.0,4.665214279719761,3.5937856401715957,0.35721999406814575,0.0,0.0,0.0,2.5646151900291443,0.38036495447158813,0.0,0.0,0.0,0.0,0.0,0.38036495447158813,2267.0,-2.137359619140625,-0.38036495447158813,0.018254786729812622,0.7770322561264038,0.9974251985549927
23.898134231567383,179.5861053466797,2.137359619140625,0.0,0.0,0.0,0.0,0.297689141223957,-0.0,0.0,4.6939285959516255,3.62249995640346,0.34515801072120667,0.0,0.0,0.0,3.3076568618416786,0.07593502849340439,0.0,0.0,0.0,0.0,0.07593502849340439,0.0,2268.0,-2.1372954845428467,0.07593502849340439,0.016781479120254517,0.9889729022979736,0.999889612197876
23.944849014282227,169.5997772216797,2.1372954845428467,0.0,0.0,0.0,0.0,0.16250301065487058,-0.0,0.0,4.740071446555001,3.6686428070068358,0.35785800218582153,0.0,0.0,3.6515777111053467,1.8055888637810265,0.24840326607227325,0.0,0.0,0.0,0.0,0.0,0.24840326607227325,2269.0,3.6515777111053467,-0.24840326607227325,0.5788843035697937,0.9997579455375671,0.9999985694885254
23.938098907470703,179.9978485107422,5.788699626922607,0.0,0.0,0.0,0.0,0.21405425019331312,-0.0,0.0,4.771928596496582,3.7005000250680107,0.3717289865016937,0.0,0.0,4.056604385375977,2.378380368686786,0.09584871679544449,0.0,0.0,0.0,0.0,0.09584871679544449,0.0,2270.0,4.056604385375977,0.09584871679544449,0.9845273494720459,0.999994158744812,0.9999998807907104
23.999956130981445,161.05075073242188,9.845008850097656,0.0,0.0,0.0,0.0,0.46182437450689917,-0.0,0.0,4.77857141494751,3.7071429116385324,0.354746013879776,0.0,0.0,0.10764070600271225,5.131381531159974,0.7148852944374084,0.0,0.0,0.0,0.0,0.0,0.7148852944374084,2271.0,0.10764070600271225,-0.7148852944374084,0.9952619075775146,0.9999982118606567,0.9999998807907104
23.993206024169922,179.99807739257812,9.952351570129395,0.0,0.0,0.0,0.0,0.47465284405621416,-0.0,0.0,4.766857160840716,3.69542852129255,0.3672589957714081,0.0,0.0,0.0,5.2739200703799725,0.018920887261629105,0.0,0.0,0.0,0.0,0.018920887261629105,0.0,2272.0,-4.599999904632568,0.018920887261629105,0.9952151775360107,1.0,1.0
23.999984741210938,179.32684326171875,9.95205307006836,0.0,0.0,0.0,0.0,0.3212352896035429,-0.0,0.0,4.725999982016427,3.65457147870745,0.3569149971008301,0.0,0.0,0.0,3.5692807119339705,0.019154222682118416,0.0,0.0,0.0,0.0,0.0,0.019154222682118416,2273.0,-4.599999904632568,-0.019154222682118416,0.9919661283493042,1.0,1.0
23.993234634399414,179.99807739257812,9.951754570007324,0.0,0.0,0.0,0.0,0.10459361105603794,-0.0,0.0,4.638000025068011,3.566571453639439,0.44537198543548584,0.0,0.0,0.03113599494099617,1.1621511415965007,0.019405439496040344,0.0,0.0,0.0,0.0,0.019405439496040344,0.0,2274.0,0.03113599494099617,0.019405439496040344,0.9982860088348389,1.0,1.0
23.999984741210938,179.32684326171875,9.98259162902832,0.0,0.0,0.0,0.0,0.0,-0.0,0.0,4.50292854309082,3.431499971662249,0.0,1.0638229846954346,0.0,0.0,0.0,0.0,0.0,0.0,0.27075204253196716,0.0,0.0,0.27075204253196716,2275.0,-4.599999904632568,-0.27075204253196716,0.9973996877670288,0.9999992847442627,0.9999998807907104
23.993234634399414,179.99806213378906,8.620521545410156,0.0,0.0,0.0,0.0,0.0,-0.0,0.0,4.4707142421177455,3.399285670689174,0.0,0.890097975730896,0.0,0.0,0.0,0.0,0.0,0.0,0.020040543749928474,0.0,0.020040543749928474,0.0,2276.0,-4.599999904632568,0.020040543749928474,0.9946761131286621,0.9999878406524658,0.9999982118606567
23.999923706054688,168.97836303710938,7.691578388214111,0.0,0.0,0.0,0.0,0.0,-0.0,0.0,4.453071403503418,3.3816426958356582,0.0,0.4875490069389343,0.0,0.0,0.0,0.0,0.0,0.0,0.42103737592697144,0.0,0.0,0.42103737592697144,2277.0,-4.599999904632568,-0.42103737592697144,0.9923200607299805,0.9999405145645142,0.9999884366989136
23.993173599243164,179.99623107910156,6.764246463775635,0.0,0.0,0.0,0.0,0.0,-0.0,0.0,4.444571440560477,3.3731430053710936,0.0,0.44724398851394653,0.0,0.0,0.0,0.0,0.0,0.0,0.0,0.0,0.0,0.0,2278.0,-4.599999904632568,0.0,0.8755220174789429,0.9942204356193542,0.995462954044342
23.98642349243164,179.3249969482422,6.307685852050781,0.0,0.0,0.0,0.0,0.0,-0.0,0.0,4.4485714231218605,3.3771429879324777,0.0,0.4041120111942291,0.0,0.0,0.0,0.0,0.0,0.0,0.0,0.0,0.0,0.0,2279.0,-4.599999904632568,0.0,0.7196257710456848,0.8836717009544373,0.7647279500961304
23.979673385620117,178.6537628173828,5.8951497077941895,0.0,0.0,0.0,0.0,0.0,-0.0,0.0,4.459999983651297,3.388571275983538,0.0,0.3581579923629761,0.0,0.0,0.0,0.0,0.0,0.0,0.0,0.0,0.0,0.0,2280.0,-4.599999904632568,0.0,0.6651301980018616,0.5332319140434265,0.13428586721420288
23.972919464111328,177.98252868652344,5.529516696929932,0.0,0.0,0.0,0.0,0.0,-0.0,0.0,4.468428557259696,3.3970001220703123,0.0,0.24229499697685242,0.0,0.0,0.0,0.0,0.0,0.0,0.0,0.0,0.0,0.0,2281.0,-4.599999904632568,0.0,0.6791639924049377,0.39519834518432617,0.02748018503189087
23.964096069335938,164.27255249023438,5.282118320465088,0.0,0.0,0.0,0.0,0.0,-0.0,0.0,4.46821425301688,3.3967856815883093,0.0,0.20841699838638306,0.0,0.0,0.0,0.0,0.0,0.0,0.0,0.0,0.0,0.0,2282.0,-4.599999904632568,0.0,0.6459049582481384,0.4758014678955078,0.015495061874389648
23.955259323120117,163.601318359375,5.069295883178711,0.0,0.0,0.0,0.0,0.0,-0.0,0.0,4.469428552900042,3.3980001177106582,0.0,0.19043999910354614,0.0,0.0,0.0,0.0,0.0,0.0,0.0,0.0,0.0,0.0,2283.0,-4.599999904632568,0.0,0.6085100769996643,0.49604377150535583,0.00791063904762268
23.945398330688477,162.93008422851562,4.874823093414307,0.0,0.0,0.0,0.0,0.0,-0.0,0.0,4.4673571722848076,3.395928737095424,0.0,0.17655999958515167,0.0,0.0,0.0,0.0,0.0,0.0,0.0,0.0,0.0,0.0,2284.0,-4.599999904632568,0.0,0.4850485622882843,0.46922892332077026,0.015571802854537964
23.935527801513672,162.25885009765625,4.69451904296875,0.0,0.0,0.0,0.0,0.0,-0.0,0.0,4.465214266095843,3.393785694667271,0.0,0.17167800664901733,0.0,0.0,0.0,0.0,0.0,0.0,0.0,0.0,0.0,0.0,2285.0,-4.599999904632568,0.0,0.7161686420440674,0.19346743822097778,0.08141714334487915
23.742847442626953,161.58761596679688,4.519201755523682,0.0,0.0,0.0,0.0,0.0,-0.0,0.0,4.468571472167969,3.3971429007393974,0.0,0.17986400425434113,0.0,0.0,0.0,0.0,0.0,0.0,0.0,0.0,0.0,0.0,2286.0,-4.519066333770752,0.0,0.5951840877532959,0.22823897004127502,0.3579986095428467
23.732955932617188,160.9163818359375,4.335536956787109,0.0,0.0,0.0,0.0,0.0,-0.0,0.0,4.46235705784389,3.390928486415318,0.0,0.20588499307632446,0.0,0.0,0.0,0.0,0.0,0.0,0.0,0.0,0.0,0.0,2287.0,-4.33540678024292,0.0,0.770369291305542,0.09244522452354431,0.6941802501678467
23.7220516204834,160.24514770507812,4.125326633453369,0.0,0.0,0.0,0.0,0.0,-0.0,0.0,4.455214309692383,3.3837857382638115,0.0,0.3041990101337433,0.0,0.0,0.0,0.0,0.0,0.0,0.0,0.0,0.0,0.0,2288.0,-4.1252031326293945,0.0,0.9817379713058472,0.005614966154098511,0.5073747038841248
23.52834701538086,159.57391357421875,3.814805030822754,0.0,0.0,0.0,0.0,0.0,-0.0,0.0,4.476214218139648,3.404785646711077,0.2793000042438507,0.06794798374176025,0.0,0.0,0.0,0.0,0.0,0.0,0.0,0.0,0.0,0.0,2289.0,-3.814690589904785,0.0,0.9799779653549194,0.003183215856552124,0.31093740463256836
23.51744270324707,149.17825317382812,3.7453579902648926,0.0,0.0,0.0,0.0,0.0,-0.0,0.0,4.497357177734375,3.4259286063058036,0.45364001393318176,0.0,0.0,0.20061578127784685,0.0,0.0,0.0,0.0,0.0,0.0,0.0,0.0,2290.0,0.2393600046634674,0.0,0.9152309894561768,0.0063323974609375,0.17204952239990234
23.142967224121094,140.21405029296875,3.9458553791046143,0.0,0.0,0.0,0.0,0.0,-0.0,0.0,4.533785629272461,3.4623570578438896,0.4463469982147217,0.0,0.0,0.6620909843559843,0.0,0.0,0.0,0.0,0.0,0.0,0.0,0.0,2291.0,0.7346529960632324,0.0,0.6271198391914368,0.05973231792449951,0.6598327159881592
22.949771881103516,139.54281616210938,4.6078081130981445,0.0,0.0,0.0,0.0,0.06557561680282059,-0.0,0.0,4.598285620553153,3.5268570491245814,0.34515801072120667,0.0,0.0,0.0,0.7286179065704346,0.5887241363525391,0.0,0.0,0.0,0.0,0.0,0.5887241363525391,2292.0,-4.599999904632568,-0.5887241363525391,0.06443449854850769,0.8757390975952148,0.9918352961540222
22.939897537231445,178.69174194335938,4.607669830322266,0.0,0.0,0.0,0.0,0.0,-0.0,0.0,4.66671427318028,3.595285633632115,0.35785800218582153,0.0,0.0,0.0,0.0,1.255241870880127,0.0,0.0,0.2218799591064453,0.0,1.4771218299865723,0.0,2293.0,-4.599999904632568,1.4771218299865723,0.05349668860435486,0.9931163787841797,0.9996460676193237
23.965566635131836,170.49649047851562,4.381130218505859,0.0,0.0,0.0,0.0,0.17146824470903352,-0.0,0.0,4.763428565434047,3.6919999258858818,0.3717289865016937,0.0,0.0,0.0,1.905202567577362,0.14366871118545532,0.0,0.0,0.0,0.0,0.0,0.14366871118545532,2294.0,-4.3809990882873535,-0.14366871118545532,0.03084549307823181,0.999972403049469,0.9999978542327881
23.955707550048828,179.99774169921875,4.3809990882873535,0.0,0.0,0.0,0.0,0.17806637680318776,-0.0,0.0,4.858785711015973,3.787357139587402,0.354746013879776,0.0,0.0,1.4018354415893555,1.978515140574938,0.07144445925951004,0.0,0.0,0.0,0.0,0.07144445925951004,0.0,2295.0,1.4018354415893555,0.07144445925951004,0.5782804489135742,0.999997079372406,0.9999998807907104
23.999969482421875,168.05087280273438,5.782660961151123,0.0,0.0,0.0,0.0,0.05041525389378546,-0.0,0.0,4.897142900739397,3.825714329310826,0.3672589957714081,0.0,0.0,1.4792580604553223,0.5601694431904589,0.17372455480859536,0.0,0.0,0.0,0.0,0.0,0.17372455480859536,2296.0,1.4792580604553223,-0.17372456192970276,0.7261888980865479,0.9999995231628418,1.0
23.992172241210938,179.99807739257812,7.2617011070251465,0.0,0.0,0.0,0.0,0.0,-0.0,0.0,4.886571420942034,3.8151428495134625,0.3569149971008301,0.0,0.0,0.40628812214264876,0.0,0.0227052976430622,0.0,0.0,0.0,0.0,0.0227052976430622,0.0,2297.0,0.4790850281715393,0.02270529791712761,0.9748326539993286,1.0,1.0
23.999984741210938,179.32684326171875,7.667759418487549,0.0,0.0,0.0,0.0,0.0,-0.0,0.0,4.862428610665457,3.791000039236886,0.2773999869823456,0.16797199845314026,0.0,0.0,0.0,0.0,0.0,0.0,0.018464909866452217,0.0,0.0,0.018464909866452217,2298.0,-4.599999904632568,-0.018464909866452217,0.9954420328140259,0.9999999403953552,1.0
23.99064826965332,179.99807739257812,7.477293491363525,0.0,0.0,0.0,0.0,0.0,-0.0,0.0,4.831428609575544,3.7600000381469725,0.0,0.5932930111885071,0.0,0.0,0.0,0.0,0.0,0.0,0.026509225368499756,0.0,0.026509225368499756,0.0,2299.0,-4.599999904632568,0.026509225368499756,0.9930216073989868,0.9999992847442627,0.9999998807907104
23.999980926513672,179.32684326171875,6.844636917114258,0.0,0.0,0.0,0.0,0.0,-0.0,0.0,4.805999973842075,3.7345714024135046,0.0,0.5601789951324463,0.0,0.0,0.0,0.0,0.0,0.0,0.018735816702246666,0.0,0.0,0.018735816702246666,2300.0,-4.599999904632568,-0.018735816702246666,0.9834302663803101,0.9999794960021973,0.9999963641166687
23.992158889770508,179.99749755859375,6.253719806671143,0.0,0.0,0.0,0.0,0.0,-0.0,0.0,4.771857139042446,3.70042849949428,0.0,0.5742419958114624,0.0,0.0,0.0,0.0,0.0,0.0,0.020480547100305557,0.0,0.020480547100305557,0.0,2301.0,-4.599999904632568,0.020480547100305557,0.9185718297958374,0.9992928504943848,0.9994668960571289
23.996448516845703,174.0431365966797,5.646690845489502,0.0,0.0,0.0,0.0,0.0,-0.0,0.0,4.7525000027247835,3.6810713631766183,0.0,0.6129140257835388,0.0,0.0,0.0,0.0,0.0,0.0,0.0,0.0,0.0,0.0,2302.0,-4.599999904632568,0.0,0.7642251253128052,0.8454063534736633,0.7640929222106934
23.62301254272461,168.20758056640625,5.021117687225342,0.0,0.0,0.0,0.0,0.0,-0.0,0.0,4.769571454184396,3.6981429508754187,0.0,0.4041120111942291,0.0,0.0,0.0,0.0,0.0,0.0,0.0,0.0,0.0,0.0,2303.0,-4.599999904632568,0.0,0.4626772105693817,0.5579677820205688,0.06983351707458496
23.612106323242188,157.90805053710938,4.6086201667785645,0.0,0.0,0.0,0.0,0.0,-0.0,0.0,4.7758571216038295,3.704428482055664,0.0,0.31360501050949097,0.0,0.0,0.0,0.0,0.0,0.0,0.0,0.0,0.0,0.0,2304.0,-4.599999904632568,0.0,0.514558732509613,0.24450993537902832,0.0047210752964019775
23.419931411743164,157.23681640625,4.288486480712891,0.0,0.0,0.0,0.0,0.0,-0.0,0.0,4.771071447644915,3.6996429443359373,0.0,0.24229499697685242,0.0,0.0,0.0,0.0,0.0,0.0,0.0,0.0,0.0,0.0,2305.0,-4.288357734680176,0.0,0.5432146787643433,0.26694053411483765,0.0012400150299072266
23.22723388671875,156.56558227539062,4.041125297546387,0.0,0.0,0.0,0.0,0.0,-0.0,0.0,4.760142884935651,3.688714381626674,0.0,0.20841699838638306,0.0,0.0,0.0,0.0,0.0,0.0,0.0,0.0,0.0,0.0,2306.0,-4.041004180908203,0.0,0.6879410147666931,0.31451964378356934,0.007279902696609497
22.669958114624023,155.89434814453125,3.8283400535583496,0.0,0.0,0.0,0.0,0.0,-0.0,0.0,4.753000000544956,3.681571360996791,0.0,0.19043999910354614,0.0,0.0,0.0,0.0,0.0,0.0,0.0,0.0,0.0,0.0,2307.0,-3.8282253742218018,0.0,0.6274677515029907,0.2649860382080078,0.0012362897396087646
22.476247787475586,155.22311401367188,3.633904457092285,0.0,0.0,0.0,0.0,0.0,-0.0,0.0,4.7662143162318635,3.6947857448032924,0.0,0.17655999958515167,0.0,0.0,0.0,0.0,0.0,0.0,0.0,0.0,0.0,0.0,2308.0,-3.6337954998016357,0.0,0.5406607985496521,0.24542319774627686,0.004320770502090454
22.466310501098633,154.5518798828125,3.4536375999450684,0.0,0.0,0.0,0.0,0.0,-0.0,0.0,4.788857133047921,3.7174285616193496,0.0,0.17167800664901733,0.0,0.0,0.0,0.0,0.0,0.0,0.0,0.0,0.0,0.0,2309.0,-3.4535341262817383,0.0,0.5229551196098328,0.12189331650733948,0.031066596508026123
22.454381942749023,153.88064575195312,3.278357744216919,0.0,0.0,0.0,0.0,0.0,-0.0,0.0,4.804428591047015,3.733000019618443,0.0,0.17986400425434113,0.0,0.0,0.0,0.0,0.0,0.0,0.0,0.0,0.0,0.0,2310.0,-3.278259515762329,0.0,0.5346884727478027,0.035770952701568604,0.19758671522140503
22.443443298339844,153.20941162109375,3.0947303771972656,0.0,0.0,0.0,0.0,0.0,-0.0,0.0,4.8190000534057615,3.7475714819771904,0.0,0.20588499307632446,0.0,0.0,0.0,0.0,0.0,0.0,0.0,0.0,0.0,0.0,2311.0,-3.094637632369995,0.0,0.6627902984619141,0.01022079586982727,0.5417057275772095
22.432506561279297,143.9970245361328,2.8845572471618652,0.0,0.0,0.0,0.0,0.0,-0.0,0.0,4.833357075282505,3.7619285038539343,0.0,0.3041990101337433,0.0,0.0,0.0,0.0,0.0,0.0,0.0,0.0,0.0,0.0,2312.0,-2.8844707012176514,0.0,0.8438923358917236,0.13714301586151123,0.47462618350982666
21.510662078857422,143.32579040527344,2.57407283782959,0.0,0.0,0.0,0.0,0.0,-0.0,0.0,4.852285739353725,3.7808571679251535,0.2565000057220459,0.09074798226356506,0.0,0.0,0.0,0.0,0.0,0.0,0.0,0.0,0.0,0.0,2313.0,-2.573995590209961,0.0,0.9052916765213013,0.000701218843460083,0.48206883668899536
21.498735427856445,142.65455627441406,2.481398344039917,0.0,0.0,0.0,0.0,0.0,-0.0,0.0,4.87757146017892,3.806142888750349,0.3549250066280365,0.0,0.0,0.38580150699472426,0.0,0.0,0.0,0.0,0.0,0.0,0.0,0.0,2314.0,0.4330749809741974,0.0,0.8594415187835693,0.0006746351718902588,0.30140045285224915
21.275373458862305,141.9833221435547,2.8671138286590576,0.0,0.0,0.0,0.0,0.0,-0.0,0.0,4.897357204982212,3.825928633553641,0.35721999406814575,0.0,0.0,1.0091843324619276,0.0,0.0,0.0,0.0,0.0,0.0,0.0,0.0,2315.0,1.1027801036834717,0.0,0.5640495419502258,0.0060252845287323,0.7436107397079468
21.08200454711914,141.3120880126953,3.8761818408966064,0.0,0.0,0.0,0.0,0.15955265359502188,-0.0,0.0,4.901142883300781,3.82971431187221,0.34515801072120667,0.0,0.0,0.0,1.7728071212768555,1.0274848937988281,0.0,0.0,0.0,0.0,1.0274848937988281,0.0,2316.0,-3.876065731048584,1.0274848937988281,0.09207266569137573,0.5473595857620239,0.9912983179092407
21.73678207397461,113.7101058959961,3.876065731048584,0.0,0.0,0.0,0.0,0.0,-0.0,0.0,4.899285670689174,3.8278570992606027,0.35785800218582153,0.0,0.0,2.120838535578173,0.0,2.990870714187622,0.0,0.0,0.0,0.0,2.990870714187622,0.0,2317.0,2.940948486328125,2.990870714187622,0.6816984415054321,0.9850785732269287,0.999901294708252
23.925376892089844,102.70611572265625,5.996724605560303,0.0,0.0,0.0,0.0,0.03296398625372692,-0.0,0.0,4.891571399143764,3.8201428277151925,0.3717289865016937,0.0,0.0,3.7081727981567383,0.3662664848220536,1.064154863357544,0.0,0.0,0.0,0.0,0.0,1.064154863357544,2318.0,3.7081727981567383,-1.064154863357544,0.9704867601394653,0.9999822378158569,0.9999977946281433
23.915517807006836,179.99771118164062,9.704606056213379,0.0,0.0,0.0,0.0,0.23717811441491948,-0.0,0.0,4.857428632463727,3.786000061035156,0.354746013879776,0.0,0.0,0.0,2.6353121729521956,0.12594166081855626,0.0,0.0,0.0,0.0,0.12594166081855626,0.0,2319.0,-4.599999904632568,0.125941663980484,0.3158242404460907,0.9999997615814209,0.9999999403953552
23.999984741210938,162.029541015625,9.704315185546875,0.0,0.0,0.0,0.0,0.009125493972397796,-0.0,0.0,4.781500012534005,3.710071509225028,0.3672589957714081,0.0,0.0,0.0,0.10139436941298596,0.68274657506791,0.0,0.0,0.0,0.0,0.0,0.68274657506791,2320.0,-4.599999904632568,-0.6827465891838074,0.9065537452697754,0.9999999403953552,1.0
23.99323272705078,179.9980926513672,9.704024314880371,0.0,0.0,0.0,0.0,0.0,-0.0,0.0,4.701357173919678,3.6299285343715124,0.3569149971008301,0.0,0.0,0.046674143806668345,0.0,0.019158331288427685,0.0,0.0,0.0,0.0,0.019158331288427685,0.0,2321.0,0.08908501267433167,0.01915833167731762,0.9910553097724915,1.0,1.0
23.999984741210938,166.4601287841797,9.750406265258789,0.0,0.0,0.0,0.0,0.0,-0.0,0.0,4.63178574698312,3.560357175554548,0.12729999423027039,0.31807199120521545,0.0,0.0,0.0,0.0,0.0,0.0,0.9638330936431885,0.0,0.0,0.9638330936431885,2322.0,-4.599999904632568,-0.9638330936431885,0.9995855093002319,0.9999998807907104,1.0
23.993234634399414,179.9980926513672,8.442087173461914,0.0,0.0,0.0,0.0,0.0,-0.0,0.0,4.574214335850307,3.5027857644217355,0.0,0.5932930111885071,0.0,0.0,0.0,0.0,0.0,0.0,0.021209639535088608,0.0,0.021209639535088608,0.0,2323.0,-4.599999904632568,0.02120964042842388,0.995890736579895,0.9999997615814209,0.9999999403953552
23.999984741210938,179.3268585205078,7.814809322357178,0.0,0.0,0.0,0.0,0.0,-0.0,0.0,4.53535714830671,3.463928440638951,0.0,0.5601789951324463,0.0,0.0,0.0,0.0,0.0,0.0,0.02020587958395481,0.0,0.0,0.02020587958395481,2324.0,-4.599999904632568,-0.02020587958395481,0.9936038255691528,0.9999929666519165,0.9999990463256836
23.993227005004883,179.9979248046875,7.222363471984863,0.0,0.0,0.0,0.0,0.0,-0.0,0.0,4.492071369716099,3.420642798287528,0.0,0.5100129842758179,0.0,0.0,0.0,0.0,0.0,0.0,0.023048534989356995,0.0,0.023048534989356995,0.0,2325.0,-4.599999904632568,0.023048534989356995,0.9723663926124573,0.9997850656509399,0.999941349029541
23.99890899658203,179.32669067382812,6.678223133087158,0.0,0.0,0.0,0.0,0.0,-0.0,0.0,4.453642926897321,3.38221435546875,0.0,0.44724398851394653,0.0,0.0,0.0,0.0,0.0,0.0,0.0,0.0,0.0,0.0,2326.0,-4.599999904632568,0.0,0.8675972819328308,0.974948525428772,0.9823405146598816
23.80726432800293,178.65545654296875,6.221665382385254,0.0,0.0,0.0,0.0,0.0,-0.0,0.0,4.403000095912388,3.331571524483817,0.0,0.4041120111942291,0.0,0.0,0.0,0.0,0.0,0.0,0.0,0.0,0.0,0.0,2327.0,-4.599999904632568,0.0,0.7171090841293335,0.7984169721603394,0.5386394262313843
23.798412322998047,169.39385986328125,5.809132099151611,0.0,0.0,0.0,0.0,0.0,-0.0,0.0,4.362428610665457,3.291000039236886,0.0,0.31360501050949097,0.0,0.0,0.0,0.0,0.0,0.0,0.0,0.0,0.0,0.0,2328.0,-4.599999904632568,0.0,0.765936017036438,0.3493220806121826,0.08360695838928223
23.60675048828125,168.72262573242188,5.488962650299072,0.0,0.0,0.0,0.0,0.0,-0.0,0.0,4.326214327130999,3.2547857557024273,0.0,0.24229499697685242,0.0,0.0,0.0,0.0,0.0,0.0,0.0,0.0,0.0,0.0,2329.0,-4.599999904632568,0.0,0.751919150352478,0.34656691551208496,0.00955885648727417
23.595849990844727,168.0513916015625,5.241565704345703,0.0,0.0,0.0,0.0,0.0,-0.0,0.0,4.2961427961077,3.2247142246791296,0.0,0.20841699838638306,0.0,0.0,0.0,0.0,0.0,0.0,0.0,0.0,0.0,0.0,2330.0,-4.599999904632568,0.0,0.7070447206497192,0.31897255778312683,0.0066641271114349365
23.583940505981445,167.38015747070312,5.028744697570801,0.0,0.0,0.0,0.0,0.0,-0.0,0.0,4.276214272635324,3.204785701206752,0.0,0.19043999910354614,0.0,0.0,0.0,0.0,0.0,0.0,0.0,0.0,0.0,0.0,2331.0,-4.599999904632568,0.0,0.8192696571350098,0.23392575979232788,0.008204668760299683
23.390241622924805,157.82589721679688,4.834273338317871,0.0,0.0,0.0,0.0,0.0,-0.0,0.0,4.2542143685477125,3.1827857971191404,0.0,0.17655999958515167,0.0,0.0,0.0,0.0,0.0,0.0,0.0,0.0,0.0,0.0,2332.0,-4.599999904632568,0.0,0.7610615491867065,0.31846508383750916,0.005902707576751709
23.379331588745117,157.1546630859375,4.653970718383789,0.0,0.0,0.0,0.0,0.0,-0.0,0.0,4.230428641183035,3.1590000697544642,0.0,0.17167800664901733,0.0,0.0,0.0,0.0,0.0,0.0,0.0,0.0,0.0,0.0,2333.0,-4.599999904632568,0.0,0.7020716667175293,0.2065729796886444,0.04126802086830139
23.367416381835938,156.48342895507812,4.478654861450195,0.0,0.0,0.0,0.0,0.0,-0.0,0.0,4.21199997493199,3.140571539742606,0.0,0.17986400425434113,0.0,0.0,0.0,0.0,0.0,0.0,0.0,0.0,0.0,0.0,2334.0,-4.478520393371582,0.0,0.8772083520889282,0.06030288338661194,0.23444122076034546
23.174718856811523,155.81219482421875,4.294991493225098,0.0,0.0,0.0,0.0,0.0,-0.0,0.0,4.204857090541294,3.1334285191127234,0.0,0.20588499307632446,0.0,0.0,0.0,0.0,0.0,0.0,0.0,0.0,0.0,0.0,2335.0,-4.294862747192383,0.0,0.8965810537338257,0.03507295250892639,0.5657246112823486
23.164812088012695,155.14096069335938,4.084782123565674,0.0,0.0,0.0,0.0,0.0,-0.0,0.0,4.209999983651297,3.138571275983538,0.06460000574588776,0.23959900438785553,0.0,0.0,0.0,0.0,0.0,0.0,0.0,0.0,0.0,0.0,2336.0,-4.084659576416016,0.0,0.9827568531036377,0.008380353450775146,0.47666046023368835
22.789323806762695,154.4697265625,3.8401782512664795,0.0,0.0,0.0,0.0,0.013017745494000197,-0.0,0.0,4.322857121058872,3.2514285496303015,0.34724798798561096,0.0,0.0,1.6611101627349854,0.14464160510491997,0.0,0.0,0.0,0.0,0.0,0.0,0.0,2337.0,1.6611101627349854,0.0,0.5501258373260498,0.01591622829437256,0.45931220054626465
22.59663963317871,133.19517517089844,5.501123428344727,0.0,0.0,0.0,0.0,0.26088011311531845,-0.0,0.0,4.434214265005929,3.3627855573381695,0.3549250066280365,0.0,0.0,0.0,2.8986676931381226,1.5220571756362915,0.0,0.0,0.0,0.0,0.0,1.5220571756362915,2338.0,-4.599999904632568,-1.5220571756362915,0.17730504274368286,0.4116789698600769,0.9755165576934814
22.587303161621094,176.08071899414062,5.500958442687988,0.0,0.0,0.0,0.0,0.3611154430776203,-0.0,0.0,4.562857164655413,3.4914285932268414,0.35721999406814575,0.0,0.0,0.05197663977742195,4.012393493097167,2.15514874458313,0.0,0.0,0.0,0.0,2.15514874458313,0.0,2339.0,0.05197663977742195,2.15514874458313,0.5552905201911926,0.9741402864456177,0.9982165098190308
23.870685577392578,169.85403442382812,5.552768707275391,0.0,0.0,0.0,0.0,0.30094370274424376,-0.0,0.0,4.660214301518032,3.588785661969866,0.34515801072120667,0.0,0.0,3.753307819366455,3.34381865363765,0.15711702406406403,0.0,0.0,0.0,0.0,0.0,0.15711702406406403,2340.0,3.753307819366455,-0.15711702406406403,0.9306046366691589,0.9998019337654114,0.9999901056289673
23.85978126525879,179.99649047851562,9.305797576904297,0.0,0.0,0.0,0.0,0.6246729835250108,-0.0,0.0,4.714071423666818,3.6426429203578405,0.35785800218582153,0.0,0.0,0.6361479163169861,6.9408103764496145,0.21365036070346832,0.0,0.0,0.0,0.0,0.21365036070346832,0.0,2341.0,0.6361479163169861,0.21365036070346832,0.994191586971283,0.9999940395355225,0.9999974966049194
23.999954223632812,179.32525634765625,9.94164752960205,0.0,0.0,0.0,0.0,0.6872273315668664,-0.0,0.0,4.746142877851214,3.674714306422642,0.3717289865016937,0.0,0.0,0.04271932318806648,7.635858632788316,0.019070882350206375,0.0,0.0,0.0,0.0,0.0,0.019070882350206375,2342.0,0.04271932318806648,-0.019070882350206375,0.9984336495399475,0.9999993443489075,0.9999996423721313
23.990076065063477,179.99801635742188,9.984067916870117,0.0,0.0,0.0,0.0,0.6237561722539274,-0.0,0.0,4.7574999809265135,3.6860713413783484,0.4326620101928711,0.0,0.0,0.0,6.930623585358262,0.027714675292372704,0.0,0.0,0.0,0.0,0.027714675292372704,0.0,2343.0,0.007098634261637926,0.027714675292372704,0.9991136789321899,0.9999997615814209,0.9999998807907104
23.999984741210938,171.03265380859375,9.983768463134766,0.0,0.0,0.0,0.0,0.4621400070897722,-0.0,0.0,4.748714256286621,3.6772856848580497,0.5398539900779724,0.0,0.0,0.0,5.134888559579849,0.4261570870876312,0.0,0.0,0.0,0.0,0.0,0.4261570870876312,2344.0,0.007407624740153551,-0.4261570870876312,0.9991146326065063,0.9999997615814209,0.9999999403953552
23.9921875,179.99806213378906,9.983469009399414,0.0,0.0,0.0,0.0,0.3293476379796426,-0.0,0.0,4.716214261736188,3.644785690307617,0.4752439856529236,0.0,0.0,0.0,3.659417908949395,0.023487765031318168,0.0,0.0,0.0,0.0,0.023487765031318168,0.0,2345.0,-4.599999904632568,0.023487765341997147,0.995764970779419,1.0,1.0
23.999984741210938,176.62164306640625,9.983169555664062,0.0,0.0,0.0,0.0,0.10135609713294833,-0.0,0.0,4.612714304242815,3.5412857328142437,0.44537198543548584,0.0,0.0,0.0,1.1261787675321102,0.05959925428032875,0.0,0.0,0.0,0.0,0.0,0.05959925428032875,2346.0,0.0009989331010729074,-0.05959925428032875,0.9984138011932373,1.0,1.0
23.9921932220459,179.99807739257812,9.982870101928711,0.0,0.0,0.0,0.0,0.0,-0.0,0.0,4.473857143947056,3.4024284362792967,0.0,0.5932930111885071,0.0,0.0,0.0,0.0,0.0,0.0,0.29716628789901733,0.0,0.29716628789901733,0.0,2347.0,-4.599999904632568,0.29716628789901733,0.9969030618667603,0.9999995231628418,0.9999999403953552
23.999982833862305,170.62245178222656,9.073966026306152,0.0,0.0,0.0,0.0,0.0,-0.0,0.0,4.426071384974888,3.354642813546317,0.0,0.5601789951324463,0.0,0.0,0.0,0.0,0.0,0.0,0.39322322607040405,0.0,0.0,0.39322322607040405,2348.0,-4.599999904632568,-0.39322322607040405,0.9985452890396118,0.999998927116394,0.9999998807907104
23.992202758789062,179.99806213378906,8.100863456726074,0.0,0.0,0.0,0.0,0.0,-0.0,0.0,4.393142918178013,3.321714346749442,0.0,0.4875490069389343,0.0,0.0,0.0,0.0,0.0,0.0,0.021436402574181557,0.0,0.021436402574181557,0.0,2349.0,-4.599999904632568,0.021436402574181557,0.994320809841156,0.9999186992645264,0.999991238117218
23.99957847595215,141.718994140625,7.581263065338135,0.0,0.0,0.0,0.0,0.0,-0.0,0.0,4.367785808018276,3.2963572365897043,0.0,0.44724398851394653,0.0,0.0,0.0,0.0,0.0,0.0,0.6156166791915894,0.0,0.0,0.6156166791915894,2350.0,-4.599999904632568,-0.6156166791915894,0.9920300245285034,0.9997943639755249,0.9997965097427368
23.99282455444336,179.9655303955078,6.496516704559326,0.0,0.0,0.0,0.0,0.0,-0.0,0.0,4.3516428266252785,3.2802142551967077,0.0,0.8671470284461975,0.0,0.0,0.0,0.0,0.0,0.0,0.0,0.0,0.0,0.0,2351.0,-4.599999904632568,0.0,0.8593512177467346,0.841773509979248,0.7117471694946289
23.986059188842773,169.5718994140625,5.611504554748535,0.0,0.0,0.0,0.0,0.0,-0.0,0.0,4.336499977111816,3.265071541922433,0.0,0.5285080075263977,0.0,0.0,0.0,0.0,0.0,0.0,0.0,0.0,0.0,0.0,2352.0,-4.599999904632568,0.0,0.6998384594917297,0.4161059856414795,0.11807489395141602
23.97620391845703,156.52200317382812,5.07205867767334,0.0,0.0,0.0,0.0,0.0,-0.0,0.0,4.316571453639439,3.245143018450056,0.0,0.24229499697685242,0.0,0.0,0.0,0.0,0.0,0.0,0.0,0.0,0.0,0.0,2353.0,-4.599999904632568,0.0,0.7128744125366211,0.4159688353538513,0.01388898491859436
23.967363357543945,155.85076904296875,4.824674129486084,0.0,0.0,0.0,0.0,0.0,-0.0,0.0,4.2955000196184425,3.224071448189872,0.0,0.20841699838638306,0.0,0.0,0.0,0.0,0.0,0.0,0.0,0.0,0.0,0.0,2354.0,-4.599999904632568,0.0,0.6498466730117798,0.3807511627674103,0.010056793689727783
23.958507537841797,155.17953491210938,4.611865520477295,0.0,0.0,0.0,0.0,0.0,-0.0,0.0,4.27221429007394,3.2007857186453683,0.0,0.19043999910354614,0.0,0.0,0.0,0.0,0.0,0.0,0.0,0.0,0.0,0.0,2355.0,-4.599999904632568,0.0,0.7404319047927856,0.22340863943099976,0.006601542234420776
23.765827178955078,154.50830078125,4.4174065589904785,0.0,0.0,0.0,0.0,0.0,-0.0,0.0,4.246428571428572,3.175,0.0,0.17655999958515167,0.0,0.0,0.0,0.0,0.0,0.0,0.0,0.0,0.0,0.0,2356.0,-4.417273998260498,0.0,0.6096596717834473,0.3043900728225708,0.006799072027206421
23.755935668945312,153.83706665039062,4.23711633682251,0.0,0.0,0.0,0.0,0.0,-0.0,0.0,4.22057146344866,3.1491428920200892,0.0,0.17167800664901733,0.0,0.0,0.0,0.0,0.0,0.0,0.0,0.0,0.0,0.0,2357.0,-4.236989498138428,0.0,0.7829340696334839,0.09504881501197815,0.053876668214797974
23.562238693237305,153.16583251953125,4.061812877655029,0.0,0.0,0.0,0.0,0.0,-0.0,0.0,4.197928510393416,3.1264999389648436,0.0,0.17986400425434113,0.0,0.0,0.0,0.0,0.0,0.0,0.0,0.0,0.0,0.0,2358.0,-4.0616912841796875,0.0,0.7646920680999756,0.11945691704750061,0.28857120871543884
23.551332473754883,144.9694061279297,3.878161907196045,0.0,0.0,0.0,0.0,0.0,-0.0,0.0,4.18271427154541,3.1112858363560267,0.0,0.20588499307632446,0.0,0.0,0.0,0.0,0.0,0.0,0.0,0.0,0.0,0.0,2359.0,-3.8780455589294434,0.0,0.8660990595817566,0.04702451825141907,0.5706465840339661
23.53841209411621,144.2981719970703,3.6679651737213135,0.0,0.0,0.0,0.0,0.0,-0.0,0.0,4.174785695757185,3.1033572605678015,0.04179999977350235,0.26239901781082153,0.0,0.0,0.0,0.0,0.0,0.0,0.0,0.0,0.0,0.0,2360.0,-3.6678552627563477,0.0,0.9765233993530273,0.0064788758754730225,0.5001166462898254
23.527494430541992,143.62693786621094,3.400109052658081,0.0,0.0,0.0,0.0,0.0,-0.0,0.0,4.2797142573765345,3.208285685947963,0.34724798798561096,0.0,0.0,1.5365930260267646,0.0,0.0,0.0,0.0,0.0,0.0,0.0,0.0,2361.0,1.6687520742416382,0.0,0.70381760597229,0.01169276237487793,0.37327226996421814
23.334793090820312,131.60162353515625,4.936553955078125,0.0,0.0,0.0,0.0,0.32147513560256297,-0.0,0.0,4.3912143162318635,3.3197857448032924,0.3549250066280365,0.0,0.0,0.0,3.5719456672668457,0.6977291107177734,0.0,0.0,0.0,0.0,0.0,0.6977291107177734,2362.0,-4.599999904632568,-0.6977291107177734,0.11453267931938171,0.7892454266548157,0.9709656834602356
23.324892044067383,175.35260009765625,4.936406135559082,0.0,0.0,0.0,0.0,0.43871656089755173,-0.0,0.0,4.550499997820173,3.4790714263916014,0.35721999406814575,0.0,0.0,0.0,4.874628067016602,1.1977519989013672,0.0,0.0,0.0,0.0,1.1977519989013672,0.0,2363.0,-4.599999904632568,1.1977519989013672,0.47870704531669617,0.9900525808334351,0.9992603063583374
23.95024871826172,174.68136596679688,4.936258316040039,0.0,0.0,0.0,0.0,0.27328134111361635,-0.0,0.0,4.671928555624826,3.6005000523158484,0.34515801072120667,0.0,0.0,3.932677745819092,3.0364591043907554,0.08669620752334595,0.0,0.0,0.0,0.0,0.0,0.08669620752334595,2364.0,3.932677745819092,-0.08669620752334595,0.8868906497955322,0.9997663497924805,0.9999903440475464
23.880447387695312,179.9965362548828,8.868670463562012,0.0,0.0,0.0,0.0,0.564013875410157,-0.0,0.0,4.73250002179827,3.6610714503696986,0.35785800218582153,0.0,0.0,1.0575881004333496,6.26682033984849,0.2666499614715576,0.0,0.0,0.0,0.0,0.2666499614715576,0.0,2365.0,1.0575881004333496,0.2666499614715576,0.9926228523254395,0.9999938011169434,0.9999972581863403
23.999954223632812,179.32530212402344,9.925960540771484,0.0,0.0,0.0,0.0,0.655783554886472,-0.0,0.0,4.766285705566406,3.694857134137835,0.3717289865016937,0.0,0.0,0.051762063056230545,7.28648336410534,0.13881853222846985,0.0,0.0,0.0,0.0,0.0,0.13881853222846985,2366.0,0.051762063056230545,-0.13881853222846985,0.9977692365646362,0.9999988079071045,0.9999996423721313
23.99078369140625,179.99801635742188,9.977423667907715,0.0,0.0,0.0,0.0,0.5858553864182812,-0.0,0.0,4.776214272635324,3.704785701206752,0.354746013879776,0.0,0.0,0.0,6.509503776207566,0.02230030857026577,0.0,0.0,0.0,0.0,0.02230030857026577,0.0,2367.0,-4.599999904632568,0.02230030857026577,0.9970675706863403,0.9999998807907104,0.9999999403953552
23.999984741210938,179.3267822265625,9.977124214172363,0.0,0.0,0.0,0.0,0.40061924690955664,-0.0,0.0,4.762785720825195,3.691357149396624,0.3672589957714081,0.0,0.0,0.0,4.451324611902237,0.2506164014339447,0.0,0.0,0.0,0.0,0.0,0.2506164014339447,2368.0,-4.599999904632568,-0.2506164014339447,0.992132306098938,0.9999999403953552,1.0
23.99220085144043,179.99807739257812,9.976824760437012,0.0,0.0,0.0,0.0,0.20243315532272205,-0.0,0.0,4.712499972752163,3.641071401323591,0.3569149971008301,0.0,0.0,0.0,2.2492571026086807,0.020577892661094666,0.0,0.0,0.0,0.0,0.020577892661094666,0.0,2369.0,-4.599999904632568,0.020577892661094666,0.9773390889167786,1.0,1.0
23.999984741210938,179.32684326171875,9.97652530670166,0.0,0.0,0.0,0.0,0.017210425695263234,-0.0,0.0,4.597714233398437,3.526285661969866,0.44537198543548584,0.0,0.0,0.0,0.19122693697223964,0.019851051175495953,0.0,0.0,0.0,0.0,0.0,0.019851051175495953,2370.0,0.007073838729411364,-0.01985105127096176,0.9983569383621216,1.0,1.0
23.992191314697266,179.99807739257812,9.976225852966309,0.0,0.0,0.0,0.0,0.0,-0.0,0.0,4.483785711015973,3.4123570033482142,0.0,0.5932930111885071,0.0,0.0,0.0,0.0,0.0,0.0,0.15988831222057343,0.0,0.15988831222057343,0.0,2371.0,-4.599999904632568,0.15988831222057343,0.9975849390029907,0.9999998807907104,1.0
23.999984741210938,179.32684326171875,9.2073974609375,0.0,0.0,0.0,0.0,0.0,-0.0,0.0,4.4673571722848076,3.395928737095424,0.0,0.5601789951324463,0.0,0.0,0.0,0.0,0.0,0.0,0.40984925627708435,0.0,0.0,0.40984925627708435,2372.0,-4.599999904632568,-0.40984925627708435,0.997817873954773,0.9999963045120239,0.9999997615814209
23.901809692382812,179.998046875,8.217326164245605,0.0,0.0,0.0,0.0,0.0,-0.0,0.0,4.468642861502511,3.3972142900739395,0.0,0.4875490069389343,0.0,0.0,0.0,0.0,0.0,0.0,0.15920430421829224,0.0,0.15920430421829224,0.0,2373.0,-4.599999904632568,0.15920430421829224,0.9904324412345886,0.9999407529830933,0.9999887943267822
23.99968910217285,179.32681274414062,7.557147026062012,0.0,0.0,0.0,0.0,0.0,-0.0,0.0,4.47250006539481,3.401071493966239,0.0,0.44724398851394653,0.0,0.0,0.0,0.0,0.0,0.0,0.018805596977472305,0.0,0.0,0.018805596977472305,2374.0,-4.599999904632568,-0.018805596977472305,0.9528021812438965,0.998363733291626,0.9992756843566895
23.990331649780273,179.88218688964844,7.081373691558838,0.0,0.0,0.0,0.0,0.0,-0.0,0.0,4.468000085013253,3.3965715135846817,0.0,0.4041120111942291,0.0,0.0,0.0,0.0,0.0,0.0,0.0,0.0,0.0,0.0,2375.0,-4.599999904632568,0.0,0.8565406799316406,0.9587788581848145,0.9474080801010132
23.980453491210938,179.21095275878906,6.668814659118652,0.0,0.0,0.0,0.0,0.0,-0.0,0.0,4.4473571232386995,3.3759285518101283,0.0,0.31360501050949097,0.0,0.0,0.0,0.0,0.0,0.0,0.0,0.0,0.0,0.0,2376.0,-4.599999904632568,0.0,0.8329318165779114,0.7567417621612549,0.42931079864501953
23.96955108642578,168.42822265625,6.348618984222412,0.0,0.0,0.0,0.0,0.0,-0.0,0.0,4.430214282444545,3.358785574776786,0.0,0.24229499697685242,0.0,0.0,0.0,0.0,0.0,0.0,0.0,0.0,0.0,0.0,2377.0,-4.599999904632568,0.0,0.8405037522315979,0.6896624565124512,0.1171829104423523
23.957637786865234,167.75698852539062,6.1011962890625,0.0,0.0,0.0,0.0,0.0,-0.0,0.0,4.412500054495675,3.3410714830671036,0.0,0.20841699838638306,0.0,0.0,0.0,0.0,0.0,0.0,0.0,0.0,0.0,0.0,2378.0,-4.599999904632568,0.0,0.798250675201416,0.6526569128036499,0.07912576198577881
23.945722579956055,167.08575439453125,5.888349533081055,0.0,0.0,0.0,0.0,0.0,-0.0,0.0,4.395428603036063,3.3239998953683036,0.0,0.20841699838638306,0.0,0.0,0.0,0.0,0.0,0.0,0.0,0.0,0.0,0.0,2379.0,-4.599999904632568,0.0,0.883826732635498,0.32189124822616577,0.019366204738616943
23.75201988220215,166.41452026367188,5.675508975982666,0.0,0.0,0.0,0.0,0.0,-0.0,0.0,4.38721433367048,3.3157857622419082,0.0,0.17655999958515167,0.0,0.0,0.0,0.0,0.0,0.0,0.0,0.0,0.0,0.0,2380.0,-4.599999904632568,0.0,0.8761690855026245,0.2654259204864502,0.022744417190551758
23.55831527709961,165.7432861328125,5.495181083679199,0.0,0.0,0.0,0.0,0.0,-0.0,0.0,4.383071436200823,3.3116430010114395,0.0,0.17167800664901733,0.0,0.0,0.0,0.0,0.0,0.0,0.0,0.0,0.0,0.0,2381.0,-4.599999904632568,0.0,0.8580057621002197,0.19375020265579224,0.08197706937789917
23.364608764648438,165.07205200195312,5.319839954376221,0.0,0.0,0.0,0.0,0.0,-0.0,0.0,4.382428523472377,3.310999952043806,0.0,0.17986400425434113,0.0,0.0,0.0,0.0,0.0,0.0,0.0,0.0,0.0,0.0,2382.0,-4.599999904632568,0.0,0.873870313167572,0.11670809984207153,0.31986135244369507
23.169902801513672,164.40081787109375,5.136151313781738,0.0,0.0,0.0,0.0,0.0,-0.0,0.0,4.384571429661342,3.3131427219935827,0.0,0.20588499307632446,0.0,0.0,0.0,0.0,0.0,0.0,0.0,0.0,0.0,0.0,2383.0,-4.599999904632568,0.0,0.8360057473182678,0.07112357020378113,0.6482766270637512
23.156982421875,163.72958374023438,4.92591667175293,0.0,0.0,0.0,0.0,0.0,-0.0,0.0,4.389285714285714,3.3178571428571426,0.0,0.3041990101337433,0.0,0.0,0.0,0.0,0.0,0.0,0.0,0.0,0.0,0.0,2384.0,-4.599999904632568,0.0,0.9711135625839233,0.010097801685333252,0.4816064238548279
23.145050048828125,163.058349609375,4.615371227264404,0.0,0.0,0.0,0.0,0.0,-0.0,0.0,4.423857225690569,3.3524286542619977,0.24034999310970306,0.1068979948759079,0.0,0.0,0.0,0.0,0.0,0.0,0.0,0.0,0.0,0.0,2385.0,-4.599999904632568,0.0,0.9844331741333008,0.0026296377182006836,0.2709196209907532
23.043245315551758,162.38711547851562,4.5061564445495605,0.0,0.0,0.0,0.0,0.0,-0.0,0.0,4.477000045776367,3.405571474347796,0.3549250066280365,0.0,0.0,0.505900490593433,0.0,0.0,0.0,0.0,0.0,0.0,0.0,0.0,2386.0,0.5620750188827515,0.0,0.9040342569351196,0.007751494646072388,0.29998254776000977
22.972938537597656,154.19100952148438,5.011906623840332,0.0,0.0,0.0,0.0,0.07015060475672091,-0.0,0.0,4.520071520124163,3.4486429486955914,0.35721999406814575,0.0,0.0,0.0,0.7794511020183563,0.2712288200855255,0.0,0.0,0.0,0.0,0.0,0.2712288200855255,2387.0,-4.599999904632568,-0.2712288200855255,0.22472676634788513,0.26278117299079895,0.8398756980895996
22.964786529541016,154.37818908691406,5.011756420135498,0.0,0.0,0.0,0.0,0.07319566056693842,-0.0,0.0,4.55228568485805,3.48085697719029,0.34515801072120667,0.0,0.0,0.0,0.8132850527763367,0.5534569621086121,0.0,0.0,0.0,0.0,0.0,0.5534569621086121,2388.0,-4.599999904632568,-0.5534569621086121,0.052010536193847656,0.9229812622070312,0.9927694797515869
22.957340240478516,178.8411865234375,5.011606216430664,0.0,0.0,0.0,0.0,0.0,-0.0,0.0,4.587285668509347,3.5158570970807754,0.35785800218582153,0.0,0.0,0.0,0.0,1.4062919616699219,0.0,0.0,0.09133195877075195,0.0,1.4976239204406738,0.0,2389.0,-4.599999904632568,1.4976239204406738,0.045067787170410156,0.9962221384048462,0.999689519405365
23.981094360351562,170.64572143554688,4.918262958526611,0.0,0.0,0.0,0.0,0.13663109702913673,-0.0,0.0,4.627999932425363,3.556571360996791,0.3717289865016937,0.0,0.0,0.0,1.5181231796741486,0.1469477117061615,0.0,0.0,0.0,0.0,0.0,0.1469477117061615,2390.0,-4.599999904632568,-0.1469477117061615,0.028759866952896118,0.9999728202819824,0.9999963045120239
23.97434425354004,179.9974822998047,4.918115615844727,0.0,0.0,0.0,0.0,0.13934057292565225,-0.0,0.0,4.647714287894113,3.576285716465541,0.354746013879776,0.0,0.0,0.0,1.5482284650206566,0.04642561823129654,0.0,0.0,0.0,0.0,0.04642561823129654,0.0,2391.0,-4.599999904632568,0.04642561823129654,0.1333736777305603,0.9999951720237732,0.9999995231628418
23.99995994567871,177.5655517578125,4.917968273162842,0.0,0.0,0.0,0.0,0.0,-0.0,0.0,4.61478568485805,3.543357113429478,0.3672589957714081,0.0,0.0,0.1439615629320059,0.0,0.14039146900177002,0.0,0.0,0.0,0.0,0.0,0.14039146900177002,2392.0,0.3217410147190094,-0.14039146900177002,0.6476891040802002,0.9999977350234985,0.9999997615814209
23.993209838867188,179.998046875,5.0617780685424805,0.0,0.0,0.0,0.0,0.0,-0.0,0.0,4.569857134137835,3.4984285627092633,0.16529999673366547,0.1916150003671646,0.0,0.0,0.0,0.0,0.0,0.0,0.019717063754796982,0.0,0.019717063754796982,0.0,2393.0,-4.599999904632568,0.019717063754796982,0.9549247026443481,0.9999980926513672,0.9999998807907104
23.999975204467773,179.32681274414062,4.845987796783447,0.0,0.0,0.0,0.0,0.0,-0.0,0.0,4.525999968392508,3.454571533203125,0.004749999847263098,0.4406219720840454,0.0,0.0,0.0,0.0,0.0,0.0,0.1673075556755066,0.0,0.0,0.1673075556755066,2394.0,-4.599999904632568,-0.1673075556755066,0.965273380279541,0.9999908208847046,0.9999991655349731
23.99322509765625,179.99794006347656,4.22552490234375,0.0,0.0,0.0,0.0,0.0,-0.0,0.0,4.486857223510742,3.415428652082171,0.0,0.5932930111885071,0.0,0.0,0.0,0.0,0.0,0.0,0.01776643842458725,0.0,0.01776643842458725,0.0,2395.0,-4.225398063659668,0.01776643842458725,0.9317237138748169,0.9996893405914307,0.9999443292617798
23.998432159423828,156.0225372314453,3.6018869876861572,0.0,0.0,0.0,0.0,0.0,-0.0,0.0,4.453000014168875,3.381571306501116,0.0,0.5601789951324463,0.0,0.0,0.0,0.0,0.0,0.0,0.5705819129943848,0.0,0.0,0.5705819129943848,2396.0,-3.601778984069824,-0.5705819129943848,0.8343010544776917,0.9969288110733032,0.9985173344612122
23.991682052612305,179.76084899902344,2.4479758739471436,0.0,0.0,0.0,0.0,0.0,-0.0,0.0,4.4277856826782225,3.3563572474888392,0.0,0.5109699964523315,0.0,0.0,0.0,0.0,0.0,0.0,0.0,0.0,0.0,0.0,2397.0,-2.4479024410247803,0.0,0.2207416296005249,0.6114262342453003,0.7434371709823608
23.98493003845215,179.08961486816406,1.9265201091766357,0.0,0.0,0.0,0.0,0.0,-0.0,0.0,4.41535712650844,3.343928418840681,0.0,0.45360898971557617,0.0,0.0,0.0,0.0,0.0,0.0,0.0,0.0,0.0,0.0,2398.0,-1.9264622926712036,0.0,0.09512367844581604,0.10566523671150208,0.06736412644386292
23.97713279724121,163.5357208251953,1.4636099338531494,0.0,0.0,0.0,0.0,0.0,-0.0,0.0,4.418000030517578,3.3465714590890068,0.0,0.4041120111942291,0.0,0.0,0.0,0.0,0.0,0.0,0.0,0.0,0.0,0.0,2399.0,-1.4635660648345947,0.0,0.05881962180137634,0.03301715850830078,0.00905945897102356
23.96727180480957,162.86448669433594,1.0512192249298096,0.0,0.0,0.0,0.0,0.0,-0.0,0.0,4.429357201712472,3.3579286302839004,0.0,0.31360501050949097,0.0,0.0,0.0,0.0,0.0,0.0,0.0,0.0,0.0,0.0,2400.0,-1.0511877536773682,0.0,0.03631484508514404,0.024985969066619873,0.0036011338233947754
23.957401275634766,152.78213500976562,0.7311921715736389,0.0,0.0,0.0,0.0,0.0,-0.0,0.0,4.446857125418527,3.375428553989955,0.0,0.24229499697685242,0.0,0.0,0.0,0.0,0.0,0.0,0.0,0.0,0.0,0.0,2401.0,-0.7311702370643616,0.0,0.06143876910209656,0.06763499975204468,0.015081346035003662
23.766754150390625,117.058349609375,0.4839378595352173,0.0,0.0,0.0,0.0,0.0,-0.0,0.0,4.460785675048828,3.3893571036202568,0.0,0.20841699838638306,0.0,0.0,0.0,0.0,0.0,0.0,0.0,0.0,0.0,0.0,2402.0,-0.4839233458042145,0.0,0.05544367432594299,0.051786869764328,0.0014104843139648438
23.574058532714844,116.38712310791016,0.2712593376636505,0.0,0.0,0.0,0.0,0.0,-0.0,0.0,4.470928546360561,3.3994998386928015,0.0,0.19043999910354614,0.0,0.0,0.0,0.0,0.0,0.0,0.0,0.0,0.0,0.0,2403.0,-0.27125120162963867,0.0,0.07382991909980774,0.05993777513504028,0.003042280673980713
23.38035774230957,115.71589660644531,0.07693050801753998,0.0,0.0,0.0,0.0,-0.030351112520633213,-0.0,0.0,4.473000063214983,3.4015714917864117,0.0,0.07538962853652365,0.10117037104862803,0.0,0.0,0.0,0.0,0.0,0.0,0.0,0.0,0.0,2404.0,-0.07692819833755493,0.0,0.10552248358726501,0.04711940884590149,0.024180859327316284
23.00386619567871,115.04467010498047,2.317060989298625e-6,0.0,0.0,0.0,0.0,-0.05150340404126652,-0.0,0.0,4.473500061035156,3.402071489606585,0.0,0.0,0.17167800664901733,0.0,0.0,0.0,0.0,0.0,0.0,0.0,0.0,0.0,2405.0,0.0,0.0,0.20232194662094116,0.053652286529541016,0.12619447708129883
22.44559097290039,114.37344360351562,2.3169914129539393e-6,0.0,0.0,0.0,0.0,-0.053959203420448354,-0.0,0.0,4.48207141331264,3.410642841884068,0.0,0.0,0.17986400425434113,0.0,0.0,0.0,0.0,0.0,0.0,0.0,0.0,0.0,2406.0,0.0,0.0,0.1959230899810791,0.015313893556594849,0.2745819687843323
22.43465805053711,113.70221710205078,2.3169218366092537e-6,0.0,0.0,0.0,0.0,-0.061765500377237714,-0.0,0.0,4.492428588867187,3.421000017438616,0.0,0.0,0.20588499307632446,0.0,0.0,0.0,0.0,0.0,0.0,0.0,0.0,0.0,2407.0,0.0,0.0,0.2850615680217743,0.0038029253482818604,0.4837302565574646
22.423723220825195,113.03099060058594,2.316852260264568e-6,0.0,0.0,0.0,0.0,-0.09125970666645777,-0.0,0.0,4.493142890930176,3.4217144557407924,0.0,0.0,0.3041990101337433,0.0,0.0,0.0,0.0,0.0,0.0,0.0,0.0,0.0,2408.0,0.0,0.0,0.6695188283920288,0.002384662628173828,0.43759170174598694
22.047231674194336,112.3597640991211,2.316782911293558e-6,0.0,0.0,0.0,0.0,0.0,-0.0,0.0,4.515857097080776,3.4444285256522043,0.34724798798561096,0.0,0.0,0.037682960170783986,0.0,0.0,0.0,0.0,0.0,0.0,0.0,0.0,2409.0,0.05875200033187866,0.0,0.8099024295806885,0.0005145370960235596,0.3914833068847656
21.853515625,111.68853759765625,0.03768414631485939,0.0,0.0,0.0,0.0,0.0,-0.0,0.0,4.562214251926967,3.4907855442592077,0.3549250066280365,0.0,0.0,0.5450024377083764,0.0,0.0,0.0,0.0,0.0,0.0,0.0,0.0,2410.0,0.6040749549865723,0.0,0.6112911701202393,0.0007098019123077393,0.5128079652786255
21.843111038208008,99.24930572509766,0.5826691389083862,0.0,0.0,0.0,0.0,0.0,-0.0,0.0,4.617071369716099,3.545642798287528,0.35721999406814575,0.0,0.0,0.7207228180967604,0.0,1.0087485313415527,0.0,0.0,0.0,0.0,0.0,1.0087485313415527,2411.0,1.2803070545196533,-1.0087485313415527,0.18629461526870728,0.011285066604614258,0.9156154990196228
21.773324966430664,166.49655151367188,1.3033528327941895,0.0,0.0,0.0,0.0,0.2764204149580319,-0.0,0.0,4.663214288439069,3.591785648890904,0.34515801072120667,0.0,0.0,0.0,3.0713376998901367,0.20205426216125488,0.0,0.0,0.0,0.0,0.0,0.20205426216125488,2412.0,-1.3033137321472168,-0.20205426216125488,0.05609449744224548,0.5008839964866638,0.9984086751937866
21.704936981201172,179.74346923828125,1.3033137321472168,0.0,0.0,0.0,0.0,0.062193064653349776,-0.0,0.0,4.664928586142404,3.5935000828334265,0.6661649942398071,0.0,0.0,0.7805220484733582,0.6910339967854374,0.0,0.0,0.0,0.0,0.0,0.0,0.0,2413.0,0.7805220484733582,0.0,0.2083805799484253,0.5182477235794067,0.9970241785049438
21.698184967041016,169.36514282226562,2.083773374557495,0.0,0.0,0.0,0.0,-0.38973585723780957,-0.0,0.0,4.627999932425363,3.556571360996791,0.7347400188446045,0.0,0.0,0.0,0.0,0.41381001472473145,1.299119472503662,0.0,0.0,0.0,1.7129294872283936,0.0,2414.0,0.47425997257232666,1.7129294872283936,0.4295707046985626,0.776112973690033,0.9967138767242432
22.880550384521484,157.6136474609375,2.0837109088897705,0.0,0.0,0.0,0.0,-0.3479956854580113,-0.0,0.0,4.5859999792916435,3.514571407863072,0.354746013879776,0.0,0.0,0.0,0.0,0.44230398535728455,1.1599855720996857,0.0,0.0,0.0,1.6022895574569702,0.0,2415.0,0.48425397276878357,1.6022895574569702,0.4869574308395386,0.9952059388160706,0.9999544620513916
23.976015090942383,156.94241333007812,2.083648443222046,0.0,0.0,0.0,0.0,-0.04484927236434899,-0.0,0.0,4.566571453639439,3.495143018450056,0.3672589957714081,0.0,0.0,0.0,0.0,0.558040976524353,0.14949756860733032,0.0,0.0,0.0,0.0,0.7075385451316833,2416.0,0.6067409515380859,-0.7075385451316833,0.6227806806564331,0.9996808767318726,0.9999929070472717
23.96926498413086,179.99696350097656,2.0835859775543213,0.0,0.0,0.0,0.0,0.0,-0.0,0.0,4.538785743713379,3.4673573085239955,0.3569149971008301,0.0,0.0,0.1764121273967003,0.0,0.04257265105843544,0.0,0.0,0.0,0.0,0.04257265105843544,0.0,2417.0,0.25308501720428467,0.04257265105843544,0.7958143949508667,0.9983028769493103,0.9994196891784668
23.991498947143555,117.55650329589844,2.259930372238159,0.0,0.0,0.0,0.0,0.0,-0.0,0.0,4.472571454729352,3.401142883300781,0.19949999451637268,0.24587199091911316,0.0,0.0,0.0,0.0,0.0,0.0,0.9675412774085999,0.0,0.0,0.9675412774085999,2418.0,-2.2598626613616943,-0.9675412774085999,0.930396556854248,0.9999232292175293,0.9999818801879883
23.98474884033203,179.99517822265625,1.0217229127883911,0.0,0.0,0.0,0.0,0.0,-0.0,0.0,4.366071374075753,3.2946428026471817,0.0,0.5932930111885071,0.0,0.0,0.0,0.0,0.0,0.0,0.0,0.0,0.0,0.0,2419.0,-1.0216922760009766,0.0,0.42608579993247986,0.8635965585708618,0.9950556755065918
23.975900650024414,179.32394409179688,0.4163094162940979,0.0,0.0,0.0,0.0,-0.04566240957242863,-0.0,0.0,4.258285740443638,3.186857169015067,0.0,0.4079709692725544,0.1522080258598919,0.0,0.0,0.0,0.0,0.0,0.0,0.0,0.0,0.0,2420.0,-0.41629692912101746,0.0,0.14165270328521729,0.26801493763923645,0.8389945030212402
23.968616485595703,178.6527099609375,1.2516599781520199e-5,0.0,0.0,0.0,0.0,-0.14626470789371737,-0.0,0.0,4.171285711015974,3.0998570033482142,0.0,0.0,0.4875490069389343,0.0,0.0,0.0,0.0,0.0,0.0,0.0,0.0,0.0,2421.0,0.0,0.0,0.04722869396209717,0.0462648868560791,0.30851101875305176
23.959779739379883,177.98147583007812,1.2516224160208367e-5,0.0,0.0,0.0,0.0,-0.13417320188574777,-0.0,0.0,4.109214319501604,3.037785611833845,0.0,0.0,0.44724398851394653,0.0,0.0,0.0,0.0,0.0,0.0,0.0,0.0,0.0,2422.0,0.0,0.0,0.028635084629058838,0.03611829876899719,0.1018575131893158
23.768125534057617,177.31024169921875,1.2515848538896535e-5,0.0,0.0,0.0,0.0,-0.12123360817565931,-0.0,0.0,4.046500015258789,2.9750714438302177,0.0,0.0,0.4041120111942291,0.0,0.0,0.0,0.0,0.0,0.0,0.0,0.0,0.0,2423.0,0.0,0.0,0.0335652232170105,0.029174625873565674,0.02164354920387268
23.759260177612305,173.71243286132812,1.2515472917584702e-5,0.0,0.0,0.0,0.0,-0.09408150689131034,-0.0,0.0,3.9909999847412108,2.9195714133126396,0.0,0.0,0.31360501050949097,0.0,0.0,0.0,0.0,0.0,0.0,0.0,0.0,0.0,2424.0,0.0,0.0,0.03084626793861389,0.03472024202346802,0.02435794472694397
23.56556510925293,168.0994415283203,1.251509729627287e-5,0.0,0.0,0.0,0.0,-0.07268850198143717,-0.0,0.0,3.9649285725184846,2.8934998648507255,0.0,0.0,0.24229499697685242,0.0,0.0,0.0,0.0,0.0,0.0,0.0,0.0,0.0,2425.0,0.0,0.0,0.035078465938568115,0.020138412714004517,0.004617810249328613
23.5556640625,167.42820739746094,1.2514721674961038e-5,0.0,0.0,0.0,0.0,-0.06252510200043915,-0.0,0.0,3.9565713882446287,2.8851429530552455,0.0,0.0,0.20841699838638306,0.0,0.0,0.0,0.0,0.0,0.0,0.0,0.0,0.0,2426.0,0.0,0.0,0.03692394495010376,0.02724248170852661,0.011200964450836182
23.360958099365234,166.75697326660156,1.2514346053649206e-5,0.0,0.0,0.0,0.0,-0.05713200200128554,-0.0,0.0,3.945214353288923,2.8737857818603514,0.0,0.0,0.19043999910354614,0.0,0.0,0.0,0.0,0.0,0.0,0.0,0.0,0.0,2427.0,0.0,0.0,0.07258373498916626,0.023197948932647705,0.016252905130386353
23.16826057434082,166.0857391357422,1.2513970432337373e-5,0.0,0.0,0.0,0.0,-0.05296800198030471,-0.0,0.0,3.929357201712472,2.857928630283901,0.0,0.0,0.17655999958515167,0.0,0.0,0.0,0.0,0.0,0.0,0.0,0.0,0.0,2428.0,0.0,0.0,0.1058233380317688,0.01842397451400757,0.02510926127433777
23.157346725463867,165.4145050048828,1.2513594811025541e-5,0.0,0.0,0.0,0.0,-0.05150340404126652,-0.0,0.0,3.919642802647182,2.8482142312186105,0.0,0.0,0.17167800664901733,0.0,0.0,0.0,0.0,0.0,0.0,0.0,0.0,0.0,2429.0,0.0,0.0,0.1446133553981781,0.012959569692611694,0.22957062721252441
22.782861709594727,157.91941833496094,1.2513219189713709e-5,0.0,0.0,0.0,0.0,-0.053959203420448354,-0.0,0.0,3.9115000588553293,2.8400714874267576,0.0,0.0,0.17986400425434113,0.0,0.0,0.0,0.0,0.0,0.0,0.0,0.0,0.0,2430.0,0.0,0.0,0.35991308093070984,0.0051383376121521,0.33986493945121765
22.590160369873047,155.0021209716797,1.2512844477896579e-5,0.0,0.0,0.0,0.0,-0.061765500377237714,-0.0,0.0,3.9052142551967073,2.833785683768136,0.0,0.0,0.20588499307632446,0.0,0.0,0.0,0.0,0.0,0.0,0.0,0.0,0.0,2431.0,0.0,0.0,0.695626437664032,0.0018121600151062012,0.4770328402519226
22.3974609375,154.3308868408203,1.2512469766079448e-5,0.0,0.0,0.0,0.0,-0.08954970894454739,-0.0,0.0,3.9067142486572264,2.835285677228655,0.00570000009611249,0.0,0.2984990179538727,0.0,0.0,0.0,0.0,0.0,0.0,0.0,0.0,0.0,2432.0,0.0,0.0,0.9237657189369202,0.00043389201164245605,0.48532339930534363
22.385541915893555,153.65965270996094,1.2512095054262318e-5,0.0,0.0,0.0,0.0,0.0,-0.0,0.0,3.9392857687813896,2.867857197352818,0.34724798798561096,0.0,0.0,0.9714759920368579,0.0,0.0,0.0,0.0,0.0,0.0,0.0,0.0,2433.0,1.0617520809173584,0.0,0.8447830080986023,0.00020062923431396484,0.3680586516857147
22.37461280822754,152.98841857910156,0.9714593887329102,0.0,0.0,0.0,0.0,0.2420835583077704,-0.0,0.0,4.009571429661342,2.9381427219935827,0.3549250066280365,0.0,0.0,0.0,2.689817100763321,0.4465077817440033,0.0,0.0,0.0,0.0,0.0,0.4465077817440033,2434.0,-0.971430242061615,-0.4465077817440033,0.0845009982585907,0.02392616868019104,0.9357433915138245
22.363204956054688,169.71702575683594,0.971430242061615,0.0,0.0,0.0,0.0,0.4505738032320163,-0.0,0.0,4.095214244297573,3.023785672869001,0.35721999406814575,0.0,0.0,0.0,5.006375193595886,0.1825042963027954,0.0,0.0,0.0,0.0,0.0,0.1825042963027954,2435.0,-0.9714010953903198,-0.1825042963027954,0.08364421129226685,0.588284969329834,0.997694730758667
22.26192283630371,179.62924194335938,0.9714010953903198,0.0,0.0,0.0,0.0,0.10780913163377866,-0.0,0.0,4.190285764421736,3.118857192993164,0.34515801072120667,0.0,0.0,2.993011951446533,1.1978791451764352,2.4081690311431885,0.0,0.0,0.0,0.0,2.4081690311431885,0.0,2436.0,2.993011951446533,2.4081690311431885,0.3964383006095886,0.9534498453140259,0.9999539852142334
23.767234802246094,178.9580078125,3.964294195175171,0.0,0.0,0.0,0.0,0.1444284595764115,-0.0,0.0,4.265071405683245,3.1936429704938614,0.35785800218582153,0.0,0.0,4.599999904632568,1.6047605344252167,0.3763537108898163,0.0,0.0,0.0,0.0,0.3763537108898163,0.0,2437.0,4.599999904632568,0.3763537108898163,0.9285591244697571,0.9999425411224365,0.9999982118606567
23.999698638916016,178.28677368164062,8.564037322998047,0.0,0.0,0.0,0.0,0.4106119005762515,-0.0,0.0,4.3124999455043245,3.2410713740757533,0.4070050120353699,0.0,0.0,1.277493953704834,4.5623540882639055,0.2535755932331085,0.0,0.0,0.0,0.0,0.0,0.2535755932331085,2438.0,1.277493953704834,-0.2535755932331085,0.9841501116752625,0.9999973773956299,0.9999992847442627
23.99294662475586,179.99795532226562,9.841236114501953,0.0,0.0,0.0,0.0,0.29571259995376725,-0.0,0.0,4.333571515764509,3.2621429443359373,0.3781459927558899,0.0,0.0,0.0,3.285695293918252,0.021208783611655235,0.0,0.0,0.0,0.0,0.021208783611655235,0.0,2439.0,-4.599999904632568,0.021208783611655235,0.6772924661636353,0.9999996423721313,0.9999997615814209
23.999982833862305,157.27224731445312,9.840941429138184,0.0,0.0,0.0,0.0,0.1966638667713686,-0.0,0.0,4.348785618373325,3.2773570469447546,0.41212400794029236,0.0,0.0,0.0,2.185153901576996,0.5206223130226135,0.0,0.0,0.0,0.0,0.0,0.5206223130226135,2440.0,-4.599999904632568,-0.5206223130226135,0.9369174242019653,0.9999999403953552,1.0
23.99323272705078,179.99807739257812,9.840646743774414,0.0,0.0,0.0,0.0,0.10978435088718687,-0.0,0.0,4.348571450369699,3.277142878941127,0.39252400398254395,0.0,0.0,0.0,1.2198260240256786,0.020699936896562576,0.0,0.0,0.0,0.0,0.020699936896562576,0.0,2441.0,0.0025782177690416574,0.020699936896562576,0.9843194484710693,1.0,1.0
23.999984741210938,169.71810913085938,9.840352058410645,0.0,0.0,0.0,0.0,0.0,-0.0,0.0,4.316071455819266,3.2446427481515068,0.32774999737739563,0.11762198805809021,0.0,0.0,0.0,0.0,0.0,0.0,0.3295890255392668,0.0,0.0,0.3295890255392668,2442.0,-4.599999904632568,-0.32958903908729553,0.9985435605049133,1.0,1.0
23.993234634399414,179.99807739257812,9.383732795715332,0.0,0.0,0.0,0.0,0.0,-0.0,0.0,4.260857118879046,3.189428547450474,0.0,0.5932930111885071,0.0,0.0,0.0,0.0,0.0,0.0,0.1666068583726883,0.0,0.1666068583726883,0.0,2443.0,-4.599999904632568,0.1666068583726883,0.996166467666626,0.999999463558197,0.9999998807907104
23.999980926513672,179.32684326171875,8.60806655883789,0.0,0.0,0.0,0.0,0.0,-0.0,0.0,4.232357243129185,3.160928671700614,0.0,0.5601789951324463,0.0,0.0,0.0,0.0,0.0,0.0,0.022144030779600143,0.0,0.0,0.022144030779600143,2444.0,-4.599999904632568,-0.022144030779600143,0.9961780905723572,0.9999964237213135,0.9999994039535522
23.992706298828125,179.99798583984375,8.013619422912598,0.0,0.0,0.0,0.0,0.0,-0.0,0.0,4.204357092721121,3.13292852129255,0.0,0.4875490069389343,0.0,0.0,0.0,0.0,0.0,0.0,0.024656524881720543,0.0,0.024656524881720543,0.0,2445.0,-4.599999904632568,0.024656524881720543,0.9900938868522644,0.9998869895935059,0.9999814033508301
23.999420166015625,179.32675170898438,7.49073600769043,0.0,0.0,0.0,0.0,0.0,-0.0,0.0,4.178071376255581,3.106642804827009,0.0,0.44724398851394653,0.0,0.0,0.0,0.0,0.0,0.0,0.2622460722923279,0.0,0.0,0.2622460722923279,2446.0,-4.599999904632568,-0.2622460722923279,0.9724069833755493,0.9968228340148926,0.9989856481552124
23.989551544189453,179.83578491210938,6.766563892364502,0.0,0.0,0.0,0.0,0.0,-0.0,0.0,4.164857128688267,3.093428693498884,0.0,0.4041120111942291,0.0,0.0,0.0,0.0,0.0,0.0,0.0,0.0,0.0,0.0,2447.0,-4.599999904632568,0.0,0.9077560901641846,0.806537926197052,0.8839480876922607
23.797893524169922,162.09197998046875,6.3540143966674805,0.0,0.0,0.0,0.0,0.0,-0.0,0.0,4.159500067574637,3.088071496146066,0.0,0.31360501050949097,0.0,0.0,0.0,0.0,0.0,0.0,0.0,0.0,0.0,0.0,2448.0,-4.599999904632568,0.0,0.8848989009857178,0.6724552512168884,0.2698747515678406
23.7869930267334,161.42074584960938,6.033828258514404,0.0,0.0,0.0,0.0,0.0,-0.0,0.0,4.155071476527622,3.0836429050990515,0.0,0.24229499697685242,0.0,0.0,0.0,0.0,0.0,0.0,0.0,0.0,0.0,0.0,2449.0,-4.599999904632568,0.0,0.8805900812149048,0.5153351426124573,0.04870685935020447
23.776086807250977,160.74951171875,5.786415100097656,0.0,0.0,0.0,0.0,0.0,-0.0,0.0,4.157785633632114,3.0863570622035437,0.0,0.20841699838638306,0.0,0.0,0.0,0.0,0.0,0.0,0.0,0.0,0.0,0.0,2450.0,-4.599999904632568,0.0,0.8465240001678467,0.4908393323421478,0.03236818313598633
23.766183853149414,160.07827758789062,5.573577404022217,0.0,0.0,0.0,0.0,0.0,-0.0,0.0,4.137428501674107,3.065999930245536,0.0,0.19043999910354614,0.0,0.0,0.0,0.0,0.0,0.0,0.0,0.0,0.0,0.0,2451.0,-4.599999904632568,0.0,0.8999637365341187,0.28189054131507874,0.019281357526779175
23.572481155395508,149.60073852539062,5.379089832305908,0.0,0.0,0.0,0.0,0.0,-0.0,0.0,4.122357177734375,3.0509286063058036,0.0,0.17655999958515167,0.0,0.0,0.0,0.0,0.0,0.0,0.0,0.0,0.0,0.0,2452.0,-4.599999904632568,0.0,0.9459090232849121,0.1450228989124298,0.02930310368537903
23.197996139526367,148.92950439453125,5.198770523071289,0.0,0.0,0.0,0.0,0.0,-0.0,0.0,4.101571437290737,3.030142865862165,0.0,0.17167800664901733,0.0,0.0,0.0,0.0,0.0,0.0,0.0,0.0,0.0,0.0,2453.0,-4.599999904632568,0.0,0.9223256707191467,0.11709633469581604,0.04601234197616577
23.004291534423828,148.25827026367188,5.023438453674316,0.0,0.0,0.0,0.0,0.0,-0.0,0.0,4.093714250837054,3.022285679408482,0.0,0.17986400425434113,0.0,0.0,0.0,0.0,0.0,0.0,0.0,0.0,0.0,0.0,2454.0,-4.599999904632568,0.0,0.9247593879699707,0.06858137249946594,0.17779400944709778
22.81058692932129,147.5870361328125,4.83975887298584,0.0,0.0,0.0,0.0,0.0,-0.0,0.0,4.092499950953892,3.021071515764509,0.0,0.20588499307632446,0.0,0.0,0.0,0.0,0.0,0.0,0.0,0.0,0.0,0.0,2455.0,-4.599999904632568,0.0,0.9519259333610535,0.04508179426193237,0.41775092482566833
22.43409538269043,146.91580200195312,4.629533290863037,0.0,0.0,0.0,0.0,0.0,-0.0,0.0,4.096071461268833,3.0246428898402624,0.0,0.3041990101337433,0.0,0.0,0.0,0.0,0.0,0.0,0.0,0.0,0.0,0.0,2456.0,-4.599999904632568,0.0,0.9735997915267944,0.004996538162231445,0.41129809617996216
22.421175003051758,146.24456787109375,4.318996429443359,0.0,0.0,0.0,0.0,0.0,-0.0,0.0,4.147285679408482,3.075857107979911,0.34724798798561096,0.0,0.0,0.5134239105968845,0.0,0.0,0.0,0.0,0.0,0.0,0.0,0.0,2457.0,0.5697519779205322,0.0,0.9405941367149353,0.002954840660095215,0.2486647069454193
22.409259796142578,134.33718872070312,4.832275390625,0.0,0.0,0.0,0.0,0.20018926065677395,-0.0,0.0,4.210428592136928,3.1389998844691687,0.3549250066280365,0.0,0.0,0.0,2.224324941635132,0.0,0.0,0.0,0.0,0.0,0.0,0.0,2458.0,-4.599999904632568,0.0,0.25067073106765747,0.09137386083602905,0.6531013250350952
22.339805603027344,133.66595458984375,4.832130432128906,0.0,0.0,0.0,0.0,0.23465744095305022,-0.0,0.0,4.288428660801479,3.2170000893729074,0.35721999406814575,0.0,0.0,0.0,2.6073046922683716,1.5717252492904663,0.0,0.0,0.0,0.0,0.0,1.5717252492904663,2459.0,-4.599999904632568,-1.5717252492904663,0.1569821834564209,0.5924422144889832,0.9892542958259583
22.33269691467285,178.2787628173828,4.8319854736328125,0.0,0.0,0.0,0.0,0.10096093900705318,-0.0,0.0,4.41692864554269,3.3455000741141183,0.34515801072120667,0.0,0.0,2.931023120880127,1.121788122037768,2.5019140243530273,0.0,0.0,0.0,0.0,2.5019140243530273,0.0,2460.0,2.931023120880127,2.5019140243530273,0.7762978672981262,0.9967154860496521,0.999900221824646
23.983562469482422,177.60752868652344,7.762775897979736,0.0,0.0,0.0,0.0,0.4480446380473609,-0.0,0.0,4.512071418762207,3.4406429835728236,0.35785800218582153,0.0,0.0,2.0502309799194336,4.97827336044416,0.046395909041166306,0.0,0.0,0.0,0.0,0.0,0.046395909041166306,2461.0,2.0502309799194336,-0.046395909041166306,0.9812977313995361,0.9999920129776001,0.9999976754188538
23.9768123626709,179.99771118164062,9.812712669372559,0.0,0.0,0.0,0.0,0.6116901656201483,-0.0,0.0,4.561714254106794,3.490285818917411,0.3717289865016937,0.0,0.0,0.13351483643054962,6.796556855637606,0.043724533170461655,0.0,0.0,0.0,0.0,0.043724533170461655,0.0,2462.0,0.13351483643054962,0.043724533170461655,0.9946197271347046,0.9999994039535522,0.9999994039535522
23.999980926513672,179.32647705078125,9.945929527282715,0.0,0.0,0.0,0.0,0.5379216593342326,-0.0,0.0,4.586214283534458,3.5147857121058874,0.354746013879776,0.0,0.0,0.0,5.976906850934029,0.14164726436138153,0.0,0.0,0.0,0.0,0.0,0.14164726436138153,2463.0,0.006038148421794176,-0.14164726436138153,0.9951937794685364,0.9999998807907104,0.9999998807907104
23.99323081970215,179.99806213378906,9.94563102722168,0.0,0.0,0.0,0.0,0.37267440531546936,-0.0,0.0,4.589857046944754,3.518428475516183,0.3672589957714081,0.0,0.0,0.0,4.1408263966441154,0.019614525139331818,0.0,0.0,0.0,0.0,0.019614525139331818,0.0,2464.0,-4.599999904632568,0.019614525139331818,0.9664547443389893,1.0,1.0
23.999984741210938,179.3268280029297,9.945332527160645,0.0,0.0,0.0,0.0,0.16853720592506297,-0.0,0.0,4.562857164655413,3.4914285932268414,0.3569149971008301,0.0,0.0,0.0,1.8726354725658894,0.02004946395754814,0.0,0.0,0.0,0.0,0.0,0.02004946395754814,2465.0,-4.599999904632568,-0.02004946395754814,0.9765920042991638,1.0,1.0
23.993234634399414,179.99807739257812,9.94503402709961,0.0,0.0,0.0,0.0,0.0,-0.0,0.0,4.4708571570260185,3.399428449358259,0.2688499987125397,0.17652198672294617,0.0,0.0,0.0,0.0,0.0,0.0,0.020130911841988564,0.0,0.020130911841988564,0.0,2466.0,-4.599999904632568,0.020130911841988564,0.9984711408615112,1.0,1.0
23.999984741210938,171.8036651611328,9.744075775146484,0.0,0.0,0.0,0.0,0.0,-0.0,0.0,4.394357081821987,3.322928510393415,0.0,0.5932930111885071,0.0,0.0,0.0,0.0,0.0,0.0,0.13911893341887407,0.0,0.0,0.13911893341887407,2467.0,-4.599999904632568,-0.13911893963813782,0.9984992742538452,0.9999999403953552,1.0
23.993234634399414,179.99807739257812,8.99644660949707,0.0,0.0,0.0,0.0,0.0,-0.0,0.0,4.374642862592425,3.303214154924665,0.0,0.5601789951324463,0.0,0.0,0.0,0.0,0.0,0.0,0.02056203782558441,0.0,0.02056203782558441,0.0,2468.0,-4.599999904632568,0.02056203782558441,0.9972916841506958,0.9999985694885254,0.9999997615814209
23.999977111816406,179.32684326171875,8.40360164642334,0.0,0.0,0.0,0.0,0.0,-0.0,0.0,4.363071387154715,3.291642815726144,0.0,1.0978139638900757,0.0,0.0,0.0,0.0,0.0,0.0,0.474443256855011,0.0,0.0,0.474443256855011,2469.0,-4.599999904632568,-0.474443256855011,0.9854863882064819,0.999231219291687,0.9998416900634766
23.993227005004883,179.97274780273438,6.79905366897583,0.0,0.0,0.0,0.0,0.0,-0.0,0.0,4.331714303152902,3.26028573172433,0.0,0.44724398851394653,0.0,0.0,0.0,0.0,0.0,0.0,0.0,0.0,0.0,0.0,2470.0,-4.599999904632568,0.0,0.8905661702156067,0.9931962490081787,0.9955384731292725
23.98647689819336,179.301513671875,6.34249210357666,0.0,0.0,0.0,0.0,0.0,-0.0,0.0,4.308571352277483,3.2371427808489117,0.0,0.4041120111942291,0.0,0.0,0.0,0.0,0.0,0.0,0.0,0.0,0.0,0.0,2471.0,-4.599999904632568,0.0,0.7584800124168396,0.8572221994400024,0.7934294939041138
23.978694915771484,178.63027954101562,5.929955005645752,0.0,0.0,0.0,0.0,0.0,-0.0,0.0,4.297785704476492,3.226357269287109,0.0,0.31360501050949097,0.0,0.0,0.0,0.0,0.0,0.0,0.0,0.0,0.0,0.0,2472.0,-4.599999904632568,0.0,0.7106393575668335,0.5183698534965515,0.18982234597206116
23.969858169555664,177.95904541015625,5.609781742095947,0.0,0.0,0.0,0.0,0.0,-0.0,0.0,4.286071450369699,3.214642878941127,0.0,0.24229499697685242,0.0,0.0,0.0,0.0,0.0,0.0,0.0,0.0,0.0,0.0,2473.0,-4.599999904632568,0.0,0.7436078786849976,0.37392497062683105,0.03967022895812988
23.95897674560547,166.1233673095703,5.3623809814453125,0.0,0.0,0.0,0.0,0.0,-0.0,0.0,4.275071498325893,3.2036429268973214,0.0,0.20841699838638306,0.0,0.0,0.0,0.0,0.0,0.0,0.0,0.0,0.0,0.0,2474.0,-4.599999904632568,0.0,0.7707312703132629,0.2719288468360901,0.022216588258743286
23.767311096191406,165.45213317871094,5.1495561599731445,0.0,0.0,0.0,0.0,0.0,-0.0,0.0,4.269071524483817,3.1976429530552455,0.0,0.19043999910354614,0.0,0.0,0.0,0.0,0.0,0.0,0.0,0.0,0.0,0.0,2475.0,-4.599999904632568,0.0,0.8215595483779907,0.21639010310173035,0.008022606372833252
23.574626922607422,164.78089904785156,4.955080986022949,0.0,0.0,0.0,0.0,0.0,-0.0,0.0,4.266142926897322,3.19471435546875,0.0,0.17655999958515167,0.0,0.0,0.0,0.0,0.0,0.0,0.0,0.0,0.0,0.0,2476.0,-4.599999904632568,0.0,0.8594785332679749,0.15205752849578857,0.013226240873336792
23.381935119628906,164.1096649169922,4.774774551391602,0.0,0.0,0.0,0.0,0.0,-0.0,0.0,4.2625714165823805,3.1911427089146205,0.0,0.17167800664901733,0.0,0.0,0.0,0.0,0.0,0.0,0.0,0.0,0.0,0.0,2477.0,-4.599999904632568,0.0,0.772470235824585,0.21685123443603516,0.055487751960754395
23.371023178100586,155.91455078125,4.599454879760742,0.0,0.0,0.0,0.0,0.0,-0.0,0.0,4.249499947684152,3.17807137625558,0.0,0.17986400425434113,0.0,0.0,0.0,0.0,0.0,0.0,0.0,0.0,0.0,0.0,2478.0,-4.5993170738220215,0.0,0.7657873034477234,0.13479232788085938,0.26938289403915405
23.358591079711914,155.24331665039062,4.415787696838379,0.0,0.0,0.0,0.0,0.0,-0.0,0.0,4.249071339198521,3.17764276776995,0.0,0.20588499307632446,0.0,0.0,0.0,0.0,0.0,0.0,0.0,0.0,0.0,0.0,2479.0,-4.415655136108398,0.0,0.9316082000732422,0.027933508157730103,0.5403551459312439
23.16590118408203,154.57208251953125,4.205574989318848,0.0,0.0,0.0,0.0,0.0,-0.0,0.0,4.249499947684152,3.17807137625558,0.0,0.3041990101337433,0.0,0.0,0.0,0.0,0.0,0.0,0.0,0.0,0.0,0.0,2480.0,-4.205449104309082,0.0,0.9789794683456421,0.016373097896575928,0.4781595468521118
22.70049476623535,153.90084838867188,3.8950510025024414,0.0,0.0,0.0,0.0,0.0,-0.0,0.0,4.259642955235073,3.188214383806501,0.08550000190734863,0.26174798607826233,0.0,0.0,0.0,0.0,0.0,0.0,0.0,0.0,0.0,0.0,2481.0,-3.8949341773986816,0.0,0.9853024482727051,0.0016781985759735107,0.3023570775985718
22.6890869140625,143.99139404296875,3.627852439880371,0.0,0.0,0.0,0.0,0.0,-0.0,0.0,4.281857163565499,3.210428728376116,0.3549250066280365,0.0,0.0,0.05995149013853052,0.0,0.0,0.0,0.0,0.0,0.0,0.0,0.0,2482.0,0.08307498693466187,0.0,0.9663941860198975,0.0017112791538238525,0.2455737590789795
22.58831024169922,143.32015991210938,3.6876933574676514,0.0,0.0,0.0,0.0,0.0,-0.0,0.0,4.293785721915109,3.2223572867257255,0.35721999406814575,0.0,0.0,0.22528238019714308,0.0,0.0,0.0,0.0,0.0,0.0,0.0,0.0,2483.0,0.2607799768447876,0.0,0.8962812423706055,0.011826038360595703,0.45411738753318787
22.4875431060791,142.64892578125,3.912858486175537,0.0,0.0,0.0,0.0,0.0,-0.0,0.0,4.309785788399832,3.238357216971261,0.34515801072120667,0.0,0.0,0.04581083327285285,0.0,0.44504618644714355,0.0,0.0,0.0,0.0,0.0,0.44504618644714355,2484.0,0.5358419418334961,-0.44504618644714355,0.5193111300468445,0.2557593286037445,0.9351205825805664
22.477676391601562,169.61737060546875,3.9585506916046143,0.0,0.0,0.0,0.0,0.0,-0.0,0.0,4.332285690307617,3.260857118879046,0.35785800218582153,0.0,0.0,0.0,0.0,0.7422419190406799,0.0,0.0,0.9468726515769958,0.0,1.6891145706176758,0.0,2485.0,-3.9584319591522217,1.6891145706176758,0.3052525222301483,0.9128926396369934,0.9969997406005859
23.5644474029541,168.94613647460938,2.99226450920105,0.0,0.0,0.0,0.0,0.0,-0.0,0.0,4.350500052315848,3.2790714808872767,0.3717289865016937,0.0,0.0,0.0,0.0,0.6067709922790527,0.0,0.0,0.04521346092224121,0.0,0.651984453201294,0.0,2486.0,-2.9921748638153076,0.651984453201294,0.21168464422225952,0.9964240193367004,0.9999173283576965
23.982105255126953,160.75096130371094,2.946039915084839,0.0,0.0,0.0,0.0,-0.2525037836036592,-0.0,0.0,4.371714265005929,3.3002855573381695,0.354746013879776,0.0,0.0,0.0,0.0,0.2713039815425873,0.8416792452335358,0.0,0.0,0.0,0.0,1.112983226776123,2487.0,0.3042539656162262,-1.112983226776123,0.5058660507202148,0.9984744191169739,0.9998694658279419
23.97431755065918,179.97718811035156,2.9459517002105713,0.0,0.0,0.0,0.0,0.0,-0.0,0.0,4.400428581237793,3.3289998735700332,0.3672589957714081,0.0,0.0,0.2705960496281321,0.0,0.048222556710243225,0.0,0.0,0.0,0.0,0.048222556710243225,0.0,2488.0,0.36074098944664,0.048222556710243225,0.6226836442947388,0.9998825192451477,0.9999972581863403
23.99939727783203,172.97312927246094,3.216451406478882,0.0,0.0,0.0,0.0,0.0,-0.0,0.0,4.422428621564593,3.351000050136021,0.3569149971008301,0.0,0.0,0.06912663460206758,0.0,0.1197475865483284,0.0,0.0,0.0,0.0,0.0,0.1197475865483284,2489.0,0.2190849781036377,-0.1197475865483284,0.8432821035385132,0.999901294708252,0.999996542930603
23.90070915222168,179.99752807617188,3.2854795455932617,0.0,0.0,0.0,0.0,0.0,-0.0,0.0,4.431357192993164,3.3599286215645927,0.0722000002861023,0.38111698627471924,0.0,0.0,0.0,0.0,0.0,0.0,0.16021165251731873,0.0,0.16021165251731873,0.0,2490.0,-3.2853810787200928,0.16021165251731873,0.8661746978759766,0.9997799396514893,0.999987006187439
23.998884201049805,179.3262939453125,2.7330214977264404,0.0,0.0,0.0,0.0,0.0,-0.0,0.0,4.440285764421735,3.368857192993164,0.0,0.6264680027961731,0.0,0.0,0.0,0.0,0.0,0.0,0.15560562908649445,0.0,0.0,0.15560562908649445,2491.0,-2.7329394817352295,-0.15560562908649445,0.7426739931106567,0.987668514251709,0.9987484216690063
23.898096084594727,179.79782104492188,1.9349291324615479,0.0,0.0,0.0,0.0,0.0,-0.0,0.0,4.446714346749442,3.3752857753208705,0.0,0.5601789951324463,0.0,0.0,0.0,0.0,0.0,0.0,0.0,0.0,0.0,0.0,2492.0,-1.9348710775375366,0.0,0.3430195450782776,0.8048479557037354,0.9588828086853027
23.889759063720703,179.1265869140625,1.3632770776748657,0.0,0.0,0.0,0.0,0.0,-0.0,0.0,4.442928532191685,3.371499960763114,0.0,0.4875490069389343,0.0,0.0,0.0,0.0,0.0,0.0,0.0,0.0,0.0,0.0,2493.0,-1.3632361888885498,0.0,0.10410678386688232,0.19695603847503662,0.43730229139328003
23.879365921020508,178.45535278320312,0.8657521605491638,0.0,0.0,0.0,0.0,0.0,-0.0,0.0,4.421285711015973,3.3498570033482142,0.0,0.44724398851394653,0.0,0.0,0.0,0.0,0.0,0.0,0.0,0.0,0.0,0.0,2494.0,-0.8657262325286865,0.0,0.048717886209487915,0.05378255248069763,0.06191891431808472
23.687191009521484,169.22129821777344,0.40936848521232605,0.0,0.0,0.0,0.0,-0.0008828850561617038,-0.0,0.0,4.387142944335937,3.315714372907366,0.0,0.4011690611239658,0.0029429500702633504,0.0,0.0,0.0,0.0,0.0,0.0,0.0,0.0,0.0,2495.0,-0.4093562066555023,0.0,0.04116910696029663,0.032733023166656494,0.011549592018127441
23.67628288269043,156.5211639404297,1.2307989891269244e-5,0.0,0.0,0.0,0.0,-0.09408150689131034,-0.0,0.0,4.363285691397531,3.2918572562081474,0.0,0.0,0.31360501050949097,0.0,0.0,0.0,0.0,0.0,0.0,0.0,0.0,0.0,2496.0,0.0,0.0,0.032385408878326416,0.033112138509750366,0.005813539028167725
23.664365768432617,132.24124145507812,1.2307620636420324e-5,0.0,0.0,0.0,0.0,-0.07268850198143717,-0.0,0.0,4.34778562273298,3.2763570513044082,0.0,0.0,0.24229499697685242,0.0,0.0,0.0,0.0,0.0,0.0,0.0,0.0,0.0,2497.0,0.0,0.0,0.12445750832557678,0.40693530440330505,0.09378796815872192
23.654529571533203,53.02924346923828,1.2307251381571405e-5,0.0,0.0,0.0,0.0,-0.06232920238690376,-0.0,0.0,3.745857184273856,2.6744286128452845,0.0,0.0,0.20776399970054626,0.0,0.0,0.0,0.0,0.0,0.0,0.0,0.0,0.0,2498.0,0.0,0.0,0.08741888403892517,0.43229901790618896,0.09490969777107239
22.91446876525879,52.35801315307617,1.2306882126722485e-5,0.0,0.0,0.0,0.0,-0.0569454007127046,-0.0,0.0,3.7578571319580076,2.6864285605294365,0.0,0.0,0.18981799483299255,0.0,0.0,0.0,0.0,0.0,0.0,0.0,0.0,0.0,2499.0,0.0,0.0,0.13152945041656494,0.36842048168182373,0.0247805118560791
22.35619354248047,51.68678283691406,1.2306512871873565e-5,0.0,0.0,0.0,0.0,-0.052786800872755,-0.0,0.0,3.7722142900739395,2.7007857186453683,0.0,0.0,0.17595599591732025,0.0,0.0,0.0,0.0,0.0,0.0,0.0,0.0,0.0,2500.0,0.0,0.0,0.16961491107940674,0.36235910654067993,0.04125985503196716
21.79791831970215,51.01555252075195,1.2306143617024645e-5,0.0,0.0,0.0,0.0,-0.051327603114748044,-0.0,0.0,3.7850714547293527,2.713642883300781,0.0,0.0,0.17109200358390808,0.0,0.0,0.0,0.0,0.0,0.0,0.0,0.0,0.0,2501.0,0.0,0.0,0.20042455196380615,0.3883798122406006,0.09781539440155029
21.239643096923828,50.344322204589844,1.2305774362175725e-5,0.0,0.0,0.0,0.0,-0.07309914149241203,-0.0,0.0,3.7823571613856726,2.710928453717913,0.0,0.0,0.17946599423885345,0.0,0.0,0.0,0.06419780105352402,0.0,0.0,0.0,0.0,0.06419780105352402,2502.0,0.0,-0.06419780105352402,0.20141181349754333,0.31877416372299194,0.20632916688919067
20.681367874145508,53.010746002197266,1.2305405107326806e-5,0.0,0.0,0.0,0.0,-0.2372417231298174,-0.0,0.0,3.7814285550798687,2.7100001198904855,0.0,0.0,0.20624800026416779,0.0,0.0,0.0,0.5845577120780945,0.0,0.0,0.0,0.0,0.5845577120780945,2503.0,0.0,-0.5845577120780945,0.15841075778007507,0.07371938228607178,0.3920142650604248
20.668447494506836,82.7203598022461,1.2305035852477886e-5,0.0,0.0,0.0,0.0,-0.09174210197695487,-0.0,0.0,3.777285657610212,2.7058570861816404,0.0,0.0,0.3058069944381714,0.0,0.0,0.0,0.0,0.0,0.0,0.0,0.0,0.0,2504.0,0.0,0.0,0.4019396901130676,0.18498796224594116,0.2879405617713928
19.928386688232422,82.04913330078125,1.2304666597628966e-5,0.0,0.0,0.0,0.0,-0.10481640516982083,-0.0,0.0,3.767285701206752,2.695857129778181,0.0,0.0,0.3493880033493042,0.0,0.0,0.0,0.0,0.0,0.0,0.0,0.0,0.0,2505.0,0.0,0.0,0.5275426506996155,0.006277680397033691,0.3838009238243103
19.91546630859375,81.3779067993164,1.2304297342780046e-5,0.0,0.0,0.0,0.0,-0.06541350147777791,-0.0,0.0,3.7808571679251535,2.709428460257394,0.14059999585151672,0.0,0.21804499626159668,0.0,0.0,0.0,0.0,0.0,0.0,0.0,0.0,0.0,2506.0,0.0,0.0,0.5191376209259033,0.09723776578903198,0.17008048295974731
19.175405502319336,80.70668029785156,1.2303928087931126e-5,0.0,0.20159957799832284,0.0,0.0,-0.2208430783996409,-0.20159957799832284,0.0,3.774428585597447,2.7029998779296873,0.29829999804496765,0.0,0.06414499878883362,0.0,0.0,0.0,0.0,0.0,0.0,0.0,0.0,0.0,2507.0,0.0,0.0,0.6085926294326782,0.011648118495941162,0.13383278250694275
18.79840087890625,80.03545379638672,1.2303558833082207e-5,0.0,0.0,0.0,0.0,-0.2143451209602798,-0.0,0.0,3.7663570949009486,2.6949285234723774,0.3503029942512512,0.0,0.0,0.0,0.0,0.07909700274467468,0.7144837081432343,0.0,0.0,0.0,0.7935807108879089,0.0,2508.0,0.10169699788093567,0.7935807108879089,0.6147223114967346,0.010610699653625488,0.17174825072288513
19.053037643432617,79.36422729492188,1.2303189578233287e-5,0.0,0.0,0.0,0.0,-0.07290557316563806,-0.0,0.0,3.761642810276576,2.690214375087193,0.36287298798561096,0.0,0.0,0.0,0.0,0.1919269859790802,0.24301856756210327,0.0,0.0,0.0,0.43494555354118347,0.0,2509.0,0.2211270034313202,0.43494555354118347,0.5902194976806641,0.020848065614700317,0.1948312222957611
19.104225158691406,78.69300079345703,1.2302820323384367e-5,0.0,0.0,0.0,0.0,-0.1460931180355196,-0.0,0.0,3.7610000337873184,2.6895713261195593,0.37663400173187256,0.0,0.0,0.0,0.0,0.34061598777770996,0.4869770407676697,0.0,0.0,0.0,0.8275930285453796,0.0,2510.0,0.37836599349975586,0.8275930285453796,0.5254191160202026,0.11224162578582764,0.6527751088142395
19.561193466186523,78.02177429199219,1.2302451068535447e-5,0.0,0.0,0.0,0.0,-0.6013688803263051,-0.0,0.0,3.761428506033761,2.68999993460519,0.35962700843811035,0.0,0.0,0.0,0.0,0.305372953414917,2.0045628547668457,0.0,0.0,0.0,2.3099358081817627,0.0,2511.0,0.3403729796409607,2.3099358081817627,0.5673226118087769,0.33455926179885864,0.5508993268013
20.672780990600586,69.3253402709961,1.2302081813686527e-5,0.0,0.0,0.0,0.0,-0.3948604055190241,-0.0,0.0,3.757714353288923,2.6862857818603514,0.375014990568161,0.0,0.0,0.0,0.0,0.009735018014907837,1.3162012994289398,0.0,0.0,0.0,0.0,1.3259363174438477,2512.0,0.029985010623931885,-1.3259363174438477,0.6415011882781982,0.6193244457244873,0.7310315370559692
20.47807502746582,136.963134765625,1.2301712558837608e-5,0.0,0.0,0.0,0.0,-0.42814499797999783,-0.0,0.0,3.7360713958740233,2.664642824445452,0.14534999430179596,0.0,0.23135201632976532,0.0,0.0,0.0,1.1957979202270508,0.0,0.0,0.0,1.1957979202270508,0.0,2513.0,0.0,1.1957979202270508,0.6324520111083984,0.39119666814804077,0.36054712533950806
20.955968856811523,136.29190063476562,1.2301343303988688e-5,0.0,0.0,0.0,0.0,-0.46736387977456495,-0.0,0.0,3.7001428059169226,2.628714370727539,0.0,0.0,0.48549601435661316,0.0,0.0,0.0,1.0723835229873657,0.0,0.0,0.0,1.0723835229873657,0.0,2514.0,0.0,1.0723835229873657,0.5020329356193542,0.43503642082214355,0.1673433780670166
21.175167083740234,135.62066650390625,1.2300974049139768e-5,0.0,0.0,0.0,0.0,-1.0954602497998955,-0.0,0.0,3.6589999335152763,2.587571498325893,0.0,0.0,0.6515340209007263,0.0,0.0,0.0,3.0,0.0,0.0,0.0,3.0,0.0,2515.0,0.0,3.0,0.4339471757411957,0.6873962879180908,0.10241040587425232
22.082170486450195,134.94943237304688,1.230060570378555e-5,0.0,0.0,0.0,0.0,-0.18280081283254646,-0.0,0.0,3.6022857393537246,2.5308570316859655,0.0,0.0,0.6093360185623169,0.0,0.0,0.0,0.0,0.0,0.0,0.0,0.0,0.0,2516.0,0.0,0.0,0.43304210901260376,0.4140437841415405,0.192898690700531
21.88746452331543,125.98763275146484,1.2300237358431332e-5,0.0,0.0,0.0,0.0,-0.14830770187805875,-0.0,0.0,3.5368571417672294,2.465428706577846,0.0,0.0,0.49435898661613464,0.0,0.0,0.0,0.0,0.0,0.0,0.0,0.0,0.0,2517.0,0.0,0.0,0.4007430672645569,0.530791163444519,0.18360695242881775
21.51097297668457,125.31640625,1.2299869013077114e-5,0.0,0.0,0.0,0.0,-0.7876629844372651,-0.0,0.0,3.4638570513044082,2.392428479875837,0.0,0.0,0.41045600175857544,0.0,0.0,0.0,2.2150871753692627,0.0,0.0,0.0,2.2150871753692627,0.0,2518.0,0.0,2.2150871753692627,0.3661152422428131,0.6207247376441956,0.14523446559906006
22.103609085083008,124.64517974853516,1.2299500667722896e-5,0.0,0.0,0.0,0.0,-0.10667850203031293,-0.0,0.0,3.3876429421561105,2.316214370727539,0.0,0.0,0.3555949926376343,0.0,0.0,0.0,0.0,0.0,0.0,0.0,0.0,0.0,2519.0,0.0,0.0,0.20981329679489136,0.6082156896591187,0.21136832237243652
21.181764602661133,123.97395324707031,1.2299132322368678e-5,0.0,0.0,0.0,0.0,-0.09264510344048738,-0.0,0.0,3.3209999084472654,2.2495713370186943,0.0,0.0,0.3088169991970062,0.0,0.0,0.0,0.0,0.0,0.0,0.0,0.0,0.0,2520.0,0.0,0.0,0.3288201093673706,0.42115724086761475,0.13111042976379395
20.623489379882812,114.79469299316406,1.229876397701446e-5,0.0,0.0,0.0,0.0,-0.9724875374630093,-0.0,0.0,3.269428471156529,2.1979998997279577,0.0,0.0,0.24162499606609344,0.0,0.0,0.0,3.0,0.0,0.0,0.0,3.0,0.0,2521.0,0.0,3.0,0.4103582799434662,0.4558092951774597,0.18645286560058594
21.172887802124023,114.12346649169922,1.2298395631660242e-5,0.0,0.0,0.0,0.0,-0.9623292381496906,-0.0,0.0,3.2325714111328123,2.161142839704241,0.0,0.0,0.20776399970054626,0.0,0.0,0.0,3.0,0.0,0.0,0.0,3.0,0.0,2522.0,0.0,3.0,0.35731276869773865,0.5782104730606079,0.2076297402381897
21.523914337158203,113.45223999023438,1.2298027286306024e-5,0.0,0.0,0.0,0.0,-0.9569454364754915,-0.0,0.0,3.206428473336356,2.1349999019077845,0.0,0.0,0.18981799483299255,0.0,0.0,0.0,3.0,0.0,0.0,0.0,0.0,3.0,2523.0,0.0,-3.0,0.5830503702163696,0.07186827063560486,0.9529126882553101
21.088199615478516,138.2511749267578,1.2297658940951806e-5,0.0,0.0,0.0,0.0,-0.052786800872755,-0.0,0.0,3.1929999215262277,2.121571350097656,0.0,0.0,0.17595599591732025,0.0,0.0,0.0,0.0,0.0,0.0,0.0,0.0,0.0,2524.0,0.0,0.0,0.2770000696182251,0.2571912407875061,0.16608357429504395
20.16635513305664,137.57994079589844,1.2297290595597588e-5,0.0,0.0,0.0,0.0,-0.051327603114748044,-0.0,0.0,3.1754286084856305,2.1040000370570593,0.0,0.0,0.17109200358390808,0.0,0.0,0.0,0.0,0.0,0.0,0.0,0.0,0.0,2525.0,0.0,0.0,0.37431320548057556,0.07737553119659424,0.15248578786849976
19.60807991027832,136.90870666503906,1.229692225024337e-5,0.0,0.0,0.0,0.0,-0.9538398361738443,-0.0,0.0,3.1563570295061383,2.084928458077567,0.0,0.0,0.17946599423885345,0.0,0.0,0.0,3.0,0.0,0.0,0.0,3.0,0.0,2526.0,0.0,3.0,0.40912237763404846,0.22889924049377441,0.19984984397888184
20.106595993041992,136.2374725341797,1.2296553904889151e-5,0.0,0.0,0.0,0.0,-0.061874402537918094,-0.0,0.0,3.141642924717494,2.070214353288923,0.0,0.0,0.20624800026416779,0.0,0.0,0.0,0.0,0.0,0.0,0.0,0.0,0.0,2527.0,0.0,0.0,0.41660168766975403,0.07113546133041382,0.20791569352149963
19.730104446411133,101.58527374267578,1.2296185559534933e-5,0.0,0.0,0.0,0.0,-0.09174210197695487,-0.0,0.0,3.1349999019077845,2.0635713304792134,0.0,0.0,0.3058069944381714,0.0,0.0,0.0,0.0,0.0,0.0,0.0,0.0,0.0,2528.0,0.0,0.0,0.3365747928619385,0.09284716844558716,0.29426687955856323
19.353612899780273,62.66244125366211,1.2295817214180715e-5,0.0,0.0,0.0,0.0,-0.6756414324300053,-0.0,0.0,3.1495001111711773,2.078071539742606,0.3493880033493042,0.0,0.0,0.0,0.0,0.7478619813919067,2.2521380186080933,0.0,0.0,0.0,3.0,0.0,2529.0,0.8056119680404663,3.0,0.215602308511734,0.22131460905075073,0.25176456570625305
20.03082847595215,61.9912109375,1.2295448868826497e-5,0.0,0.0,0.0,0.0,0.1915316677462806,-0.0,0.0,3.2335714067731582,2.162142835344587,0.3586449921131134,0.0,0.0,0.6104297637939453,2.1281294724968016,0.9306880235671997,0.0,0.0,0.0,0.0,0.0,0.9306880235671997,2530.0,0.6104297637939453,-0.9306880235671997,0.0610412061214447,0.09872502088546753,0.4994587302207947
19.56390953063965,99.91148376464844,0.610423743724823,0.0,0.0,0.0,0.0,0.30723404821897615,-0.0,0.0,3.3561428070068358,2.2847142355782646,0.36244499683380127,0.0,0.0,0.7581807374954224,3.4137113755801023,1.494089961051941,0.0,0.0,0.0,0.0,0.0,1.494089961051941,2531.0,0.7581807374954224,-1.494089961051941,0.13685745000839233,0.08866021037101746,0.9044222831726074
19.096527099609375,164.70565795898438,1.3685634136199951,0.0,0.0,0.0,0.0,0.21184745868688162,-0.0,0.0,3.4568570818219864,2.385428510393415,0.3503029942512512,0.0,0.0,2.4077401161193848,2.3538604650084363,2.1910085678100586,0.0,0.0,0.0,0.0,2.1910085678100586,0.0,2532.0,2.4077401161193848,2.1910085678100586,0.37762734293937683,0.1531549096107483,0.9722295999526978
19.765758514404297,164.034423828125,3.7761902809143066,0.0,0.0,0.0,0.0,0.0,-0.0,0.0,3.5300714765276227,2.4586429050990515,0.36287298798561096,0.0,0.0,4.15331570125727,0.0,3.0,0.0,0.0,0.0,0.0,3.0,0.0,2533.0,4.599999904632568,3.0,0.9126861095428467,0.8819449543952942,0.9921845197677612
21.159584045410156,163.36318969726562,7.9292683601379395,0.0,0.0,0.0,0.0,0.1602107719693399,-0.0,0.0,3.600285748073033,2.5288570404052733,0.37663400173187256,0.0,0.0,2.0340843200683594,1.7801195470770272,3.0,0.0,0.0,0.0,0.0,3.0,0.0,2534.0,2.0340843200683594,3.0,0.9963322877883911,0.9995000958442688,0.9994838237762451
22.76679229736328,153.37615966796875,9.963053703308105,0.0,0.0,0.0,0.0,0.2680651145368476,-0.0,0.0,3.6488571984427316,2.577428490774972,0.691100001335144,0.0,0.0,0.011219460517168045,2.9785010359216404,2.2726004123687744,0.0,0.0,0.0,0.0,2.2726004123687744,0.0,2535.0,0.011219460517168045,2.2726004123687744,0.9974243640899658,0.9999474287033081,0.9999654293060303
23.99972152709961,123.5881118774414,9.973974227905273,0.0,0.0,0.0,0.0,0.1925439773038201,-0.0,0.0,3.6672857284545897,2.5958570207868306,0.4370810091495514,0.0,0.0,0.0,2.1393773555755615,1.1465914249420166,0.0,0.0,0.0,0.0,0.0,1.1465914249420166,2536.0,-4.599999904632568,-1.1465914249420166,0.9914885759353638,0.9999998807907104,0.9999996423721313
23.98978614807129,179.99801635742188,9.973674774169922,0.0,0.0,0.0,0.0,0.10396192240660716,-0.0,0.0,3.64992858341762,2.5784998757498605,0.3767020106315613,0.0,0.0,0.0,1.1551323793828487,0.040415678173303604,0.0,0.0,0.0,0.0,0.040415678173303604,0.0,2537.0,-4.599999904632568,0.040415678173303604,0.9873301386833191,0.9999999403953552,1.0
23.999984741210938,179.3267822265625,9.97337532043457,0.0,0.0,0.0,0.0,0.0,-0.0,0.0,3.5817856924874443,2.5103571210588727,0.09974999725818634,0.3857460021972656,0.0,0.0,0.0,0.0,0.0,0.0,0.18417883900086604,0.0,0.0,0.18417883900086604,2538.0,-4.599999904632568,-0.18417884409427643,0.9964068531990051,0.9999997615814209,1.0
23.988054275512695,179.99807739257812,9.3915376663208,0.0,0.0,0.0,0.0,0.0,-0.0,0.0,3.540642820085798,2.4692142486572264,0.0,0.6515340209007263,0.0,0.0,0.0,0.0,0.0,0.0,0.0,0.0,0.0,0.0,2539.0,-4.599999904632568,0.0,0.9807604551315308,0.975318431854248,0.9934260249137878
23.24799346923828,179.32684326171875,8.726445198059082,0.0,0.0,0.0,0.0,0.0,-0.0,0.0,3.5247142791748045,2.4532857077462333,0.0,0.6093360185623169,0.0,0.0,0.0,0.0,0.0,0.0,1.438860297203064,0.0,1.438860297203064,0.0,2540.0,-4.599999904632568,1.438860297203064,0.9902777671813965,0.9991647601127625,0.9997938871383667
23.995807647705078,178.65560913085938,6.636250019073486,0.0,0.0,0.0,0.0,0.0,-0.0,0.0,3.5105712890625,2.4391427176339286,0.0,0.49435898661613464,0.0,0.0,0.0,0.0,0.0,0.0,0.2415274679660797,0.0,0.0,0.2415274679660797,2541.0,-4.599999904632568,-0.2415274679660797,0.9803621768951416,0.9925075769424438,0.9993418455123901
23.982887268066406,179.8927764892578,5.88516902923584,0.0,0.0,0.0,0.0,0.0,-0.0,0.0,3.510428510393415,2.4389999389648436,0.0,0.41045600175857544,0.0,0.0,0.0,0.0,0.0,0.0,0.0,0.0,0.0,0.0,2542.0,-4.599999904632568,0.0,0.8669467568397522,0.7692256569862366,0.9730933904647827
23.969966888427734,179.22154235839844,5.466172695159912,0.0,0.0,0.0,0.0,0.0,-0.0,0.0,3.517285701206752,2.445857129778181,0.0,0.3555949926376343,0.0,0.0,0.0,0.0,0.0,0.0,0.0,0.0,0.0,0.0,2543.0,-4.599999904632568,0.0,0.7713417410850525,0.30945760011672974,0.7198994159698486
23.957046508789062,178.55030822753906,5.103167533874512,0.0,0.0,0.0,0.0,0.0,-0.0,0.0,3.531357165745326,2.459928458077567,0.0,0.4788079857826233,0.0,0.0,0.0,0.0,0.0,0.0,0.0,0.0,0.0,0.0,2544.0,-4.599999904632568,0.0,0.7626149654388428,0.09917458891868591,0.2220667004585266
23.762340545654297,177.8790740966797,4.614449501037598,0.0,0.0,0.0,0.0,0.0,-0.0,0.0,3.5355714525495254,2.4641428811209543,0.0,0.5775539875030518,0.0,0.0,0.0,0.0,0.0,0.0,0.0,0.0,0.0,0.0,2545.0,-4.599999904632568,0.0,0.7955468893051147,0.14888978004455566,0.09714150428771973
23.749420166015625,165.24679565429688,4.024988174438477,0.0,0.0,0.0,0.0,0.0,-0.0,0.0,3.5475714002336773,2.476142828805106,0.0,0.20776399970054626,0.0,0.0,0.0,0.0,0.0,0.0,0.0,0.0,0.0,0.0,2546.0,-4.024867534637451,0.0,0.6544787883758545,0.07318705320358276,0.043596625328063965
23.55471420288086,157.0503692626953,3.8128697872161865,0.0,0.0,0.0,0.0,0.0,-0.0,0.0,3.563071468898228,2.4916427612304686,0.0,0.18981799483299255,0.0,0.0,0.0,0.0,0.0,0.0,0.0,0.0,0.0,0.0,2547.0,-3.812755584716797,0.0,0.7073092460632324,0.06326806545257568,0.0191020667552948
23.360008239746094,154.7932891845703,3.6190693378448486,0.0,0.0,0.0,0.0,0.0,-0.0,0.0,3.5756428037370953,2.504214368547712,0.0,0.17595599591732025,0.0,0.0,0.0,0.0,0.0,0.0,0.0,0.0,0.0,0.0,2548.0,-3.6189608573913574,0.0,0.7761431336402893,0.06961190700531006,0.06112518906593323
22.983516693115234,147.82476806640625,3.4394192695617676,0.0,0.0,0.0,0.0,0.0,-0.0,0.0,3.5915714808872767,2.5201429094587056,0.0,0.17109200358390808,0.0,0.0,0.0,0.0,0.0,0.0,0.0,0.0,0.0,0.0,2549.0,-3.4393160343170166,0.0,0.817202627658844,0.04605382680892944,0.05617833137512207
22.78881072998047,147.15353393554688,3.264737606048584,0.0,0.0,0.0,0.0,0.0,-0.0,0.0,3.59207147870745,2.5206429072788783,0.0,0.22925999760627747,0.0,0.0,0.0,0.0,0.0,0.0,0.0,0.0,0.0,0.0,2550.0,-3.2646396160125732,0.0,0.8685547113418579,0.0323864221572876,0.20830807089805603
22.594104766845703,146.4822998046875,3.030708074569702,0.0,0.0,0.0,0.0,0.0,-0.0,0.0,3.5587856565202984,2.487357221330915,0.0,0.28166699409484863,0.0,0.0,0.0,0.0,0.0,0.0,0.0,0.0,0.0,0.0,2551.0,-3.0306172370910645,0.0,0.9149043560028076,0.01046714186668396,0.4068126082420349
22.58118438720703,138.28726196289062,2.743210554122925,0.0,0.0,0.0,0.0,0.0,-0.0,0.0,3.5088571275983536,2.4374285561697824,0.0,0.3058069944381714,0.0,0.0,0.0,0.0,0.0,0.0,0.0,0.0,0.0,0.0,2552.0,-2.7431282997131348,0.0,0.8562300801277161,0.20594361424446106,0.4052111804485321
21.841123580932617,130.0921630859375,2.4310896396636963,0.0,0.0,0.0,0.0,0.0,-0.0,0.0,3.4925713675362724,2.421142796107701,0.3493880033493042,0.0,0.0,0.5290157397234339,0.0,0.0,0.0,0.0,0.0,0.0,0.0,0.0,2553.0,0.5866119861602783,0.0,0.9500205516815186,0.0014180243015289307,0.21708911657333374
21.829191207885742,119.75520324707031,2.9600167274475098,0.0,0.0,0.0,0.0,0.23364158639443497,-0.0,0.0,3.581428609575544,2.5099999019077845,0.3586449921131134,0.0,0.0,0.0,2.5960174202919006,0.7636377215385437,0.0,0.0,0.0,0.0,0.0,0.7636377215385437,2554.0,-2.959928035736084,-0.7636377215385437,0.13504469394683838,0.15776193141937256,0.8490309119224548
21.81627082824707,155.843017578125,2.959928035736084,0.0,0.0,0.0,0.0,0.30480779711686595,-0.0,0.0,3.680357197352818,2.608928625924247,0.41022199392318726,0.0,0.0,0.538230836391449,3.3867530321435564,1.6027100086212158,0.0,0.0,0.0,0.0,1.6027100086212158,0.0,2555.0,0.538230836391449,1.6027100086212158,0.34981289505958557,0.7378273606300354,0.9947904944419861
22.68912124633789,144.608642578125,3.498054027557373,0.0,0.0,0.0,0.0,0.001669308395099705,-0.0,0.0,3.785785756792341,2.7143570491245814,0.3503029942512512,0.0,0.0,4.599999904632568,0.01854786958261112,2.1895713806152344,0.0,0.0,0.0,0.0,2.1895713806152344,0.0,2556.0,4.599999904632568,2.1895713806152344,0.8845083713531494,0.9841187000274658,0.9996998310089111
23.920578002929688,128.91793823242188,8.097810745239258,0.0,0.0,0.0,0.0,0.3235759982521069,-0.0,0.0,3.8650713784354074,2.7936428070068358,0.36287298798561096,0.0,0.0,1.864159107208252,3.595288583739984,1.5097352266311646,0.0,0.0,0.0,0.0,0.0,1.5097352266311646,2557.0,1.864159107208252,-1.5097352266311646,0.9961940050125122,0.9997928142547607,0.9999663233757019
23.9086856842041,179.99269104003906,9.961670875549316,0.0,0.0,0.0,0.0,0.4724502785464327,-0.0,0.0,3.9197143282209126,2.848285620553153,0.37663400173187256,0.0,0.0,0.0,5.249447122216225,0.1755683273077011,0.0,0.0,0.0,0.0,0.1755683273077011,0.0,2558.0,-4.599999904632568,0.1755683273077011,0.9522632360458374,0.9999994039535522,0.9999967813491821
23.999980926513672,179.3214569091797,9.961372375488281,0.0,0.0,0.0,0.0,0.3715159598204245,-0.0,0.0,3.9719285420009065,2.9005001068115233,0.35962700843811035,0.0,0.0,0.0,4.12795478105545,0.4790179133415222,0.0,0.0,0.0,0.0,0.0,0.4790179133415222,2559.0,-4.599999904632568,-0.4790179133415222,0.9813926219940186,0.9999986886978149,0.9999984502792358
23.807260513305664,179.99783325195312,9.961073875427246,0.0,0.0,0.0,0.0,0.3833608264415108,-0.0,0.0,4.006142834254673,2.93471439906529,0.375014990568161,0.0,0.0,0.0,4.259564399719238,0.34057092666625977,0.0,0.0,0.0,0.0,0.34057092666625977,0.0,2560.0,-4.599999904632568,0.34057092666625977,0.9932236671447754,0.9999999403953552,0.9999998807907104
23.999984741210938,179.32659912109375,9.960775375366211,0.0,0.0,0.0,0.0,0.24462733744978757,-0.0,0.0,3.9805714198521205,2.9091428484235493,0.3767020106315613,0.0,0.0,0.0,2.718081311206163,0.024066611309706363,0.0,0.0,0.0,0.0,0.0,0.024066611309706363,2561.0,-4.599999904632568,-0.024066612124443054,0.9896400570869446,1.0,1.0
23.987064361572266,179.99807739257812,9.960476875305176,0.0,0.0,0.0,0.0,0.0,-0.0,0.0,3.835785675048828,2.7643571036202568,0.20520000159740448,0.2802960276603699,0.0,0.0,0.0,0.0,0.0,0.0,0.0412449985742569,0.0,0.0412449985742569,0.0,2562.0,-4.599999904632568,0.0412449985742569,0.9991060495376587,0.9999848008155823,1.0
23.999908447265625,96.3785171508789,9.632084846496582,0.0,0.0,0.0,0.0,0.0,-0.0,0.0,3.760214342389788,2.6887857709612164,0.0,0.6515340209007263,0.0,0.0,0.0,0.0,0.0,0.0,1.870543360710144,0.0,0.0,1.870543360710144,2563.0,-4.599999904632568,-1.870543360710144,0.9913287162780762,0.9968936443328857,0.9990348219871521
23.25984764099121,179.84364318847656,7.058324813842773,0.0,0.0,0.0,0.0,0.0,-0.0,0.0,3.721285765511649,2.6498570578438896,0.0,0.6093360185623169,0.0,0.0,0.0,0.0,0.0,0.0,1.323657751083374,0.0,1.323657751083374,0.0,2564.0,-4.599999904632568,1.323657751083374,0.9763275980949402,0.9973576068878174,0.9991708993911743
23.986772537231445,179.1724090576172,5.085729598999023,0.0,0.0,0.0,0.0,0.0,-0.0,0.0,3.693714223589216,2.6222857883998327,0.0,0.49435898661613464,0.0,0.0,0.0,0.0,0.0,0.0,0.0,0.0,0.0,0.0,2565.0,-4.599999904632568,0.0,0.8391706347465515,0.9516969323158264,0.9929890632629395
23.973852157592773,178.5011749267578,4.581144332885742,0.0,0.0,0.0,0.0,0.0,-0.0,0.0,3.704571396963937,2.6331429617745536,0.0,0.41045600175857544,0.0,0.0,0.0,0.0,0.0,0.0,0.0,0.0,0.0,0.0,2566.0,-4.58100700378418,0.0,0.8658539652824402,0.9022064208984375,0.8102887868881226
23.96195411682129,109.54520416259766,4.162187099456787,0.0,0.0,0.0,0.0,0.0,-0.0,0.0,3.718142863682338,2.6467142922537668,0.0,0.3555949926376343,0.0,0.0,0.0,0.0,0.0,0.0,2.092121124267578,0.0,0.0,2.092121124267578,2567.0,-4.162062168121338,-2.092121124267578,0.8625538945198059,0.6689164042472839,0.8861519694328308
23.767248153686523,161.7823944091797,1.664467692375183,0.0,0.0,0.0,0.0,0.0,-0.0,0.0,3.714285659790039,2.6428570883614677,0.0,0.3088169991970062,0.0,0.0,0.0,0.0,0.0,0.0,0.0,0.0,0.0,0.0,2568.0,-1.6644177436828613,0.0,0.11745959520339966,0.05673563480377197,0.034778594970703125
23.572542190551758,161.1111602783203,1.349307894706726,0.0,0.0,0.0,0.0,0.0,-0.0,0.0,3.703428622654506,2.631999914986747,0.0,0.24162499606609344,0.0,0.0,0.0,0.0,0.0,0.0,0.0,0.0,0.0,0.0,2569.0,-1.3492674827575684,0.0,0.12282657623291016,0.04799690842628479,0.015689313411712646
23.377836227416992,160.43992614746094,1.102718710899353,0.0,0.0,0.0,0.0,0.0,-0.0,0.0,3.6909285409109933,2.6194999694824217,0.0,0.20776399970054626,0.0,0.0,0.0,0.0,0.0,0.0,0.0,0.0,0.0,0.0,2570.0,-1.1026856899261475,0.0,0.08878415822982788,0.05764302611351013,0.02994638681411743
23.001344680786133,159.76869201660156,0.8906879425048828,0.0,0.0,0.0,0.0,0.0,-0.0,0.0,3.6822856630597793,2.610857227870396,0.0,0.18981799483299255,0.0,0.0,0.0,0.0,0.0,0.0,0.0,0.0,0.0,0.0,2571.0,-0.8906612396240234,0.0,0.11393749713897705,0.07292404770851135,0.05144473910331726
22.443069458007812,159.0974578857422,0.6969752311706543,0.0,0.0,0.0,0.0,0.0,-0.0,0.0,3.6798571995326452,2.6084286281040736,0.0,0.17595599591732025,0.0,0.0,0.0,0.0,0.0,0.0,0.0,0.0,0.0,0.0,2572.0,-0.6969543099403381,0.0,0.1733362078666687,0.10693952441215515,0.10134005546569824
21.7030086517334,158.4262237548828,0.5174127817153931,0.0,0.0,0.0,0.0,0.0,-0.0,0.0,3.6906428473336357,2.6192144121442524,0.0,0.17109200358390808,0.0,0.0,0.0,0.0,0.0,0.0,0.0,0.0,0.0,0.0,2573.0,-0.5173972845077515,0.0,0.3582228720188141,0.11618399620056152,0.20667150616645813
20.962947845458984,148.5135955810547,0.34281882643699646,0.0,0.0,0.0,0.0,0.0,-0.0,0.0,3.709571375165667,2.6381429399762837,0.0,0.17946599423885345,0.0,0.0,0.0,0.0,0.0,0.0,0.0,0.0,0.0,0.0,2574.0,-0.3428085446357727,0.0,0.3682408332824707,0.030831873416900635,0.23046493530273438
20.586456298828125,138.29946899414062,0.15968547761440277,0.0,0.0,0.0,0.0,-0.014928284384181822,-0.0,0.0,3.7332143238612585,2.661785616193499,0.0,0.1564870542942174,0.0497609459699504,0.0,0.0,0.0,0.0,0.0,0.0,0.0,0.0,0.0,2575.0,-0.15968069434165955,0.0,0.4094682037830353,0.04133257269859314,0.23215392231941223
20.209964752197266,110.92566680908203,4.812930910702562e-6,0.0,0.0,0.0,0.0,-0.09174210197695487,-0.0,0.0,3.7519999367850168,2.680571365356445,0.0,0.0,0.3058069944381714,0.0,0.0,0.0,0.0,0.0,0.0,0.0,0.0,0.0,2576.0,0.0,0.0,0.507817268371582,0.0073198676109313965,0.3337574601173401
20.0152587890625,110.25444030761719,4.812786755792331e-6,0.0,0.0,0.0,0.0,-0.01760640512332934,-0.0,0.0,3.779428563799177,2.7080001286097937,0.2906999886035919,0.0,0.05868801474571228,0.0,0.0,0.0,0.0,0.0,0.0,0.0,0.0,0.0,2577.0,0.0,0.0,0.5487489700317383,0.027242422103881836,0.19938921928405762
19.45698356628418,95.78801727294922,4.8126426008821e-6,0.0,0.0,0.0,0.0,0.0,-0.0,0.0,3.841357176644461,2.769928468976702,0.3586449921131134,0.0,0.0,1.1278869347744944,0.0,0.0,0.0,0.0,0.0,0.0,0.0,0.0,2578.0,1.2303550243377686,0.0,0.3015710711479187,0.0071260035037994385,0.18322813510894775
19.08049201965332,95.11679077148438,1.1278579235076904,0.0,0.11421398187005494,0.0,0.0,0.03249719807868595,-0.11421398187005494,0.0,3.9089285441807338,2.8375001089913505,0.36244499683380127,0.0,0.0,0.0,1.6301240921020508,0.820380687713623,0.0,0.0,0.0,0.0,0.0,0.820380687713623,2579.0,-1.127824068069458,-0.820380687713623,0.10387250781059265,0.018634766340255737,0.7443162202835083
18.885786056518555,139.0886688232422,1.127824068069458,0.0,0.0,0.0,0.0,0.3439250444511592,-0.0,0.0,3.972642844063895,2.9012142726353236,0.3503029942512512,0.0,0.0,0.0,3.821389079093933,1.0875073671340942,0.0,0.0,0.0,0.0,1.0875073671340942,0.0,2580.0,-1.1277902126312256,1.0875073671340942,0.08829152584075928,0.031566083431243896,0.9663118720054626
19.15781593322754,107.69013214111328,1.1277902126312256,0.0,0.0,0.0,0.0,0.07332423368732137,-0.0,0.0,4.034642846243722,2.9632142748151504,0.36287298798561096,0.0,0.0,2.9081571102142334,0.8147136428892798,1.5349559783935547,0.0,0.0,0.0,0.0,1.5349559783935547,0.0,2581.0,2.9081571102142334,1.5349559783935547,0.40359172224998474,0.1969926357269287,0.9954601526260376
19.984947204589844,107.01890563964844,4.035826206207275,0.0,0.0,0.0,0.0,0.0,-0.0,0.0,4.096714237758091,3.0252856663295202,0.37663400173187256,0.0,0.0,1.4687906551125707,0.0,3.0,0.0,0.0,0.0,0.0,3.0,0.0,2582.0,4.599999904632568,3.0,0.8817561268806458,0.9258726835250854,0.993005633354187
21.634777069091797,106.3476791381836,5.504451751708984,0.0,0.0,0.0,0.0,0.0,-0.0,0.0,4.130499921526228,3.059071350097656,0.35962700843811035,0.0,0.0,0.40363541434999206,0.0,3.0,0.0,0.0,0.0,0.0,3.0,0.0,2583.0,3.610373020172119,3.0,0.9559703469276428,0.9993476867675781,0.9997091293334961
23.301809310913086,105.67645263671875,5.907909870147705,0.0,0.0,0.0,0.0,0.0,-0.0,0.0,4.1436429159981865,3.072214344569615,0.375014990568161,0.0,0.0,1.399709166112416,0.0,1.2728102207183838,0.0,0.0,0.0,0.0,0.0,1.2728102207183838,2584.0,2.8629848957061768,-1.2728102207183838,0.9781531691551208,0.9999935626983643,0.9999982714653015
23.290903091430664,179.99781799316406,7.307399749755859,0.0,0.0,0.0,0.0,-0.09842301998229885,-0.0,0.0,4.10442864554269,3.0330000741141183,0.3767020106315613,0.0,0.0,0.0,0.0,1.2857980728149414,0.32807672023773193,0.0,0.0,0.0,1.6138747930526733,0.0,2585.0,1.373297929763794,1.6138747930526733,0.962361216545105,0.9999830722808838,0.999996542930603
23.999900817871094,179.3265838623047,7.307180881500244,0.0,0.0,0.0,0.0,0.0,-0.0,0.0,3.985357093811035,2.9139286586216517,0.0949999988079071,0.467289000749588,0.0,0.0,0.0,0.0,0.0,0.0,0.3303447365760803,0.0,0.0,0.3303447365760803,2586.0,-4.599999904632568,-0.3303447365760803,0.9905841946601868,0.9999910593032837,0.9999995231628418
23.8966007232666,179.9980010986328,6.493074417114258,0.0,0.0,0.0,0.0,0.0,-0.0,0.0,3.944214357648577,2.8727857862200055,0.0,0.6515340209007263,0.0,0.0,0.0,0.0,0.0,0.0,0.0,0.0,0.0,0.0,2587.0,-4.599999904632568,0.0,0.9581094980239868,0.9504539370536804,0.9957134127616882
23.430736541748047,116.53915405273438,5.82806921005249,0.0,0.0,0.0,0.0,0.0,-0.0,0.0,3.9453571319580076,2.8739285605294365,0.0,0.6093360185623169,0.0,0.0,0.0,0.0,0.0,0.0,1.312589406967163,0.0,0.0,1.312589406967163,2588.0,-4.599999904632568,-1.312589406967163,0.9813520908355713,0.9997497797012329,0.999592661857605
23.41982078552246,179.93292236328125,3.866804838180542,0.0,0.0,0.0,0.0,0.0,-0.0,0.0,3.938499941144671,2.867071369716099,0.0,1.0808509588241577,0.0,0.0,0.0,0.0,0.0,0.0,0.0,0.0,0.0,0.0,2589.0,-3.8666889667510986,0.0,0.6303935050964355,0.6524965763092041,0.30442339181900024
23.40888786315918,136.8820343017578,2.763812780380249,0.0,0.0,0.0,0.0,0.0,-0.0,0.0,3.9221427917480467,2.8507142203194755,0.0,0.5570110082626343,0.0,0.0,0.0,0.0,0.0,0.0,0.0,0.0,0.0,0.0,2590.0,-2.7637298107147217,0.0,0.4949501156806946,0.2821863293647766,0.19350680708885193
23.21518325805664,134.89202880859375,2.1953682899475098,0.0,0.0,0.0,0.0,0.0,-0.0,0.0,3.903428568158831,2.8319998604910714,0.0,0.3555949926376343,0.0,0.0,0.0,0.0,0.0,0.0,0.0,0.0,0.0,0.0,2591.0,-2.1953024864196777,0.0,0.291186660528183,0.11623400449752808,0.02383953332901001
23.2032527923584,125.5282211303711,1.8324613571166992,0.0,0.0,0.0,0.0,0.0,-0.0,0.0,3.8855000359671457,2.814071328299386,0.0,0.3088169991970062,0.0,0.0,0.0,0.0,0.0,0.0,0.0,0.0,0.0,0.0,2592.0,-1.8324064016342163,0.0,0.3227000832557678,0.2074488401412964,0.030987977981567383
23.008546829223633,110.40861511230469,1.5172964334487915,0.0,0.0,0.0,0.0,0.0,-0.0,0.0,3.853357124328613,2.78192868913923,0.0,0.24162499606609344,0.0,0.0,0.0,0.0,0.0,0.0,0.0,0.0,0.0,0.0,2593.0,-1.517250895500183,0.0,0.24960187077522278,0.2943447232246399,0.048527926206588745
22.450271606445312,104.41371154785156,1.2707022428512573,0.0,0.0,0.0,0.0,0.0,-0.0,0.0,3.8268571036202568,2.755428532191685,0.0,0.20776399970054626,0.0,0.0,0.0,0.0,0.0,0.0,0.0,0.0,0.0,0.0,2594.0,-1.270664095878601,0.0,0.4083993136882782,0.6562392711639404,0.1236901581287384
21.346641540527344,103.74248504638672,1.058666467666626,0.0,0.0,0.0,0.0,0.0,-0.0,0.0,3.829571396963937,2.7581429617745536,0.0,0.18981799483299255,0.0,0.0,0.0,0.0,0.0,0.0,0.0,0.0,0.0,0.0,2595.0,-1.0586347579956055,0.0,0.4978736639022827,0.4424864947795868,0.0573401153087616
20.60658073425293,103.07125854492188,0.8649486899375916,0.0,0.0,0.0,0.0,0.0,-0.0,0.0,3.8414285659790037,2.7700001307896205,0.0,0.17595599591732025,0.0,0.0,0.0,0.0,0.0,0.0,0.0,0.0,0.0,0.0,2596.0,-0.8649227619171143,0.0,0.5100235342979431,0.2911073565483093,0.046126484870910645
20.23008918762207,102.40003204345703,0.6853812336921692,0.0,0.0,0.0,0.0,0.0,-0.0,0.0,3.8659285954066682,2.794500023978097,0.0,0.17109200358390808,0.0,0.0,0.0,0.0,0.0,0.0,0.0,0.0,0.0,0.0,2597.0,-0.6853606700897217,0.0,0.4173492193222046,0.2106589674949646,0.07164037227630615
19.85359764099121,101.72880554199219,0.5107822418212891,0.0,0.0,0.0,0.0,-0.22915340198967765,-0.0,0.0,3.8947143009730745,2.8232857295445033,0.0,0.17946599423885345,0.0,0.0,0.0,0.0,0.7638446429464665,0.0,0.3210855385568294,0.0,1.084930181503296,0.0,2598.0,-0.5107669234275818,1.084930181503296,0.38506704568862915,0.18583202362060547,0.1392524242401123
19.92914581298828,101.05757904052734,1.538110154797323e-5,0.0,0.0,0.0,0.0,-0.061874402537918094,-0.0,0.0,3.915642820085798,2.8442142486572264,0.0,0.0,0.20624800026416779,0.0,0.0,0.0,0.0,0.0,0.0,0.0,0.0,0.0,2599.0,0.0,0.0,0.2871547341346741,0.0594734251499176,0.23545831441879272
19.552654266357422,100.3863525390625,1.538063952466473e-5,0.0,0.0056213013192234484,0.0,0.0,-0.6080778710884687,-0.0056213013192234484,0.0,3.907928548540388,2.8365001133510046,0.0,0.0,0.3058069944381714,0.0,0.0,0.0,1.7023814916610718,0.0,0.0,0.0,0.0,1.7023814916610718,2600.0,0.0,-1.7023814916610718,0.4483906328678131,0.07203954458236694,0.6524699926376343
18.9943790435791,124.39327239990234,1.538017750135623e-5,0.0,0.0,0.0,0.0,-0.3868704800554301,-0.0,0.0,3.924500002179827,2.8530714307512555,0.31539997458457947,0.0,0.03398802876472473,0.0,0.0,0.0,1.255580186843872,0.0,0.0,0.0,1.255580186843872,0.0,2601.0,0.0,1.255580186843872,0.4834362864494324,0.03504931926727295,0.18869167566299438
19.17523193359375,96.4089584350586,1.537971547804773e-5,0.0,0.0,0.0,0.0,0.0,-0.0,0.0,3.9887856892177034,2.91735725402832,0.3586449921131134,0.0,0.0,0.26380288875935776,0.0,1.989418387413025,0.0,0.0,0.0,0.0,1.989418387413025,0.0,2602.0,0.9484079480171204,1.989418387413025,0.09483933448791504,0.08874112367630005,0.18843895196914673
19.44369125366211,95.73773193359375,0.2638103663921356,0.0,0.0,0.0,0.0,0.29575472581778717,-0.0,0.0,4.081928607395717,3.0104998997279577,0.3841390013694763,0.0,0.0,0.2025216668844223,3.28616335903683,1.3736927509307861,0.0,0.0,0.0,0.0,0.0,1.3736927509307861,2603.0,0.2025216668844223,-1.3736927509307861,0.04663020372390747,0.027522802352905273,0.9396767020225525
19.06719970703125,170.34634399414062,0.4663180410861969,0.0,0.0,0.0,0.0,0.4571303117518341,-0.0,0.0,4.226071439470564,3.154642868041992,0.3675670027732849,0.0,0.0,0.8058729767799377,5.079225282470924,0.6820382475852966,0.0,0.0,0.0,0.0,0.6820382475852966,0.0,2604.0,0.8058729767799377,0.6820382475852966,0.12721610069274902,0.09732890129089355,0.9987615942955017
19.486629486083984,164.9541015625,1.2721529006958008,0.0,0.0,0.0,0.0,0.37386489548261326,-0.0,0.0,4.350285748073032,3.2788573128836496,0.36287298798561096,0.0,0.0,1.4797277450561523,4.154054064116696,0.7561466097831726,0.0,0.0,0.0,0.0,0.7561466097831726,0.0,2605.0,1.4797277450561523,0.7561466097831726,0.2751850485801697,0.15726977586746216,0.9987567663192749
19.786333084106445,114.93518829345703,2.751798152923584,0.0,0.0,0.0,0.0,0.06816738518941301,-0.0,0.0,4.423500006539481,3.3520714351109095,0.37663400173187256,0.0,0.0,2.0653629302978516,0.7574153307995144,2.2826874256134033,0.0,0.0,0.0,0.0,0.0,2.2826874256134033,2606.0,2.0653629302978516,-2.2826874256134033,0.48171311616897583,0.036765068769454956,0.999403178691864
19.410831451416016,179.902587890625,4.8170166015625,0.0,0.0,0.0,0.0,0.0,-0.0,0.0,4.463142885480608,3.3917143140520367,0.35962700843811035,0.0,0.0,1.1903310053753557,0.0,3.0,0.0,0.0,0.0,0.0,3.0,0.0,2607.0,3.7865614891052246,3.0,0.8603547811508179,0.8896653056144714,0.9896835088729858
20.86096954345703,179.23135375976562,6.007167339324951,0.0,0.0,0.0,0.0,0.0,-0.0,0.0,4.4758571352277485,3.404428427559989,0.375014990568161,0.0,0.0,0.688337029502577,0.0,3.0,0.0,0.0,0.0,0.0,3.0,0.0,2608.0,3.6007604598999023,3.0,0.9607897400856018,0.9980641603469849,0.9997721910476685
22.498615264892578,178.56011962890625,6.695303440093994,0.0,0.0,0.0,0.0,-0.3206778415313494,-0.0,0.0,4.438499941144671,3.367071369716099,0.3767020106315613,0.0,0.0,0.0,0.0,1.7503480911254883,1.0689260959625244,0.0,0.0,0.0,2.8192741870880127,0.0,2609.0,1.8622980117797852,2.8192741870880127,0.9646386504173279,0.9998281002044678,0.9999780654907227
23.999126434326172,169.55555725097656,6.695102691650391,0.0,0.0,0.0,0.0,0.0,-0.0,0.0,4.37564285823277,3.304214150565011,0.028499998152256012,0.45699602365493774,0.0,0.0,0.0,0.0,0.0,0.0,0.17519235610961914,0.0,0.0,0.17519235610961914,2610.0,-4.599999904632568,-0.17519235610961914,0.9592064619064331,0.9987186789512634,0.9999241828918457
23.44085121154785,179.98594665527344,6.049830913543701,0.0,0.0,0.0,0.0,0.0,-0.0,0.0,4.339928572518485,3.2684998648507255,0.0,0.7003089785575867,0.0,0.0,0.0,0.0,0.0,0.0,0.8774083852767944,0.0,0.8774083852767944,0.0,2611.0,-4.599999904632568,0.8774083852767944,0.9695144295692444,0.9998257160186768,0.9999690651893616
23.999113082885742,179.31471252441406,4.43978214263916,0.0,0.0,0.0,0.0,0.0,-0.0,0.0,4.326571410042899,3.2551429748535154,0.0,0.6093360185623169,0.0,0.0,0.0,0.0,0.0,0.0,0.0,0.0,0.0,0.0,2612.0,-4.4396491050720215,0.0,0.7456524968147278,0.7578787207603455,0.8866344690322876
23.440837860107422,168.13253784179688,3.8178961277008057,0.0,0.0,0.0,0.0,0.0,-0.0,0.0,4.313142858232771,3.241714150565011,0.0,0.5500810146331787,0.0,0.0,0.0,0.0,0.0,0.0,0.0,0.0,0.0,0.0,2613.0,-3.817781686782837,0.0,0.5794087648391724,0.43935221433639526,0.48792120814323425
23.064346313476562,167.4613037109375,3.2564914226531982,0.0,0.0,0.0,0.0,0.0,-0.0,0.0,4.309071350097656,3.237642778669085,0.0,0.41045600175857544,0.0,0.0,0.0,0.0,0.0,0.0,0.0,0.0,0.0,0.0,2614.0,-3.2563936710357666,0.0,0.49733805656433105,0.39146900177001953,0.20395663380622864
22.506071090698242,166.79006958007812,2.837573766708374,0.0,0.0,0.0,0.0,0.0,-0.0,0.0,4.29735723223005,3.2259286608014786,0.0,0.3555949926376343,0.0,0.0,0.0,0.0,0.0,0.0,0.0,0.0,0.0,0.0,2615.0,-2.8374886512756348,0.0,0.7449325323104858,0.6880994439125061,0.09681946039199829
21.766010284423828,139.3496551513672,2.4746475219726562,0.0,0.0,0.0,0.0,0.0,-0.0,0.0,4.307285799298968,3.235857227870396,0.0,0.3088169991970062,0.0,0.0,0.0,0.0,0.0,0.0,1.9387457370758057,0.0,1.9387457370758057,0.0,2616.0,-2.4745733737945557,1.9387457370758057,0.7244023084640503,0.6920719146728516,0.027412831783294678
22.460344314575195,130.89071655273438,0.18121077120304108,0.0,0.0,0.0,0.0,-0.019213135237279286,-0.0,0.0,4.323857116699219,3.2524285452706474,0.0,0.1775812144867004,0.06404378157939306,0.0,0.0,0.0,0.0,0.0,0.0,0.0,0.0,0.0,2617.0,-0.18120533227920532,0.0,0.21877512335777283,0.17478501796722412,0.01132899522781372
22.083852767944336,130.219482421875,5.453661287901923e-6,0.0,0.0,0.0,0.0,-0.5765138050521923,-0.0,0.0,4.312428556169783,3.2409999847412108,0.0,0.0,0.20776399970054626,0.0,0.0,0.0,1.7139486074447632,0.0,0.0,0.0,1.7139486074447632,0.0,2618.0,0.0,1.7139486074447632,0.20331215858459473,0.6177859306335449,0.07757046818733215
22.08891487121582,129.54824829101562,5.453497578855604e-6,0.0,0.0,0.0,0.0,-0.0569454007127046,-0.0,0.0,4.316928536551339,3.2454999651227676,0.0,0.0,0.18981799483299255,0.0,0.0,0.0,0.0,0.0,0.0,0.0,0.0,0.0,2619.0,0.0,0.0,0.19622743129730225,0.3464335501194,0.0666426420211792
21.167070388793945,128.87701416015625,5.453333869809285e-6,0.0,0.0,0.0,0.0,-0.052786800872755,-0.0,0.0,4.33471429007394,3.2632857186453683,0.0,0.0,0.17595599591732025,0.0,0.0,0.0,0.0,0.0,0.0,0.0,0.0,0.0,2620.0,0.0,0.0,0.3904708921909332,0.21655237674713135,0.09686022996902466
20.42700958251953,128.20578002929688,5.453170160762966e-6,0.0,0.0,0.0,0.0,-0.051327603114748044,-0.0,0.0,4.356285721915109,3.2848572867257255,0.0,0.0,0.17109200358390808,0.0,0.0,0.0,0.0,0.0,0.0,0.0,0.0,0.0,2621.0,0.0,0.0,0.42415231466293335,0.1796073317527771,0.11875027418136597
19.686948776245117,127.53455352783203,5.4530064517166466e-6,0.0,0.0,0.0,0.0,-0.907277897289509,-0.0,0.0,4.373285784040179,3.301857212611607,0.0,0.0,0.4051069915294647,0.0,0.0,0.0,2.619152545928955,0.0,0.0,0.0,2.619152545928955,0.0,2622.0,0.0,2.619152545928955,0.5488253831863403,0.2602960467338562,0.22795307636260986
20.301464080810547,117.24174499511719,5.4528427426703274e-6,0.0,0.0,0.0,0.0,-0.1742832074277878,-0.0,0.0,4.385928508213588,3.3144999367850168,0.0,0.0,0.5809440016746521,0.0,0.0,0.0,0.0,0.0,0.0,0.0,0.0,0.0,2623.0,0.0,0.0,0.4322229027748108,0.1440368890762329,0.2765500545501709
19.379619598388672,104.01740264892578,5.452679033624008e-6,0.0,0.5422254102714845,0.0,0.0,-1.120590198897709,-0.5422254102714845,0.0,4.391785703386579,3.3203571319580076,0.0,0.0,0.3058069944381714,0.0,0.0,0.0,1.6220755577087402,0.0,0.0,0.0,0.0,1.6220755577087402,2624.0,0.0,-1.6220755577087402,0.5418261289596558,0.08300280570983887,0.7540620565414429
18.457775115966797,140.64801025390625,5.45251577932504e-6,0.0,0.0,0.0,0.0,-0.7486884653047099,-0.0,0.0,4.395785685947963,3.3243571145193918,0.010449999943375587,0.0,0.33893799781799316,0.0,0.0,0.0,2.1566901206970215,0.0,0.0,0.0,2.1566901206970215,0.0,2625.0,0.0,2.1566901206970215,0.544568657875061,0.027956217527389526,0.18908333778381348
19.139766693115234,139.97677612304688,5.452352525026072e-6,0.0,0.6008077566603589,0.0,0.0,-0.607226256265955,-0.6008077566603589,0.0,4.413571439470563,3.342142868041992,0.3372499942779541,0.0,0.021394997835159302,0.0,0.0,0.0,0.0,0.0,0.0,0.0,0.0,0.0,2626.0,0.0,0.0,0.5590124726295471,0.018471837043762207,0.12519553303718567
18.399192810058594,125.71778106689453,5.4521892707271036e-6,0.0,0.0,0.0,0.0,-0.32508599857830944,-0.0,0.0,4.461999974931989,3.39057126726423,0.4270069897174835,0.0,0.0,0.0,0.0,0.5923429727554321,1.0836199522018433,0.0,0.0,0.0,1.6759629249572754,0.0,2627.0,0.6459929943084717,1.6759629249572754,0.3524147868156433,0.010674983263015747,0.18953341245651245
19.053359985351562,107.61962127685547,5.452026016428135e-6,0.0,0.2623643770654738,0.0,0.0,-0.2623643770654738,-0.2623643770654738,0.0,4.5198570796421595,3.448428508213588,0.363178014755249,0.0,0.0,1.2054704694374205,0.0,0.010350007563829422,0.0,0.0,0.0,0.0,0.0,0.010350007563829422,2628.0,1.324821949005127,-0.010350007563829422,0.2162122130393982,0.009845882654190063,0.5477174520492554
18.73763656616211,107.63288116455078,1.205439805984497,0.0,0.0,0.0,0.0,0.0,-0.0,0.0,4.558214269365583,3.4867855616978236,0.36287298798561096,0.0,0.0,0.1459735541143914,0.0,1.261824369430542,0.0,0.0,0.0,0.0,1.261824369430542,0.0,2629.0,0.912240207195282,1.261824369430542,0.21176499128341675,0.045073002576828,0.6770647168159485
19.22534942626953,106.96165466308594,1.3513728380203247,0.0,0.0,0.0,0.0,-0.2514531712314749,-0.0,0.0,4.60750002179827,3.5360714503696986,0.37663400173187256,0.0,0.0,0.0,0.0,1.163316011428833,0.8381772041320801,0.0,0.0,0.0,2.001493215560913,0.0,2630.0,1.2443660497665405,2.001493215560913,0.31875884532928467,0.17382001876831055,0.3672374188899994
19.86908531188965,94.39237976074219,1.3513323068618774,0.0,0.0,0.0,0.0,-0.40491741120487035,-0.0,0.0,4.664642824445452,3.5932142530168805,0.35962700843811035,0.0,0.0,0.0,0.0,1.0112229585647583,1.3497246503829956,0.0,0.0,0.0,2.360947608947754,0.0,2631.0,1.083372950553894,2.360947608947754,0.5065351724624634,0.3561974763870239,0.5098704695701599
20.78097152709961,93.72115325927734,1.3512917757034302,0.0,0.0,0.0,0.0,-0.5099690729367357,-0.0,0.0,4.675285693577358,3.6038571221487863,0.375014990568161,0.0,0.0,0.0,0.0,0.15508505702018738,1.6998968422412872,0.0,0.0,0.0,1.8549818992614746,0.0,2632.0,0.18298503756523132,1.8549818992614746,0.5701221227645874,0.48643794655799866,0.5765230655670166
21.432174682617188,93.0499267578125,1.351251244544983,0.0,0.0,0.0,0.0,0.0,-0.0,0.0,4.657500008174351,3.586071504865374,0.1301499903202057,0.2465520203113556,0.0,0.0,0.0,0.0,0.0,0.0,1.0209076404571533,0.0,0.0,1.0209076404571533,2633.0,-1.3512107133865356,-1.0209076404571533,0.6140822172164917,0.6967244148254395,0.8912010192871094
21.056167602539062,162.5902557373047,0.057923346757888794,0.0,0.0,0.0,0.0,-0.12861985770977108,-0.0,0.0,4.64292847769601,3.5714999062674386,0.0,0.05676317236035544,0.4287328419962577,0.0,0.0,0.0,0.0,0.0,0.0,0.0,0.0,0.0,2634.0,-0.05792161077260971,0.0,0.4415552616119385,0.327424556016922,0.23714575171470642
20.498857498168945,161.9190216064453,1.7433835637348238e-6,0.0,0.0,0.0,0.0,-1.0954602497998955,-0.0,0.0,4.622999954223633,3.5515713827950615,0.0,0.0,0.6515340209007263,0.0,0.0,0.0,3.0,0.0,0.0,0.0,3.0,0.0,2635.0,0.0,3.0,0.5152432322502136,0.7729253768920898,0.08037674427032471
21.476091384887695,153.03512573242188,1.743331267789472e-6,0.0,0.0,0.0,0.0,-0.18280081283254646,-0.0,0.0,4.59821423121861,3.526785659790039,0.0,0.0,0.6093360185623169,0.0,0.0,0.0,0.0,0.0,0.0,0.0,0.0,0.0,2636.0,0.0,0.0,0.34972935914993286,0.31064265966415405,0.17493635416030884
21.28138542175293,152.3638916015625,1.74327897184412e-6,0.0,0.0,0.0,0.0,-0.6227810183279114,-0.0,0.0,4.570499910627093,3.499071339198521,0.0,0.0,0.49435898661613464,0.0,0.0,0.0,1.5815776586532593,0.0,0.0,0.0,1.5815776586532593,0.0,2637.0,0.0,1.5815776586532593,0.4351332187652588,0.5614829659461975,0.09218195080757141
21.80739974975586,151.69265747070312,1.743226675898768e-6,0.0,0.0,0.0,0.0,-0.30905974543331993,-0.0,0.0,4.551428604125976,3.480000032697405,0.0,0.0,0.41045600175857544,0.0,0.0,0.0,0.6197431087493896,0.0,0.0,0.0,0.6197431087493896,0.0,2638.0,0.0,0.6197431087493896,0.4316006898880005,0.6071631908416748,0.018288075923919678
22.03580093383789,108.18894958496094,1.743174379953416e-6,0.0,0.0,0.0,0.0,-0.47074136220381035,-0.0,0.0,4.544357109069824,3.4729284014020645,0.0,0.0,0.3555949926376343,0.0,0.0,0.0,1.2135428190231323,0.0,0.0,0.0,1.2135428190231323,0.0,2639.0,0.0,1.2135428190231323,0.35611915588378906,0.6609513163566589,0.0448908805847168
22.30474090576172,107.5177230834961,1.7431220840080641e-6,0.0,0.0,0.0,0.0,-0.09264510344048738,-0.0,0.0,4.5539999825613835,3.4825714111328123,0.0,0.0,0.3088169991970062,0.0,0.0,0.0,0.0,0.0,0.0,0.0,0.0,0.0,2640.0,0.0,0.0,0.27131253480911255,0.5341535806655884,0.02646741271018982
21.7464656829834,106.84649658203125,1.7430697880627122e-6,0.0,0.0,0.0,0.0,-0.07248750170022245,-0.0,0.0,4.537142835344587,3.4657142639160154,0.0,0.0,0.24162499606609344,0.0,0.0,0.0,0.0,0.0,0.0,0.0,0.0,0.0,2641.0,0.0,0.0,0.37157395482063293,0.4526665210723877,0.015066355466842651
21.2790470123291,106.1752700805664,1.7430174921173602e-6,0.0,0.0,0.0,0.0,-0.06232920238690376,-0.0,0.0,4.51292849949428,3.4414999280657086,0.0,0.0,0.20776399970054626,0.0,0.0,0.0,0.0,0.0,0.0,0.0,0.0,0.0,2642.0,0.0,0.0,0.41244715452194214,0.403376042842865,0.007934808731079102
21.084856033325195,105.50404357910156,1.7429651961720083e-6,0.0,0.0,0.0,0.0,-0.47479896345929085,-0.0,0.0,4.481428636823382,3.41000006539481,0.0,0.0,0.18981799483299255,0.0,0.0,0.0,1.3928451538085938,0.0,0.0,0.0,1.3928451538085938,0.0,2643.0,0.0,1.3928451538085938,0.4840523898601532,0.45622026920318604,0.07710409164428711
21.281085968017578,97.30760192871094,1.7429129002266563e-6,0.0,0.0,0.0,0.0,-0.052786800872755,-0.0,0.0,4.418000030517578,3.3465714590890068,0.0,0.0,0.17595599591732025,0.0,0.0,0.0,0.0,0.0,0.0,0.0,0.0,0.0,2644.0,0.0,0.0,0.2716832756996155,0.2339567244052887,0.034032225608825684
21.086380004882812,96.6363754272461,1.7428606042813044e-6,0.0,0.0,0.0,0.0,-0.051327603114748044,-0.0,0.0,4.2894286564418245,3.2180000850132533,0.0,0.0,0.17109200358390808,0.0,0.0,0.0,0.0,0.0,0.0,0.0,0.0,0.0,2645.0,0.0,0.0,0.2328721284866333,0.13987666368484497,0.08340954780578613
20.891674041748047,95.96514892578125,1.7428083083359525e-6,0.0,0.0,0.0,0.0,-0.053839800411057404,-0.0,0.0,4.163000052315848,3.0915714808872767,0.0,0.0,0.17946599423885345,0.0,0.0,0.0,0.0,0.0,0.0,0.0,0.0,0.0,2646.0,0.0,0.0,0.26415395736694336,0.13070988655090332,0.16044658422470093
20.333398818969727,95.2939224243164,1.7427560123906005e-6,0.0,0.0,0.0,0.0,-0.061874402537918094,-0.0,0.0,4.100357137407576,3.028928702218192,0.0,0.0,0.20624800026416779,0.0,0.0,0.0,0.0,0.0,0.0,0.0,0.0,0.0,2647.0,0.0,0.0,0.26710832118988037,0.05358171463012695,0.28023219108581543
19.956907272338867,94.62269592285156,1.7427037164452486e-6,0.0,0.0,0.0,0.0,-0.616452399549976,-0.0,0.0,4.070857129778181,2.999428558349609,0.0,0.0,0.36144599318504333,0.0,0.0,0.0,1.6933952569961548,0.0,0.0,0.0,1.6933952569961548,0.0,2648.0,0.0,1.6933952569961548,0.44682925939559937,0.21382254362106323,0.26576587557792664
20.0690975189209,93.95146942138672,1.7426514204998966e-6,0.0,0.0,0.0,0.0,-0.10481640516982083,-0.0,0.0,4.038500050136021,2.96707147870745,0.0,0.0,0.3493880033493042,0.0,0.0,0.0,0.0,0.0,0.0,0.0,0.0,0.0,2649.0,0.0,0.0,0.590337336063385,0.008190721273422241,0.26417818665504456
19.69260597229004,93.28024291992188,1.7425991245545447e-6,0.0,0.0,0.0,0.0,-0.14099581205828216,-0.0,0.0,4.0197143009730745,2.9482857295445033,0.11209999769926071,0.0,0.4699860215187073,0.0,0.0,0.0,0.0,0.0,0.0,0.0,0.0,0.0,2650.0,0.0,0.0,0.593040943145752,0.009342670440673828,0.13468050956726074
19.31611442565918,79.08080291748047,1.7425468286091927e-6,0.0,0.0,0.0,0.0,-0.17519850234979373,-0.0,0.0,4.016285705566406,2.944857134137835,0.23180000483989716,0.0,0.58399498462677,0.0,0.0,0.0,0.0,0.0,0.0,0.0,0.0,0.0,2651.0,0.0,0.0,0.4944742023944855,0.010646700859069824,0.31116995215415955
19.303194046020508,59.49406814575195,1.7424945326638408e-6,0.0,0.2555957190261182,0.0,0.0,-0.2555957190261182,-0.2555957190261182,0.0,4.006642832074847,2.9352143968854634,0.3503029942512512,0.0,0.0,0.00024206161970141693,0.0,0.0,0.0,0.0,0.0,0.0,0.0,0.0,2652.0,0.018696993589401245,0.0,0.49277251958847046,0.048433780670166016,0.11376529932022095
18.744403839111328,56.666194915771484,0.00024379680689889938,0.0,0.0,0.0,0.0,-0.2742353101267536,-0.0,0.0,3.997714260646275,2.9262858254568918,0.3853990137577057,0.0,0.0,0.0,0.0,0.18460097908973694,0.9141176640987396,0.0,0.0,0.0,1.0987186431884766,0.0,2653.0,0.21460101008415222,1.0987186431884766,0.43671849370002747,0.04181629419326782,0.34123334288597107
19.20906639099121,46.847389221191406,0.00024378950183745474,0.0,0.0,0.0,0.0,-0.7727352389786724,-0.0,0.0,3.9927856717790875,2.9213572365897043,0.37663400173187256,0.0,0.0,0.0,0.0,0.42421597242355347,2.5757840275764465,0.0,0.0,0.0,3.0,0.0,2654.0,0.4663659930229187,3.0,0.4119136333465576,0.29239141941070557,0.13182276487350464
20.26576042175293,46.1761589050293,0.0002437821967760101,0.0,0.0,0.0,0.0,-0.7716231414327268,-0.0,0.0,3.98985721043178,2.9184286390032086,0.35962700843811035,0.0,0.0,0.0,0.0,0.42792296409606934,2.5720770359039307,0.0,0.0,0.0,3.0,0.0,2655.0,0.4693729877471924,3.0,0.4757396876811981,0.5117572546005249,0.19316959381103516
21.321136474609375,34.25350570678711,0.00024377489171456546,0.0,0.0,0.0,0.0,-0.0049332486563224975,-0.0,0.0,3.978642817905971,2.9072142464773996,0.375014990568161,0.0,0.0,0.0,0.0,0.17218497395515442,0.016444161534309387,0.0,0.0,0.0,0.0,0.1886291354894638,2656.0,0.20098498463630676,-0.1886291354894638,0.5019820928573608,0.7057210206985474,0.15063202381134033
20.3992919921875,44.099205017089844,0.00024376758665312082,0.0,0.0,0.0,0.0,-0.9739656447953227,-0.0,0.0,3.95471431187221,2.8832857404436383,0.1301499903202057,0.0,0.2465520203113556,0.0,0.0,0.0,3.0,0.0,0.0,0.0,3.0,0.0,2657.0,0.0,3.0,0.4566563069820404,0.8246223330497742,0.0912344753742218
21.257068634033203,43.427974700927734,0.00024376028159167618,0.0,0.0,0.0,0.0,-1.0456488458573343,-0.0,0.0,3.9337142671857563,2.8622858319963727,0.0,0.0,0.48549601435661316,0.0,0.0,0.0,3.0,0.0,0.0,0.0,3.0,0.0,2658.0,0.0,3.0,0.45688748359680176,0.8216261267662048,0.08664628863334656
22.287179946899414,42.756744384765625,0.00024375297653023154,0.0,0.0,0.0,0.0,-0.35857824319911913,-0.0,0.0,3.925999995640346,2.8545714242117746,0.0,0.0,0.6515340209007263,0.0,0.0,0.0,0.5437267422676086,0.0,0.0,0.0,0.0,0.5437267422676086,2659.0,0.0,-0.5437267422676086,0.5502842664718628,0.8331267237663269,0.31236791610717773
21.910688400268555,69.9769515991211,0.0002437456714687869,0.0,0.0,0.0,0.0,-1.1093454384543655,-0.0,0.0,3.923357091631208,2.851928656441825,0.0,0.0,0.6978179812431335,0.0,0.0,0.0,3.0,0.0,0.0,0.0,3.0,0.0,2660.0,0.0,3.0,0.47511905431747437,0.8423952460289001,0.10681045055389404
22.936138153076172,63.405303955078125,0.00024373836640734226,0.0,0.0,0.0,0.0,-0.759905070460043,-0.0,0.0,3.921642793927874,2.8502142224993023,0.0,0.0,0.5666170120239258,0.0,0.0,0.0,1.9663997888565063,0.0,0.0,0.0,1.9663997888565063,0.0,2661.0,0.0,1.9663997888565063,0.4539223611354828,0.8342071771621704,0.22846364974975586
23.1710205078125,54.88751220703125,0.00024373106134589761,0.0,0.0,0.0,0.0,-0.12313680542058947,-0.0,0.0,3.922071402413504,2.850642830984933,0.0,0.0,0.41045600175857544,0.0,0.0,0.0,0.0,0.0,0.0,0.0,0.0,0.0,2662.0,0.0,0.0,0.2631600499153137,0.5928176641464233,0.0945194661617279
22.79452896118164,54.21628189086914,0.00024372375628445297,0.0,0.0,0.0,0.0,-1.0066785377930998,-0.0,0.0,3.923357091631208,2.851928656441825,0.0,0.0,0.3555949926376343,0.0,0.0,0.0,3.0,0.0,0.0,0.0,0.0,3.0,2663.0,0.0,-3.0,0.40225332975387573,0.09405535459518433,0.9671156406402588
22.41903305053711,151.05723571777344,0.00024371645122300833,0.0,0.0,0.0,0.0,-0.11274990589419609,-0.0,0.0,3.9168571199689595,2.845428684779576,0.0,0.0,0.37583300471305847,0.0,0.0,0.0,0.0,0.0,0.0,0.0,0.0,0.0,2664.0,0.0,0.0,0.44495195150375366,0.517892599105835,0.07115727663040161
22.043533325195312,97.35357666015625,0.0002437091461615637,0.0,0.0,0.0,0.0,-0.07248750170022245,-0.0,0.0,3.9033571788242885,2.831928471156529,0.0,0.0,0.24162499606609344,0.0,0.0,0.0,0.0,0.0,0.0,0.0,0.0,0.0,2665.0,0.0,0.0,0.2748413681983948,0.32745712995529175,0.054038286209106445
21.848827362060547,70.43421173095703,0.00024370184110011905,0.0,0.0,0.0,0.0,-0.06232920238690376,-0.0,0.0,3.89957150050572,2.8281429290771483,0.0,0.0,0.20776399970054626,0.0,0.0,0.0,0.0,0.0,0.0,0.0,0.0,0.0,2666.0,0.0,0.0,0.29747986793518066,0.529358446598053,0.03183931112289429
21.290552139282227,69.76298522949219,0.00024369453603867441,0.0,0.0,0.0,0.0,-0.5143628354614105,-0.0,0.0,3.8992142813546318,2.82778570992606,0.0,0.0,0.18981799483299255,0.0,0.0,0.0,1.5247247219085693,0.0,0.0,0.0,1.5247247219085693,0.0,2667.0,0.0,1.5247247219085693,0.41263964772224426,0.48845818638801575,0.08643653988838196
21.442276000976562,69.09175872802734,0.00024368723097722977,0.0,0.0,0.0,0.0,-0.052786800872755,-0.0,0.0,3.8935000010899135,2.822071293422154,0.0,0.0,0.17595599591732025,0.0,0.0,0.0,0.0,0.0,0.0,0.0,0.0,0.0,2668.0,0.0,0.0,0.24717998504638672,0.28756266832351685,0.04430198669433594
21.065784454345703,68.4205322265625,0.00024367992591578513,0.0,0.0,0.0,0.0,-0.051327603114748044,-0.0,0.0,3.8865000316074916,2.815071323939732,0.0,0.0,0.17109200358390808,0.0,0.0,0.0,0.0,0.0,0.0,0.0,0.0,0.0,2669.0,0.0,0.0,0.21266093850135803,0.2786887288093567,0.2008134126663208
20.689292907714844,56.172489166259766,0.0002436726208543405,0.0,0.0,0.0,0.0,-0.053839800411057404,-0.0,0.0,3.8793571472167967,2.8079285757882255,0.0,0.0,0.17946599423885345,0.0,0.0,0.0,0.0,0.0,0.0,0.0,0.0,0.0,2670.0,0.0,0.0,0.18225878477096558,0.22608798742294312,0.18695604801177979
20.312801361083984,55.501258850097656,0.00024366531579289585,0.0,0.0,0.0,0.0,-0.15613173717783813,-0.0,0.0,3.872214262826102,2.8007858276367186,0.0,0.0,0.20624800026416779,0.0,0.0,0.0,0.3141911029815674,0.0,0.0,0.0,0.0,0.3141911029815674,2671.0,0.0,-0.3141911029815674,0.21504542231559753,0.188249409198761,0.32317647337913513
19.84490394592285,71.7063217163086,0.0002436580107314512,0.0,0.0,0.0,0.0,-0.09936932235933615,-0.0,0.0,3.8647856848580497,2.7933572496686665,0.0,0.0,0.3058069944381714,0.0,0.0,0.0,0.025424066931009293,0.0,0.0,0.0,0.0,0.025424066931009293,2672.0,0.0,-0.025424066931009293,0.31313779950141907,0.15244239568710327,0.3274937868118286
19.196250915527344,72.39708709716797,0.00024365070567000657,0.0,0.0,0.0,0.0,-0.4929148452645471,-0.0,0.0,3.859285708836147,2.7878572736467633,0.05034999921917915,0.0,0.29903799295425415,0.0,0.0,0.0,1.3440114259719849,0.0,0.0,0.0,1.3440114259719849,0.0,2673.0,0.0,1.3440114259719849,0.33765411376953125,0.0832056999206543,0.27620893716812134
19.416013717651367,71.72586059570312,0.00024364340060856193,0.0,0.0,0.0,0.0,0.0,-0.0,0.0,3.8811428342546734,2.80971439906529,0.3586449921131134,0.0,0.0,0.22760985757837204,0.0,0.0,0.0,0.0,0.0,0.0,0.0,0.0,2674.0,0.26335498690605164,0.0,0.3640515208244324,0.00804796814918518,0.29586899280548096
19.31216812133789,59.25511932373047,0.2278466671705246,0.0,0.2153368929576871,0.0,0.0,-0.2153368929576871,-0.2153368929576871,0.0,3.9080714634486604,2.8366428920200892,0.36244499683380127,0.0,0.0,0.8737239864645971,0.0,0.0,0.0,0.0,0.0,0.0,0.0,0.0,2675.0,0.9575550556182861,0.0,0.2768292725086212,0.03414231538772583,0.1481180489063263
18.7846622467041,58.58388900756836,1.1015375852584839,0.0,0.0,0.0,0.0,-0.015869093571865278,-0.0,0.0,3.9319999694824217,2.8605713980538505,0.3503029942512512,0.0,0.0,0.0,0.0,1.4090969562530518,0.052896976470947266,0.0,0.0,0.0,1.461993932723999,0.0,2676.0,1.14435613155365,1.461993932723999,0.2245863676071167,0.04203981161117554,0.5825097560882568
19.21018409729004,36.38273239135742,1.1015045642852783,0.0,0.16410941265696266,0.0,0.0,-0.5659213263782021,-0.16410941265696266,0.0,3.945285742623465,2.873857171194894,0.36287298798561096,0.0,0.0,0.0,0.0,1.660627007484436,1.339372992515564,0.0,0.0,0.0,0.0,3.0,2677.0,1.7671271562576294,-3.0,0.3280879855155945,0.026508092880249023,0.954410195350647
18.83588981628418,166.79400634765625,1.1014715433120728,0.0,0.0,0.0,0.0,-0.44042521081070873,-0.0,0.0,3.9477857317243306,2.876357160295759,0.37663400173187256,0.0,0.0,0.0,0.0,1.5319160223007202,1.4680839776992798,0.0,0.0,0.0,3.0,0.0,2678.0,1.6323660612106323,3.0,0.5076116323471069,0.5858082175254822,0.13147881627082825
20.235902786254883,94.63548278808594,1.1014385223388672,0.0,0.0,0.0,0.0,-0.3610903287367151,-0.0,0.0,3.9409285409109933,2.8694999694824217,1.00210702419281,0.0,0.0,0.0,0.0,0.6945929527282715,1.2036343812942505,0.0,0.0,0.0,0.0,1.898227334022522,2679.0,0.7838929891586304,-1.898227334022522,0.5480799674987793,0.48540186882019043,0.9448212385177612
20.041196823120117,171.1694793701172,1.1014055013656616,0.0,0.0,0.0,0.0,-0.7435224411297803,-0.0,0.0,3.9230713980538505,2.851642826625279,0.5775579810142517,0.0,0.0,0.0,0.0,0.5215919613838196,2.4784080386161804,0.0,0.0,0.0,3.0,0.0,2680.0,0.5794419646263123,3.0,0.7158138751983643,0.6027185320854187,0.6471565961837769
21.520954132080078,156.29840087890625,1.101372480392456,0.0,0.0,0.0,0.0,0.0,-0.0,0.0,3.8947143009730745,2.8232857295445033,0.3767020106315613,0.0,0.0,0.02930002865596748,0.0,0.0,0.0,0.0,0.0,0.0,0.0,0.0,2681.0,0.05129799246788025,0.0,0.6312703490257263,0.41213831305503845,0.4459732174873352
20.963191986083984,155.62716674804688,1.130638599395752,0.0,0.0,0.0,0.0,-0.4729450156281837,-0.0,0.0,3.854714339120047,2.783285631452288,0.0,0.48549601435661316,0.0,0.0,0.0,0.0,1.57648332278346,0.0,0.6224965318002802,0.0,2.1989798545837402,0.0,2682.0,-1.1306047439575195,2.1989798545837402,0.5564948916435242,0.535273551940918,0.12234294414520264
21.676353454589844,147.353515625,3.398144690436311e-5,0.0,0.0,0.0,0.0,-0.6421695189543364,-0.0,0.0,3.834142902919224,2.762714331490653,0.0,0.0,0.6515340209007263,0.0,0.0,0.0,1.4890309572219849,0.0,0.0,0.0,1.4890309572219849,0.0,2683.0,0.0,1.4890309572219849,0.47023245692253113,0.5768176913261414,0.1337490677833557
21.88407325744629,132.5331268310547,3.3980428270297125e-5,0.0,0.0,0.0,0.0,-0.9947771825304486,-0.0,0.0,3.822214344569615,2.7507857731410437,0.0,0.0,0.6093360185623169,0.0,0.0,0.0,2.706587791442871,0.0,0.0,0.0,2.706587791442871,0.0,2684.0,0.0,2.706587791442871,0.3649451732635498,0.702803373336792,0.14473259449005127
22.514001846313477,131.8618927001953,3.397940963623114e-5,0.0,0.0,0.0,0.0,-0.14830770187805875,-0.0,0.0,3.8091428756713865,2.7377141680036274,0.0,0.0,0.49435898661613464,0.0,0.0,0.0,0.0,0.0,0.0,0.0,0.0,0.0,2685.0,0.0,0.0,0.26657119393348694,0.5518063306808472,0.22557678818702698
21.773941040039062,131.19065856933594,3.3978391002165154e-5,0.0,0.0,0.0,0.0,-0.12313680542058947,-0.0,0.0,3.7752856663295202,2.7038570949009486,0.0,0.0,0.41045600175857544,0.0,0.0,0.0,0.0,0.0,0.0,0.0,0.0,0.0,2686.0,0.0,0.0,0.3626289665699005,0.5145766735076904,0.08671188354492188
21.579235076904297,117.6456069946289,3.397737236809917e-5,0.0,0.0,0.0,0.0,-0.27172051555794496,-0.0,0.0,3.75021424974714,2.6787858145577568,0.0,0.0,0.3555949926376343,0.0,0.0,0.0,0.5501400232315063,0.0,0.0,0.0,0.5501400232315063,0.0,2687.0,0.0,0.5501400232315063,0.37549707293510437,0.5388030409812927,0.05383840203285217
21.694000244140625,106.77274322509766,3.397635373403318e-5,0.0,0.0,0.0,0.0,-0.09264510344048738,-0.0,0.0,3.7364286150251114,2.66500004359654,0.0,0.0,0.3088169991970062,0.0,0.0,0.0,0.0,0.0,0.0,0.0,0.0,0.0,2688.0,0.0,0.0,0.3259420394897461,0.3868061304092407,0.026018500328063965
21.49929428100586,106.10151672363281,3.3975335099967197e-5,0.0,0.0,0.0,0.0,-0.07248750170022245,-0.0,0.0,3.7285714285714286,2.657142857142857,0.0,0.0,0.24162499606609344,0.0,0.0,0.0,0.0,0.0,0.0,0.0,0.0,0.0,2689.0,0.0,0.0,0.282381534576416,0.3798670768737793,0.05233272910118103
20.94101905822754,105.43029022216797,3.397431646590121e-5,0.0,0.0,0.0,0.0,-0.06232920238690376,-0.0,0.0,3.723285756792341,2.6518570491245814,0.0,0.0,0.20776399970054626,0.0,0.0,0.0,0.0,0.0,0.0,0.0,0.0,0.0,2690.0,0.0,0.0,0.4056970477104187,0.3807079493999481,0.032319486141204834
20.56452751159668,104.75906372070312,3.3973297831835225e-5,0.0,0.0,0.0,0.0,-0.0569454007127046,-0.0,0.0,3.717499950953892,2.646071515764509,0.0,0.0,0.18981799483299255,0.0,0.0,0.0,0.0,0.0,0.0,0.0,0.0,0.0,2691.0,0.0,0.0,0.44886428117752075,0.2726631760597229,0.05005183815956116
20.18803596496582,104.08783721923828,3.397227919776924e-5,0.0,0.0,0.0,0.0,-0.052786800872755,-0.0,0.0,3.7133571897234234,2.641928482055664,0.0,0.0,0.17595599591732025,0.0,0.0,0.0,0.0,0.0,0.0,0.0,0.0,0.0,2692.0,0.0,0.0,0.42428234219551086,0.19739118218421936,0.07476550340652466
19.81154441833496,103.41661071777344,3.3971260563703254e-5,0.0,0.0,0.0,0.0,-0.051327603114748044,-0.0,0.0,3.7017857142857142,2.630357142857143,0.0,0.0,0.17109200358390808,0.0,0.0,0.0,0.0,0.0,0.0,0.0,0.0,0.0,2693.0,0.0,0.0,0.3913567364215851,0.15283897519111633,0.0974787175655365
19.4350528717041,102.7453842163086,3.397024192963727e-5,0.0,0.0,0.0,0.0,-0.3837118256573602,-0.0,0.0,3.69235714503697,2.6209285736083983,0.0,0.0,0.17946599423885345,0.0,0.0,0.0,1.0995733737945557,0.0,0.0,0.0,1.0995733737945557,0.0,2694.0,0.0,1.0995733737945557,0.34671473503112793,0.13351580500602722,0.13113296031951904
19.667564392089844,102.07415771484375,3.396922329557128e-5,0.0,0.0,0.0,0.0,-0.3777255908737809,-0.0,0.0,3.6986428124564035,2.6272143772670202,0.0,0.0,0.20624800026416779,0.0,0.0,0.0,1.0528372526168823,0.0,0.0,0.0,0.0,1.0528372526168823,2695.0,0.0,-1.0528372526168823,0.39580363035202026,0.12241226434707642,0.5214305520057678
19.109289169311523,103.42697143554688,3.39682046615053e-5,0.0,0.0,0.0,0.0,-0.7798203658986225,-0.0,0.0,3.707285690307617,2.635857118879046,0.0,0.0,0.3058069944381714,0.0,0.0,0.0,2.2935941219329834,0.0,0.0,0.0,2.2935941219329834,0.0,2696.0,0.0,2.2935941219329834,0.4038528501987457,0.1289389729499817,0.30837517976760864
19.64468002319336,86.6654281616211,3.396718602743931e-5,0.0,0.0,0.0,0.0,-0.004211408067202882,-0.0,0.0,3.7321428026471817,2.6607142312186105,0.335349977016449,0.0,0.014038026332855225,0.0,0.0,0.0,0.0,0.0,0.0,0.0,0.0,0.0,2697.0,0.0036119818687438965,0.0,0.4600907862186432,0.011309772729873657,0.2637883424758911
19.35856819152832,85.99420166015625,3.3966167393373325e-5,0.0,0.0,0.0,0.0,0.04413459959541049,-0.0,0.0,3.8323570796421595,2.7609285082135884,0.39242398738861084,0.0,0.0,1.2184256315231323,0.49038440097675395,0.0,0.0,0.0,0.0,0.0,0.0,0.0,2698.0,1.2184256315231323,0.0,0.12184295058250427,0.012179374694824219,0.36638396978378296
19.028226852416992,71.80835723876953,1.2184230089187622,0.0,0.0,0.0,0.0,0.2826495186606647,-0.0,0.0,3.9197857175554547,2.8483572823660714,0.4157960116863251,0.0,0.0,0.0,3.140549957752228,0.7728042006492615,0.0,0.0,0.0,0.0,0.7728042006492615,0.0,2699.0,-1.2183865308761597,0.7728042006492615,0.06519541144371033,0.02151826024055481,0.8760944604873657
19.107576370239258,62.706634521484375,1.2183865308761597,0.0,0.26744119311938874,0.0,0.0,-0.060821538826775545,-0.26744119311938874,0.0,3.9857143129621235,2.914285605294364,0.4769519865512848,0.0,0.0,1.0933550596237183,2.295773754132882,1.9845057725906372,0.0,0.0,0.0,0.0,0.0,1.9845057725906372,2700.0,1.0933550596237183,-1.9845057725906372,0.2311711609363556,0.047698140144348145,0.9559478759765625
18.732559204101562,172.94973754882812,2.3116722106933594,0.0,0.0,0.0,0.0,0.08310614457895078,-0.0,0.0,4.028428568158831,2.9569998604910714,0.36287298798561096,0.0,0.0,2.3127217292785645,0.9234015330474246,2.7815048694610596,0.0,0.0,0.0,0.0,2.7815048694610596,0.0,2701.0,2.3127217292785645,2.7815048694610596,0.46243640780448914,0.20760470628738403,0.98694908618927
20.038007736206055,164.75328063964844,4.624255180358887,0.0,0.0,0.0,0.0,0.0,-0.0,0.0,4.051285689217703,2.97985725402832,0.37663400173187256,0.0,0.0,2.3169315789073153,0.0,3.0,0.0,0.0,0.0,0.0,3.0,0.0,2702.0,4.599999904632568,3.0,0.9266255497932434,0.9844900369644165,0.9994936585426331
21.84816551208496,164.08204650878906,6.940978527069092,0.0,0.0,0.0,0.0,0.0,-0.0,0.0,4.0541428974696565,2.9827141898018974,0.35962700843811035,0.0,0.0,0.7350717449202193,0.0,3.0,0.0,0.0,0.0,0.0,3.0,0.0,2703.0,2.678770065307617,3.0,0.9619718790054321,0.9999335408210754,0.9999767541885376
23.660602569580078,154.9532470703125,7.675820350646973,0.0,0.0,0.0,0.0,0.044453944081531485,-0.0,0.0,4.035214233398437,2.963785661969866,0.375014990568161,0.0,0.0,1.1563706398010254,0.49393267276277375,0.45243221521377563,0.0,0.0,0.0,0.0,0.0,0.45243221521377563,2704.0,1.1563706398010254,-0.45243221521377563,0.883216142654419,0.9999994039535522,0.9999996423721313
23.64967155456543,179.99801635742188,8.831926345825195,0.0,0.0,0.0,0.0,-0.027416897909517957,-0.0,0.0,3.9909285954066682,2.919500023978097,0.3767020106315613,0.0,0.0,0.0,0.0,0.8164979815483093,0.09138965606689453,0.0,0.0,0.0,0.9078876376152039,0.0,2705.0,0.8792980313301086,0.9078876376152039,0.9894043207168579,0.9999924302101135,0.9999996423721313
23.99994659423828,147.22840881347656,8.831661224365234,0.0,0.0,0.0,0.0,0.0,-0.0,0.0,3.8992856706891743,2.8278570992606027,0.04179999977350235,0.4436960220336914,0.0,0.0,0.0,0.0,0.0,0.0,1.8200701475143433,0.0,0.0,1.8200701475143433,2706.0,-4.599999904632568,-1.8200701475143433,0.9968181252479553,0.9998435378074646,0.9999994039535522
23.716379165649414,179.99798583984375,6.521500110626221,0.0,0.0,0.0,0.0,0.0,-0.0,0.0,3.8799999237060545,2.8085713522774833,0.0,0.6515340209007263,0.0,0.0,0.0,0.0,0.0,0.0,0.9292681813240051,0.0,0.9292681813240051,0.0,2707.0,-4.599999904632568,0.9292681813240051,0.9631897211074829,0.9944220185279846,0.9993222951889038
23.972095489501953,179.32675170898438,4.908289432525635,0.0,0.0,0.0,0.0,0.0,-0.0,0.0,3.8764999389648436,2.8050713675362724,0.0,0.6093360185623169,0.0,0.0,0.0,0.0,0.0,0.0,0.0,0.0,0.0,0.0,2708.0,-4.599999904632568,0.0,0.8627461194992065,0.8237929940223694,0.9493162035942078
23.595603942871094,166.98953247070312,4.286389350891113,0.0,0.0,0.0,0.0,0.0,-0.0,0.0,3.869142886570522,2.7977141789027624,0.0,0.49435898661613464,0.0,0.0,0.0,0.0,0.0,0.0,0.0,0.0,0.0,0.0,2709.0,-4.286260604858398,0.0,0.6851032972335815,0.4782662093639374,0.5427286028862
23.037328720092773,155.56491088867188,3.781827926635742,0.0,0.0,0.0,0.0,0.0,-0.0,0.0,3.867071369716099,2.795642798287528,0.0,0.5201740264892578,0.0,0.0,0.0,0.0,0.0,0.0,0.0,0.0,0.0,0.0,2710.0,-3.78171443939209,0.0,0.6202014684677124,0.5346851944923401,0.2456713318824768
22.298269271850586,154.8936767578125,3.2509405612945557,0.0,0.0,0.0,0.0,0.0,-0.0,0.0,3.8644286019461496,2.793000030517578,0.0,0.3555949926376343,0.0,0.0,0.0,0.0,0.0,0.0,1.9535939693450928,0.0,1.9535939693450928,0.0,2711.0,-3.250843048095703,1.9535939693450928,0.884294331073761,0.8108446598052979,0.07222676277160645
23.05420684814453,68.95050811767578,0.8945985436439514,0.0,0.0,0.0,0.0,0.0,-0.0,0.0,3.867857197352818,2.796428625924247,0.0,0.3088169991970062,0.0,0.0,0.0,0.0,0.0,0.0,0.0,0.0,0.0,0.0,2712.0,-0.8945717215538025,0.0,0.2436237633228302,0.2305358648300171,0.0072290003299713135
23.04128646850586,68.27928161621094,0.5794618129730225,0.0,0.0,0.0,0.0,0.0,-0.0,0.0,3.8613570894513813,2.7899286542619977,0.0,0.24162499606609344,0.0,0.0,0.0,0.0,0.0,0.0,0.0,0.0,0.0,0.0,2713.0,-0.5794444680213928,0.0,0.1631651520729065,0.2081947922706604,0.0029397904872894287
23.028366088867188,67.6080551147461,0.3328957259654999,0.0,0.0,0.0,0.0,0.0,-0.0,0.0,3.8581427982875276,2.7867142268589564,0.0,0.20776399970054626,0.0,0.0,0.0,0.0,0.0,0.0,0.0,0.0,0.0,0.0,2714.0,-0.3328857421875,0.0,0.14461451768875122,0.22412854433059692,0.0052661895751953125
22.833660125732422,66.93682861328125,0.12088802456855774,0.0,0.0,0.0,0.0,-0.02140538833530885,-0.0,0.0,3.852285739353725,2.7808570316859655,0.0,0.11846670321720865,0.07135129161578391,0.0,0.0,0.0,0.0,0.0,0.0,0.0,0.0,0.0,2715.0,-0.12088440358638763,0.0,0.1429903507232666,0.31285810470581055,0.023118257522583008
22.2753849029541,66.2656021118164,3.635774419308291e-6,0.0,0.0,0.0,0.0,-0.052786800872755,-0.0,0.0,3.839999961853027,2.768571526663644,0.0,0.0,0.17595599591732025,0.0,0.0,0.0,0.0,0.0,0.0,0.0,0.0,0.0,2716.0,0.0,0.0,0.1735776662826538,0.28308820724487305,0.04337474703788757
21.71710968017578,65.59437561035156,3.6356655073177535e-6,0.0,0.0,0.0,0.0,-0.051327603114748044,-0.0,0.0,3.8268571036202568,2.755428532191685,0.0,0.0,0.17109200358390808,0.0,0.0,0.0,0.0,0.0,0.0,0.0,0.0,0.0,2717.0,0.0,0.0,0.17729848623275757,0.20189037919044495,0.073300302028656
21.340618133544922,64.92314910888672,3.635556595327216e-6,0.0,0.0,0.0,0.0,-0.11042378685568899,-0.0,0.0,3.8262857164655415,2.75485714503697,0.0,0.0,0.17946599423885345,0.0,0.0,0.0,0.18861328065395355,0.0,0.0,0.0,0.0,0.18861328065395355,2718.0,0.0,-0.18861328065395355,0.15598899126052856,0.17738765478134155,0.2861497700214386
20.964126586914062,65.78205108642578,3.635447683336679e-6,0.0,0.0,0.0,0.0,-0.961874438300705,-0.0,0.0,3.815214238848005,2.743785803658622,0.0,0.0,0.20624800026416779,0.0,0.0,0.0,3.0,0.0,0.0,0.0,0.0,3.0,2719.0,0.0,-3.0,0.454537034034729,0.056340962648391724,0.9990047216415405
20.587635040283203,126.12820434570312,3.6353387713461416e-6,0.0,0.0,0.0,0.0,-0.09174210197695487,-0.0,0.0,3.8118571690150667,2.7404285975864955,0.0,0.0,0.3058069944381714,0.0,0.0,0.0,0.0,0.0,0.0,0.0,0.0,0.0,2720.0,0.0,0.0,0.49565452337265015,0.08569616079330444,0.261091947555542
19.847061157226562,125.45697784423828,3.6352298593556043e-6,0.0,0.0,0.0,0.0,-0.022451404629206806,-0.0,0.0,3.8220714296613423,2.7506427219935827,0.2745499908924103,0.0,0.07483801245689392,0.0,0.0,0.0,0.0,0.0,0.0,0.0,0.0,0.0,2721.0,0.0,0.0,0.5741468071937561,0.024726301431655884,0.20811954140663147
19.197893142700195,124.78575134277344,3.635120947365067e-6,0.0,0.17714409019200872,0.0,0.0,-0.17714409019200872,-0.17714409019200872,0.0,3.931928580147879,2.860500008719308,0.3586449921131134,0.0,0.0,1.5412509598294264,0.0,0.0,0.0,0.0,0.0,0.0,0.0,0.0,2722.0,1.6743550300598145,0.0,0.25010988116264343,0.004988551139831543,0.2531518042087555
18.82285499572754,124.1145248413086,1.5412083864212036,0.0,0.0,0.0,0.0,0.17691064571624082,-0.0,0.0,3.9960713522774833,2.9246427808489117,0.36244499683380127,0.0,0.0,0.0,1.9656736850738525,1.354081392288208,0.0,0.0,0.0,0.0,1.354081392288208,0.0,2723.0,-1.541162133216858,1.354081392288208,0.06529754400253296,0.03371909260749817,0.7319715023040771
19.168581008911133,123.44329833984375,1.541162133216858,0.0,0.0,0.0,0.0,0.3271458248015885,-0.0,0.0,4.043285724094936,2.9718570164271765,0.3503029942512512,0.0,0.0,0.0,3.6349533200263977,0.9803935885429382,0.0,0.0,0.0,0.0,0.9803935885429382,0.0,2724.0,-1.5411158800125122,0.9803935885429382,0.11829647421836853,0.05916300415992737,0.930870532989502
19.295799255371094,115.144287109375,1.5411158800125122,0.0,0.0,0.0,0.0,0.17017647401590397,-0.0,0.0,4.08742858341762,3.0160001482282364,0.36287298798561096,0.0,0.0,1.4654277563095093,1.890849561016597,1.6849424839019775,0.0,0.0,0.0,0.0,0.0,1.6849424839019775,2725.0,1.4654277563095093,-1.6849424839019775,0.3006513714790344,0.07225626707077026,0.9913125038146973
19.011205673217773,178.6080780029297,3.006453514099121,0.0,0.0,0.0,0.0,0.0,-0.0,0.0,4.126499938964844,3.0550713675362724,0.37663400173187256,0.0,0.0,2.052527391327203,0.0,3.0,0.0,0.0,0.0,0.0,3.0,0.0,2726.0,3.517940044403076,3.0,0.652436375617981,0.6145099997520447,0.996722400188446
20.673423767089844,159.3665313720703,5.058829307556152,0.0,0.0,0.0,0.0,0.0,-0.0,0.0,4.1656428200857984,3.0942142486572264,0.3888719975948334,0.0,0.0,1.2184610890069507,0.0,3.0,0.0,0.0,0.0,0.0,3.0,0.0,2727.0,4.487127780914307,3.0,0.958705484867096,0.998680830001831,0.9999191164970398
22.53504180908203,158.69529724121094,6.277101993560791,0.0,0.0,0.0,0.0,0.0,-0.0,0.0,4.185499954223633,3.1140713827950615,0.375014990568161,0.0,0.0,0.19319601434972355,0.0,2.3538460731506348,0.0,0.0,0.0,0.0,2.3538460731506348,0.0,2728.0,2.7049849033355713,2.3538460731506348,0.9513902068138123,0.999987781047821,0.9999971389770508
23.999923706054688,158.02406311035156,6.470104217529297,0.0,0.0,0.0,0.0,0.0,-0.0,0.0,4.185571343558175,3.1141427721296036,0.3767020106315613,0.0,0.0,0.24703515968018447,0.0,0.3791712490341855,0.0,0.0,0.0,0.0,0.0,0.3791712490341855,2729.0,0.6842979788780212,-0.3791712522506714,0.9777279496192932,0.9999997615814209,1.0
23.987003326416016,179.99807739257812,6.716938018798828,0.0,0.0,0.0,0.0,0.0,-0.0,0.0,4.157785633632114,3.0863570622035437,0.003800000064074993,0.4816960096359253,0.0,0.0,0.0,0.0,0.0,0.0,0.3328632712364197,0.0,0.3328632712364197,0.0,2730.0,-4.599999904632568,0.3328632712364197,0.9808591604232788,0.9999818205833435,0.9999988675117493
23.999893188476562,179.32684326171875,5.885578632354736,0.0,0.0,0.0,0.0,0.0,-0.0,0.0,4.153571483067104,3.0821429116385324,0.0,0.6515340209007263,0.0,0.0,0.0,0.0,0.0,0.0,0.0,0.0,0.0,0.0,2731.0,-4.599999904632568,0.0,0.9157809019088745,0.9617710113525391,0.9912093281745911
23.441617965698242,178.65560913085938,5.2205915451049805,0.0,0.0,0.0,0.0,0.0,-0.0,0.0,4.145857075282505,3.0744285038539343,0.0,0.6093360185623169,0.0,0.0,0.0,0.0,0.0,0.0,0.8729438185691833,0.0,0.8729438185691833,0.0,2732.0,-4.599999904632568,0.8729438185691833,0.9104189872741699,0.9943153858184814,0.9949549436569214
23.971561431884766,135.36520385742188,3.7079498767852783,0.0,0.0,0.0,0.0,0.0,-0.0,0.0,4.102285739353725,3.0308570316859655,0.0,0.49435898661613464,0.0,0.0,0.0,0.0,0.0,0.0,0.707399845123291,0.0,0.0,0.707399845123291,2733.0,-3.707838773727417,-0.707399845123291,0.7616158723831177,0.9792628288269043,0.9738377332687378
23.958641052246094,175.81211853027344,2.481590986251831,0.0,0.0,0.0,0.0,0.0,-0.0,0.0,4.057214273725237,2.9857855660574777,0.0,0.41045600175857544,0.0,0.0,0.0,0.0,0.0,0.0,0.0,0.0,0.0,0.0,2734.0,-2.4815165996551514,0.0,0.1556956171989441,0.09477773308753967,0.1713886857032776
23.763935089111328,173.1943817138672,2.0626964569091797,0.0,0.0,0.0,0.0,0.0,-0.0,0.0,4.037071446010044,2.9656428745814734,0.0,0.4767740070819855,0.0,0.0,0.0,0.0,0.0,0.0,0.0,0.0,0.0,0.0,2735.0,-2.0626347064971924,0.0,0.13538992404937744,0.06262722611427307,0.03184667229652405
23.751014709472656,166.94549560546875,1.5761451721191406,0.0,0.0,0.0,0.0,0.0,-0.0,0.0,4.033928544180734,2.9625001089913505,0.0,0.3088169991970062,0.0,0.0,0.0,0.0,0.0,0.0,0.0,0.0,0.0,0.0,2736.0,-1.5760979652404785,0.0,0.09850108623504639,0.05294722318649292,0.01538655161857605
23.55630874633789,166.27426147460938,1.2609879970550537,0.0,0.0,0.0,0.0,0.0,-0.0,0.0,4.041642815726144,2.9702142442975723,0.0,0.24162499606609344,0.0,0.0,0.0,0.0,0.0,0.0,0.0,0.0,0.0,0.0,2737.0,-1.2609502077102661,0.0,0.10932305455207825,0.058613330125808716,0.018777012825012207
23.17981719970703,165.60302734375,1.0144014358520508,0.0,0.0,0.0,0.0,0.0,-0.0,0.0,4.079571396963937,3.0081429617745536,0.0,0.24138900637626648,0.0,0.0,0.0,0.0,0.0,0.0,0.0,0.0,0.0,0.0,2738.0,-1.0143710374832153,0.0,0.4514206647872925,0.1754559576511383,0.059112548828125
22.803325653076172,164.93179321289062,0.7680631279945374,0.0,0.0,0.0,0.0,0.0,-0.0,0.0,4.066499928065708,2.9950713566371374,0.0,0.22142000496387482,0.0,0.0,0.0,0.0,0.0,0.0,0.0,0.0,0.0,0.0,2739.0,-0.768040120601654,0.0,0.29458844661712646,0.33638161420822144,0.13513529300689697
21.881481170654297,164.26055908203125,0.5421081185340881,0.0,0.0,0.0,0.0,0.0,-0.0,0.0,4.0461427961077,2.9747142246791296,0.0,0.20653900504112244,0.0,0.0,0.0,0.0,0.0,0.0,0.0,0.0,0.0,0.0,2740.0,-0.5420918464660645,0.0,0.4363412857055664,0.46300846338272095,0.13520395755767822
20.777851104736328,163.58932495117188,0.3313440978527069,0.0,0.0,0.0,0.0,0.0,-0.0,0.0,4.0209286008562355,2.9494998931884764,0.0,0.20070600509643555,0.0,0.0,0.0,0.0,0.0,0.0,0.0,0.0,0.0,0.0,2741.0,-0.3313341736793518,0.0,0.4780345559120178,0.23243853449821472,0.14133358001708984
19.856006622314453,155.0137939453125,0.1265382617712021,0.0,0.0,0.0,0.0,-0.025920973994335038,-0.0,0.0,4.014714322771345,2.9432857513427733,0.0,0.12400376054591078,0.08640324321442705,0.0,0.0,0.0,0.0,0.0,0.0,0.0,0.0,0.0,2742.0,-0.12653446197509766,0.0,0.4840521216392517,0.05209428071975708,0.09783053398132324
19.479515075683594,154.34255981445312,3.814582896666252e-6,0.0,0.0,0.0,0.0,-0.07166250334829094,-0.0,0.0,4.016428620474679,2.9449999128069195,0.0,0.0,0.23887500166893005,0.0,0.0,0.0,0.0,0.0,0.0,0.0,0.0,0.0,2743.0,0.0,0.0,0.5492742657661438,0.03640568256378174,0.12053442001342773
19.103023529052734,142.7598876953125,3.814468527707504e-6,0.0,0.0,0.0,0.0,-0.40833409859077463,-0.0,0.0,4.021999985831124,2.950571550641741,0.0,0.0,0.3436639904975891,0.0,0.0,0.0,1.0174496173858643,0.0,0.0,0.0,1.0174496173858643,0.0,2744.0,0.0,1.0174496173858643,0.5537041425704956,0.03171795606613159,0.1563967764377594
19.1585750579834,142.08865356445312,3.814354158748756e-6,0.0,0.3997005096932469,0.0,0.0,-0.51733470945695,-0.3997005096932469,0.0,4.031571469988142,2.96014289855957,0.0009500000160187483,0.0,0.39211398363113403,0.0,0.0,0.0,0.0,0.0,0.0,0.0,0.0,0.0,2745.0,0.0,0.0,0.684709906578064,0.014669299125671387,0.13007497787475586
18.600299835205078,141.41741943359375,3.8142397897900082e-6,0.0,0.0,0.0,0.0,-0.45787014694492534,-0.0,0.0,4.071428516932896,2.999999945504325,0.19095000624656677,0.0,0.21364900469779968,0.0,0.0,0.0,1.3125847578048706,0.0,0.0,0.0,1.3125847578048706,0.0,2746.0,0.0,1.3125847578048706,0.8064422607421875,0.005087614059448242,0.08779466152191162
19.025423049926758,140.74618530273438,3.8141254208312603e-6,0.0,0.0,0.0,0.0,-0.2173107144161346,-0.0,0.0,4.138928495134627,3.0674999237060545,0.40960100293159485,0.0,0.0,0.0,0.0,0.18414899706840515,0.7243690192699432,0.0,0.0,0.0,0.9085180163383484,0.0,2747.0,0.21539899706840515,0.9085180163383484,0.8016180396080017,0.006241053342819214,0.04969242215156555
19.031190872192383,140.074951171875,3.8140110518725123e-6,0.0,0.0,0.0,0.0,-0.14361667905714803,-0.0,0.0,4.220928546360561,3.1495001111711773,0.397381991147995,0.0,0.0,0.0,0.0,0.1621679961681366,0.4787222445011139,0.0,0.0,0.0,0.6408902406692505,0.0,2748.0,0.19161799550056458,0.6408902406692505,0.7584725618362427,0.012097388505935669,0.028480231761932373
19.06047248840332,118.2846450805664,3.8138966829137644e-6,0.0,0.0,0.0,0.0,-0.4986248393307058,-0.0,0.0,4.290785734994071,3.2193572998046873,0.4110499918460846,0.0,0.0,0.0,0.0,0.01455003023147583,1.6620827317237854,0.0,0.0,0.0,1.6766327619552612,0.0,2749.0,0.03695002198219299,1.6766327619552612,0.5628407597541809,0.07990777492523193,0.04115837812423706
19.39952278137207,117.61341857910156,3.8137823139550164e-6,0.0,0.0,0.0,0.0,-0.2771054884634605,-0.0,0.0,4.334428596496582,3.2630001613071986,0.42574799060821533,0.0,0.0,0.0,0.0,0.03785201907157898,0.9236849248409271,0.0,0.0,0.0,0.9615369439125061,0.0,2750.0,0.06225201487541199,0.9615369439125061,0.5632532835006714,0.09328389167785645,0.057271718978881836
19.46640396118164,116.94219207763672,3.8136679449962685e-6,0.0,0.0,0.0,0.0,-0.5189760473957072,-0.0,0.0,4.3727142606462746,3.3012855529785154,0.4085429906845093,0.0,0.0,0.0,0.0,0.14625698328018188,1.7299200892448425,0.0,0.0,0.0,1.8761770725250244,0.0,2751.0,0.17545700073242188,1.8761770725250244,0.5742050409317017,0.26410502195358276,0.27661460638046265
20.320510864257812,116.27096557617188,3.8135535760375205e-6,0.0,0.0,0.0,0.0,-0.8039730510700949,-0.0,0.0,4.357928630283901,3.2865000588553293,0.42346900701522827,0.0,0.0,0.0,0.0,0.15603101253509521,2.6799100637435913,0.0,0.0,0.0,2.8359410762786865,0.0,2752.0,0.18653100728988647,2.8359410762786865,0.49752020835876465,0.48685792088508606,0.0968889594078064
21.434274673461914,115.59973907470703,3.8134392070787726e-6,0.0,0.0,0.0,0.0,-0.4973992843389219,-0.0,0.0,4.274357060023716,3.2029284885951452,0.1757500022649765,0.0,0.25356799364089966,0.0,0.0,0.0,1.40442955493927,0.0,0.0,0.0,1.40442955493927,0.0,2753.0,0.0,1.40442955493927,0.6177032589912415,0.5916507840156555,0.4854300320148468
21.95823860168457,114.92851257324219,3.8133248381200247e-6,0.0,0.0,0.0,0.0,-1.0634025400242209,-0.0,0.0,4.166000039236886,3.0945714678083145,0.0,0.0,0.5446749925613403,0.0,0.0,0.0,3.0,0.0,0.0,0.0,3.0,0.0,2754.0,0.0,3.0,0.41598764061927795,0.7733260989189148,0.05274587869644165
22.72930908203125,114.25728607177734,3.8132104691612767e-6,0.0,0.0,0.0,0.0,-0.21534811517986086,-0.0,0.0,4.088857187543597,3.017428479875837,0.0,0.0,0.7178270220756531,0.0,0.0,0.0,0.0,0.0,0.0,0.0,0.0,0.0,2755.0,0.0,0.0,0.524061381816864,0.6236246228218079,0.29233062267303467
22.35281753540039,113.5860595703125,3.8130961002025288e-6,0.0,0.0,0.0,0.0,-0.7885437146243923,-0.0,0.0,4.041214207240513,2.969785635811942,0.0,0.0,0.6715520024299622,0.0,0.0,0.0,1.956926941871643,0.0,0.0,0.0,1.956926941871643,0.0,2756.0,0.0,1.956926941871643,0.42104029655456543,0.75980544090271,0.06620770692825317
22.79901123046875,107.98917388916016,3.812981731243781e-6,0.0,0.0,0.0,0.0,-0.5798503212074557,-0.0,0.0,4.032285635811942,2.9608570643833705,0.0,0.0,0.5440409779548645,0.0,0.0,0.0,1.3887933492660522,0.0,0.0,0.0,1.3887933492660522,0.0,2757.0,0.0,1.3887933492660522,0.4116227626800537,0.7797936797142029,0.11915835738182068
22.89895248413086,96.08134460449219,3.812867362285033e-6,0.0,0.0,0.0,0.0,-0.489132832055601,-0.0,0.0,4.037785748073032,2.9663570404052733,0.0,0.0,0.4523420035839081,0.0,0.0,0.0,1.1781007051467896,0.0,0.0,0.0,1.1781007051467896,0.0,2758.0,0.0,1.1781007051467896,0.46176931262016296,0.8108458518981934,0.11798378825187683
23.054214477539062,95.41011810302734,3.812752993326285e-6,0.0,0.0,0.0,0.0,-0.11921130296434157,-0.0,0.0,4.042071424211775,2.970642852783203,0.0,0.0,0.39737099409103394,0.0,0.0,0.0,0.0,0.0,0.0,0.0,0.0,0.0,2759.0,0.0,0.0,0.33582332730293274,0.799170970916748,0.09896630048751831
22.31415367126465,94.7388916015625,3.812638624367537e-6,0.0,0.0,0.0,0.0,-1.0041702431110622,-0.0,0.0,4.037928526742117,2.966500091552734,0.0,0.0,0.34723401069641113,0.0,0.0,0.0,3.0,0.0,0.0,0.0,3.0,0.0,2760.0,0.0,3.0,0.4404159486293793,0.8736817836761475,0.10133427381515503
23.027591705322266,94.06766510009766,3.812524255408789e-6,0.0,0.0,0.0,0.0,-0.08288520605902683,-0.0,0.0,4.02485705784389,2.953428486415318,0.0,0.0,0.27628400921821594,0.0,0.0,0.0,0.0,0.0,0.0,0.0,0.0,0.0,2761.0,0.0,0.0,0.2593812048435211,0.7387001514434814,0.1014203429222107
22.10574722290039,93.39643859863281,3.812409886450041e-6,0.0,0.0,0.0,0.0,-0.8411314732285913,-0.0,0.0,4.022857066563198,2.951428495134626,0.0,0.0,0.24138900637626648,0.0,0.0,0.0,2.562382459640503,0.0,0.0,0.0,2.562382459640503,0.0,2762.0,0.0,2.562382459640503,0.3690987229347229,0.7823835015296936,0.05313912034034729
22.911901473999023,92.72521209716797,3.812295517491293e-6,0.0,0.0,0.0,0.0,-0.0664260041286946,-0.0,0.0,4.021571513584682,2.9501429421561105,0.0,0.0,0.22142000496387482,0.0,0.0,0.0,0.0,0.0,0.0,0.0,0.0,0.0,2763.0,0.0,0.0,0.2075493037700653,0.3253183364868164,0.02629271149635315
22.535409927368164,92.05398559570312,3.812181148532545e-6,0.0,0.0,0.0,0.0,-0.061961703974473537,-0.0,0.0,3.9997142519269673,2.9282858167375836,0.0,0.0,0.20653900504112244,0.0,0.0,0.0,0.0,0.0,0.0,0.0,0.0,0.0,2764.0,0.0,0.0,0.225820392370224,0.3480302095413208,0.05973392724990845
21.977134704589844,91.38275909423828,3.8120667795737972e-6,0.0,0.0,0.0,0.0,-0.06021180392153269,-0.0,0.0,3.982000023978097,2.910571452549526,0.0,0.0,0.20070600509643555,0.0,0.0,0.0,0.0,0.0,0.0,0.0,0.0,0.0,2765.0,0.0,0.0,0.21345680952072144,0.18446126580238342,0.08036866784095764
21.600643157958984,90.71153259277344,3.8119524106150493e-6,0.0,0.0,0.0,0.0,-0.06312210363634829,-0.0,0.0,3.96278566632952,2.8913570949009486,0.0,0.0,0.21040700376033783,0.0,0.0,0.0,0.0,0.0,0.0,0.0,0.0,0.0,2766.0,0.0,0.0,0.2560831606388092,0.1858656406402588,0.16390329599380493
21.042367935180664,90.0403060913086,3.8118380416563014e-6,0.0,0.0,0.0,0.0,-0.07166250334829094,-0.0,0.0,3.936214256286621,2.8647858210972377,0.0,0.0,0.23887500166893005,0.0,0.0,0.0,0.0,0.0,0.0,0.0,0.0,0.0,2767.0,0.0,0.0,0.27008146047592163,0.08169913291931152,0.23514190316200256
20.665876388549805,89.36907958984375,3.8117236726975534e-6,0.0,0.0,0.0,0.0,-0.10309920124607075,-0.0,0.0,3.910142844063895,2.8387142726353236,0.0,0.0,0.3436639904975891,0.0,0.0,0.0,0.0,0.0,0.0,0.0,0.0,0.0,2768.0,0.0,0.0,0.45595091581344604,0.035816341638565063,0.26254427433013916
20.289384841918945,88.6978530883789,3.8116093037388055e-6,0.0,0.0,0.0,0.0,-0.8230648189014111,-0.0,0.0,3.886285727364676,2.814857155936105,0.0019000000320374966,0.0,0.39116400480270386,0.0,0.0,0.0,2.3523852825164795,0.0,0.0,0.0,2.3523852825164795,0.0,2769.0,0.0,2.3523852825164795,0.5168516635894775,0.34777241945266724,0.16104644536972046
20.738845825195312,88.02662658691406,3.8114949347800575e-6,0.0,0.0,0.0,0.0,-0.012224713453639069,-0.0,0.0,3.8881428037370953,2.816714368547712,0.3638499677181244,0.0,0.040749043226242065,0.0,0.0,0.0,0.0,0.0,0.0,0.0,0.0,0.0,2770.0,0.0,0.0,0.7155399322509766,0.08200299739837646,0.06836071610450745
19.9987850189209,87.35540008544922,3.8113805658213096e-6,0.0,0.0,0.0,0.0,0.0,-0.0,0.0,3.8984999792916435,2.8270715441022602,0.40960100293159485,0.0,0.0,0.4755929914293091,0.0,0.0,0.0,0.0,0.0,0.0,0.0,0.0,2771.0,0.5323989391326904,0.0,0.6056264638900757,0.04088708758354187,0.04267162084579468
19.349102020263672,86.68417358398438,0.4755825400352478,0.0,0.2995515493563232,0.0,0.0,-0.2995515493563232,-0.2995515493563232,0.0,3.913000052315848,2.8415714808872767,0.397381991147995,0.0,0.0,1.3757416778339007,0.0,0.0,0.0,0.0,0.0,0.0,0.0,0.0,2772.0,1.4986180067062378,0.0,0.39338648319244385,0.06885659694671631,0.08829709887504578
18.700448989868164,86.01294708251953,1.8512687683105469,0.0,0.0,0.0,0.0,0.0,-0.0,0.0,3.935999952043806,2.864571380615234,0.4110499918460846,0.0,0.0,0.352748501013707,0.0,2.3022522926330566,0.0,0.0,0.0,0.0,2.3022522926330566,0.0,2773.0,1.8729910850524902,2.3022522926330566,0.372422993183136,0.10028764605522156,0.48254647850990295
19.501422882080078,85.34172058105469,2.203951120376587,0.0,0.0,0.0,0.0,0.0,-0.0,0.0,3.9608570643833705,2.8894284929547993,0.42574799060821533,0.0,0.0,0.8155088678770426,0.0,3.0,0.0,0.0,0.0,0.0,3.0,0.0,2774.0,4.0562520027160645,3.0,0.7050361633300781,0.4169670343399048,0.853600025177002
20.72553253173828,84.67049407958984,3.01936936378479,0.0,0.0,0.0,0.0,0.0,-0.0,0.0,3.976785741533552,2.9053570338657924,0.4085429906845093,0.0,0.0,1.2569058949004557,0.0,3.0,0.0,0.0,0.0,0.0,3.0,0.0,2775.0,4.529457092285156,3.0,0.9358913898468018,0.8848478198051453,0.9634827971458435
21.956809997558594,76.47410583496094,4.27614688873291,0.0,0.0,0.0,0.0,0.0,-0.0,0.0,3.972285761151995,2.9008570534842355,0.42346900701522827,0.0,0.0,0.34257396887903724,0.0,1.7777156829833984,0.0,0.0,0.0,0.0,0.0,1.7777156829833984,2776.0,2.261530876159668,-1.7777156829833984,0.9197732210159302,0.9719499349594116,0.9668986201286316
21.398534774780273,174.7018585205078,4.618582248687744,0.0,0.0,0.0,0.0,-0.8244504302521705,-0.0,0.0,3.9374285561697824,2.8659999847412108,0.42931801080703735,0.0,0.0,0.0,0.0,0.2518320083618164,2.7481679916381836,0.0,0.0,0.0,3.0,0.0,2777.0,0.2876819968223572,3.0,0.8946963548660278,0.8503878116607666,0.8242791891098022
22.793886184692383,174.03062438964844,4.618443965911865,0.0,0.0,0.0,0.0,0.0,-0.0,0.0,3.8326429094587056,2.761214338030134,0.0,0.5446749925613403,0.0,0.0,0.0,0.0,0.0,0.0,0.0,0.0,0.0,0.0,2778.0,-4.599999904632568,0.0,0.8620173335075378,0.5534585118293762,0.5234689116477966
22.235610961914062,173.35939025878906,4.062531471252441,0.0,0.0,0.0,0.0,0.0,-0.0,0.0,3.786785752432687,2.7153570447649273,0.0,0.7178270220756531,0.0,0.0,0.0,0.0,0.0,0.0,0.0,0.0,0.0,0.0,2779.0,-4.0624098777771,0.0,0.7547588348388672,0.5319667458534241,0.20817410945892334
21.859119415283203,172.6881561279297,3.3299551010131836,0.0,0.0,0.0,0.0,0.0,-0.0,0.0,3.8062856674194334,2.73485723223005,0.0,0.6715520024299622,0.0,0.0,0.0,0.0,0.0,0.0,0.0,0.0,0.0,0.0,2780.0,-3.32985520362854,0.0,0.6061619520187378,0.5319696068763733,0.05381140112876892
21.300844192504883,172.0169219970703,2.6446187496185303,0.0,0.0,0.0,0.0,-0.28571778570989187,-0.0,0.0,3.847642844063895,2.7762142726353236,0.0,0.5440409779548645,0.0,0.0,0.0,0.0,0.9523925811882918,0.0,2.047607418811708,0.0,3.0,0.0,2781.0,-2.6445393562316895,3.0,0.5499309301376343,0.7234833240509033,0.040344029664993286
22.29222297668457,171.34568786621094,7.961833034642041e-5,0.0,0.0,0.0,0.0,-0.1357026064675093,-0.0,0.0,3.900928579057966,2.8295001438685827,0.0,0.0,0.4523420035839081,0.0,0.0,0.0,0.0,0.0,0.0,0.0,0.0,0.0,2782.0,0.0,0.0,0.37076425552368164,0.5862497687339783,0.12549865245819092
21.552162170410156,170.67445373535156,7.961594383232296e-5,0.0,0.0,0.0,0.0,-1.0192113387271284,-0.0,0.0,3.9367857796805246,2.865357208251953,0.0,0.0,0.39737099409103394,0.0,0.0,0.0,3.0,0.0,0.0,0.0,3.0,0.0,2783.0,0.0,3.0,0.4406830072402954,0.6993055939674377,0.09622246026992798
22.401870727539062,170.0032196044922,7.96135573182255e-5,0.0,0.0,0.0,0.0,-0.10417020734827531,-0.0,0.0,3.947714342389788,2.8762857709612164,0.0,0.0,0.34723401069641113,0.0,0.0,0.0,0.0,0.0,0.0,0.0,0.0,0.0,2784.0,0.0,0.0,0.2561783790588379,0.46285480260849,0.110928475856781
21.66180992126465,169.3319854736328,7.961117080412805e-5,0.0,0.0,0.0,0.0,-0.08288520605902683,-0.0,0.0,3.9565713882446287,2.8851429530552455,0.0,0.0,0.27628400921821594,0.0,0.0,0.0,0.0,0.0,0.0,0.0,0.0,0.0,2785.0,0.0,0.0,0.42394325137138367,0.3136868476867676,0.04100337624549866
21.28531837463379,168.66075134277344,7.96087842900306e-5,0.0,0.0,0.0,0.0,-0.07241670479046114,-0.0,0.0,3.978500039236886,2.907071467808315,0.0,0.0,0.24138900637626648,0.0,0.0,0.0,0.0,0.0,0.0,0.0,0.0,0.0,2786.0,0.0,0.0,0.5416741967201233,0.322847843170166,0.018616020679473877
21.090612411499023,167.98951721191406,7.960639777593315e-5,0.0,0.0,0.0,0.0,-0.0664260041286946,-0.0,0.0,3.999214254106794,2.927785818917411,0.0,0.0,0.22142000496387482,0.0,0.0,0.0,0.0,0.0,0.0,0.0,0.0,0.0,2787.0,0.0,0.0,0.5250130295753479,0.21148225665092468,0.01858443021774292
20.895906448364258,167.3182830810547,7.96040112618357e-5,0.0,0.0,0.0,0.0,-0.061961703974473537,-0.0,0.0,4.012285723005022,2.940857151576451,0.0,0.0,0.20653900504112244,0.0,0.0,0.0,0.0,0.0,0.0,0.0,0.0,0.0,2788.0,0.0,0.0,0.4831492006778717,0.14231833815574646,0.0199945867061615
20.882986068725586,166.6470489501953,7.960162474773824e-5,0.0,0.0,0.0,0.0,-0.06021180392153269,-0.0,0.0,4.015785707746233,2.9443571363176617,0.0,0.0,0.20070600509643555,0.0,0.0,0.0,0.0,0.0,0.0,0.0,0.0,0.0,2789.0,0.0,0.0,0.4188457131385803,0.057532310485839844,0.07852447032928467
20.506494522094727,165.97581481933594,7.959923823364079e-5,0.0,0.0,0.0,0.0,-0.06312210363634829,-0.0,0.0,4.02535719190325,2.953928484235491,0.0,0.0,0.21040700376033783,0.0,0.0,0.0,0.0,0.0,0.0,0.0,0.0,0.0,2790.0,0.0,0.0,0.498157799243927,0.02411109209060669,0.13084179162979126
20.130002975463867,165.30458068847656,7.959685171954334e-5,0.0,0.0,0.0,0.0,-0.07166250334829094,-0.0,0.0,4.046357100350516,2.9749286651611326,0.0,0.0,0.23887500166893005,0.0,0.0,0.0,0.0,0.0,0.0,0.0,0.0,0.0,2791.0,0.0,0.0,0.6290782690048218,0.01032346487045288,0.16789737343788147
19.75299835205078,164.6333465576172,7.959446520544589e-5,0.0,0.0,0.0,0.0,-0.10309920124607075,-0.0,0.0,4.104500034877232,3.033071463448661,0.0,0.0,0.3436639904975891,0.0,0.0,0.0,0.0,0.0,0.0,0.0,0.0,0.0,2792.0,0.0,0.0,0.7730779647827148,0.004496484994888306,0.130598783493042
19.37702178955078,163.9621124267578,7.959207869134843e-5,0.0,0.3630384628548313,0.0,0.0,-0.48095766521908523,-0.3630384628548313,0.0,4.214214270455496,3.142785699026925,0.0,0.0,0.3930639922618866,0.0,0.0,0.0,0.0,0.0,0.0,0.0,0.0,0.0,2793.0,0.0,0.0,0.7126034498214722,0.019805699586868286,0.10590451955795288
18.636960983276367,155.7656707763672,7.958969217725098e-5,0.0,0.0,0.0,0.0,-0.264033867479716,-0.0,0.0,4.34900005885533,3.2775714874267576,0.3923499882221222,0.0,0.012249022722244263,0.0,0.0,0.0,0.8678638339042664,0.0,0.0,0.0,0.8678638339042664,0.0,2794.0,0.008400976657867432,0.8678638339042664,0.8343801498413086,0.0016841292381286621,0.11173450946807861
19.008405685424805,155.0944366455078,7.958730566315353e-5,0.0,0.0,0.0,0.0,0.0,-0.0,0.0,4.461571502685547,3.3901429312569755,0.40960100293159485,0.0,0.0,0.11977669233743882,0.0,0.8485279083251953,0.0,0.0,0.0,0.0,0.8485279083251953,0.0,2795.0,1.0433989763259888,0.8485279083251953,0.5999302864074707,0.0034991204738616943,0.07352417707443237
19.017480850219727,154.42320251464844,0.11985268443822861,0.0,0.0,0.0,0.0,-0.10755825768145932,-0.0,0.0,4.537857137407575,3.466428702218192,0.397381991147995,0.0,0.0,0.0,0.0,0.47756800055503845,0.3585275113582611,0.0,0.0,0.0,0.8360955119132996,0.0,2796.0,0.5236179828643799,0.8360955119132996,0.6981009840965271,0.0057637691497802734,0.05324801802635193
19.0288028717041,153.75196838378906,0.11984909325838089,0.0,0.0,0.0,0.0,-0.15831454131263634,-0.0,0.0,4.58514289855957,3.513714327130999,0.4110499918460846,0.0,0.0,0.0,0.0,0.35464999079704285,0.5277151167392731,0.0,0.0,0.0,0.8823651075363159,0.0,2797.0,0.3949500024318695,0.8823651075363159,0.6270521879196167,0.015481561422348022,0.06086331605911255
19.077392578125,153.0807342529297,0.11984550207853317,0.0,0.0,0.0,0.0,-0.2947962490636602,-0.0,0.0,4.637071418762207,3.5656428473336357,0.42574799060821533,0.0,0.0,0.0,0.0,0.038801997900009155,0.9826541244983673,0.0,0.0,0.0,1.0214561223983765,0.0,2798.0,0.06325200200080872,1.0214561223983765,0.597819983959198,0.0460260808467865,0.07411566376686096
19.23011589050293,152.4095001220703,0.11984191089868546,0.0,0.0,0.0,0.0,-0.39816494793825213,-0.0,0.0,4.643928473336356,3.5724999019077845,0.28689998388290405,0.11744154100705728,0.004201465794547943,0.0,0.0,0.0,1.3230149745941162,0.0,0.0,0.0,1.3230149745941162,0.0,2799.0,-0.11983831971883774,1.3230149745941162,0.6162789463996887,0.15504753589630127,0.25259095430374146
19.775222778320312,151.73826599121094,3.6059730064152973e-6,0.0,0.0,0.0,0.0,-0.709495149433419,-0.0,0.0,4.6545714787074495,3.5831429072788783,0.2678999900817871,0.0,0.15556901693344116,0.0,0.0,0.0,2.2094147205352783,0.0,0.0,0.0,2.2094147205352783,0.0,2800.0,0.0,2.2094147205352783,0.6519349813461304,0.4246225655078888,0.5718392133712769
21.123098373413086,151.06703186035156,3.6058650039194617e-6,0.0,0.0,0.0,0.0,-0.36291283619057424,-0.0,0.0,4.622642871311733,3.5512142998831613,0.11495000123977661,0.0,0.31436800956726074,0.0,0.0,0.0,0.8953413963317871,0.0,0.0,0.0,0.8953413963317871,0.0,2801.0,0.0,0.8953413963317871,0.5562598705291748,0.43703019618988037,0.27382996678352356
21.185134887695312,150.3957977294922,3.605757001423626e-6,0.0,0.0,0.0,0.0,-0.5805822245511294,-0.0,0.0,4.6125,3.5410714285714286,0.0,0.0,0.5446749925613403,0.0,0.0,0.0,1.390599012374878,0.0,0.0,0.0,1.390599012374878,0.0,2802.0,0.0,1.390599012374878,0.4862286150455475,0.5177988409996033,0.1516464650630951
21.588979721069336,149.7245635986328,3.6056489989277907e-6,0.0,0.0,0.0,0.0,-0.5678811596982136,-0.0,0.0,4.593142863682338,3.5217142922537668,0.0,0.0,0.7178270220756531,0.0,0.0,0.0,1.175110101699829,0.0,0.0,0.0,1.175110101699829,0.0,2803.0,0.0,1.175110101699829,0.4435027539730072,0.55008864402771,0.07421553134918213
21.75042724609375,149.05332946777344,3.605540996431955e-6,0.0,0.0,0.0,0.0,-0.4580971065400874,-0.0,0.0,4.547142791748047,3.4757142203194755,0.0,0.0,0.6715520024299622,0.0,0.0,0.0,0.8554382920265198,0.0,0.0,0.0,0.8554382920265198,0.0,2804.0,0.0,0.8554382920265198,0.46266970038414,0.5551272630691528,0.0751568078994751
21.77562141418457,148.38209533691406,3.6054329939361196e-6,0.0,0.0,0.0,0.0,-0.6303612184668062,-0.0,0.0,4.525142887660435,3.453714316231864,0.0,0.0,0.5440409779548645,0.0,0.0,0.0,1.5571630001068115,0.0,0.0,0.0,1.5571630001068115,0.0,2805.0,0.0,1.5571630001068115,0.49634718894958496,0.6548638939857483,0.0777452290058136
22.274303436279297,147.7108612060547,3.605324991440284e-6,0.0,0.0,0.0,0.0,-0.1357026064675093,-0.0,0.0,4.5051428386143275,3.4337144034249443,0.0,0.0,0.4523420035839081,0.0,0.0,0.0,0.0,0.0,0.0,0.0,0.0,0.0,2806.0,0.0,0.0,0.47959965467453003,0.4918421804904938,0.08016327023506165
21.897811889648438,147.0396270751953,3.6052169889444485e-6,0.0,0.0,0.0,0.0,-0.7793546092253756,-0.0,0.0,4.443428530011858,3.3719999585832867,0.0,0.0,0.39737099409103394,0.0,0.0,0.0,2.2004776000976562,0.0,0.0,0.0,2.2004776000976562,0.0,2807.0,0.0,2.2004776000976562,0.4938293695449829,0.7248831391334534,0.05788883566856384
22.624401092529297,146.36839294433594,3.605108986448613e-6,0.0,0.0,0.0,0.0,-0.10417020734827531,-0.0,0.0,4.2390713827950615,3.16764281136649,0.0,0.0,0.34723401069641113,0.0,0.0,0.0,0.0,0.0,0.0,0.0,0.0,0.0,2808.0,0.0,0.0,0.29762083292007446,0.6355499029159546,0.09345501661300659
21.702556610107422,145.69715881347656,3.6050009839527775e-6,0.0,0.0,0.0,0.0,-0.7821743173271134,-0.0,0.0,4.07585710797991,3.0044285365513392,0.0,0.0,0.27628400921821594,0.0,0.0,0.0,2.330963611602783,0.0,0.0,0.0,2.330963611602783,0.0,2809.0,0.0,2.330963611602783,0.3725849688053131,0.6411656141281128,0.086541086435318
22.205812454223633,145.0259246826172,3.604892981456942e-6,0.0,0.0,0.0,0.0,-0.6726201473720916,-0.0,0.0,3.990142904009138,2.9187141963413783,0.0,0.0,0.24138900637626648,0.0,0.0,0.0,2.000678062438965,0.0,0.0,0.0,2.000678062438965,0.0,2810.0,0.0,2.000678062438965,0.29009366035461426,0.6599292755126953,0.12806302309036255
22.299631118774414,142.7183837890625,3.6047849789611064e-6,0.0,0.0,0.0,0.0,-0.0664260041286946,-0.0,0.0,3.8989285877772737,2.8274998801095146,0.0,0.0,0.22142000496387482,0.0,0.0,0.0,0.0,0.0,0.0,0.0,0.0,0.0,2811.0,0.0,0.0,0.2594693899154663,0.4469180405139923,0.14699840545654297
21.37778663635254,136.15921020507812,3.604676976465271e-6,0.0,0.0,0.0,0.0,-0.061961703974473537,-0.0,0.0,3.8404999596732003,2.769071524483817,0.0,0.0,0.20653900504112244,0.0,0.0,0.0,0.0,0.0,0.0,0.0,0.0,0.0,2812.0,0.0,0.0,0.37064969539642334,0.3785718083381653,0.12822234630584717
20.455942153930664,135.48797607421875,3.6045689739694353e-6,0.0,0.0,0.0,0.0,-0.957028808475684,-0.0,0.0,3.82778570992606,2.756357138497489,0.0,0.0,0.20070600509643555,0.0,0.0,0.0,2.9893898963928223,0.0,0.0,0.0,2.9893898963928223,0.0,2813.0,0.0,2.9893898963928223,0.4448302686214447,0.4137478172779083,0.1339169144630432
21.068723678588867,134.81674194335938,3.6044609714735998e-6,0.0,0.0,0.0,0.0,-0.7329564817927858,-0.0,0.0,3.8191428320748466,2.7477143968854634,0.0,0.0,0.21040700376033783,0.0,0.0,0.0,2.232781171798706,0.0,0.0,0.0,2.232781171798706,0.0,2814.0,0.0,2.232781171798706,0.4494524896144867,0.44884130358695984,0.1797574758529663
21.244190216064453,134.1455078125,3.6043529689777642e-6,0.0,0.0,0.0,0.0,-0.07166250334829094,-0.0,0.0,3.79000004359654,2.7185714721679686,0.0,0.0,0.23887500166893005,0.0,0.0,0.0,0.0,0.0,0.0,0.0,0.0,0.0,2815.0,0.0,0.0,0.47446489334106445,0.2866308093070984,0.21929872035980225
20.322345733642578,133.47427368164062,3.6042449664819287e-6,0.0,0.0,0.0,0.0,-0.10309920124607075,-0.0,0.0,3.75757143838065,2.6861427307128904,0.0,0.0,0.3436639904975891,0.0,0.0,0.0,0.0,0.0,0.0,0.0,0.0,0.0,2816.0,0.0,0.0,0.5560433268547058,0.11415034532546997,0.20356637239456177
19.582284927368164,132.80303955078125,3.604136963986093e-6,0.0,0.0,0.0,0.0,-0.7465644775455971,-0.0,0.0,3.722928537641253,2.6515001024518696,0.3930639922618866,0.0,0.0,0.0,0.0,0.07053601741790771,2.488548159599304,0.0,0.0,0.0,2.559084177017212,0.0,2817.0,0.09493601322174072,2.559084177017212,0.45079076290130615,0.21790975332260132,0.16119599342346191
20.08953285217285,132.13180541992188,3.6040289614902576e-6,0.0,0.0,0.0,0.0,0.1288606925698016,-0.0,0.0,3.7847142355782646,2.713285664149693,0.40459901094436646,0.0,0.0,1.6915934085845947,1.4317853592097163,0.0,0.0,0.0,0.0,0.0,0.0,0.0,2818.0,1.6915934085845947,0.0,0.16915670037269592,0.009024471044540405,0.40211325883865356
19.713041305541992,131.4605712890625,1.6915463209152222,0.0,0.0,0.0,0.0,0.4196966343877005,-0.0,0.0,3.868642888750349,2.7972141810825892,0.40960100293159485,0.0,0.0,0.0,4.663295567035675,0.6081029772758484,0.0,0.0,0.0,0.0,0.0,0.6081029772758484,2819.0,-1.691495656967163,-0.6081029772758484,0.16500720381736755,0.06814411282539368,0.896330714225769
19.24514389038086,163.41099548339844,1.691495656967163,0.0,0.0,0.0,0.0,0.21239502790414072,-0.0,0.0,3.93228566305978,2.860857227870396,0.397381991147995,0.0,0.0,0.5898658633232117,2.359944566938905,1.0231194496154785,0.0,0.0,0.0,0.0,1.0231194496154785,0.0,2820.0,0.5898658633232117,1.0231194496154785,0.22813314199447632,0.09462890028953552,0.8580501079559326
19.473129272460938,162.73976135253906,2.2812931537628174,0.0,0.0,0.0,0.0,0.0,-0.0,0.0,3.979857117789132,2.908428682599749,0.4110499918460846,0.0,0.0,0.30605981468784194,0.0,2.911343812942505,0.0,0.0,0.0,0.0,2.911343812942505,0.0,2821.0,1.8457958698272705,2.911343812942505,0.4127058982849121,0.36693280935287476,0.9030660390853882
20.83464813232422,162.0685272216797,2.587275505065918,0.0,0.0,0.0,0.0,0.0,-0.0,0.0,4.045714323861258,2.974285616193499,0.42574799060821533,0.0,0.0,2.5406521242618965,0.0,3.0,0.0,0.0,0.0,0.0,3.0,0.0,2822.0,4.599999904632568,3.0,0.9039562344551086,0.971461832523346,0.9982007741928101
22.278701782226562,161.3972930908203,5.127773761749268,0.0,0.0,0.0,0.0,-0.16015291850379754,-0.0,0.0,4.083714294433594,3.0122857230050224,0.4085429906845093,0.0,0.0,0.0,0.0,2.4661569595336914,0.5338430404663086,0.0,0.0,0.0,3.0,0.0,2823.0,2.6174569129943848,3.0,0.8368921875953674,0.9988895058631897,0.999749481678009
23.831289291381836,160.72605895996094,5.127620220184326,0.0,0.0,0.0,0.0,0.0,-0.0,0.0,4.103928647722517,3.032500076293945,0.42346900701522827,0.0,0.0,0.8474882219273354,0.0,0.34289705753326416,0.0,0.0,0.0,0.0,0.0,0.34289705753326416,2824.0,1.2935309410095215,-0.34289705753326416,0.8216774463653564,0.9998924732208252,0.9999918937683105
23.63658332824707,179.9967803955078,5.974929332733154,0.0,0.0,0.0,0.0,-0.38048782370439405,-0.0,0.0,4.073785727364676,3.002357155936105,0.42931801080703735,0.0,0.0,0.0,0.0,0.010531991720199585,1.2682926952838898,0.0,0.0,0.0,1.2788246870040894,0.0,2825.0,0.03368198871612549,1.2788246870040894,0.9536144733428955,0.99003005027771,0.9991739988327026
23.95013427734375,179.32554626464844,5.97475004196167,0.0,0.0,0.0,0.0,0.0,-0.0,0.0,4.018428611755371,2.9469999040876114,0.0,0.5446749925613403,0.0,0.0,0.0,0.0,0.0,0.0,0.0,0.0,0.0,0.0,2826.0,-4.599999904632568,0.0,0.9342628717422485,0.8690030574798584,0.9603241682052612
23.300966262817383,178.65431213378906,5.418796539306641,0.0,0.0,0.0,0.0,0.0,-0.0,0.0,4.007285744803292,2.935857173374721,0.0,0.7178270220756531,0.0,0.0,0.0,0.0,0.0,0.0,0.0,0.0,0.0,0.0,2827.0,-4.599999904632568,0.0,0.854751706123352,0.6172583103179932,0.46055543422698975
22.742691040039062,177.9830780029297,4.6861796379089355,0.0,0.0,0.0,0.0,0.0,-0.0,0.0,3.99985716683524,2.9284285954066687,0.0,0.6715520024299622,0.0,0.0,0.0,0.0,0.0,0.0,0.0,0.0,0.0,0.0,2828.0,-4.599999904632568,0.0,0.7767118811607361,0.554901123046875,0.22466325759887695
22.366714477539062,169.78663635253906,4.000802516937256,0.0,0.0,0.0,0.0,0.0,-0.0,0.0,3.9982857840401786,2.926857212611607,0.0,0.5440409779548645,0.0,0.0,0.0,0.0,0.0,0.0,0.0,0.0,0.0,0.0,2829.0,-4.000682353973389,0.0,0.7570095062255859,0.510583221912384,0.14325541257858276
21.990222930908203,169.1154022216797,3.4455554485321045,0.0,0.0,0.0,0.0,0.0,-0.0,0.0,3.997214262826102,2.9257858276367186,0.0,0.4523420035839081,0.0,0.0,0.0,0.0,0.0,0.0,1.3836619853973389,0.0,1.3836619853973389,0.0,2830.0,-3.4454522132873535,1.3836619853973389,0.7267738580703735,0.6523163914680481,0.08002850413322449
22.261566162109375,168.4441680908203,1.5720348358154297,0.0,0.0,0.0,0.0,0.0,-0.0,0.0,3.9847857066563197,2.91335699898856,0.0,0.39737099409103394,0.0,0.0,0.0,0.0,0.0,0.0,0.0,0.0,0.0,0.0,2831.0,-1.5719877481460571,0.0,0.6340650916099548,0.6289702653884888,0.08834457397460938
21.703290939331055,167.77293395996094,1.166519284248352,0.0,0.0,0.0,0.0,-0.4235370326274809,-0.0,0.0,3.9432857513427733,2.871857179914202,0.0,0.34723401069641113,0.0,0.0,0.0,0.0,1.4117900526587732,0.0,0.7959204518730871,0.0,2.2077105045318604,0.0,2832.0,-1.1664843559265137,2.2077105045318604,0.5553682446479797,0.6538180112838745,0.0762893557548523
22.269075393676758,167.10169982910156,3.516041761031374e-5,0.0,0.0,0.0,0.0,-0.08288520605902683,-0.0,0.0,3.9135714394705636,2.842142868041992,0.0,0.0,0.27628400921821594,0.0,0.0,0.0,0.0,0.0,0.0,0.0,0.0,0.0,2833.0,0.0,0.0,0.22383901476860046,0.35746657848358154,0.10703930258750916
21.529014587402344,166.4304656982422,3.515936259645969e-5,0.0,0.0,0.0,0.0,-0.6105582271241428,-0.0,0.0,3.894571386064802,2.8231429508754187,0.0,0.0,0.24138900637626648,0.0,0.0,0.0,1.7938050031661987,0.0,0.0,0.0,1.7938050031661987,0.0,2834.0,0.0,1.7938050031661987,0.3404555916786194,0.5310201048851013,0.1086728572845459
21.65508460998535,165.7592315673828,3.515830758260563e-5,0.0,0.0,0.0,0.0,-0.0664260041286946,-0.0,0.0,3.8510714394705636,2.779642868041992,0.0,0.0,0.22142000496387482,0.0,0.0,0.0,0.0,0.0,0.0,0.0,0.0,0.0,2835.0,0.0,0.0,0.3153943419456482,0.3838571608066559,0.12885445356369019
20.733240127563477,165.08799743652344,3.5157252568751574e-5,0.0,0.0,0.0,0.0,-0.061961703974473537,-0.0,0.0,3.8047142846243722,2.733285849434989,0.0,0.0,0.20653900504112244,0.0,0.0,0.0,0.0,0.0,0.0,0.0,0.0,0.0,2836.0,0.0,0.0,0.40442928671836853,0.19124990701675415,0.09826859831809998
19.993179321289062,164.41676330566406,3.515619755489752e-5,0.0,0.0,0.0,0.0,-0.06021180392153269,-0.0,0.0,3.780999946594238,2.709571511404855,0.0,0.0,0.20070600509643555,0.0,0.0,0.0,0.0,0.0,0.0,0.0,0.0,0.0,2837.0,0.0,0.0,0.4475759267807007,0.143416166305542,0.109506756067276
19.25311851501465,163.7455291748047,3.515514254104346e-5,0.0,0.0,0.0,0.0,-0.7074368713274337,-0.0,0.0,3.7661429268973214,2.69471435546875,0.0,0.0,0.21040700376033783,0.0,0.0,0.0,2.1477158069610596,0.0,0.0,0.0,2.1477158069610596,0.0,2838.0,0.0,2.1477158069610596,0.47592759132385254,0.14527297019958496,0.12214720249176025
19.726348876953125,163.0742950439453,3.5154087527189404e-5,0.0,0.013711375452487573,0.0,0.0,-0.08537387880077851,-0.013711375452487573,0.0,3.748857171194894,2.6774285997663227,0.0,0.0,0.23887500166893005,0.0,0.0,0.0,0.0,0.0,0.0,0.0,0.0,0.0,2839.0,0.0,0.0,0.4432898759841919,0.10060900449752808,0.173554927110672
18.98628807067871,162.40306091308594,3.515303251333535e-5,0.0,0.0,0.0,0.0,-0.49429217752981813,-0.0,0.0,3.738999993460519,2.6675714220319477,0.0,0.0,0.3436639904975891,0.0,0.0,0.0,1.3039765357971191,0.0,0.0,0.0,1.3039765357971191,0.0,2840.0,0.0,1.3039765357971191,0.6121203303337097,0.031872689723968506,0.14320576190948486
19.159347534179688,161.73182678222656,3.515197749948129e-5,0.0,0.0,0.0,0.0,-0.45452886539812276,-0.0,0.0,3.7399285997663223,2.668500028337751,0.27265000343322754,0.0,0.12041398882865906,0.0,0.0,0.0,1.3946821689605713,0.0,0.0,0.0,1.3946821689605713,0.0,2841.0,0.0,1.3946821689605713,0.6273484230041504,0.04034087061882019,0.14997178316116333
19.201688766479492,161.0605926513672,3.5150922485627234e-5,0.0,0.0,0.0,0.0,0.0,-0.0,0.0,3.8269286291939872,2.7554999215262277,0.40459901094436646,0.0,0.0,1.5557998912344146,0.0,0.0,0.0,0.0,0.0,0.0,0.0,0.0,2842.0,1.6924009323120117,0.0,0.6809403896331787,0.0017487704753875732,0.1669018268585205
19.097360610961914,160.3893585205078,1.5557883977890015,0.0,0.0,0.0,0.0,0.27080198592360577,-0.0,0.0,3.90492856161935,2.8335001264299664,0.40960100293159485,0.0,0.0,0.0,3.0089107155799866,0.7282378077507019,0.0,0.0,0.0,0.0,0.7282378077507019,0.0,2843.0,-1.555741786956787,0.7282378077507019,0.14594095945358276,0.02958303689956665,0.7098807096481323
19.147899627685547,159.71812438964844,1.555741786956787,0.0,0.0,0.0,0.0,0.2786443436980205,-0.0,0.0,3.9631428854806083,2.8917143140520367,0.397381991147995,0.0,0.0,0.628720223903656,3.096048017259544,1.4196687936782837,0.0,0.0,0.0,0.0,1.4196687936782837,0.0,2844.0,0.628720223903656,1.4196687936782837,0.21844321489334106,0.09893637895584106,0.9149825572967529
19.494667053222656,159.04689025878906,2.184396505355835,0.0,0.0,0.0,0.0,0.0,-0.0,0.0,4.007857131958008,2.9364285605294365,0.4110499918460846,0.0,0.0,3.869628361675268,0.0,3.0,0.0,0.0,0.0,0.0,3.0,0.0,2845.0,4.599999904632568,3.0,0.787530243396759,0.5285648703575134,0.9878445863723755
20.830820083618164,158.3756561279297,6.0538434982299805,0.0,0.0,0.0,0.0,0.006712050462152053,-0.0,0.0,4.028857176644461,2.957428468976702,0.42574799060821533,0.0,0.0,3.852893352508545,0.07457833254140267,3.0,0.0,0.0,0.0,0.0,3.0,0.0,2846.0,3.852893352508545,3.0,0.9906706809997559,0.9960212707519531,0.99850994348526
22.45010757446289,150.18057250976562,9.906439781188965,0.0,0.0,0.0,0.0,0.30140325708877386,-0.0,0.0,4.0209286008562355,2.9494998931884764,0.4085429906845093,0.0,0.0,0.07665392011404037,3.348924812615517,2.5910634994506836,0.0,0.0,0.0,0.0,2.5910634994506836,0.0,2847.0,0.07665392011404037,2.5910634994506836,0.998306393623352,0.9999948740005493,0.9999839663505554
23.999958038330078,149.50933837890625,9.982794761657715,0.0,0.0,0.0,0.0,0.25433405274820625,-0.0,0.0,3.9871427808489117,2.9157142094203405,0.42346900701522827,0.0,0.0,0.0,2.8259336948394775,0.5572471618652344,0.0,0.0,0.0,0.0,0.0,0.5572471618652344,2848.0,-4.599999904632568,-0.5572471618652344,0.9878333210945129,0.9999998807907104,0.9999995231628418
23.988027572631836,179.9980010986328,9.982495307922363,0.0,0.0,0.0,0.0,0.0,-0.0,0.0,3.928357206072126,2.8569286346435545,0.42931801080703735,0.0,0.0,0.0,0.0,0.46938198804855347,0.0,0.0,0.03643536567687988,0.0,0.5058173537254333,0.0,2849.0,-4.599999904632568,0.5058173537254333,0.9846583604812622,0.9999971389770508,0.9999978542327881
23.999969482421875,179.32676696777344,9.94501781463623,0.0,0.0,0.0,0.0,0.0,-0.0,0.0,3.8604286193847654,2.7890000479561943,0.0,0.5446749925613403,0.0,0.0,0.0,0.0,0.0,0.0,0.024893658235669136,0.0,0.0,0.024893658235669136,2850.0,-4.599999904632568,-0.024893658235669136,0.9925007224082947,0.9998867511749268,0.9999309182167053
23.623477935791016,179.98703002929688,9.363544464111328,0.0,0.0,0.0,0.0,0.0,-0.0,0.0,3.848071452549526,2.7766428811209543,0.0,0.7178270220756531,0.0,0.0,0.0,0.0,0.0,0.0,0.0,0.0,0.0,0.0,2851.0,-4.599999904632568,0.0,0.9376937747001648,0.7879923582077026,0.3612678050994873
22.70163345336914,179.3157958984375,8.63080883026123,0.0,0.0,0.0,0.0,0.0,-0.0,0.0,3.8515000479561943,2.7800714765276227,0.0,0.6715520024299622,0.0,0.0,0.0,0.0,0.0,0.0,0.0,0.0,0.0,0.0,2852.0,-4.599999904632568,0.0,0.8659213781356812,0.5335368514060974,0.07527506351470947
21.962574005126953,178.64456176757812,7.945313453674316,0.0,0.0,0.0,0.0,0.0,-0.0,0.0,3.8610713958740233,2.789642824445452,0.0,0.5440409779548645,0.0,0.0,0.0,0.0,0.0,0.0,0.0,0.0,0.0,0.0,2853.0,-4.599999904632568,0.0,0.7896473407745361,0.582962691783905,0.03352171182632446
20.858943939208984,177.97332763671875,7.389947891235352,0.0,0.0,0.0,0.0,0.0,-0.0,0.0,3.8736428669520784,2.8022141592843193,0.0,0.4523420035839081,0.0,0.0,0.0,0.0,0.0,0.0,3.0,0.0,3.0,0.0,2854.0,-4.599999904632568,3.0,0.778373122215271,0.5780378580093384,0.01931554079055786
21.862022399902344,177.30209350585938,3.8670339584350586,0.0,0.0,0.0,0.0,0.0,-0.0,0.0,3.883357129778181,2.811928558349609,0.0,0.39737099409103394,0.0,0.0,0.0,0.0,0.0,0.0,0.03692413866519928,0.0,0.03692413866519928,0.0,2855.0,-3.8669180870056152,0.03692413866519928,0.8986290693283081,0.5741249322891235,0.0799933671951294
21.870609283447266,176.630859375,3.4237730503082275,0.0,0.0,0.0,0.0,0.0,-0.0,0.0,3.874571473257882,2.8031427655901227,0.0,0.34723401069641113,0.0,0.0,0.0,0.0,0.0,0.0,0.0,0.0,0.0,0.0,2856.0,-3.4236702919006348,0.0,0.9255286455154419,0.5515304207801819,0.03529918193817139
21.857688903808594,175.95962524414062,3.0693604946136475,0.0,0.0,0.0,0.0,0.0,-0.0,0.0,3.8746428625924247,2.803214154924665,0.0,0.27628400921821594,0.0,0.0,0.0,0.0,0.0,0.0,0.0,0.0,0.0,0.0,2857.0,-3.0692684650421143,0.0,0.9064472317695618,0.4564357101917267,0.02478843927383423
21.662982940673828,175.28839111328125,2.7873544692993164,0.0,0.0,0.0,0.0,0.0,-0.0,0.0,3.8786428451538084,2.807214409964425,0.0,0.24138900637626648,0.0,0.0,0.0,0.0,0.0,0.0,0.0,0.0,0.0,0.0,2858.0,-2.7872707843780518,0.0,0.859624981880188,0.5234553217887878,0.026351988315582275
21.28649139404297,174.61715698242188,2.5409629344940186,0.0,0.0,0.0,0.0,0.0,-0.0,0.0,3.8735714776175363,2.8021427699497767,0.0,0.22142000496387482,0.0,0.0,0.0,0.0,0.0,0.0,0.0,0.0,0.0,0.0,2859.0,-2.540886640548706,0.0,0.866507351398468,0.3656611442565918,0.012813180685043335
21.091785430908203,173.9459228515625,2.3149547576904297,0.0,0.0,0.0,0.0,0.0,-0.0,0.0,3.873499952043806,2.802071380615234,0.0,0.20653900504112244,0.0,0.0,0.0,0.0,0.0,0.0,0.0,0.0,0.0,0.0,2860.0,-2.314885377883911,0.0,0.8149013519287109,0.23781231045722961,0.012480944395065308
21.07886505126953,173.27468872070312,2.104137659072876,0.0,0.0,0.0,0.0,0.0,-0.0,0.0,3.8828571319580076,2.8114285605294365,0.0,0.20070600509643555,0.0,0.0,0.0,0.0,0.0,0.0,0.0,0.0,0.0,0.0,2861.0,-2.104074478149414,0.0,0.7379472255706787,0.14585572481155396,0.03845024108886719
21.06594467163086,161.53749084472656,1.8992786407470703,0.0,0.0,0.0,0.0,0.0,-0.0,0.0,3.908642850603376,2.8372142791748045,0.0,0.21040700376033783,0.0,0.0,0.0,0.0,0.0,0.0,0.0,0.0,0.0,0.0,2862.0,-1.899221658706665,0.0,0.7622196078300476,0.039801836013793945,0.11140367388725281
20.871238708496094,160.8662567138672,1.6845271587371826,0.0,0.0,0.0,0.0,0.0,-0.0,0.0,3.922071402413504,2.850642830984933,0.0,0.23887500166893005,0.0,0.0,0.0,0.0,0.0,0.0,0.0,0.0,0.0,0.0,2863.0,-1.684476613998413,0.0,0.8941470384597778,0.007386445999145508,0.253094345331192
20.858318328857422,160.1950225830078,1.4407339096069336,0.0,0.0,0.0,0.0,0.0,-0.0,0.0,3.921000017438616,2.8495714460100445,0.0,0.3436639904975891,0.0,0.0,0.0,0.0,0.0,0.0,0.0,0.0,0.0,0.0,2864.0,-1.4406907558441162,0.0,0.759681761264801,0.22404807806015015,0.2133699357509613
19.936473846435547,159.52378845214844,1.0900236368179321,0.0,0.0,0.0,0.0,0.0,-0.0,0.0,3.922214317321777,2.850785609654018,0.0019000000320374966,0.39116400480270386,0.0,0.0,0.0,0.0,0.0,0.0,0.0,0.0,0.0,0.0,2865.0,-1.0899909734725952,0.0,0.950309693813324,0.0034335553646087646,0.10936251282691956
19.559982299804688,158.85255432128906,0.6908559799194336,0.0,0.0,0.0,0.0,0.0,-0.0,0.0,3.9427857535226005,2.871357182094029,0.22609999775886536,0.1784990131855011,0.0,0.0,0.0,0.0,0.0,0.0,0.0,0.0,0.0,0.0,2866.0,-0.6908352375030518,0.0,0.8853657841682434,0.010161101818084717,0.02539384365081787
19.274898529052734,123.13306427001953,0.5086988806724548,0.0,0.0,0.0,0.0,-0.10852156414673964,-0.0,0.0,3.959428596496582,2.8879998888288227,0.40960100293159485,0.0,0.0,0.0,0.0,0.211698979139328,0.36173853278160095,0.0,0.0,0.0,0.573437511920929,0.0,2867.0,0.24439898133277893,0.573437511920929,0.5555391907691956,0.06617176532745361,0.059423983097076416
19.330842971801758,64.05451202392578,0.5086836218833923,0.0,0.0,0.0,0.0,-0.4616519276957476,-0.0,0.0,4.000428553989956,2.928999982561384,0.397381991147995,0.0,0.0,0.0,0.0,0.6751679182052612,1.5388396978378296,0.0,0.0,0.0,0.0,2.214007616043091,2868.0,0.7316179275512695,-2.214007616043091,0.3722536563873291,0.0525246262550354,0.740159273147583
19.046728134155273,138.42355346679688,0.5086683630943298,0.0,0.0,0.0,0.0,-0.7597710308566654,-0.0,0.0,4.029142870221819,2.9577142987932477,0.3799999952316284,0.031049996614456177,0.0,0.0,0.0,0.0,2.532570002220261,0.0,0.4674299977797389,0.0,3.0,0.0,2869.0,-0.5086531043052673,3.0,0.6106856465339661,0.20746442675590515,0.033891379833221436
19.937997817993164,137.7523193359375,1.5317031284212135e-5,0.0,0.0,0.0,0.0,-0.7064660144434765,-0.0,0.0,4.0667143685477125,2.9952857971191404,0.42574799060821533,0.0,0.0,0.0,0.0,0.015051990747451782,2.354886621236801,0.0,0.0,0.0,2.369938611984253,0.0,2870.0,0.03825199604034424,2.369938611984253,0.6081422567367554,0.292369544506073,0.03255552053451538
20.46183204650879,137.08108520507812,1.531657289888244e-5,0.0,0.0,0.0,0.0,-0.6842605952128,-0.0,0.0,4.090571485246931,3.019142913818359,0.3894999921321869,0.0,0.019042998552322388,0.0,0.0,0.0,2.2618255615234375,0.0,0.0,0.0,2.2618255615234375,0.0,2871.0,0.0014570057392120361,2.2618255615234375,0.5489166975021362,0.3855651021003723,0.045821934938430786
20.927810668945312,136.40985107421875,1.5316114513552748e-5,0.0,0.0,0.0,0.0,-0.4376386905765006,-0.0,0.0,4.093500082833426,3.022071511404855,0.33820000290870667,0.0,0.0852690041065216,0.0,0.0,0.0,1.3735265731811523,0.0,0.0,0.0,1.3735265731811523,0.0,2872.0,0.0,1.3735265731811523,0.5456522107124329,0.4062291085720062,0.08687573671340942
21.031129837036133,135.73861694335938,1.5315656128223054e-5,0.0,0.0,0.0,0.0,-0.8178259459267423,-0.0,0.0,4.073642812456404,3.0022143772670202,0.06650000065565109,0.0,0.36281800270080566,0.0,0.0,0.0,2.3632683753967285,0.0,0.0,0.0,2.3632683753967285,0.0,2873.0,0.0,2.3632683753967285,0.48469290137290955,0.5470301508903503,0.054127782583236694
21.735136032104492,124.84198760986328,1.531519774289336e-5,0.0,0.0,0.0,0.0,-0.579703461317358,-0.0,0.0,4.0517142977033345,2.980285862513951,0.0,0.0,0.5446749925613403,0.0,0.0,0.0,1.3876698017120361,0.0,0.0,0.0,1.3876698017120361,0.0,2874.0,0.0,1.3876698017120361,0.4414577782154083,0.5676913261413574,0.06381282210350037
21.838441848754883,124.17076110839844,1.5314739357563667e-5,0.0,0.0,0.0,0.0,-0.6474423129336948,-0.0,0.0,4.043857111249651,2.9724286760602676,0.0,0.0,0.7178270220756531,0.0,0.0,0.0,1.4403139352798462,0.0,0.0,0.0,1.4403139352798462,0.0,2875.0,0.0,1.4403139352798462,0.4565598964691162,0.6307689547538757,0.06468048691749573
22.15382957458496,112.25434112548828,1.5314280972233973e-5,0.0,0.0,0.0,0.0,-1.1014656444972992,-0.0,0.0,4.022071511404855,2.9506429399762832,0.0,0.0,0.6715520024299622,0.0,0.0,0.0,3.0,0.0,0.0,0.0,3.0,0.0,2876.0,0.0,3.0,0.3875976800918579,0.8422732949256897,0.044811636209487915
23.041915893554688,111.58311462402344,1.531382258690428e-5,0.0,0.0,0.0,0.0,-0.1632122998719332,-0.0,0.0,4.0233570643833705,2.951928492954799,0.0,0.0,0.5440409779548645,0.0,0.0,0.0,0.0,0.0,0.0,0.0,0.0,0.0,2877.0,0.0,0.0,0.432258665561676,0.6973979473114014,0.1784329116344452
22.483640670776367,94.04850006103516,1.5313364201574586e-5,0.0,0.0,0.0,0.0,-0.9994800160121908,-0.0,0.0,4.0186429159981865,2.947214344569615,0.0,0.0,0.4523420035839081,0.0,0.0,0.0,2.879257917404175,0.0,0.0,0.0,0.0,2.879257917404175,2878.0,0.0,-2.879257917404175,0.5734118223190308,0.12998056411743164,0.9643811583518982
21.562824249267578,174.29905700683594,1.5312905816244893e-5,0.0,0.0,0.0,0.0,-0.8046733043461352,-0.0,0.0,4.022571509225028,2.9511429377964564,0.0,0.0,0.39737099409103394,0.0,0.0,0.0,2.2848732471466064,0.0,0.0,0.0,2.2848732471466064,0.0,2879.0,0.0,2.2848732471466064,0.4614976644515991,0.6402879953384399,0.08322015404701233
22.20142364501953,173.62782287597656,1.53124474309152e-5,0.0,0.0,0.0,0.0,-0.10417020734827531,-0.0,0.0,4.018857084001814,2.947428512573242,0.0,0.0,0.34723401069641113,0.0,0.0,0.0,0.0,0.0,0.0,0.0,0.0,0.0,2880.0,0.0,0.0,0.3094726800918579,0.4874172806739807,0.1019679605960846
21.461362838745117,170.43687438964844,1.5311989045585506e-5,0.0,0.0,0.0,0.0,-0.965310763927727,-0.0,0.0,4.000928551810128,2.929499980381557,0.0,0.0,0.27628400921821594,0.0,0.0,0.0,2.941418409347534,0.0,0.0,0.0,2.941418409347534,0.0,2881.0,0.0,2.941418409347534,0.3869260251522064,0.6246015429496765,0.13389113545417786
22.12299346923828,163.23402404785156,1.5311530660255812e-5,0.0,0.0,0.0,0.0,-0.07241670479046114,-0.0,0.0,3.9804286411830354,2.9090000697544642,0.0,0.0,0.24138900637626648,0.0,0.0,0.0,0.0,0.0,0.0,0.0,0.0,0.0,2882.0,0.0,0.0,0.2640089988708496,0.5825631022453308,0.13559764623641968
21.019363403320312,162.5627899169922,1.531107227492612e-5,0.0,0.0,0.0,0.0,-0.9664260398914815,-0.0,0.0,3.9569999967302594,2.8855712890625,0.0,0.0,0.22142000496387482,0.0,0.0,0.0,3.0,0.0,0.0,0.0,3.0,0.0,2883.0,0.0,3.0,0.4037342071533203,0.5503881573677063,0.11846721172332764
21.69638442993164,161.8915557861328,1.5310613889596425e-5,0.0,0.0,0.0,0.0,-0.061961703974473537,-0.0,0.0,3.92771429334368,2.8562858581542967,0.0,0.0,0.20653900504112244,0.0,0.0,0.0,0.0,0.0,0.0,0.0,0.0,0.0,2884.0,0.0,0.0,0.3363405466079712,0.18152159452438354,0.1163007915019989
20.956323623657227,161.22032165527344,1.531015550426673e-5,0.0,0.0,0.0,0.0,-0.06021180392153269,-0.0,0.0,3.8672142846243722,2.795785849434989,0.0,0.0,0.20070600509643555,0.0,0.0,0.0,0.0,0.0,0.0,0.0,0.0,0.0,2885.0,0.0,0.0,0.3774879276752472,0.09745576977729797,0.14912670850753784
20.398048400878906,146.6826171875,1.5309697118937038e-5,0.0,0.0,0.0,0.0,-0.06312210363634829,-0.0,0.0,3.8667856761387416,2.7953572409493583,0.0,0.0,0.21040700376033783,0.0,0.0,0.0,0.0,0.0,0.0,0.0,0.0,0.0,2886.0,0.0,0.0,0.46346983313560486,0.03418070077896118,0.09739357233047485
20.385128021240234,146.01138305664062,1.5309238733607344e-5,0.0,0.0,0.0,0.0,-0.07166250334829094,-0.0,0.0,3.8905000141688753,2.819071306501116,0.0,0.0,0.23887500166893005,0.0,0.0,0.0,0.0,0.0,0.0,0.0,0.0,0.0,2887.0,0.0,0.0,0.5728631019592285,0.011342018842697144,0.1756070852279663
20.19042205810547,145.34014892578125,1.530878034827765e-5,0.0,0.0,0.0,0.0,-0.10309920124607075,-0.0,0.0,3.9129285267421174,2.841500091552734,0.0,0.0,0.3436639904975891,0.0,0.0,0.0,0.0,0.0,0.0,0.0,0.0,0.0,2888.0,0.0,0.0,0.5337520241737366,0.21709340810775757,0.18932390213012695
19.268577575683594,144.66891479492188,1.5308321962947957e-5,0.0,0.0,0.0,0.0,-0.1179192023642539,-0.0,0.0,3.9241427830287385,2.8527142116001674,0.0,0.0,0.3930639922618866,0.0,0.0,0.0,0.0,0.0,0.0,0.0,0.0,0.0,2889.0,0.0,0.0,0.8668376207351685,0.002269953489303589,0.14167559146881104
19.255657196044922,143.9976806640625,1.5307863577618264e-5,0.0,0.30261837163172345,0.0,0.0,-0.37241307842513915,-0.30261837163172345,0.0,3.9323571886335102,2.8609286172049386,0.17194999754428864,0.0,0.23264901340007782,0.0,0.0,0.0,0.0,0.0,0.0,0.0,0.0,0.0,2890.0,0.0,0.0,0.8614417910575867,0.007703870534896851,0.0677945613861084
18.6973819732666,143.32644653320312,1.530740519228857e-5,0.0,0.0,0.0,0.0,-0.33387803867968024,-0.0,0.0,3.942142840794155,2.870714405604771,0.40960100293159485,0.0,0.0,0.0,0.0,0.08914896845817566,1.1129267513751984,0.0,0.0,0.0,1.202075719833374,0.0,2891.0,0.11539897322654724,1.202075719833374,0.8314824104309082,0.006344020366668701,0.04832443594932556
19.03170394897461,132.20022583007812,1.5306946806958877e-5,0.0,0.0,0.0,0.0,-0.22729795584273127,-0.0,0.0,3.9486428124564035,2.8772143772670202,0.43396899104118347,0.0,0.0,0.0,0.0,0.26903101801872253,0.7576598227024078,0.0,0.0,0.0,1.0266908407211304,0.0,2892.0,0.3060310184955597,1.0266908407211304,0.7652492523193359,0.01630955934524536,0.0377810001373291
19.081533432006836,131.52899169921875,1.5306488421629183e-5,0.0,0.0,0.0,0.0,-0.3256287704161309,-0.0,0.0,3.959428596496582,2.8879998888288227,0.4110499918460846,0.0,0.0,0.0,0.0,0.7441500425338745,1.0854291915893555,0.0,0.0,0.0,1.82957923412323,0.0,2893.0,0.8049499988555908,1.82957923412323,0.48559463024139404,0.12197709083557129,0.04471215605735779
19.60987091064453,96.8105697631836,1.530603003629949e-5,0.0,0.0,0.0,0.0,-0.12985786715578485,-0.0,0.0,3.970000076293945,2.898571504865374,0.42574799060821533,0.0,0.0,0.0,0.0,1.457152009010315,0.43285953998565674,0.0,0.0,0.0,1.8900115489959717,0.0,2894.0,1.5562520027160645,1.8900115489959717,0.4806995391845703,0.308136522769928,0.7754312753677368
20.540666580200195,91.39497375488281,1.5305571650969796e-5,0.0,0.0,0.0,0.0,-0.5166687217024446,-0.0,0.0,3.9675714765276227,2.8961429050990515,0.5044289827346802,0.0,0.0,0.0,0.0,1.27777099609375,1.72222900390625,0.0,0.0,0.0,3.0,0.0,2895.0,1.3715710639953613,3.0,0.5963240265846252,0.7779978513717651,0.9771984815597534
22.313152313232422,83.15384674072266,1.5305113265640102e-5,0.0,0.0,0.0,0.0,-0.30007941425162166,-0.0,0.0,3.938499941144671,2.867071369716099,0.47740301489830017,0.0,0.0,0.0,0.0,0.37569698691368103,1.0002646744251251,0.0,0.0,0.0,0.0,1.3759616613388062,2896.0,0.42059698700904846,-1.3759616613388062,0.6540603041648865,0.7173303961753845,0.8633833527565002
21.936660766601562,158.13941955566406,1.530465488031041e-5,0.0,0.0,0.0,0.0,-0.05840040975413352,-0.0,0.0,3.898785672869001,2.8273571014404295,0.23464998602867126,0.0,0.1946680247783661,0.0,0.0,0.0,0.0,0.0,0.0,0.0,0.0,0.0,2897.0,0.0,0.0,0.5314129590988159,0.35644346475601196,0.14443683624267578
21.19659996032715,157.4681854248047,1.5304196494980715e-5,0.0,0.0,0.0,0.0,-0.5764053096932287,-0.0,0.0,3.8666428974696565,2.7952141898018974,0.0,0.0,0.5446749925613403,0.0,0.0,0.0,1.3766759634017944,0.0,0.0,0.0,1.3766759634017944,0.0,2898.0,0.0,1.3766759634017944,0.5545327663421631,0.5237184166908264,0.10700824856758118
21.618576049804688,148.07725524902344,1.530373810965102e-5,0.0,0.0,0.0,0.0,-0.662963541863899,-0.0,0.0,3.8535714285714286,2.782142857142857,0.0,0.0,0.7178270220756531,0.0,0.0,0.0,1.492051362991333,0.0,0.0,0.0,1.492051362991333,0.0,2899.0,0.0,1.492051362991333,0.45311152935028076,0.5844521522521973,0.059302061796188354
21.922245025634766,147.40602111816406,1.5303279724321328e-5,0.0,0.0,0.0,0.0,-0.9365613534673578,-0.0,0.0,3.8428571701049803,2.771428462437221,0.0,0.0,0.6715520024299622,0.0,0.0,0.0,2.4503190517425537,0.0,0.0,0.0,2.4503190517425537,0.0,2900.0,0.0,2.4503190517425537,0.4261491298675537,0.7190296649932861,0.06840339303016663
22.59513282775879,146.7347869873047,1.5302821338991635e-5,0.0,0.0,0.0,0.0,-0.1632122998719332,-0.0,0.0,3.837285668509347,2.765857097080776,0.0,0.0,0.5440409779548645,0.0,0.0,0.0,0.0,0.0,0.0,0.0,0.0,0.0,2901.0,0.0,0.0,0.39468085765838623,0.6573368906974792,0.1518530249595642
21.855072021484375,136.2458953857422,1.530236295366194e-5,0.0,0.0,0.0,0.0,-0.31089799745472213,-0.0,0.0,3.8381428854806083,2.7667143140520367,0.0,0.0,0.4523420035839081,0.0,0.0,0.0,0.5839846134185791,0.0,0.0,0.0,0.5839846134185791,0.0,2902.0,0.0,0.5839846134185791,0.5629570484161377,0.5993188619613647,0.11334770917892456
21.996578216552734,135.5746612548828,1.5301904568332247e-5,0.0,0.0,0.0,0.0,-0.11921130296434157,-0.0,0.0,3.8408571788242885,2.769428471156529,0.0,0.0,0.39737099409103394,0.0,0.0,0.0,0.0,0.0,0.0,0.0,0.0,0.0,2903.0,0.0,0.0,0.4932691156864166,0.5512500405311584,0.09363314509391785
21.80187225341797,134.90342712402344,1.5301446183002554e-5,0.0,0.0,0.0,0.0,-0.10417020734827531,-0.0,0.0,3.8317143031529017,2.7602857317243306,0.0,0.0,0.34723401069641113,0.0,0.0,0.0,0.0,0.0,0.0,0.0,0.0,0.0,2904.0,0.0,0.0,0.5357571840286255,0.48138782382011414,0.04382556676864624
21.788951873779297,125.41954803466797,1.530098779767286e-5,0.0,0.0,0.0,0.0,-0.08288520605902683,-0.0,0.0,3.8187857491629464,2.747357177734375,0.0,0.0,0.27628400921821594,0.0,0.0,0.0,0.0,0.0,0.0,0.0,0.0,0.0,2905.0,0.0,0.0,0.38536620140075684,0.4864318072795868,0.04493960738182068
21.412460327148438,124.74832153320312,1.5300529412343167e-5,0.0,0.0,0.0,0.0,-0.6505356242472171,-0.0,0.0,3.796428625924247,2.725000054495675,0.0,0.0,0.24138900637626648,0.0,0.0,0.0,1.92706298828125,0.0,0.0,0.0,1.92706298828125,0.0,2906.0,0.0,1.92706298828125,0.40487802028656006,0.5903185606002808,0.05135729908943176
21.95157814025879,124.07709503173828,1.5300071027013473e-5,0.0,0.0,0.0,0.0,-0.0664260041286946,-0.0,0.0,3.765571403503418,2.6941429683140345,0.0,0.0,0.22142000496387482,0.0,0.0,0.0,0.0,0.0,0.0,0.0,0.0,0.0,2907.0,0.0,0.0,0.3155273199081421,0.2795908451080322,0.04255598783493042
21.57508659362793,123.40586853027344,1.529961264168378e-5,0.0,0.0,0.0,0.0,-0.061961703974473537,-0.0,0.0,3.737000002179827,2.6655714307512555,0.0,0.0,0.20653900504112244,0.0,0.0,0.0,0.0,0.0,0.0,0.0,0.0,0.0,2908.0,0.0,0.0,0.31036168336868286,0.2385025918483734,0.09747892618179321
21.01681137084961,122.7346420288086,1.5299154256354086e-5,0.0,0.0,0.0,0.0,-0.06021180392153269,-0.0,0.0,3.716928563799177,2.6455001286097937,0.0,0.0,0.20070600509643555,0.0,0.0,0.0,0.0,0.0,0.0,0.0,0.0,0.0,2909.0,0.0,0.0,0.31404566764831543,0.16152483224868774,0.1219235360622406
20.45853614807129,122.06341552734375,1.5298695871024393e-5,0.0,0.0,0.0,0.0,-0.06312210363634829,-0.0,0.0,3.6971428189958844,2.625714383806501,0.0,0.0,0.21040700376033783,0.0,0.0,0.0,0.0,0.0,0.0,0.0,0.0,0.0,2910.0,0.0,0.0,0.3268113434314728,0.1192425787448883,0.15859273076057434
19.90026092529297,121.3921890258789,1.52982374856947e-5,0.0,0.0,0.0,0.0,-0.07166250334829094,-0.0,0.0,3.6687857219151088,2.597357014247349,0.0,0.0,0.23887500166893005,0.0,0.0,0.0,0.0,0.0,0.0,0.0,0.0,0.0,2911.0,0.0,0.0,0.3420184850692749,0.10621175169944763,0.20861226320266724
19.34198570251465,120.72096252441406,1.5297779100365005e-5,0.0,0.0,0.0,0.0,-1.0030992370088576,-0.0,0.0,3.641285705566406,2.569857134137835,0.0,0.0,0.3436639904975891,0.0,0.0,0.0,3.0,0.0,0.0,0.0,3.0,0.0,2912.0,0.0,3.0,0.4132353961467743,0.42342376708984375,0.21597537398338318
19.876934051513672,111.70384979248047,1.5297320715035312e-5,0.0,0.0,0.0,0.0,-0.1179192023642539,-0.0,0.0,3.6222856521606444,2.550857216971261,0.0,0.0,0.3930639922618866,0.0,0.0,0.0,0.0,0.0,0.0,0.0,0.0,0.0,2913.0,0.0,0.0,0.798658549785614,0.0067789554595947266,0.15802261233329773
19.682228088378906,111.03262329101562,1.529686232970562e-5,0.0,0.0,0.0,0.0,-0.09544471285520828,-0.0,0.0,3.6179285866873605,2.546500015258789,0.08644999563694,0.0,0.31814903020858765,0.0,0.0,0.0,0.0,0.0,0.0,0.0,0.0,0.0,2914.0,0.0,0.0,0.9134306907653809,0.0033648014068603516,0.09828421473503113
19.669307708740234,105.032958984375,1.5296403944375925e-5,0.0,0.0,0.0,0.0,-0.04064790469995749,-0.0,0.0,3.6254999433244977,2.5540713718959265,0.28404998779296875,0.0,0.13549301028251648,0.0,0.0,0.0,0.0,0.0,0.0,0.0,0.0,0.0,2915.0,0.0,0.0,0.9226428270339966,0.0035318732261657715,0.05658888816833496
19.56594467163086,99.36363983154297,1.529594555904623e-5,0.0,0.08322323841026957,0.0,0.0,-0.08322323841026957,-0.08322323841026957,0.0,3.637428637913295,2.565999930245536,0.397381991147995,0.0,0.0,0.17940665057788863,0.0,0.0,0.0,0.0,0.0,0.0,0.0,0.0,2916.0,0.21361801028251648,0.0,0.6987591981887817,0.07463973760604858,0.03567752242088318
18.916776657104492,98.69241333007812,0.17941656708717346,0.0,0.0,0.0,0.0,-0.8933550325375794,-0.0,0.0,3.6488571984427316,2.577428490774972,0.4110499918460846,0.0,0.0,0.0,0.0,0.022150009870529175,2.977849990129471,0.0,0.0,0.0,3.0,0.0,2917.0,0.044950008392333984,3.0,0.4841892719268799,0.32383614778518677,0.04121130704879761
19.72832489013672,88.5611801147461,0.17941118776798248,0.0,0.0,0.0,0.0,-0.8601241298628068,-0.0,0.0,3.650785664149693,2.579357092721122,0.3828499913215637,0.04289799928665161,0.0,0.0,0.0,0.0,2.867080318948487,0.0,0.1329196810515132,0.0,3.0,0.0,2918.0,-0.1794058084487915,3.0,0.48153290152549744,0.7488830089569092,0.03664219379425049
20.267549514770508,87.88995361328125,5.394834715843899e-6,0.0,0.0,0.0,0.0,-0.9530229336231111,-0.0,0.0,3.6532142639160154,2.5817856924874443,0.23180000483989716,0.0,0.17674298584461212,0.0,0.0,0.0,3.0,0.0,0.0,0.0,3.0,0.0,2919.0,0.0,3.0,0.48713219165802,0.7910753488540649,0.042402416467666626
20.8078670501709,87.2187271118164,5.394672825786984e-6,0.0,0.0,0.0,0.0,-0.9526557391943813,-0.0,0.0,3.6655714307512555,2.5941428593226843,0.2479500025510788,0.0,0.17551900446414948,0.0,0.0,0.0,3.0,0.0,0.0,0.0,3.0,0.0,2920.0,0.0,3.0,0.47101590037345886,0.8057819604873657,0.04730704426765442
21.353744506835938,86.54750061035156,5.394510935730068e-6,0.0,0.0,0.0,0.0,-0.9135962432065092,-0.0,0.0,3.672785704476493,2.601357269287109,0.05889999866485596,0.0,0.3704180121421814,0.0,0.0,0.0,2.6749026775360107,0.0,0.0,0.0,2.6749026775360107,0.0,2921.0,0.0,2.6749026775360107,0.5411854982376099,0.671999454498291,0.11695495247840881
22.359981536865234,76.5695571899414,5.3943490456731524e-6,0.0,0.0,0.0,0.0,-0.41295552702568017,-0.0,0.0,3.672857093811035,2.6014286586216517,0.0,0.0,0.5446749925613403,0.0,0.0,0.0,0.831843376159668,0.0,0.0,0.0,0.0,0.831843376159668,2922.0,0.0,-0.831843376159668,0.7237069606781006,0.8590492606163025,0.6087566614151001
22.16527557373047,117.3991470336914,5.394187155616237e-6,0.0,0.0,0.0,0.0,-1.1153481509426477,-0.0,0.0,3.6806428909301756,2.6092141832624165,0.0,0.0,0.7178270220756531,0.0,0.0,0.0,3.0,0.0,0.0,0.0,3.0,0.0,2923.0,0.0,3.0,0.374495267868042,0.834674060344696,0.04989445209503174
22.718448638916016,105.44947052001953,5.394025265559321e-6,0.0,0.0,0.0,0.0,-0.20146560873451236,-0.0,0.0,3.7253571374075753,2.653928702218192,0.0,0.0,0.6715520024299622,0.0,0.0,0.0,0.0,0.0,0.0,0.0,0.0,0.0,2924.0,0.0,0.0,0.512863039970398,0.6790121793746948,0.14017891883850098
22.341957092285156,97.25342559814453,5.393863375502406e-6,0.0,0.0,0.0,0.0,-0.5062025450151175,-0.0,0.0,3.767428616115025,2.6959999084472654,0.0,0.0,0.5440409779548645,0.0,0.0,0.0,1.1433007717132568,0.0,0.0,0.0,1.1433007717132568,0.0,2925.0,0.0,1.1433007717132568,0.6182203888893127,0.7586724758148193,0.13339155912399292
22.793346405029297,96.58219909667969,5.39370148544549e-6,0.0,0.0,0.0,0.0,-0.1357026064675093,-0.0,0.0,3.812857164655413,2.7414285932268414,0.0,0.0,0.4523420035839081,0.0,0.0,0.0,0.0,0.0,0.0,0.0,0.0,0.0,2926.0,0.0,0.0,0.5491882562637329,0.7242008447647095,0.22804522514343262
22.59864044189453,71.34315490722656,5.3935395953885745e-6,0.0,0.0,0.0,0.0,-1.0192113387271284,-0.0,0.0,3.8332856859479634,2.7618571145193918,0.0,0.0,0.39737099409103394,0.0,0.0,0.0,3.0,0.0,0.0,0.0,0.0,3.0,2927.0,0.0,-3.0,0.32633212208747864,0.044964611530303955,0.9913206100463867
22.40496253967285,141.1516876220703,5.393377705331659e-6,0.0,0.0,0.0,0.0,-0.10417020734827531,-0.0,0.0,3.8373571940830775,2.765928486415318,0.0,0.0,0.34723401069641113,0.0,0.0,0.0,0.0,0.0,0.0,0.0,0.0,0.0,2928.0,0.0,0.0,0.4983980059623718,0.571631669998169,0.12852036952972412
22.028470993041992,79.44322967529297,5.393215815274743e-6,0.0,0.0,0.0,0.0,-0.6740185618010575,-0.0,0.0,3.814857155936105,2.7434285845075337,0.0,0.0,0.27628400921821594,0.0,0.0,0.0,1.9704444408416748,0.0,0.0,0.0,1.9704444408416748,0.0,2929.0,0.0,1.9704444408416748,0.37204504013061523,0.737626850605011,0.043178290128707886
22.68811798095703,78.77200317382812,5.393053925217828e-6,0.0,0.0,0.0,0.0,-0.55564214112926,-0.0,0.0,3.8107857840401786,2.739357212611607,0.0,0.0,0.24138900637626648,0.0,0.0,0.0,1.6107513904571533,0.0,0.0,0.0,1.6107513904571533,0.0,2930.0,0.0,1.6107513904571533,0.30779337882995605,0.7556859254837036,0.0998992919921875
22.778413772583008,78.10077667236328,5.392892035160912e-6,0.0,0.0,0.0,0.0,-0.0664260041286946,-0.0,0.0,3.8007856913975306,2.7293572562081474,0.0,0.0,0.22142000496387482,0.0,0.0,0.0,0.0,0.0,0.0,0.0,0.0,0.0,2931.0,0.0,0.0,0.3090989291667938,0.6849539875984192,0.11819687485694885
21.856569290161133,77.42955017089844,5.392730145103997e-6,0.0,0.0,0.0,0.0,-0.9619617397372604,-0.0,0.0,3.7862857546125137,2.7148570469447546,0.0,0.0,0.20653900504112244,0.0,0.0,0.0,3.0,0.0,0.0,0.0,3.0,0.0,2932.0,0.0,3.0,0.44160959124565125,0.7049294710159302,0.1630435585975647
22.456768035888672,76.7583236694336,5.392568255047081e-6,0.0,0.0,0.0,0.0,-0.06021180392153269,-0.0,0.0,3.7747142791748045,2.7032857077462333,0.0,0.0,0.20070600509643555,0.0,0.0,0.0,0.0,0.0,0.0,0.0,0.0,0.0,2933.0,0.0,0.0,0.2811387777328491,0.537108302116394,0.1397506594657898
21.625301361083984,76.08709716796875,5.3924063649901655e-6,0.0,0.0,0.0,0.0,-0.06312210363634829,-0.0,0.0,3.7646427971976144,2.693214362008231,0.0,0.0,0.21040700376033783,0.0,0.0,0.0,0.0,0.0,0.0,0.0,0.0,0.0,2934.0,0.0,0.0,0.18529975414276123,0.18952608108520508,0.16270652413368225
21.249324798583984,75.4158706665039,5.39224447493325e-6,0.0,0.0,0.0,0.0,-0.07166250334829094,-0.0,0.0,3.755000059945243,2.6835713522774833,0.0,0.0,0.23887500166893005,0.0,0.0,0.0,0.0,0.0,0.0,0.0,0.0,0.0,2935.0,0.0,0.0,0.2059381604194641,0.09028303623199463,0.3444145917892456
21.05461883544922,67.21942901611328,5.392082584876334e-6,0.0,0.0,0.0,0.0,-0.76368482167263,-0.0,0.0,3.7380713871547155,2.666642815726144,0.0,0.0,0.3436639904975891,0.0,0.0,0.0,2.2019519805908203,0.0,0.0,0.0,2.2019519805908203,0.0,2936.0,0.0,2.2019519805908203,0.450672447681427,0.47348925471305847,0.192113995552063
21.367431640625,66.54820251464844,5.39192114956677e-6,0.0,0.0,0.0,0.0,-0.33356102838361323,-0.0,0.0,3.7013571058000836,2.6299285343715124,0.018050000071525574,0.0,0.3750140070915222,0.0,0.0,0.0,0.7368560433387756,0.0,0.0,0.0,0.0,0.7368560433387756,2937.0,0.0,-0.7368560433387756,0.4690161645412445,0.058345139026641846,0.33035117387771606
21.172725677490234,72.85426330566406,5.391759714257205e-6,0.0,0.0,0.0,0.0,0.0,-0.0,0.0,3.6578571592058453,2.5864284515380858,0.40459901094436646,0.0,0.0,0.29150200457479514,0.0,0.0,0.0,0.0,0.0,0.0,0.0,0.0,2938.0,0.33440101146698,0.0,0.6628005504608154,0.1474243402481079,0.05671435594558716
20.43198013305664,72.18303680419922,0.29149866104125977,0.0,0.0,0.0,0.0,0.0,-0.0,0.0,3.6350000381469725,2.5635713304792134,0.40960100293159485,0.0,0.0,1.4875900343503758,0.0,0.0,0.0,0.0,0.0,0.0,0.0,0.0,2939.0,1.619399070739746,0.0,0.47358524799346924,0.041913896799087524,0.07468605041503906
19.93429946899414,71.51181030273438,1.7790353298187256,0.0,0.0,0.0,0.0,0.05991108081468208,-0.0,0.0,3.6393571036202568,2.567928532191685,0.397381991147995,0.0,0.0,0.7372166514396667,0.6656786228153049,1.8212774991989136,0.0,0.0,0.0,0.0,0.0,1.8212774991989136,2940.0,0.7372166514396667,-1.8212774991989136,0.25162220001220703,0.07379809021949768,0.798446536064148
19.61936378479004,147.74952697753906,2.516176462173462,0.0,0.0,0.0,0.0,0.0,-0.0,0.0,3.661000061035156,2.589571489606585,0.4110499918460846,0.0,0.0,0.7898800097656249,0.0,3.0,0.0,0.0,0.0,0.0,3.0,0.0,2941.0,2.7807905673980713,3.0,0.5296937227249146,0.48814457654953003,0.912194550037384
20.89129638671875,147.0782928466797,3.305957317352295,0.0,0.0,0.0,0.0,0.0,-0.0,0.0,3.674714306422642,2.6032855987548826,0.5495479702949524,0.0,0.0,0.10858589860538359,0.0,3.0,0.0,0.0,0.0,0.0,3.0,0.0,2942.0,3.3034520149230957,3.0,0.6752070784568787,0.6577253341674805,0.5932744741439819
21.623586654663086,137.7013397216797,3.414440870285034,0.0,0.0,0.0,0.0,-0.06125793700448412,-0.0,0.0,3.6744286128452845,2.6030000414167134,0.4085429906845093,0.0,0.0,0.0,0.0,2.795806884765625,0.204193115234375,0.0,0.0,0.0,3.0,0.0,2943.0,2.9644570350646973,3.0,0.8142166137695312,0.8887346982955933,0.8821803331375122
22.537019729614258,128.4695281982422,3.4143385887145996,0.0,0.0,0.0,0.0,-0.11078585826499676,-0.0,0.0,3.6696428026471817,2.5982142312186105,0.42346900701522827,0.0,0.0,0.0,0.0,1.5610809326171875,0.3692861795425415,0.0,0.0,0.0,1.930367112159729,0.0,2944.0,1.6655309200286865,1.930367112159729,0.7581218481063843,0.7355507016181946,0.6553140878677368
22.677738189697266,113.17504119873047,3.414236307144165,0.0,0.0,0.0,0.0,0.0,-0.0,0.0,3.646071379525321,2.5746429443359373,0.42931801080703735,0.0,0.0,0.32779238027538327,0.0,0.0,0.0,0.0,0.0,0.0,0.0,0.0,2945.0,0.3746820092201233,0.0,0.7527514696121216,0.6812892556190491,0.5294297933578491
22.028539657592773,101.49978637695312,3.7419164180755615,0.0,0.0,0.0,0.0,0.0,-0.0,0.0,3.5769286291939872,2.5054999215262277,0.0,0.5446749925613403,0.0,0.0,0.0,0.0,0.0,0.0,2.590137481689453,0.0,2.590137481689453,0.0,2946.0,-3.7418041229248047,2.590137481689453,0.7578917741775513,0.790176510810852,0.15042507648468018
22.95086669921875,100.82855987548828,0.5431119799613953,0.0,0.0,0.0,0.0,-0.05567798513063628,-0.0,0.0,3.5385714394705636,2.467142868041992,0.0,0.5322337456816797,0.18559327639397338,0.0,0.0,0.0,0.0,0.0,0.0,0.0,0.0,0.0,2947.0,-0.5430957078933716,0.0,0.48660022020339966,0.6765363812446594,0.06971845030784607
22.210805892944336,100.15733337402344,1.6331183360307477e-5,0.0,0.0,0.0,0.0,-0.8535906832850237,-0.0,0.0,3.535428537641253,2.4640001024518696,0.0,0.0,0.6715520024299622,0.0,0.0,0.0,2.173750162124634,0.0,0.0,0.0,2.173750162124634,0.0,2948.0,0.0,2.173750162124634,0.47968894243240356,0.7793444395065308,0.07628077268600464
22.89670753479004,99.4861068725586,1.6330694052157924e-5,0.0,0.0,0.0,0.0,-0.1632122998719332,-0.0,0.0,3.511214338030134,2.4397857666015623,0.0,0.0,0.5440409779548645,0.0,0.0,0.0,0.0,0.0,0.0,0.0,0.0,0.0,2949.0,0.0,0.0,0.4403121769428253,0.7565823793411255,0.15843188762664795
22.33843231201172,98.81488037109375,1.633020474400837e-5,0.0,0.0,0.0,0.0,-1.0357026422302962,-0.0,0.0,3.493857192993164,2.4224286215645927,0.0,0.0,0.4523420035839081,0.0,0.0,0.0,3.0,0.0,0.0,0.0,3.0,0.0,2950.0,0.0,3.0,0.435343474149704,0.8536887764930725,0.12927383184432983
23.170608520507812,98.1436538696289,1.6329715435858816e-5,0.0,0.0,0.0,0.0,-0.11921130296434157,-0.0,0.0,3.479142815726144,2.4077142442975727,0.0,0.0,0.39737099409103394,0.0,0.0,0.0,0.0,0.0,0.0,0.0,0.0,0.0,2951.0,0.0,0.0,0.25098711252212524,0.6479731798171997,0.2951793670654297
22.4305477142334,89.94859313964844,1.6329226127709262e-5,0.0,0.0,0.0,0.0,-0.8893813486648128,-0.0,0.0,3.44542852129255,2.373999949863979,0.0,0.0,0.34723401069641113,0.0,0.0,0.0,2.617370367050171,0.0,0.0,0.0,2.617370367050171,0.0,2952.0,0.0,2.617370367050171,0.3684052526950836,0.7722824811935425,0.18875819444656372
22.86139678955078,89.2773666381836,1.6328736819559708e-5,0.0,0.0,0.0,0.0,-0.08288520605902683,-0.0,0.0,3.4060000828334265,2.334571511404855,0.0,0.0,0.27628400921821594,0.0,0.0,0.0,0.0,0.0,0.0,0.0,0.0,0.0,2953.0,0.0,0.0,0.32011401653289795,0.6642149090766907,0.3139818012714386
21.757253646850586,88.60614013671875,1.6328247511410154e-5,0.0,0.0,0.0,0.0,-0.9194594182355953,-0.0,0.0,3.383714348929269,2.3122857775006977,0.0,0.0,0.24138900637626648,0.0,0.0,0.0,2.8234755992889404,0.0,0.0,0.0,2.8234755992889404,0.0,2954.0,0.0,2.8234755992889404,0.35825634002685547,0.6901596784591675,0.1316027045249939
22.450782775878906,87.9349136352539,1.63277582032606e-5,0.0,0.0,0.0,0.0,-0.0664260041286946,-0.0,0.0,3.36557137625558,2.294142804827009,0.0,0.0,0.22142000496387482,0.0,0.0,0.0,0.0,0.0,0.0,0.0,0.0,0.0,2955.0,0.0,0.0,0.2166532576084137,0.44819703698158264,0.09552645683288574
21.892507553100586,87.26368713378906,1.6327268895111047e-5,0.0,0.0,0.0,0.0,-0.061961703974473537,-0.0,0.0,3.354714202880859,2.283285631452288,0.0,0.0,0.20653900504112244,0.0,0.0,0.0,0.0,0.0,0.0,0.0,0.0,0.0,2956.0,0.0,0.0,0.2520390748977661,0.37406671047210693,0.11386162042617798
21.334232330322266,86.59246063232422,1.6326779586961493e-5,0.0,0.0,0.0,0.0,-0.06021180392153269,-0.0,0.0,3.359357234409877,2.287928662981306,0.0,0.0,0.20070600509643555,0.0,0.0,0.0,0.0,0.0,0.0,0.0,0.0,0.0,2957.0,0.0,0.0,0.2505587339401245,0.3177337646484375,0.14780151844024658
20.775957107543945,85.92123413085938,1.632629027881194e-5,0.0,0.0,0.0,0.0,-0.06312210363634829,-0.0,0.0,3.364499991280692,2.2930714198521205,0.0,0.0,0.21040700376033783,0.0,0.0,0.0,0.0,0.0,0.0,0.0,0.0,0.0,2958.0,0.0,0.0,0.19132936000823975,0.14988768100738525,0.16017770767211914
20.58125114440918,85.25000762939453,1.6325800970662385e-5,0.0,0.0,0.0,0.0,-0.07166250334829094,-0.0,0.0,3.3635713849748883,2.292142813546317,0.0,0.0,0.23887500166893005,0.0,0.0,0.0,0.0,0.0,0.0,0.0,0.0,0.0,2959.0,0.0,0.0,0.23156121373176575,0.09837672114372253,0.26969248056411743
20.386545181274414,84.57878112792969,1.632531166251283e-5,0.0,0.0,0.0,0.0,-0.7499315261813599,-0.0,0.0,3.342357036045619,2.270928464617048,0.0,0.0,0.3436639904975891,0.0,0.0,0.0,2.1561076641082764,0.0,0.0,0.0,2.1561076641082764,0.0,2960.0,0.0,2.1561076641082764,0.3780198097229004,0.3454943895339966,0.22231018543243408
20.72745704650879,83.90755462646484,1.6324822354363278e-5,0.0,0.0,0.0,0.0,-1.0062342387928247,-0.0,0.0,3.3377856663295202,2.2663570949009486,0.03894999995827675,0.0,0.35411399602890015,0.0,0.0,0.0,3.0,0.0,0.0,0.0,0.0,3.0,2961.0,0.0,-3.0,0.41023433208465576,0.09262236952781677,0.9040610790252686
19.805612564086914,134.9696807861328,1.6324333046213724e-5,0.0,0.0,0.0,0.0,-0.845119900310829,-0.0,0.0,3.3926429203578405,2.321214348929269,0.40459901094436646,0.0,0.0,0.0,0.0,0.0780009925365448,2.8170662224292755,0.0,0.0,0.0,2.8950672149658203,0.0,2962.0,0.10340100526809692,2.8950672149658203,0.5313016176223755,0.27131158113479614,0.09969621896743774
20.356542587280273,121.10193634033203,1.632384373806417e-5,0.0,0.0,0.0,0.0,0.0,-0.0,0.0,3.4568570818219864,2.385428510393415,0.40960100293159485,0.0,0.0,0.6943780557355694,0.0,0.0,0.0,0.0,0.0,0.0,0.0,0.0,2963.0,0.7673990726470947,0.0,0.8511826992034912,0.018177151679992676,0.02232038974761963
19.798267364501953,120.43070983886719,0.6943735480308533,0.0,0.0,0.0,0.0,0.0,-0.0,0.0,3.493785803658622,2.42235723223005,0.397381991147995,0.0,0.0,1.8710335141986434,0.0,0.0,0.0,0.0,0.0,0.0,0.0,0.0,2964.0,2.0306179523468018,0.0,0.5300288200378418,0.04699167609214783,0.15505766868591309
19.391307830810547,119.75948333740234,2.5653302669525146,0.0,0.0,0.0,0.0,0.04227858574947863,-0.0,0.0,3.544357109069824,2.472928673880441,0.4110499918460846,0.0,0.0,2.35280442237854,0.4697620265497635,1.8892171382904053,0.0,0.0,0.0,0.0,0.0,1.8892171382904053,2965.0,2.35280442237854,-1.8892171382904053,0.49181047081947327,0.10624346137046814,0.9650042057037354
19.166969299316406,174.39874267578125,4.91798734664917,0.0,0.0,0.0,0.0,0.0,-0.0,0.0,3.561571475437709,2.49014276776995,0.42574799060821533,0.0,0.0,1.0808443852024539,0.0,3.0,0.0,0.0,0.0,0.0,3.0,0.0,2966.0,2.936037063598633,3.0,0.7853994369506836,0.5875610113143921,0.9078099727630615
20.48508071899414,136.35775756835938,5.99865198135376,0.0,0.0,0.0,0.0,-0.04187793898097425,-0.0,0.0,3.556499971662249,2.4850714002336773,0.4085429906845093,0.0,0.0,0.0,0.0,2.8604068756103516,0.13959312438964844,0.0,0.0,0.0,3.0,0.0,2967.0,3.032456874847412,3.0,0.9345206022262573,0.9757821559906006,0.937016487121582
21.709014892578125,135.6865234375,5.998472213745117,0.0,0.0,0.0,0.0,-0.3815157088246224,-0.0,0.0,3.546285711015974,2.4748570033482142,0.42346900701522827,0.0,0.0,0.0,0.0,1.728281021118164,1.271718978881836,0.0,0.0,0.0,3.0,0.0,2968.0,1.8415310382843018,3.0,0.9449161887168884,0.9869821667671204,0.9850592613220215
22.92835235595703,135.01528930664062,5.998292446136475,0.0,0.0,0.0,0.0,-0.1582100156231725,-0.0,0.0,3.5196429116385324,2.4482143402099608,0.42931801080703735,0.0,0.0,0.0,0.0,0.4218820333480835,0.5273666977882385,0.0,0.0,0.0,0.0,0.949248731136322,2969.0,0.4666820168495178,-0.949248731136322,0.9583232402801514,0.9826496243476868,0.9932184219360352
22.551860809326172,178.9130401611328,5.998112678527832,0.0,0.0,0.0,0.0,0.0,-0.0,0.0,3.4615001133510046,2.390071541922433,0.0,0.5446749925613403,0.0,0.0,0.0,0.0,0.0,0.0,0.0,0.0,0.0,0.0,2970.0,-4.599999904632568,0.0,0.8357236981391907,0.6537398099899292,0.18508875370025635
22.17637062072754,98.57899475097656,5.4421586990356445,0.0,0.0,0.0,0.0,0.0,-0.0,0.0,3.4149286542619977,2.3435000828334265,0.0,0.7178270220756531,0.0,0.0,0.0,0.0,0.0,0.0,1.56046462059021,0.0,1.56046462059021,0.0,2971.0,-4.599999904632568,1.56046462059021,0.6557559967041016,0.6471312046051025,0.02483096718788147
22.235641479492188,90.11070251464844,3.1172778606414795,0.0,0.0,0.0,0.0,-0.1850135180877071,-0.0,0.0,3.3913570949009486,2.3199285234723774,0.0,0.6715520024299622,0.0,0.0,0.0,0.0,0.6167117024531024,0.0,2.3832882975468976,0.0,3.0,0.0,2972.0,-3.1171844005584717,3.0,0.8592817783355713,0.9518158435821533,0.3236956000328064
23.748830795288086,89.4394760131836,9.393892833031714e-5,0.0,0.0,0.0,0.0,-0.1632122998719332,-0.0,0.0,3.372714396885463,2.3012858254568918,0.0,0.0,0.5440409779548645,0.0,0.0,0.0,0.0,0.0,0.0,0.0,0.0,0.0,2973.0,0.0,0.0,0.32056260108947754,0.590487539768219,0.32131651043891907
23.190555572509766,88.76824951171875,9.393611253472045e-5,0.0,0.0,0.0,0.0,-0.14209830729557282,-0.0,0.0,3.3629286084856305,2.2915000370570593,0.0,0.0,0.47366100549697876,0.0,0.0,0.0,0.0,0.0,0.0,0.0,0.0,0.0,2974.0,0.0,0.0,0.32079586386680603,0.690120279788971,0.2614070773124695
22.632280349731445,88.0970230102539,9.393329673912376e-5,0.0,0.0,0.0,0.0,-0.11921130296434157,-0.0,0.0,3.3559286390032086,2.2845000675746374,0.0,0.0,0.39737099409103394,0.0,0.0,0.0,0.0,0.0,0.0,0.0,0.0,0.0,2975.0,0.0,0.0,0.4027276039123535,0.649241030216217,0.19250738620758057
22.43757438659668,77.51282501220703,9.393048094352707e-5,0.0,0.0,0.0,0.0,-0.5505246649394291,-0.0,0.0,3.3342856815883093,2.2628571101597377,0.0,0.0,0.35777899622917175,0.0,0.0,0.0,1.477303147315979,0.0,0.0,0.0,1.477303147315979,0.0,2976.0,0.0,1.477303147315979,0.3371768891811371,0.7599920034408569,0.10729736089706421
22.799945831298828,76.84159851074219,9.392766514793038e-5,0.0,0.0,0.0,0.0,-0.09751139968678935,-0.0,0.0,3.314214379446847,2.242785808018276,0.0,0.0,0.32503798604011536,0.0,0.0,0.0,0.0,0.0,0.0,0.0,0.0,0.0,2977.0,0.0,0.0,0.2585957646369934,0.6209703683853149,0.20369809865951538
22.059885025024414,76.17037200927734,9.39248493523337e-5,0.0,0.0,0.0,0.0,-0.41721069980504843,-0.0,0.0,3.3141427176339286,2.242714146205357,0.0,0.0,0.26541200280189514,0.0,0.0,0.0,1.1252902746200562,0.0,0.0,0.0,1.1252902746200562,0.0,2978.0,0.0,1.1252902746200562,0.33220118284225464,0.6485629677772522,0.0729350745677948
22.242799758911133,75.4991455078125,9.3922033556737e-5,0.0,0.0,0.0,0.0,-0.0664260041286946,-0.0,0.0,3.323357118879046,2.251928547450474,0.0,0.0,0.22142000496387482,0.0,0.0,0.0,0.0,0.0,0.0,0.0,0.0,0.0,2979.0,0.0,0.0,0.31012529134750366,0.4928947389125824,0.26928889751434326
21.50273895263672,67.30400848388672,9.391921776114032e-5,0.0,0.0,0.0,0.0,-0.061961703974473537,-0.0,0.0,3.326571546282087,2.2551429748535154,0.0,0.0,0.20653900504112244,0.0,0.0,0.0,0.0,0.0,0.0,0.0,0.0,0.0,2980.0,0.0,0.0,0.24300920963287354,0.4132843017578125,0.07604527473449707
21.12624740600586,66.63278198242188,9.391640196554363e-5,0.0,0.0,0.0,0.0,-0.06021180392153269,-0.0,0.0,3.3096430097307477,2.2382144383021765,0.0,0.0,0.20070600509643555,0.0,0.0,0.0,0.0,0.0,0.0,0.0,0.0,0.0,2981.0,0.0,0.0,0.25288820266723633,0.423277348279953,0.1458984613418579
20.56797218322754,65.96155548095703,9.391358616994694e-5,0.0,0.0,0.0,0.0,-0.06312210363634829,-0.0,0.0,3.2752142769949777,2.203785705566406,0.0,0.0,0.21040700376033783,0.0,0.0,0.0,0.0,0.0,0.0,0.0,0.0,0.0,2982.0,0.0,0.0,0.17528238892555237,0.2958263158798218,0.1856057047843933
20.19148063659668,65.29032897949219,9.391077037435025e-5,0.0,0.0,0.0,0.0,-0.36814372512275817,-0.0,0.0,3.254571315220424,2.1831427437918527,0.0,0.0,0.23887500166893005,0.0,0.0,0.0,0.9882706999778748,0.0,0.0,0.0,0.9882706999778748,0.0,2983.0,0.0,0.9882706999778748,0.18182849884033203,0.25949275493621826,0.28076955676078796
20.297449111938477,64.61910247802734,9.390795457875356e-5,0.0,0.0,0.0,0.0,-0.12798324437869546,-0.0,0.0,3.250071334838867,2.178642763410296,0.0,0.0,0.3436639904975891,0.0,0.0,0.0,0.08294680714607239,0.0,0.0,0.0,0.0,0.08294680714607239,2984.0,0.0,-0.08294680714607239,0.26693934202194214,0.16276311874389648,0.2963467240333557
19.920957565307617,67.41355895996094,9.390513878315687e-5,0.0,0.0,0.0,0.0,-0.973744237373042,-0.0,0.0,3.243999971662249,2.1725714002336773,0.1472499966621399,0.0,0.2458139955997467,0.0,0.0,0.0,3.0,0.0,0.0,0.0,3.0,0.0,2985.0,0.0,3.0,0.3354986906051636,0.3302422761917114,0.2208886742591858
20.640697479248047,55.71212387084961,9.390232298756018e-5,0.0,0.0,0.0,0.0,-0.38763901343500606,-0.0,0.0,3.2850714547293527,2.213642883300781,0.457179993391037,0.0,0.0,0.0,0.0,1.7078700065612793,1.2921299934387207,0.0,0.0,0.0,0.0,3.0,2986.0,1.8218200206756592,-3.0,0.199715256690979,0.02406942844390869,0.7975212335586548
19.900636672973633,132.048583984375,9.38995071919635e-5,0.0,0.0,0.0,0.0,0.154588373461976,-0.0,0.0,3.352000045776367,2.280571474347796,0.40960100293159485,0.0,0.0,0.9803937673568726,1.7176484575155178,1.879798173904419,0.0,0.0,0.0,0.0,1.879798173904419,0.0,2987.0,0.9803937673568726,1.879798173904419,0.09804576635360718,0.18479368090629578,0.38696762919425964
19.923954010009766,131.32254028320312,0.9804582595825195,0.0,0.0,0.0,0.0,0.27622298311703836,-0.0,0.0,3.3992142813546318,2.32778570992606,0.397381991147995,0.0,0.0,2.20327091217041,3.0691440129423255,0.9637387990951538,0.0,0.0,0.0,0.0,0.0,0.9637387990951538,2988.0,2.20327091217041,-0.9637387990951538,0.31836992502212524,0.12748295068740845,0.8708183765411377
19.00210952758789,159.32901000976562,3.183633804321289,0.0,0.0,0.0,0.0,0.0,-0.0,0.0,3.4577142987932477,2.3862857273646765,0.4110499918460846,0.0,0.0,3.933867216380122,0.0,3.0,0.0,0.0,0.0,0.0,3.0,0.0,2989.0,4.599999904632568,3.0,0.789069414138794,0.34821170568466187,0.7921321392059326
19.6362361907959,158.65777587890625,7.117287635803223,0.0,0.0,0.0,0.0,0.06968796778823715,-0.0,0.0,3.4917858123779295,2.4203572409493583,0.42574799060821533,0.0,0.0,2.7277235984802246,0.7743106916659488,3.0,0.0,0.0,0.0,0.0,3.0,0.0,2990.0,2.7277235984802246,3.0,0.984498143196106,0.9402143955230713,0.6691960096359253
20.467479705810547,157.98654174804688,9.84471607208252,0.0,0.0,0.0,0.0,0.19072560370404315,-0.0,0.0,3.4996427263532364,2.428214154924665,0.4085429906845093,0.0,0.0,0.06829019635915756,2.11917320607261,3.0,0.0,0.0,0.0,0.0,3.0,0.0,2991.0,0.06829019635915756,3.0,0.9912976026535034,0.9935638904571533,0.8005819320678711
21.30225944519043,157.3153076171875,9.91270923614502,0.0,0.0,0.0,0.0,0.0,-0.0,0.0,3.491357203892299,2.4199286324637277,0.42346900701522827,0.0,0.0,0.0,0.0,2.141530990600586,0.0,0.0,0.8584690093994141,0.0,3.0,0.0,2992.0,-4.599999904632568,3.0,0.9721232652664185,0.9863635301589966,0.8778708577156067
22.133310317993164,156.64407348632812,9.036449432373047,0.0,0.0,0.0,0.0,-0.8112403178707872,-0.0,0.0,3.46707147870745,2.3956429072788783,0.42931801080703735,0.0,0.0,0.0,0.0,0.21478193998336792,2.7041342854499817,0.0,0.0,0.0,2.9189162254333496,0.0,2993.0,0.2482590228319168,2.9189162254333496,0.928467869758606,0.7458987236022949,0.2533379793167114
22.72947883605957,145.0946807861328,9.036178588867188,0.0,0.0,0.0,0.0,0.0,-0.0,0.0,3.4098572867257255,2.338428715297154,0.0,0.5446749925613403,0.0,0.0,0.0,0.0,0.0,0.0,2.157716751098633,0.0,2.157716751098633,0.0,2994.0,-4.599999904632568,2.157716751098633,0.9440677165985107,0.8186120390892029,0.31750133633613586
23.09304428100586,144.42344665527344,6.27844762802124,0.0,0.0,0.0,0.0,0.0,-0.0,0.0,3.336785670689174,2.2653570992606027,0.0,0.7313889861106873,0.0,0.0,0.0,0.0,0.0,0.0,0.0,0.0,0.0,0.0,2995.0,-4.599999904632568,0.0,0.7992746829986572,0.49562951922416687,0.06886953115463257
22.352983474731445,138.061767578125,5.531966686248779,0.0,0.0,0.0,0.0,0.0,-0.0,0.0,3.2780000959123883,2.206571524483817,0.0,0.6715520024299622,0.0,0.0,0.0,0.0,0.0,0.0,0.0,0.0,0.0,0.0,2996.0,-4.599999904632568,0.0,0.6838313937187195,0.6042779684066772,0.03133833408355713
21.43113899230957,135.33563232421875,4.846564292907715,0.0,0.0,0.0,0.0,0.0,-0.0,0.0,3.2359286172049386,2.164500045776367,0.0,0.5938349962234497,0.0,0.0,0.0,0.0,0.0,0.0,3.0,0.0,3.0,0.0,2997.0,-4.599999904632568,3.0,0.6714280247688293,0.6661672592163086,0.025969862937927246
22.329030990600586,126.9684066772461,1.17935049533844,0.0,0.0,0.0,0.0,-0.1376654021199606,-0.0,0.0,3.2128570556640623,2.141428484235491,0.0,0.4954180121421814,0.0,0.0,0.0,0.0,0.458884655498764,0.0,0.6603106865651398,0.0,1.1191953420639038,0.0,2998.0,-1.1793150901794434,1.1191953420639038,0.6240442991256714,0.6982825994491577,0.17822712659835815
22.491397857666016,126.29718017578125,3.551854388206266e-5,0.0,0.0,0.0,0.0,-0.11921130296434157,-0.0,0.0,3.2069998604910714,2.1355712890625,0.0,0.0,0.39737099409103394,0.0,0.0,0.0,0.0,0.0,0.0,0.0,0.0,0.0,2999.0,0.0,0.0,0.28456977009773254,0.6708481907844543,0.22457489371299744
21.75185203552246,125.6259536743164,3.551747795427218e-5,0.0,0.0,0.0,0.0,-0.3563697658526799,-0.0,0.0,3.2245714460100445,2.1531428745814734,0.0,0.0,0.34723401069641113,0.0,0.0,0.0,0.8406651616096497,0.0,0.0,0.0,0.8406651616096497,0.0,3000.0,0.0,0.8406651616096497,0.33420252799987793,0.5563988089561462,0.12762218713760376
